heur = false
LBS_limit = 4
preproc = 0
tight_root = 0
total_time = 5.96
NDP = 100
total_nodes = 1009
pruned_nodes = 505
pruned_dominance_nodes = 0
heur_time = 0.0
Y_N = Any[[262.0, 24.0, 106.0], [255.0, 26.0, 65.0], [251.0, 34.0, 109.0], [244.0, 35.0, 101.0], [243.0, 47.0, 109.0], [238.0, 26.0, 134.0], [234.0, 50.0, 112.0], [233.0, 51.0, 109.0], [228.0, 53.0, 117.0], [225.0, 21.0, 150.0], [222.0, 69.0, 127.0], [215.0, 75.0, 51.0], [215.0, 31.0, 155.0], [214.0, 72.0, 98.0], [212.0, 84.0, 37.0], [212.0, 83.0, 55.0], [211.0, 56.0, 191.0], [208.0, 111.0, 62.0], [206.0, 83.0, 64.0], [204.0, 112.0, 84.0], [203.0, 17.0, 200.0], [201.0, 79.0, 121.0], [200.0, 105.0, 89.0], [195.0, 127.0, 87.0], [193.0, 127.0, 96.0], [191.0, 120.0, 103.0], [187.0, 131.0, 76.0], [186.0, 108.0, 108.0], [186.0, 106.0, 113.0], [184.0, 128.0, 90.0], [181.0, 134.0, 59.0], [181.0, 96.0, 116.0], [179.0, 82.0, 131.0], [178.0, 92.0, 131.0], [178.0, 63.0, 164.0], [176.0, 143.0, 102.0], [174.0, 146.0, 101.0], [174.0, 144.0, 104.0], [174.0, 96.0, 149.0], [170.0, 115.0, 150.0], [169.0, 174.0, 66.0], [166.0, 126.0, 143.0], [166.0, 118.0, 147.0], [164.0, 183.0, 53.0], [164.0, 139.0, 116.0], [161.0, 120.0, 156.0], [158.0, 189.0, 58.0], [157.0, 180.0, 65.0], [155.0, 176.0, 69.0], [154.0, 131.0, 145.0], [153.0, 180.0, 66.0], [153.0, 177.0, 68.0], [152.0, 121.0, 154.0], [149.0, 143.0, 112.0], [149.0, 119.0, 160.0], [147.0, 171.0, 103.0], [147.0, 143.0, 121.0], [145.0, 187.0, 65.0], [145.0, 126.0, 162.0], [142.0, 204.0, 60.0], [142.0, 195.0, 71.0], [142.0, 148.0, 111.0], [141.0, 130.0, 167.0], [140.0, 197.0, 66.0], [137.0, 195.0, 76.0], [136.0, 159.0, 110.0], [135.0, 205.0, 54.0], [134.0, 213.0, 65.0], [133.0, 203.0, 95.0], [131.0, 218.0, 82.0], [129.0, 102.0, 204.0], [127.0, 150.0, 120.0], [126.0, 139.0, 143.0], [126.0, 135.0, 174.0], [117.0, 174.0, 123.0], [116.0, 239.0, 38.0], [115.0, 223.0, 88.0], [112.0, 200.0, 103.0], [111.0, 142.0, 177.0], [109.0, 188.0, 117.0], [108.0, 245.0, 42.0], [108.0, 206.0, 97.0], [104.0, 208.0, 92.0], [100.0, 249.0, 38.0], [99.0, 213.0, 112.0], [97.0, 233.0, 96.0], [94.0, 247.0, 43.0], [94.0, 238.0, 50.0], [92.0, 269.0, 30.0], [91.0, 221.0, 98.0], [87.0, 198.0, 148.0], [86.0, 222.0, 123.0], [85.0, 252.0, 50.0], [84.0, 234.0, 103.0], [82.0, 262.0, 38.0], [77.0, 282.0, 57.0], [72.0, 281.0, 61.0], [65.0, 281.0, 73.0], [61.0, 293.0, 75.0], [33.0, 291.0, 77.0]]
