heur = false
LBS_limit = 4
preproc = 0
tight_root = 0
total_time = 2.48
NDP = 89
total_nodes = 1217
pruned_nodes = 609
pruned_dominance_nodes = 0
heur_time = 0.0
Y_N = Any[[480.0, 54.0, 108.0], [478.0, 106.0, 97.0], [462.0, 123.0, 119.0], [451.0, 135.0, 124.0], [449.0, 159.0, 83.0], [448.0, 157.0, 123.0], [441.0, 82.0, 144.0], [435.0, 161.0, 82.0], [434.0, 140.0, 137.0], [434.0, 121.0, 203.0], [422.0, 197.0, 110.0], [422.0, 151.0, 138.0], [416.0, 165.0, 134.0], [412.0, 200.0, 99.0], [410.0, 183.0, 154.0], [408.0, 209.0, 130.0], [407.0, 152.0, 155.0], [401.0, 135.0, 209.0], [400.0, 220.0, 140.0], [397.0, 177.0, 155.0], [396.0, 224.0, 140.0], [396.0, 180.0, 177.0], [393.0, 219.0, 145.0], [393.0, 144.0, 216.0], [392.0, 169.0, 200.0], [390.0, 133.0, 219.0], [387.0, 165.0, 206.0], [382.0, 236.0, 144.0], [381.0, 207.0, 203.0], [370.0, 276.0, 123.0], [369.0, 235.0, 150.0], [366.0, 162.0, 215.0], [365.0, 213.0, 193.0], [363.0, 250.0, 128.0], [357.0, 238.0, 138.0], [354.0, 218.0, 189.0], [351.0, 248.0, 133.0], [348.0, 222.0, 185.0], [347.0, 296.0, 80.0], [343.0, 280.0, 114.0], [342.0, 288.0, 133.0], [341.0, 225.0, 214.0], [339.0, 300.0, 122.0], [337.0, 238.0, 242.0], [335.0, 240.0, 137.0], [334.0, 305.0, 173.0], [330.0, 246.0, 209.0], [330.0, 239.0, 227.0], [327.0, 307.0, 116.0], [321.0, 274.0, 182.0], [318.0, 312.0, 132.0], [317.0, 285.0, 177.0], [315.0, 247.0, 222.0], [311.0, 354.0, 99.0], [308.0, 276.0, 190.0], [305.0, 296.0, 177.0], [304.0, 350.0, 142.0], [303.0, 283.0, 179.0], [299.0, 309.0, 152.0], [298.0, 330.0, 149.0], [295.0, 320.0, 151.0], [283.0, 300.0, 178.0], [283.0, 262.0, 218.0], [279.0, 298.0, 200.0], [279.0, 225.0, 266.0], [278.0, 310.0, 188.0], [276.0, 372.0, 83.0], [271.0, 371.0, 109.0], [269.0, 312.0, 201.0], [268.0, 355.0, 155.0], [268.0, 321.0, 201.0], [265.0, 379.0, 114.0], [264.0, 408.0, 68.0], [259.0, 395.0, 96.0], [257.0, 395.0, 106.0], [253.0, 401.0, 124.0], [245.0, 407.0, 118.0], [245.0, 404.0, 131.0], [239.0, 449.0, 77.0], [234.0, 386.0, 197.0], [232.0, 336.0, 212.0], [215.0, 454.0, 107.0], [194.0, 465.0, 93.0], [189.0, 478.0, 82.0], [185.0, 387.0, 193.0], [177.0, 480.0, 79.0], [174.0, 452.0, 147.0], [172.0, 476.0, 153.0], [115.0, 566.0, 110.0]]
