heur = false
LBS_limit = 4
preproc = 0
tight_root = 0
total_time = 11.54
NDP = 38
total_nodes = 1399
pruned_nodes = 700
pruned_dominance_nodes = 0
heur_time = 0.0
Y_N = Any[[151.0, 108.0, 147.0], [142.0, 120.0, 163.0], [138.0, 147.0, 110.0], [118.0, 139.0, 166.0], [110.0, 189.0, 33.0], [101.0, 201.0, 93.0], [98.0, 191.0, 110.0], [96.0, 209.0, 90.0], [89.0, 210.0, 83.0], [84.0, 216.0, 50.0], [80.0, 212.0, 103.0], [74.0, 189.0, 120.0], [73.0, 217.0, 68.0], [72.0, 213.0, 78.0], [69.0, 221.0, 111.0], [68.0, 203.0, 132.0], [67.0, 228.0, 74.0], [67.0, 205.0, 156.0], [64.0, 224.0, 89.0], [64.0, 202.0, 166.0], [62.0, 234.0, 126.0], [59.0, 209.0, 145.0], [48.0, 291.0, 18.0], [47.0, 279.0, 53.0], [47.0, 256.0, 77.0], [46.0, 292.0, 58.0], [41.0, 287.0, 82.0], [29.0, 293.0, 65.0], [28.0, 284.0, 85.0], [26.0, 291.0, 75.0], [22.0, 294.0, 60.0], [20.0, 296.0, 66.0], [19.0, 297.0, 72.0], [18.0, 300.0, 88.0], [7.0, 296.0, 102.0], [5.0, 299.0, 113.0], [1.0, 300.0, 95.0], [-0.0, 300.0, 123.0]]
