heur = false
LBS_limit = 4
preproc = 0
tight_root = 0
total_time = 1800.0
NDP = 644
total_nodes = 99623
pruned_nodes = 49782
pruned_dominance_nodes = 142
heur_time = 0.0
Y_N = Any[[1135.0, 224.0, 402.0], [1129.0, 193.0, 451.0], [1124.0, 245.0, 392.0], [1099.0, 259.0, 464.0], [1098.0, 314.0, 292.0], [1098.0, 273.0, 436.0], [1093.0, 284.0, 478.0], [1083.0, 336.0, 448.0], [1075.0, 393.0, 415.0], [1073.0, 295.0, 540.0], [1064.0, 354.0, 488.0], [1058.0, 331.0, 548.0], [1056.0, 408.0, 439.0], [1056.0, 336.0, 493.0], [1055.0, 378.0, 465.0], [1050.0, 355.0, 487.0], [1048.0, 380.0, 529.0], [1046.0, 308.0, 550.0], [1043.0, 431.0, 378.0], [1043.0, 427.0, 390.0], [1040.0, 438.0, 432.0], [1030.0, 337.0, 628.0], [1029.0, 467.0, 427.0], [1029.0, 395.0, 448.0], [1021.0, 376.0, 537.0], [1019.0, 413.0, 479.0], [1018.0, 463.0, 433.0], [1017.0, 422.0, 543.0], [1015.0, 358.0, 587.0], [1011.0, 499.0, 388.0], [1008.0, 449.0, 468.0], [1008.0, 354.0, 663.0], [1006.0, 444.0, 523.0], [1006.0, 397.0, 551.0], [1001.0, 404.0, 579.0], [998.0, 573.0, 437.0], [995.0, 426.0, 550.0], [994.0, 408.0, 554.0], [992.0, 452.0, 468.0], [988.0, 449.0, 536.0], [987.0, 380.0, 594.0], [986.0, 501.0, 455.0], [986.0, 471.0, 478.0], [986.0, 452.0, 489.0], [979.0, 516.0, 521.0], [975.0, 603.0, 394.0], [975.0, 425.0, 584.0], [972.0, 397.0, 628.0], [970.0, 384.0, 637.0], [966.0, 408.0, 614.0], [963.0, 456.0, 581.0], [961.0, 552.0, 501.0], [960.0, 610.0, 350.0], [958.0, 577.0, 407.0], [956.0, 409.0, 608.0], [955.0, 597.0, 409.0], [955.0, 459.0, 549.0], [955.0, 393.0, 630.0], [953.0, 460.0, 544.0], [951.0, 469.0, 530.0], [948.0, 653.0, 378.0], [948.0, 476.0, 541.0], [948.0, 414.0, 604.0], [947.0, 560.0, 473.0], [947.0, 393.0, 643.0], [946.0, 415.0, 702.0], [945.0, 620.0, 387.0], [945.0, 435.0, 599.0], [944.0, 429.0, 613.0], [939.0, 499.0, 544.0], [937.0, 426.0, 628.0], [935.0, 610.0, 471.0], [935.0, 560.0, 486.0], [935.0, 527.0, 583.0], [935.0, 460.0, 600.0], [934.0, 454.0, 653.0], [931.0, 659.0, 395.0], [929.0, 480.0, 597.0], [927.0, 505.0, 588.0], [926.0, 490.0, 647.0], [922.0, 650.0, 437.0], [921.0, 429.0, 670.0], [920.0, 460.0, 699.0], [919.0, 560.0, 490.0], [919.0, 529.0, 522.0], [919.0, 467.0, 712.0], [917.0, 534.0, 534.0], [916.0, 667.0, 393.0], [914.0, 552.0, 534.0], [913.0, 632.0, 481.0], [911.0, 568.0, 565.0], [910.0, 674.0, 266.0], [910.0, 654.0, 399.0], [910.0, 573.0, 491.0], [910.0, 499.0, 638.0], [910.0, 476.0, 686.0], [909.0, 679.0, 479.0], [908.0, 520.0, 585.0], [907.0, 445.0, 742.0], [905.0, 593.0, 525.0], [899.0, 706.0, 329.0], [899.0, 694.0, 414.0], [899.0, 530.0, 574.0], [898.0, 573.0, 534.0], [898.0, 552.0, 614.0], [897.0, 498.0, 681.0], [896.0, 501.0, 642.0], [895.0, 601.0, 520.0], [895.0, 447.0, 726.0], [894.0, 634.0, 484.0], [894.0, 524.0, 671.0], [892.0, 615.0, 499.0], [892.0, 575.0, 549.0], [889.0, 573.0, 550.0], [888.0, 697.0, 363.0], [888.0, 502.0, 706.0], [886.0, 447.0, 731.0], [885.0, 560.0, 590.0], [882.0, 590.0, 526.0], [882.0, 415.0, 844.0], [881.0, 720.0, 389.0], [880.0, 570.0, 559.0], [880.0, 559.0, 595.0], [879.0, 743.0, 312.0], [879.0, 586.0, 538.0], [877.0, 715.0, 480.0], [877.0, 640.0, 483.0], [877.0, 578.0, 546.0], [876.0, 728.0, 327.0], [876.0, 560.0, 601.0], [875.0, 620.0, 538.0], [875.0, 536.0, 646.0], [874.0, 722.0, 351.0], [873.0, 643.0, 542.0], [868.0, 545.0, 617.0], [868.0, 471.0, 745.0], [867.0, 746.0, 308.0], [866.0, 566.0, 589.0], [864.0, 771.0, 298.0], [864.0, 554.0, 623.0], [864.0, 476.0, 707.0], [863.0, 719.0, 436.0], [863.0, 653.0, 488.0], [862.0, 609.0, 546.0], [862.0, 574.0, 611.0], [861.0, 656.0, 514.0], [860.0, 681.0, 495.0], [860.0, 613.0, 561.0], [860.0, 545.0, 628.0], [860.0, 529.0, 650.0], [859.0, 547.0, 657.0], [858.0, 626.0, 600.0], [857.0, 701.0, 502.0], [856.0, 732.0, 362.0], [856.0, 506.0, 673.0], [854.0, 728.0, 438.0], [853.0, 736.0, 362.0], [851.0, 598.0, 642.0], [850.0, 554.0, 659.0], [849.0, 742.0, 357.0], [849.0, 657.0, 541.0], [847.0, 779.0, 178.0], [846.0, 550.0, 660.0], [845.0, 746.0, 318.0], [845.0, 525.0, 690.0], [845.0, 504.0, 699.0], [845.0, 474.0, 717.0], [844.0, 788.0, 315.0], [844.0, 755.0, 341.0], [843.0, 762.0, 459.0], [842.0, 773.0, 361.0], [842.0, 719.0, 464.0], [841.0, 791.0, 322.0], [841.0, 654.0, 558.0], [841.0, 620.0, 610.0], [839.0, 851.0, 392.0], [839.0, 528.0, 710.0], [839.0, 511.0, 782.0], [835.0, 733.0, 480.0], [835.0, 671.0, 503.0], [835.0, 532.0, 673.0], [833.0, 532.0, 703.0], [831.0, 672.0, 560.0], [829.0, 680.0, 557.0], [828.0, 665.0, 567.0], [828.0, 571.0, 694.0], [827.0, 702.0, 486.0], [827.0, 627.0, 574.0], [827.0, 579.0, 661.0], [825.0, 587.0, 657.0], [824.0, 793.0, 420.0], [824.0, 686.0, 503.0], [824.0, 642.0, 597.0], [824.0, 532.0, 713.0], [823.0, 768.0, 425.0], [821.0, 657.0, 577.0], [821.0, 624.0, 652.0], [821.0, 518.0, 745.0], [820.0, 685.0, 513.0], [820.0, 635.0, 602.0], [820.0, 626.0, 642.0], [820.0, 539.0, 702.0], [819.0, 708.0, 536.0], [819.0, 546.0, 718.0], [817.0, 771.0, 461.0], [817.0, 750.0, 500.0], [814.0, 752.0, 462.0], [814.0, 682.0, 541.0], [814.0, 573.0, 683.0], [813.0, 723.0, 502.0], [812.0, 589.0, 695.0], [812.0, 546.0, 735.0], [811.0, 801.0, 412.0], [811.0, 675.0, 559.0], [811.0, 640.0, 604.0], [810.0, 596.0, 661.0], [809.0, 861.0, 375.0], [809.0, 586.0, 699.0], [808.0, 709.0, 510.0], [807.0, 631.0, 621.0], [806.0, 681.0, 560.0], [806.0, 648.0, 593.0], [806.0, 606.0, 660.0], [805.0, 827.0, 413.0], [805.0, 622.0, 691.0], [805.0, 560.0, 750.0], [804.0, 695.0, 574.0], [803.0, 658.0, 576.0], [803.0, 616.0, 695.0], [802.0, 801.0, 464.0], [802.0, 717.0, 513.0], [801.0, 567.0, 729.0], [799.0, 658.0, 589.0], [799.0, 648.0, 604.0], [799.0, 514.0, 773.0], [798.0, 731.0, 550.0], [798.0, 688.0, 575.0], [798.0, 640.0, 612.0], [797.0, 533.0, 786.0], [796.0, 654.0, 630.0], [796.0, 630.0, 635.0], [796.0, 572.0, 712.0], [795.0, 866.0, 305.0], [795.0, 663.0, 599.0], [795.0, 660.0, 608.0], [795.0, 636.0, 646.0], [794.0, 853.0, 425.0], [794.0, 687.0, 621.0], [794.0, 635.0, 707.0], [792.0, 541.0, 791.0], [790.0, 874.0, 287.0], [790.0, 804.0, 467.0], [790.0, 759.0, 472.0], [790.0, 736.0, 502.0], [790.0, 698.0, 568.0], [790.0, 659.0, 647.0], [790.0, 581.0, 713.0], [790.0, 567.0, 731.0], [789.0, 745.0, 522.0], [789.0, 660.0, 634.0], [788.0, 713.0, 574.0], [788.0, 636.0, 653.0], [788.0, 568.0, 737.0], [787.0, 737.0, 532.0], [785.0, 753.0, 493.0], [785.0, 664.0, 677.0], [783.0, 748.0, 505.0], [782.0, 772.0, 496.0], [782.0, 609.0, 713.0], [781.0, 716.0, 576.0], [780.0, 817.0, 441.0], [780.0, 724.0, 566.0], [779.0, 872.0, 358.0], [779.0, 777.0, 511.0], [778.0, 874.0, 405.0], [778.0, 789.0, 501.0], [778.0, 691.0, 590.0], [777.0, 852.0, 432.0], [777.0, 583.0, 767.0], [776.0, 915.0, 271.0], [776.0, 591.0, 749.0], [774.0, 857.0, 425.0], [773.0, 747.0, 533.0], [773.0, 650.0, 678.0], [772.0, 803.0, 469.0], [772.0, 747.0, 549.0], [771.0, 798.0, 523.0], [770.0, 688.0, 615.0], [770.0, 677.0, 681.0], [769.0, 686.0, 623.0], [768.0, 734.0, 550.0], [768.0, 686.0, 626.0], [767.0, 727.0, 579.0], [763.0, 728.0, 558.0], [763.0, 715.0, 598.0], [762.0, 883.0, 301.0], [762.0, 625.0, 709.0], [761.0, 936.0, 317.0], [761.0, 680.0, 635.0], [759.0, 826.0, 451.0], [759.0, 687.0, 636.0], [759.0, 623.0, 727.0], [758.0, 810.0, 456.0], [758.0, 749.0, 525.0], [757.0, 888.0, 373.0], [755.0, 898.0, 361.0], [755.0, 689.0, 612.0], [754.0, 719.0, 591.0], [754.0, 626.0, 731.0], [753.0, 822.0, 466.0], [753.0, 718.0, 595.0], [753.0, 678.0, 694.0], [752.0, 736.0, 590.0], [751.0, 586.0, 752.0], [751.0, 553.0, 802.0], [749.0, 878.0, 381.0], [749.0, 754.0, 554.0], [748.0, 764.0, 534.0], [748.0, 741.0, 565.0], [747.0, 836.0, 446.0], [746.0, 768.0, 526.0], [746.0, 721.0, 591.0], [745.0, 865.0, 408.0], [745.0, 862.0, 420.0], [745.0, 799.0, 476.0], [745.0, 766.0, 552.0], [745.0, 742.0, 567.0], [745.0, 693.0, 628.0], [744.0, 825.0, 477.0], [744.0, 779.0, 532.0], [744.0, 732.0, 595.0], [744.0, 711.0, 627.0], [744.0, 635.0, 718.0], [743.0, 829.0, 467.0], [743.0, 788.0, 526.0], [743.0, 689.0, 634.0], [742.0, 600.0, 740.0], [741.0, 869.0, 443.0], [740.0, 917.0, 401.0], [740.0, 851.0, 473.0], [739.0, 881.0, 443.0], [739.0, 601.0, 765.0], [738.0, 951.0, 282.0], [738.0, 854.0, 450.0], [738.0, 644.0, 730.0], [737.0, 827.0, 483.0], [737.0, 754.0, 603.0], [737.0, 698.0, 641.0], [736.0, 814.0, 493.0], [736.0, 607.0, 741.0], [735.0, 703.0, 645.0], [734.0, 718.0, 608.0], [733.0, 775.0, 548.0], [732.0, 804.0, 508.0], [732.0, 683.0, 664.0], [731.0, 722.0, 647.0], [730.0, 830.0, 486.0], [730.0, 771.0, 556.0], [729.0, 832.0, 485.0], [729.0, 767.0, 575.0], [728.0, 970.0, 220.0], [728.0, 872.0, 478.0], [728.0, 847.0, 505.0], [728.0, 616.0, 774.0], [727.0, 780.0, 528.0], [726.0, 890.0, 411.0], [726.0, 772.0, 572.0], [726.0, 697.0, 648.0], [725.0, 790.0, 545.0], [725.0, 737.0, 655.0], [724.0, 635.0, 732.0], [722.0, 943.0, 309.0], [722.0, 644.0, 739.0], [721.0, 848.0, 486.0], [721.0, 784.0, 551.0], [721.0, 757.0, 576.0], [720.0, 946.0, 291.0], [720.0, 804.0, 537.0], [719.0, 918.0, 376.0], [718.0, 651.0, 728.0], [717.0, 936.0, 347.0], [717.0, 922.0, 368.0], [717.0, 767.0, 580.0], [716.0, 816.0, 516.0], [715.0, 903.0, 414.0], [715.0, 840.0, 536.0], [715.0, 793.0, 566.0], [715.0, 656.0, 744.0], [714.0, 796.0, 572.0], [714.0, 671.0, 733.0], [713.0, 928.0, 392.0], [713.0, 687.0, 656.0], [712.0, 1007.0, 282.0], [712.0, 860.0, 489.0], [712.0, 740.0, 604.0], [712.0, 733.0, 666.0], [711.0, 755.0, 672.0], [710.0, 795.0, 579.0], [709.0, 805.0, 553.0], [707.0, 883.0, 449.0], [706.0, 693.0, 699.0], [705.0, 928.0, 404.0], [705.0, 893.0, 468.0], [705.0, 774.0, 616.0], [702.0, 937.0, 430.0], [701.0, 866.0, 488.0], [700.0, 874.0, 471.0], [698.0, 838.0, 538.0], [697.0, 894.0, 453.0], [695.0, 943.0, 399.0], [695.0, 781.0, 601.0], [693.0, 940.0, 400.0], [693.0, 891.0, 483.0], [693.0, 873.0, 490.0], [693.0, 808.0, 591.0], [692.0, 786.0, 623.0], [690.0, 821.0, 551.0], [688.0, 851.0, 506.0], [687.0, 976.0, 347.0], [687.0, 949.0, 382.0], [687.0, 835.0, 553.0], [686.0, 874.0, 492.0], [684.0, 759.0, 660.0], [683.0, 873.0, 499.0], [682.0, 1057.0, 224.0], [682.0, 943.0, 435.0], [681.0, 861.0, 537.0], [681.0, 703.0, 700.0], [680.0, 969.0, 384.0], [680.0, 940.0, 481.0], [680.0, 762.0, 624.0], [678.0, 797.0, 620.0], [678.0, 706.0, 704.0], [677.0, 770.0, 624.0], [677.0, 751.0, 678.0], [677.0, 681.0, 731.0], [676.0, 704.0, 717.0], [675.0, 941.0, 461.0], [674.0, 868.0, 532.0], [673.0, 680.0, 757.0], [672.0, 815.0, 570.0], [672.0, 809.0, 572.0], [671.0, 983.0, 441.0], [670.0, 705.0, 710.0], [669.0, 1010.0, 265.0], [668.0, 991.0, 304.0], [668.0, 832.0, 568.0], [667.0, 894.0, 483.0], [667.0, 876.0, 499.0], [666.0, 880.0, 492.0], [666.0, 870.0, 531.0], [665.0, 900.0, 482.0], [665.0, 859.0, 545.0], [664.0, 774.0, 629.0], [663.0, 763.0, 630.0], [662.0, 908.0, 503.0], [661.0, 792.0, 628.0], [661.0, 684.0, 753.0], [660.0, 1022.0, 351.0], [660.0, 909.0, 521.0], [660.0, 896.0, 537.0], [660.0, 816.0, 574.0], [659.0, 838.0, 548.0], [658.0, 1020.0, 419.0], [658.0, 834.0, 555.0], [658.0, 825.0, 578.0], [658.0, 796.0, 642.0], [657.0, 708.0, 699.0], [656.0, 873.0, 539.0], [656.0, 870.0, 550.0], [656.0, 832.0, 569.0], [655.0, 836.0, 580.0], [655.0, 834.0, 601.0], [653.0, 1050.0, 358.0], [653.0, 823.0, 603.0], [653.0, 801.0, 640.0], [652.0, 847.0, 578.0], [652.0, 767.0, 659.0], [651.0, 879.0, 565.0], [651.0, 837.0, 583.0], [646.0, 967.0, 444.0], [646.0, 719.0, 682.0], [645.0, 837.0, 604.0], [644.0, 971.0, 452.0], [644.0, 842.0, 608.0], [643.0, 803.0, 623.0], [642.0, 729.0, 682.0], [640.0, 896.0, 554.0], [640.0, 856.0, 601.0], [638.0, 913.0, 497.0], [638.0, 804.0, 639.0], [637.0, 1076.0, 288.0], [637.0, 824.0, 650.0], [636.0, 912.0, 506.0], [636.0, 756.0, 682.0], [634.0, 789.0, 667.0], [631.0, 687.0, 739.0], [628.0, 923.0, 523.0], [627.0, 949.0, 464.0], [625.0, 928.0, 513.0], [624.0, 831.0, 654.0], [623.0, 958.0, 468.0], [622.0, 854.0, 605.0], [621.0, 863.0, 569.0], [620.0, 1043.0, 424.0], [620.0, 822.0, 662.0], [619.0, 884.0, 571.0], [618.0, 923.0, 533.0], [618.0, 899.0, 573.0], [618.0, 891.0, 588.0], [616.0, 982.0, 493.0], [614.0, 993.0, 437.0], [614.0, 934.0, 521.0], [612.0, 854.0, 609.0], [611.0, 939.0, 523.0], [611.0, 861.0, 594.0], [610.0, 921.0, 552.0], [609.0, 987.0, 455.0], [606.0, 864.0, 604.0], [606.0, 858.0, 612.0], [605.0, 1086.0, 302.0], [605.0, 930.0, 566.0], [604.0, 1098.0, 254.0], [603.0, 901.0, 578.0], [603.0, 840.0, 631.0], [602.0, 1140.0, 216.0], [601.0, 795.0, 675.0], [599.0, 997.0, 439.0], [595.0, 1078.0, 340.0], [595.0, 910.0, 574.0], [595.0, 873.0, 624.0], [595.0, 752.0, 695.0], [594.0, 998.0, 451.0], [593.0, 1063.0, 384.0], [593.0, 999.0, 436.0], [592.0, 871.0, 630.0], [591.0, 955.0, 574.0], [590.0, 997.0, 483.0], [589.0, 1087.0, 341.0], [588.0, 838.0, 672.0], [586.0, 1094.0, 272.0], [586.0, 1009.0, 442.0], [584.0, 1083.0, 354.0], [583.0, 978.0, 506.0], [578.0, 879.0, 590.0], [577.0, 1088.0, 332.0], [577.0, 1084.0, 345.0], [577.0, 897.0, 584.0], [576.0, 1037.0, 432.0], [574.0, 1047.0, 403.0], [574.0, 961.0, 523.0], [573.0, 1024.0, 520.0], [570.0, 893.0, 621.0], [566.0, 1149.0, 256.0], [566.0, 811.0, 703.0], [565.0, 1090.0, 294.0], [564.0, 891.0, 628.0], [563.0, 1025.0, 496.0], [559.0, 1064.0, 390.0], [559.0, 920.0, 583.0], [558.0, 1034.0, 460.0], [558.0, 977.0, 532.0], [557.0, 1110.0, 270.0], [556.0, 1034.0, 466.0], [555.0, 1107.0, 376.0], [554.0, 1115.0, 270.0], [553.0, 910.0, 584.0], [552.0, 872.0, 685.0], [552.0, 820.0, 693.0], [551.0, 1037.0, 438.0], [549.0, 1063.0, 415.0], [549.0, 924.0, 601.0], [545.0, 1073.0, 422.0], [542.0, 1108.0, 312.0], [541.0, 1055.0, 427.0], [540.0, 1090.0, 419.0], [539.0, 973.0, 563.0], [538.0, 897.0, 646.0], [537.0, 998.0, 523.0], [536.0, 1051.0, 446.0], [532.0, 929.0, 606.0], [531.0, 1038.0, 479.0], [529.0, 978.0, 524.0], [528.0, 1154.0, 291.0], [527.0, 1162.0, 270.0], [524.0, 1157.0, 281.0], [524.0, 1039.0, 456.0], [523.0, 1140.0, 308.0], [521.0, 974.0, 537.0], [520.0, 1136.0, 316.0], [520.0, 939.0, 579.0], [519.0, 1049.0, 471.0], [517.0, 1144.0, 295.0], [515.0, 1078.0, 477.0], [515.0, 975.0, 565.0], [515.0, 921.0, 654.0], [512.0, 1091.0, 497.0], [511.0, 1092.0, 392.0], [510.0, 1143.0, 313.0], [506.0, 1166.0, 291.0], [506.0, 1122.0, 368.0], [502.0, 1034.0, 520.0], [501.0, 1137.0, 341.0], [500.0, 1095.0, 403.0], [498.0, 1095.0, 419.0], [497.0, 1146.0, 329.0], [496.0, 1167.0, 339.0], [496.0, 1143.0, 364.0], [495.0, 936.0, 581.0], [493.0, 1060.0, 502.0], [492.0, 1121.0, 383.0], [490.0, 1235.0, 258.0], [486.0, 1161.0, 375.0], [485.0, 1002.0, 561.0], [482.0, 1028.0, 532.0], [472.0, 1183.0, 299.0], [470.0, 1189.0, 308.0], [470.0, 1097.0, 426.0], [466.0, 1248.0, 223.0], [466.0, 1192.0, 275.0], [463.0, 1098.0, 533.0], [460.0, 1199.0, 268.0], [460.0, 1173.0, 364.0], [460.0, 1138.0, 377.0], [455.0, 1199.0, 295.0], [454.0, 1218.0, 315.0], [449.0, 1174.0, 336.0], [446.0, 1123.0, 422.0], [445.0, 1126.0, 462.0], [444.0, 1156.0, 401.0], [439.0, 1117.0, 470.0], [434.0, 1253.0, 229.0], [434.0, 1051.0, 553.0], [428.0, 1193.0, 377.0], [428.0, 1127.0, 405.0], [421.0, 1240.0, 276.0], [418.0, 1067.0, 537.0], [417.0, 1160.0, 415.0], [414.0, 1258.0, 266.0], [407.0, 1194.0, 320.0], [400.0, 1259.0, 278.0], [381.0, 1250.0, 305.0], [375.0, 1251.0, 322.0], [350.0, 1258.0, 329.0]]
