heur = false
LBS_limit = 4
preproc = 0
tight_root = 0
total_time = 1405.51
NDP = 526
total_nodes = 107825
pruned_nodes = 53913
pruned_dominance_nodes = 38
heur_time = 0.0
Y_N = Any[[822.0, 109.0, 255.0], [749.0, 220.0, 221.0], [732.0, 297.0, 186.0], [705.0, 263.0, 236.0], [698.0, 280.0, 304.0], [680.0, 311.0, 211.0], [678.0, 295.0, 226.0], [674.0, 330.0, 278.0], [671.0, 332.0, 239.0], [668.0, 341.0, 219.0], [663.0, 364.0, 186.0], [662.0, 379.0, 186.0], [662.0, 331.0, 270.0], [652.0, 367.0, 236.0], [633.0, 311.0, 292.0], [632.0, 370.0, 199.0], [621.0, 396.0, 235.0], [619.0, 417.0, 235.0], [618.0, 367.0, 277.0], [616.0, 306.0, 297.0], [611.0, 311.0, 294.0], [602.0, 374.0, 241.0], [601.0, 432.0, 241.0], [599.0, 341.0, 302.0], [598.0, 389.0, 272.0], [596.0, 379.0, 286.0], [595.0, 412.0, 242.0], [585.0, 408.0, 248.0], [584.0, 434.0, 242.0], [583.0, 469.0, 201.0], [583.0, 438.0, 208.0], [582.0, 438.0, 248.0], [578.0, 395.0, 249.0], [578.0, 387.0, 285.0], [576.0, 420.0, 260.0], [576.0, 388.0, 303.0], [575.0, 468.0, 256.0], [574.0, 437.0, 304.0], [571.0, 350.0, 413.0], [570.0, 356.0, 342.0], [567.0, 484.0, 230.0], [567.0, 398.0, 359.0], [560.0, 485.0, 216.0], [560.0, 404.0, 310.0], [559.0, 418.0, 316.0], [557.0, 449.0, 298.0], [552.0, 407.0, 319.0], [549.0, 473.0, 246.0], [548.0, 381.0, 381.0], [547.0, 482.0, 252.0], [543.0, 490.0, 197.0], [543.0, 431.0, 314.0], [540.0, 431.0, 359.0], [539.0, 506.0, 175.0], [537.0, 533.0, 246.0], [536.0, 475.0, 285.0], [534.0, 483.0, 261.0], [533.0, 508.0, 247.0], [527.0, 503.0, 279.0], [523.0, 539.0, 175.0], [523.0, 404.0, 366.0], [522.0, 487.0, 294.0], [521.0, 574.0, 184.0], [521.0, 434.0, 345.0], [520.0, 493.0, 305.0], [520.0, 456.0, 307.0], [520.0, 439.0, 365.0], [518.0, 517.0, 265.0], [517.0, 465.0, 391.0], [515.0, 476.0, 348.0], [513.0, 519.0, 273.0], [510.0, 399.0, 429.0], [508.0, 538.0, 228.0], [508.0, 498.0, 290.0], [508.0, 408.0, 395.0], [506.0, 521.0, 263.0], [505.0, 420.0, 415.0], [504.0, 558.0, 209.0], [503.0, 563.0, 185.0], [503.0, 472.0, 379.0], [503.0, 432.0, 392.0], [502.0, 509.0, 285.0], [497.0, 525.0, 267.0], [497.0, 520.0, 315.0], [496.0, 546.0, 249.0], [495.0, 560.0, 216.0], [494.0, 575.0, 176.0], [494.0, 524.0, 292.0], [491.0, 538.0, 304.0], [490.0, 583.0, 189.0], [489.0, 574.0, 212.0], [488.0, 575.0, 244.0], [488.0, 562.0, 252.0], [487.0, 588.0, 191.0], [487.0, 559.0, 264.0], [487.0, 495.0, 322.0], [485.0, 600.0, 198.0], [484.0, 590.0, 212.0], [483.0, 437.0, 407.0], [482.0, 540.0, 280.0], [482.0, 496.0, 341.0], [481.0, 552.0, 293.0], [480.0, 610.0, 203.0], [479.0, 459.0, 432.0], [476.0, 529.0, 306.0], [475.0, 573.0, 270.0], [474.0, 490.0, 370.0], [473.0, 524.0, 324.0], [471.0, 577.0, 230.0], [469.0, 596.0, 250.0], [469.0, 510.0, 381.0], [465.0, 553.0, 275.0], [464.0, 600.0, 258.0], [464.0, 556.0, 309.0], [464.0, 486.0, 398.0], [463.0, 586.0, 302.0], [461.0, 577.0, 326.0], [458.0, 531.0, 333.0], [455.0, 528.0, 365.0], [455.0, 491.0, 421.0], [455.0, 449.0, 469.0], [452.0, 534.0, 329.0], [451.0, 621.0, 165.0], [450.0, 602.0, 298.0], [450.0, 543.0, 354.0], [450.0, 439.0, 489.0], [449.0, 624.0, 226.0], [445.0, 480.0, 434.0], [444.0, 627.0, 212.0], [443.0, 655.0, 219.0], [443.0, 511.0, 395.0], [441.0, 603.0, 273.0], [441.0, 554.0, 351.0], [440.0, 614.0, 232.0], [440.0, 506.0, 396.0], [439.0, 550.0, 352.0], [438.0, 646.0, 259.0], [438.0, 585.0, 313.0], [435.0, 524.0, 384.0], [433.0, 555.0, 372.0], [430.0, 475.0, 457.0], [429.0, 597.0, 350.0], [428.0, 574.0, 352.0], [428.0, 531.0, 373.0], [427.0, 558.0, 354.0], [427.0, 493.0, 412.0], [426.0, 608.0, 266.0], [425.0, 660.0, 188.0], [423.0, 573.0, 369.0], [423.0, 534.0, 451.0], [422.0, 672.0, 223.0], [421.0, 624.0, 288.0], [421.0, 460.0, 466.0], [419.0, 649.0, 244.0], [417.0, 587.0, 353.0], [416.0, 656.0, 233.0], [415.0, 604.0, 339.0], [414.0, 615.0, 289.0], [412.0, 507.0, 480.0], [411.0, 619.0, 305.0], [409.0, 628.0, 269.0], [408.0, 579.0, 386.0], [408.0, 543.0, 423.0], [406.0, 680.0, 214.0], [406.0, 536.0, 432.0], [403.0, 538.0, 427.0], [402.0, 543.0, 451.0], [401.0, 671.0, 264.0], [401.0, 522.0, 465.0], [400.0, 607.0, 307.0], [399.0, 626.0, 319.0], [398.0, 648.0, 278.0], [398.0, 643.0, 279.0], [398.0, 608.0, 367.0], [397.0, 597.0, 406.0], [397.0, 548.0, 424.0], [394.0, 699.0, 204.0], [393.0, 708.0, 199.0], [392.0, 661.0, 265.0], [392.0, 637.0, 325.0], [392.0, 604.0, 428.0], [392.0, 555.0, 441.0], [391.0, 627.0, 329.0], [391.0, 613.0, 370.0], [391.0, 454.0, 481.0], [390.0, 686.0, 212.0], [387.0, 634.0, 361.0], [384.0, 700.0, 217.0], [383.0, 679.0, 260.0], [382.0, 702.0, 228.0], [382.0, 682.0, 247.0], [381.0, 665.0, 275.0], [381.0, 610.0, 407.0], [380.0, 693.0, 249.0], [379.0, 680.0, 267.0], [379.0, 644.0, 373.0], [377.0, 652.0, 277.0], [377.0, 645.0, 304.0], [376.0, 670.0, 318.0], [373.0, 690.0, 278.0], [372.0, 653.0, 320.0], [372.0, 564.0, 455.0], [372.0, 550.0, 469.0], [368.0, 709.0, 153.0], [368.0, 698.0, 238.0], [368.0, 677.0, 348.0], [368.0, 630.0, 377.0], [367.0, 693.0, 281.0], [365.0, 718.0, 136.0], [365.0, 532.0, 521.0], [364.0, 735.0, 192.0], [364.0, 705.0, 223.0], [363.0, 752.0, 191.0], [362.0, 707.0, 248.0], [362.0, 689.0, 311.0], [360.0, 667.0, 360.0], [359.0, 632.0, 382.0], [357.0, 695.0, 253.0], [356.0, 630.0, 383.0], [353.0, 566.0, 469.0], [352.0, 738.0, 199.0], [352.0, 695.0, 282.0], [351.0, 716.0, 228.0], [350.0, 681.0, 356.0], [350.0, 629.0, 396.0], [350.0, 614.0, 407.0], [349.0, 697.0, 291.0], [349.0, 647.0, 367.0], [349.0, 573.0, 434.0], [348.0, 700.0, 251.0], [348.0, 616.0, 400.0], [347.0, 731.0, 286.0], [345.0, 751.0, 218.0], [345.0, 654.0, 361.0], [345.0, 622.0, 402.0], [345.0, 618.0, 430.0], [345.0, 589.0, 438.0], [340.0, 755.0, 183.0], [340.0, 732.0, 279.0], [340.0, 638.0, 456.0], [338.0, 663.0, 388.0], [337.0, 697.0, 345.0], [335.0, 703.0, 300.0], [333.0, 746.0, 265.0], [333.0, 707.0, 289.0], [331.0, 754.0, 268.0], [331.0, 548.0, 500.0], [330.0, 716.0, 345.0], [330.0, 673.0, 406.0], [329.0, 758.0, 189.0], [328.0, 759.0, 187.0], [328.0, 758.0, 231.0], [326.0, 774.0, 220.0], [325.0, 614.0, 466.0], [325.0, 602.0, 479.0], [324.0, 702.0, 377.0], [321.0, 738.0, 298.0], [320.0, 675.0, 408.0], [320.0, 609.0, 467.0], [317.0, 781.0, 264.0], [317.0, 757.0, 282.0], [316.0, 685.0, 420.0], [315.0, 782.0, 260.0], [315.0, 758.0, 287.0], [314.0, 622.0, 467.0], [313.0, 552.0, 534.0], [312.0, 812.0, 244.0], [312.0, 639.0, 440.0], [311.0, 686.0, 397.0], [310.0, 628.0, 502.0], [308.0, 725.0, 317.0], [305.0, 703.0, 367.0], [304.0, 720.0, 356.0], [302.0, 651.0, 459.0], [302.0, 639.0, 460.0], [301.0, 670.0, 424.0], [300.0, 729.0, 356.0], [297.0, 704.0, 386.0], [296.0, 777.0, 282.0], [294.0, 758.0, 290.0], [294.0, 689.0, 394.0], [294.0, 687.0, 413.0], [293.0, 754.0, 325.0], [291.0, 825.0, 142.0], [291.0, 699.0, 398.0], [290.0, 787.0, 254.0], [290.0, 705.0, 357.0], [289.0, 721.0, 357.0], [289.0, 680.0, 443.0], [288.0, 741.0, 354.0], [286.0, 701.0, 403.0], [285.0, 801.0, 268.0], [285.0, 764.0, 334.0], [284.0, 828.0, 183.0], [283.0, 816.0, 208.0], [283.0, 809.0, 289.0], [282.0, 708.0, 362.0], [281.0, 718.0, 358.0], [281.0, 708.0, 396.0], [280.0, 782.0, 319.0], [280.0, 773.0, 323.0], [279.0, 846.0, 192.0], [277.0, 822.0, 247.0], [277.0, 641.0, 461.0], [277.0, 633.0, 465.0], [276.0, 724.0, 374.0], [276.0, 696.0, 411.0], [275.0, 623.0, 508.0], [273.0, 700.0, 407.0], [273.0, 619.0, 516.0], [271.0, 687.0, 478.0], [268.0, 711.0, 378.0], [267.0, 748.0, 361.0], [266.0, 789.0, 299.0], [265.0, 846.0, 212.0], [265.0, 807.0, 308.0], [265.0, 772.0, 329.0], [265.0, 767.0, 331.0], [263.0, 766.0, 335.0], [263.0, 701.0, 425.0], [262.0, 730.0, 363.0], [262.0, 716.0, 410.0], [261.0, 744.0, 409.0], [261.0, 692.0, 432.0], [260.0, 775.0, 370.0], [260.0, 754.0, 381.0], [260.0, 744.0, 411.0], [259.0, 866.0, 231.0], [258.0, 824.0, 278.0], [258.0, 720.0, 426.0], [257.0, 778.0, 320.0], [256.0, 729.0, 419.0], [256.0, 713.0, 469.0], [254.0, 777.0, 361.0], [252.0, 809.0, 311.0], [250.0, 833.0, 251.0], [250.0, 788.0, 345.0], [248.0, 635.0, 567.0], [247.0, 878.0, 228.0], [242.0, 875.0, 259.0], [242.0, 762.0, 374.0], [241.0, 815.0, 284.0], [241.0, 742.0, 450.0], [240.0, 791.0, 332.0], [239.0, 786.0, 393.0], [238.0, 822.0, 299.0], [236.0, 799.0, 318.0], [236.0, 627.0, 571.0], [235.0, 829.0, 272.0], [232.0, 790.0, 369.0], [230.0, 734.0, 459.0], [229.0, 895.0, 153.0], [228.0, 745.0, 420.0], [227.0, 907.0, 174.0], [227.0, 800.0, 323.0], [225.0, 884.0, 197.0], [225.0, 859.0, 281.0], [223.0, 693.0, 482.0], [222.0, 793.0, 336.0], [222.0, 787.0, 370.0], [221.0, 806.0, 312.0], [221.0, 795.0, 347.0], [219.0, 881.0, 204.0], [219.0, 806.0, 322.0], [219.0, 798.0, 351.0], [219.0, 692.0, 516.0], [218.0, 814.0, 314.0], [218.0, 803.0, 336.0], [218.0, 783.0, 402.0], [217.0, 817.0, 306.0], [216.0, 861.0, 264.0], [216.0, 830.0, 333.0], [214.0, 856.0, 296.0], [214.0, 799.0, 345.0], [213.0, 928.0, 195.0], [213.0, 794.0, 363.0], [213.0, 793.0, 365.0], [212.0, 804.0, 352.0], [209.0, 857.0, 297.0], [209.0, 792.0, 400.0], [209.0, 783.0, 425.0], [206.0, 881.0, 218.0], [206.0, 812.0, 370.0], [205.0, 849.0, 299.0], [204.0, 890.0, 215.0], [204.0, 882.0, 220.0], [201.0, 868.0, 265.0], [201.0, 814.0, 343.0], [200.0, 882.0, 221.0], [200.0, 832.0, 335.0], [198.0, 885.0, 279.0], [198.0, 806.0, 379.0], [197.0, 887.0, 262.0], [196.0, 714.0, 460.0], [195.0, 872.0, 292.0], [195.0, 801.0, 398.0], [193.0, 891.0, 280.0], [193.0, 748.0, 434.0], [192.0, 885.0, 301.0], [190.0, 944.0, 174.0], [190.0, 838.0, 306.0], [189.0, 808.0, 401.0], [186.0, 849.0, 328.0], [186.0, 837.0, 358.0], [185.0, 934.0, 183.0], [184.0, 919.0, 269.0], [184.0, 754.0, 429.0], [183.0, 817.0, 363.0], [182.0, 788.0, 441.0], [179.0, 864.0, 315.0], [178.0, 860.0, 328.0], [177.0, 895.0, 276.0], [176.0, 819.0, 368.0], [176.0, 715.0, 505.0], [175.0, 867.0, 334.0], [174.0, 792.0, 416.0], [174.0, 789.0, 424.0], [172.0, 809.0, 376.0], [169.0, 838.0, 336.0], [168.0, 812.0, 374.0], [168.0, 799.0, 405.0], [167.0, 896.0, 270.0], [166.0, 959.0, 248.0], [164.0, 872.0, 320.0], [162.0, 898.0, 279.0], [162.0, 879.0, 343.0], [160.0, 818.0, 372.0], [156.0, 880.0, 311.0], [153.0, 965.0, 250.0], [150.0, 889.0, 295.0], [149.0, 890.0, 329.0], [149.0, 833.0, 373.0], [149.0, 806.0, 441.0], [148.0, 808.0, 405.0], [147.0, 927.0, 261.0], [147.0, 891.0, 291.0], [145.0, 906.0, 286.0], [144.0, 894.0, 289.0], [143.0, 895.0, 327.0], [143.0, 869.0, 353.0], [143.0, 812.0, 380.0], [142.0, 898.0, 305.0], [141.0, 820.0, 398.0], [140.0, 969.0, 171.0], [140.0, 865.0, 374.0], [138.0, 821.0, 383.0], [135.0, 898.0, 313.0], [134.0, 925.0, 282.0], [132.0, 804.0, 446.0], [131.0, 967.0, 181.0], [130.0, 966.0, 226.0], [128.0, 899.0, 293.0], [128.0, 884.0, 335.0], [126.0, 822.0, 428.0], [125.0, 889.0, 344.0], [125.0, 883.0, 346.0], [122.0, 965.0, 261.0], [120.0, 902.0, 292.0], [119.0, 896.0, 325.0], [118.0, 908.0, 297.0], [118.0, 868.0, 357.0], [117.0, 942.0, 268.0], [116.0, 975.0, 258.0], [115.0, 906.0, 305.0], [114.0, 991.0, 183.0], [114.0, 914.0, 291.0], [114.0, 901.0, 306.0], [114.0, 871.0, 377.0], [111.0, 977.0, 212.0], [110.0, 923.0, 297.0], [110.0, 909.0, 310.0], [110.0, 902.0, 375.0], [109.0, 978.0, 240.0], [109.0, 927.0, 280.0], [104.0, 980.0, 223.0], [104.0, 919.0, 305.0], [103.0, 909.0, 326.0], [102.0, 983.0, 236.0], [101.0, 953.0, 288.0], [101.0, 915.0, 329.0], [98.0, 984.0, 187.0], [94.0, 976.0, 249.0], [91.0, 993.0, 203.0], [90.0, 993.0, 245.0], [90.0, 907.0, 330.0], [87.0, 940.0, 301.0], [87.0, 916.0, 306.0], [86.0, 965.0, 266.0], [86.0, 926.0, 312.0], [85.0, 994.0, 217.0], [84.0, 962.0, 271.0], [84.0, 927.0, 328.0], [83.0, 903.0, 361.0], [79.0, 905.0, 333.0], [78.0, 949.0, 307.0], [77.0, 979.0, 254.0], [76.0, 973.0, 314.0], [74.0, 995.0, 256.0], [68.0, 901.0, 390.0], [66.0, 996.0, 174.0], [64.0, 997.0, 239.0], [62.0, 980.0, 281.0], [62.0, 974.0, 300.0], [59.0, 998.0, 171.0], [57.0, 998.0, 221.0], [53.0, 981.0, 266.0], [52.0, 998.0, 222.0], [48.0, 999.0, 175.0], [47.0, 994.0, 266.0], [47.0, 987.0, 280.0], [45.0, 991.0, 267.0], [43.0, 999.0, 207.0], [40.0, 981.0, 283.0], [38.0, 988.0, 291.0], [35.0, 999.0, 259.0], [33.0, 998.0, 287.0], [31.0, 987.0, 315.0], [30.0, 999.0, 260.0], [25.0, 999.0, 275.0], [22.0, 988.0, 304.0], [21.0, 1000.0, 257.0], [20.0, 999.0, 287.0], [17.0, 988.0, 319.0], [16.0, 1000.0, 291.0], [16.0, 998.0, 300.0], [-0.0, 1000.0, 302.0]]
