heur = false
LBS_limit = 4
preproc = 0
tight_root = 0
total_time = 1800.02
NDP = 613
total_nodes = 109827
pruned_nodes = 54891
pruned_dominance_nodes = 4060
heur_time = 0.0
Y_N = Any[[1349.0, 1354.0, 981.0], [1341.0, 1367.0, 877.0], [1295.0, 1358.0, 949.0], [1291.0, 1515.0, 827.0], [1284.0, 1440.0, 870.0], [1282.0, 1454.0, 881.0], [1281.0, 1447.0, 887.0], [1266.0, 1480.0, 857.0], [1265.0, 1487.0, 911.0], [1250.0, 1482.0, 924.0], [1238.0, 1551.0, 799.0], [1238.0, 1379.0, 934.0], [1235.0, 1468.0, 934.0], [1235.0, 1342.0, 1066.0], [1230.0, 1355.0, 984.0], [1229.0, 1535.0, 892.0], [1227.0, 1531.0, 916.0], [1224.0, 1619.0, 826.0], [1222.0, 1470.0, 945.0], [1213.0, 1415.0, 958.0], [1211.0, 1523.0, 938.0], [1208.0, 1590.0, 856.0], [1203.0, 1363.0, 965.0], [1202.0, 1471.0, 969.0], [1200.0, 1642.0, 776.0], [1199.0, 1596.0, 918.0], [1196.0, 1599.0, 872.0], [1196.0, 1469.0, 1015.0], [1191.0, 1632.0, 827.0], [1190.0, 1600.0, 891.0], [1185.0, 1519.0, 1011.0], [1180.0, 1641.0, 830.0], [1177.0, 1622.0, 841.0], [1173.0, 1617.0, 845.0], [1169.0, 1692.0, 762.0], [1169.0, 1617.0, 872.0], [1169.0, 1615.0, 889.0], [1165.0, 1671.0, 845.0], [1163.0, 1625.0, 879.0], [1162.0, 1658.0, 850.0], [1156.0, 1665.0, 879.0], [1154.0, 1564.0, 946.0], [1152.0, 1694.0, 788.0], [1148.0, 1640.0, 906.0], [1146.0, 1701.0, 789.0], [1145.0, 1438.0, 1020.0], [1144.0, 1538.0, 973.0], [1142.0, 1615.0, 946.0], [1141.0, 1711.0, 766.0], [1135.0, 1700.0, 812.0], [1133.0, 1662.0, 922.0], [1132.0, 1714.0, 781.0], [1132.0, 1675.0, 880.0], [1132.0, 1552.0, 983.0], [1131.0, 1730.0, 801.0], [1130.0, 1620.0, 927.0], [1128.0, 1567.0, 954.0], [1126.0, 1442.0, 1019.0], [1125.0, 1734.0, 854.0], [1124.0, 1572.0, 962.0], [1121.0, 1775.0, 801.0], [1120.0, 1634.0, 962.0], [1118.0, 1692.0, 897.0], [1118.0, 1532.0, 990.0], [1113.0, 1718.0, 903.0], [1112.0, 1668.0, 911.0], [1108.0, 1644.0, 923.0], [1104.0, 1722.0, 875.0], [1104.0, 1552.0, 1000.0], [1101.0, 1594.0, 976.0], [1099.0, 1677.0, 912.0], [1098.0, 1743.0, 864.0], [1097.0, 1719.0, 897.0], [1095.0, 1643.0, 962.0], [1089.0, 1751.0, 817.0], [1089.0, 1473.0, 1067.0], [1087.0, 1563.0, 996.0], [1086.0, 1773.0, 851.0], [1086.0, 1728.0, 883.0], [1086.0, 1702.0, 958.0], [1086.0, 1542.0, 1003.0], [1086.0, 1493.0, 1035.0], [1083.0, 1619.0, 968.0], [1082.0, 1757.0, 856.0], [1080.0, 1785.0, 835.0], [1077.0, 1825.0, 783.0], [1075.0, 1768.0, 852.0], [1075.0, 1745.0, 859.0], [1075.0, 1617.0, 993.0], [1074.0, 1746.0, 881.0], [1073.0, 1541.0, 1021.0], [1072.0, 1772.0, 899.0], [1071.0, 1777.0, 836.0], [1070.0, 1780.0, 843.0], [1068.0, 1720.0, 944.0], [1067.0, 1497.0, 1030.0], [1064.0, 1507.0, 1025.0], [1061.0, 1782.0, 865.0], [1061.0, 1541.0, 1033.0], [1059.0, 1763.0, 902.0], [1059.0, 1706.0, 947.0], [1059.0, 1594.0, 1006.0], [1057.0, 1783.0, 887.0], [1057.0, 1513.0, 1048.0], [1056.0, 1834.0, 845.0], [1056.0, 1635.0, 1001.0], [1053.0, 1851.0, 662.0], [1053.0, 1817.0, 849.0], [1052.0, 1584.0, 1017.0], [1051.0, 1771.0, 920.0], [1049.0, 1870.0, 695.0], [1049.0, 1857.0, 701.0], [1049.0, 1828.0, 899.0], [1049.0, 1683.0, 969.0], [1047.0, 1848.0, 747.0], [1046.0, 1777.0, 923.0], [1045.0, 1675.0, 977.0], [1045.0, 1588.0, 1023.0], [1044.0, 1863.0, 791.0], [1043.0, 1848.0, 810.0], [1043.0, 1543.0, 1025.0], [1040.0, 1759.0, 934.0], [1039.0, 1771.0, 962.0], [1039.0, 1669.0, 1044.0], [1036.0, 1873.0, 846.0], [1028.0, 1898.0, 667.0], [1023.0, 1829.0, 849.0], [1022.0, 1897.0, 903.0], [1021.0, 1800.0, 976.0], [1018.0, 1832.0, 906.0], [1018.0, 1575.0, 1057.0], [1017.0, 1936.0, 838.0], [1014.0, 1857.0, 957.0], [1004.0, 1636.0, 1066.0], [1002.0, 1726.0, 985.0], [1002.0, 1709.0, 986.0], [989.0, 1733.0, 977.0], [985.0, 1704.0, 1015.0], [984.0, 1936.0, 878.0], [984.0, 1673.0, 1053.0], [983.0, 1959.0, 729.0], [983.0, 1840.0, 999.0], [979.0, 1942.0, 746.0], [978.0, 1629.0, 1077.0], [971.0, 1942.0, 773.0], [971.0, 1796.0, 1009.0], [969.0, 1939.0, 790.0], [963.0, 1964.0, 696.0], [963.0, 1871.0, 909.0], [962.0, 1863.0, 912.0], [960.0, 1964.0, 928.0], [956.0, 1867.0, 947.0], [953.0, 1965.0, 842.0], [953.0, 1856.0, 963.0], [952.0, 1989.0, 862.0], [951.0, 1692.0, 1019.0], [947.0, 1917.0, 936.0], [945.0, 1995.0, 717.0], [945.0, 1908.0, 955.0], [945.0, 1710.0, 1052.0], [944.0, 2011.0, 782.0], [940.0, 1867.0, 977.0], [940.0, 1713.0, 1037.0], [938.0, 1726.0, 1011.0], [935.0, 1749.0, 1019.0], [932.0, 2016.0, 618.0], [931.0, 1866.0, 981.0], [928.0, 1752.0, 1019.0], [927.0, 2018.0, 572.0], [926.0, 2026.0, 651.0], [926.0, 2015.0, 656.0], [923.0, 2048.0, 851.0], [923.0, 1920.0, 962.0], [923.0, 1869.0, 992.0], [922.0, 1968.0, 863.0], [921.0, 1643.0, 1078.0], [920.0, 1783.0, 1025.0], [919.0, 1950.0, 956.0], [912.0, 1715.0, 1041.0], [909.0, 1938.0, 966.0], [909.0, 1878.0, 995.0], [905.0, 1970.0, 932.0], [905.0, 1943.0, 968.0], [905.0, 1803.0, 1025.0], [905.0, 1613.0, 1100.0], [902.0, 1998.0, 863.0], [902.0, 1991.0, 888.0], [902.0, 1978.0, 930.0], [902.0, 1806.0, 1014.0], [902.0, 1755.0, 1027.0], [901.0, 1910.0, 974.0], [900.0, 1773.0, 1027.0], [898.0, 1705.0, 1067.0], [897.0, 2053.0, 537.0], [896.0, 2057.0, 679.0], [896.0, 1939.0, 981.0], [896.0, 1737.0, 1064.0], [894.0, 2051.0, 765.0], [891.0, 2090.0, 514.0], [891.0, 1979.0, 889.0], [891.0, 1752.0, 1030.0], [889.0, 1871.0, 1003.0], [889.0, 1843.0, 1010.0], [887.0, 2068.0, 611.0], [884.0, 1958.0, 947.0], [882.0, 2056.0, 699.0], [882.0, 2042.0, 863.0], [882.0, 1994.0, 872.0], [882.0, 1705.0, 1104.0], [880.0, 2069.0, 764.0], [878.0, 2085.0, 571.0], [877.0, 2109.0, 688.0], [877.0, 1991.0, 930.0], [877.0, 1792.0, 1038.0], [875.0, 1875.0, 1006.0], [874.0, 2077.0, 747.0], [874.0, 2043.0, 865.0], [874.0, 1954.0, 965.0], [873.0, 2053.0, 793.0], [870.0, 2026.0, 868.0], [869.0, 2118.0, 677.0], [869.0, 2005.0, 936.0], [868.0, 2025.0, 911.0], [866.0, 2119.0, 495.0], [865.0, 2161.0, 705.0], [864.0, 2091.0, 780.0], [863.0, 2072.0, 853.0], [862.0, 2109.0, 823.0], [862.0, 1959.0, 939.0], [861.0, 2043.0, 892.0], [861.0, 1906.0, 988.0], [860.0, 1920.0, 984.0], [859.0, 2030.0, 931.0], [858.0, 1847.0, 1033.0], [858.0, 1711.0, 1120.0], [856.0, 1977.0, 998.0], [856.0, 1889.0, 1000.0], [853.0, 2051.0, 867.0], [850.0, 2089.0, 840.0], [850.0, 2002.0, 976.0], [849.0, 2120.0, 804.0], [848.0, 2124.0, 733.0], [848.0, 2084.0, 842.0], [848.0, 1798.0, 1046.0], [846.0, 1763.0, 1064.0], [845.0, 1807.0, 1050.0], [842.0, 2178.0, 711.0], [842.0, 1867.0, 1010.0], [840.0, 2114.0, 811.0], [840.0, 1845.0, 1035.0], [838.0, 2082.0, 849.0], [836.0, 2144.0, 733.0], [836.0, 2038.0, 923.0], [836.0, 1880.0, 1048.0], [836.0, 1723.0, 1091.0], [835.0, 1821.0, 1063.0], [833.0, 2047.0, 868.0], [832.0, 2053.0, 878.0], [831.0, 2104.0, 847.0], [830.0, 2062.0, 920.0], [829.0, 2077.0, 860.0], [829.0, 1881.0, 1001.0], [823.0, 2072.0, 867.0], [821.0, 2064.0, 873.0], [821.0, 1908.0, 1041.0], [819.0, 2085.0, 864.0], [816.0, 2070.0, 895.0], [816.0, 2026.0, 948.0], [815.0, 2120.0, 900.0], [812.0, 2135.0, 920.0], [811.0, 1920.0, 1000.0], [808.0, 2197.0, 590.0], [807.0, 2047.0, 929.0], [807.0, 2035.0, 970.0], [805.0, 2183.0, 679.0], [805.0, 2137.0, 776.0], [804.0, 2211.0, 493.0], [804.0, 2191.0, 731.0], [804.0, 2043.0, 935.0], [802.0, 1918.0, 1009.0], [801.0, 2152.0, 770.0], [801.0, 1965.0, 1011.0], [800.0, 1934.0, 1032.0], [798.0, 2166.0, 822.0], [797.0, 2058.0, 940.0], [797.0, 1981.0, 978.0], [796.0, 2062.0, 928.0], [795.0, 1963.0, 1048.0], [794.0, 1964.0, 1026.0], [791.0, 2167.0, 782.0], [791.0, 1873.0, 1060.0], [790.0, 2053.0, 1026.0], [789.0, 2059.0, 936.0], [787.0, 2140.0, 852.0], [786.0, 2218.0, 535.0], [786.0, 2087.0, 947.0], [783.0, 1885.0, 1077.0], [779.0, 2238.0, 507.0], [778.0, 2193.0, 743.0], [777.0, 2163.0, 830.0], [777.0, 2054.0, 958.0], [776.0, 2223.0, 539.0], [776.0, 2199.0, 681.0], [775.0, 2224.0, 739.0], [775.0, 2059.0, 988.0], [772.0, 1847.0, 1100.0], [771.0, 2239.0, 612.0], [771.0, 2182.0, 784.0], [766.0, 2105.0, 948.0], [764.0, 2075.0, 953.0], [761.0, 2193.0, 744.0], [760.0, 2089.0, 952.0], [757.0, 1888.0, 1061.0], [756.0, 1968.0, 1066.0], [755.0, 2138.0, 895.0], [754.0, 2252.0, 645.0], [754.0, 2203.0, 773.0], [754.0, 2154.0, 861.0], [754.0, 2138.0, 906.0], [750.0, 2266.0, 557.0], [749.0, 2137.0, 929.0], [748.0, 2208.0, 841.0], [747.0, 2272.0, 691.0], [745.0, 2116.0, 944.0], [745.0, 2058.0, 994.0], [744.0, 2116.0, 975.0], [741.0, 2252.0, 718.0], [741.0, 2225.0, 818.0], [741.0, 2143.0, 887.0], [740.0, 2283.0, 679.0], [740.0, 2231.0, 729.0], [739.0, 2061.0, 983.0], [737.0, 2137.0, 963.0], [736.0, 2211.0, 833.0], [736.0, 2181.0, 848.0], [736.0, 2042.0, 1052.0], [735.0, 2219.0, 851.0], [734.0, 2258.0, 733.0], [734.0, 2158.0, 897.0], [733.0, 2171.0, 892.0], [730.0, 2198.0, 877.0], [729.0, 1939.0, 1081.0], [728.0, 2278.0, 681.0], [727.0, 2190.0, 882.0], [727.0, 2062.0, 987.0], [726.0, 2168.0, 896.0], [726.0, 2141.0, 913.0], [725.0, 2295.0, 568.0], [725.0, 2259.0, 776.0], [723.0, 2072.0, 994.0], [718.0, 2238.0, 789.0], [717.0, 2077.0, 977.0], [715.0, 2276.0, 748.0], [714.0, 2150.0, 918.0], [713.0, 2279.0, 691.0], [713.0, 2236.0, 822.0], [713.0, 2086.0, 988.0], [707.0, 2287.0, 610.0], [707.0, 2253.0, 801.0], [707.0, 2066.0, 1029.0], [706.0, 2029.0, 1059.0], [703.0, 2161.0, 952.0], [703.0, 2094.0, 991.0], [702.0, 2125.0, 964.0], [702.0, 1940.0, 1068.0], [700.0, 2251.0, 818.0], [694.0, 2220.0, 883.0], [693.0, 2260.0, 815.0], [692.0, 2195.0, 891.0], [691.0, 2275.0, 773.0], [691.0, 2084.0, 999.0], [691.0, 1934.0, 1086.0], [690.0, 2223.0, 914.0], [690.0, 2176.0, 917.0], [690.0, 2090.0, 1063.0], [689.0, 1991.0, 1078.0], [688.0, 2348.0, 662.0], [688.0, 2238.0, 887.0], [688.0, 2134.0, 967.0], [687.0, 2333.0, 730.0], [686.0, 2321.0, 734.0], [686.0, 2289.0, 791.0], [685.0, 2149.0, 1026.0], [685.0, 2111.0, 1031.0], [684.0, 2193.0, 940.0], [682.0, 2174.0, 957.0], [681.0, 2153.0, 990.0], [680.0, 2325.0, 753.0], [674.0, 2239.0, 871.0], [672.0, 2211.0, 952.0], [669.0, 2278.0, 797.0], [665.0, 2267.0, 800.0], [663.0, 2251.0, 892.0], [663.0, 2123.0, 1061.0], [662.0, 2320.0, 755.0], [662.0, 2280.0, 809.0], [660.0, 2297.0, 870.0], [658.0, 2357.0, 671.0], [656.0, 2216.0, 937.0], [654.0, 2300.0, 760.0], [652.0, 2361.0, 744.0], [651.0, 2269.0, 877.0], [650.0, 2330.0, 747.0], [649.0, 2266.0, 909.0], [647.0, 2151.0, 1018.0], [646.0, 2035.0, 1094.0], [645.0, 2236.0, 911.0], [644.0, 2226.0, 946.0], [641.0, 2230.0, 968.0], [637.0, 2325.0, 769.0], [636.0, 2364.0, 742.0], [633.0, 2285.0, 896.0], [632.0, 2350.0, 750.0], [631.0, 2288.0, 880.0], [630.0, 2308.0, 791.0], [629.0, 2214.0, 975.0], [628.0, 2240.0, 911.0], [628.0, 2192.0, 981.0], [628.0, 2153.0, 1012.0], [627.0, 2365.0, 680.0], [627.0, 2305.0, 817.0], [622.0, 2343.0, 788.0], [621.0, 2355.0, 754.0], [617.0, 2390.0, 636.0], [617.0, 2142.0, 1042.0], [615.0, 2161.0, 1024.0], [614.0, 2372.0, 751.0], [614.0, 2309.0, 804.0], [614.0, 2216.0, 1008.0], [612.0, 2287.0, 896.0], [611.0, 2304.0, 831.0], [610.0, 2291.0, 881.0], [610.0, 2238.0, 922.0], [606.0, 2304.0, 854.0], [605.0, 2387.0, 659.0], [605.0, 2237.0, 967.0], [603.0, 2319.0, 859.0], [603.0, 2131.0, 1075.0], [601.0, 2244.0, 914.0], [598.0, 2194.0, 1021.0], [595.0, 2389.0, 684.0], [594.0, 2303.0, 876.0], [594.0, 2292.0, 900.0], [594.0, 2260.0, 934.0], [593.0, 2113.0, 1102.0], [592.0, 2394.0, 672.0], [592.0, 2324.0, 792.0], [590.0, 2323.0, 795.0], [590.0, 2182.0, 1047.0], [589.0, 2411.0, 670.0], [589.0, 2358.0, 792.0], [589.0, 2227.0, 985.0], [587.0, 2432.0, 717.0], [586.0, 2356.0, 827.0], [586.0, 2344.0, 840.0], [586.0, 2236.0, 976.0], [585.0, 2275.0, 949.0], [584.0, 2409.0, 760.0], [584.0, 2366.0, 764.0], [583.0, 2377.0, 777.0], [582.0, 2295.0, 877.0], [581.0, 2304.0, 885.0], [580.0, 2306.0, 896.0], [577.0, 2237.0, 970.0], [577.0, 2225.0, 1056.0], [576.0, 2325.0, 868.0], [575.0, 2239.0, 959.0], [571.0, 2274.0, 959.0], [570.0, 2361.0, 783.0], [569.0, 2241.0, 993.0], [567.0, 2361.0, 867.0], [565.0, 2365.0, 845.0], [562.0, 2408.0, 835.0], [561.0, 2308.0, 945.0], [559.0, 2315.0, 891.0], [557.0, 2430.0, 777.0], [556.0, 2325.0, 893.0], [553.0, 2243.0, 992.0], [552.0, 2470.0, 654.0], [548.0, 2446.0, 730.0], [548.0, 2309.0, 908.0], [544.0, 2259.0, 985.0], [539.0, 2450.0, 672.0], [539.0, 2275.0, 983.0], [537.0, 2451.0, 730.0], [537.0, 2433.0, 751.0], [534.0, 2276.0, 985.0], [533.0, 2311.0, 939.0], [532.0, 2326.0, 883.0], [532.0, 2295.0, 966.0], [530.0, 2502.0, 714.0], [530.0, 2327.0, 884.0], [530.0, 2324.0, 946.0], [527.0, 2372.0, 847.0], [526.0, 2447.0, 784.0], [525.0, 2290.0, 968.0], [524.0, 2386.0, 857.0], [524.0, 2278.0, 980.0], [523.0, 2372.0, 865.0], [523.0, 2235.0, 1042.0], [520.0, 2331.0, 883.0], [517.0, 2365.0, 877.0], [517.0, 2353.0, 893.0], [517.0, 2300.0, 951.0], [514.0, 2448.0, 787.0], [512.0, 2434.0, 796.0], [512.0, 2345.0, 940.0], [512.0, 2277.0, 1034.0], [510.0, 2302.0, 953.0], [509.0, 2373.0, 882.0], [509.0, 2284.0, 991.0], [507.0, 2449.0, 798.0], [504.0, 2350.0, 894.0], [504.0, 2302.0, 969.0], [502.0, 2457.0, 737.0], [498.0, 2307.0, 965.0], [497.0, 2292.0, 988.0], [497.0, 2291.0, 1079.0], [495.0, 2167.0, 1098.0], [494.0, 2379.0, 901.0], [493.0, 2409.0, 833.0], [493.0, 2316.0, 965.0], [492.0, 2388.0, 845.0], [491.0, 2328.0, 955.0], [489.0, 2409.0, 866.0], [486.0, 2552.0, 651.0], [485.0, 2515.0, 694.0], [485.0, 2333.0, 988.0], [484.0, 2446.0, 839.0], [481.0, 2357.0, 941.0], [480.0, 2382.0, 932.0], [479.0, 2561.0, 690.0], [478.0, 2296.0, 1026.0], [477.0, 2573.0, 684.0], [475.0, 2460.0, 746.0], [471.0, 2391.0, 872.0], [469.0, 2482.0, 727.0], [468.0, 2339.0, 967.0], [467.0, 2329.0, 1002.0], [466.0, 2386.0, 880.0], [465.0, 2465.0, 793.0], [465.0, 2417.0, 850.0], [465.0, 2344.0, 986.0], [464.0, 2455.0, 807.0], [463.0, 2317.0, 1014.0], [462.0, 2419.0, 894.0], [459.0, 2486.0, 728.0], [457.0, 2498.0, 775.0], [457.0, 2482.0, 778.0], [456.0, 2493.0, 779.0], [456.0, 2364.0, 949.0], [455.0, 2513.0, 742.0], [455.0, 2462.0, 803.0], [450.0, 2362.0, 992.0], [448.0, 2450.0, 819.0], [447.0, 2386.0, 896.0], [447.0, 2369.0, 958.0], [444.0, 2522.0, 724.0], [440.0, 2378.0, 984.0], [439.0, 2400.0, 929.0], [438.0, 2537.0, 705.0], [438.0, 2513.0, 763.0], [438.0, 2422.0, 889.0], [436.0, 2478.0, 796.0], [436.0, 2342.0, 1013.0], [430.0, 2423.0, 873.0], [429.0, 2415.0, 900.0], [428.0, 2416.0, 900.0], [426.0, 2406.0, 906.0], [425.0, 2531.0, 779.0], [425.0, 2492.0, 832.0], [424.0, 2380.0, 944.0], [421.0, 2383.0, 939.0], [420.0, 2443.0, 865.0], [418.0, 2564.0, 736.0], [418.0, 2443.0, 895.0], [417.0, 2377.0, 992.0], [416.0, 2393.0, 937.0], [416.0, 2350.0, 1017.0], [415.0, 2394.0, 951.0], [414.0, 2465.0, 859.0], [413.0, 2416.0, 939.0], [410.0, 2605.0, 728.0], [410.0, 2420.0, 910.0], [408.0, 2500.0, 856.0], [408.0, 2451.0, 879.0], [393.0, 2519.0, 864.0], [393.0, 2318.0, 1083.0], [389.0, 2452.0, 910.0], [389.0, 2411.0, 948.0], [387.0, 2595.0, 738.0], [378.0, 2566.0, 751.0], [376.0, 2463.0, 906.0], [376.0, 2350.0, 1078.0], [374.0, 2558.0, 781.0], [373.0, 2471.0, 886.0], [365.0, 2507.0, 869.0], [364.0, 2383.0, 986.0], [357.0, 2397.0, 1010.0], [350.0, 2482.0, 930.0], [349.0, 2564.0, 832.0], [343.0, 2484.0, 968.0], [340.0, 2559.0, 858.0], [339.0, 2417.0, 1024.0], [334.0, 2566.0, 765.0], [331.0, 2677.0, 710.0], [321.0, 2643.0, 726.0], [310.0, 2575.0, 749.0], [289.0, 2570.0, 861.0], [287.0, 2640.0, 758.0], [281.0, 2512.0, 905.0], [274.0, 2489.0, 1001.0], [231.0, 2562.0, 895.0]]
