heur = false
LBS_limit = 4
preproc = 0
tight_root = 0
total_time = 1800.01
NDP = 677
total_nodes = 53363
pruned_nodes = 26653
pruned_dominance_nodes = 384
heur_time = 0.0
Y_N = Any[[3264.0, 2185.0, 1431.0], [3250.0, 2187.0, 1377.0], [3243.0, 2149.0, 1461.0], [3231.0, 2222.0, 1487.0], [3226.0, 2260.0, 1368.0], [3225.0, 2178.0, 1609.0], [3219.0, 2092.0, 1726.0], [3207.0, 2320.0, 1265.0], [3200.0, 2257.0, 1411.0], [3195.0, 2234.0, 1422.0], [3192.0, 2353.0, 1338.0], [3189.0, 2193.0, 1547.0], [3188.0, 2239.0, 1512.0], [3177.0, 2300.0, 1478.0], [3172.0, 2359.0, 1383.0], [3171.0, 2182.0, 1587.0], [3168.0, 2421.0, 1434.0], [3166.0, 2430.0, 1257.0], [3165.0, 2229.0, 1559.0], [3155.0, 2247.0, 1566.0], [3152.0, 2425.0, 1447.0], [3152.0, 2334.0, 1518.0], [3146.0, 2261.0, 1540.0], [3145.0, 2315.0, 1533.0], [3139.0, 2341.0, 1536.0], [3139.0, 2121.0, 1740.0], [3138.0, 2266.0, 1539.0], [3137.0, 2432.0, 1278.0], [3137.0, 2190.0, 1634.0], [3132.0, 2349.0, 1528.0], [3131.0, 2221.0, 1642.0], [3125.0, 2504.0, 1231.0], [3123.0, 2174.0, 1669.0], [3121.0, 2449.0, 1299.0], [3119.0, 2266.0, 1541.0], [3119.0, 2228.0, 1574.0], [3116.0, 2446.0, 1504.0], [3114.0, 2238.0, 1613.0], [3109.0, 2304.0, 1589.0], [3102.0, 2521.0, 1260.0], [3102.0, 2333.0, 1537.0], [3100.0, 2453.0, 1326.0], [3098.0, 2338.0, 1605.0], [3096.0, 2512.0, 1283.0], [3094.0, 2258.0, 1611.0], [3093.0, 2472.0, 1326.0], [3092.0, 2492.0, 1324.0], [3092.0, 2407.0, 1593.0], [3091.0, 2367.0, 1600.0], [3085.0, 2499.0, 1302.0], [3080.0, 2497.0, 1457.0], [3076.0, 2440.0, 1548.0], [3076.0, 2300.0, 1629.0], [3076.0, 2101.0, 1854.0], [3074.0, 2516.0, 1272.0], [3073.0, 2540.0, 1334.0], [3072.0, 2550.0, 1357.0], [3072.0, 2229.0, 1711.0], [3071.0, 2438.0, 1580.0], [3071.0, 2242.0, 1678.0], [3070.0, 2383.0, 1617.0], [3063.0, 2475.0, 1496.0], [3062.0, 2225.0, 1837.0], [3061.0, 2561.0, 1197.0], [3059.0, 2516.0, 1434.0], [3058.0, 2292.0, 1650.0], [3052.0, 2499.0, 1456.0], [3052.0, 2419.0, 1582.0], [3051.0, 2631.0, 1342.0], [3050.0, 2361.0, 1668.0], [3047.0, 2545.0, 1449.0], [3046.0, 2568.0, 1368.0], [3043.0, 2314.0, 1677.0], [3033.0, 2452.0, 1580.0], [3030.0, 2491.0, 1502.0], [3030.0, 2472.0, 1565.0], [3030.0, 2410.0, 1590.0], [3029.0, 2383.0, 1685.0], [3028.0, 2454.0, 1628.0], [3027.0, 2553.0, 1497.0], [3025.0, 2298.0, 1690.0], [3024.0, 2483.0, 1567.0], [3023.0, 2630.0, 1430.0], [3017.0, 2641.0, 1283.0], [3014.0, 2514.0, 1615.0], [3008.0, 2668.0, 1170.0], [3006.0, 2573.0, 1489.0], [3006.0, 2311.0, 1754.0], [3004.0, 2519.0, 1570.0], [3000.0, 2535.0, 1544.0], [2998.0, 2607.0, 1506.0], [2994.0, 2371.0, 1708.0], [2993.0, 2314.0, 1785.0], [2991.0, 2621.0, 1455.0], [2990.0, 2488.0, 1718.0], [2988.0, 2688.0, 1109.0], [2988.0, 2656.0, 1402.0], [2985.0, 2587.0, 1514.0], [2984.0, 2693.0, 1325.0], [2983.0, 2245.0, 1879.0], [2982.0, 2519.0, 1618.0], [2979.0, 2532.0, 1609.0], [2978.0, 2627.0, 1449.0], [2978.0, 2569.0, 1556.0], [2977.0, 2699.0, 1359.0], [2976.0, 2590.0, 1530.0], [2971.0, 2725.0, 1119.0], [2971.0, 2595.0, 1538.0], [2965.0, 2618.0, 1538.0], [2965.0, 2496.0, 1642.0], [2964.0, 2258.0, 1907.0], [2963.0, 2368.0, 1730.0], [2962.0, 2633.0, 1476.0], [2962.0, 2602.0, 1584.0], [2961.0, 2398.0, 1747.0], [2959.0, 2604.0, 1623.0], [2958.0, 2638.0, 1445.0], [2957.0, 2670.0, 1427.0], [2956.0, 2693.0, 1411.0], [2956.0, 2664.0, 1453.0], [2953.0, 2630.0, 1557.0], [2949.0, 2709.0, 1245.0], [2949.0, 2707.0, 1311.0], [2949.0, 2702.0, 1349.0], [2949.0, 2442.0, 1733.0], [2947.0, 2764.0, 996.0], [2947.0, 2677.0, 1532.0], [2942.0, 2723.0, 1483.0], [2942.0, 2633.0, 1534.0], [2939.0, 2422.0, 1764.0], [2935.0, 2499.0, 1650.0], [2927.0, 2731.0, 1269.0], [2925.0, 2512.0, 1624.0], [2922.0, 2549.0, 1646.0], [2922.0, 2400.0, 1807.0], [2921.0, 2758.0, 1304.0], [2920.0, 2424.0, 1742.0], [2917.0, 2776.0, 1377.0], [2916.0, 2493.0, 1714.0], [2915.0, 2519.0, 1683.0], [2915.0, 2504.0, 1686.0], [2910.0, 2747.0, 1395.0], [2910.0, 2605.0, 1616.0], [2909.0, 2697.0, 1502.0], [2909.0, 2631.0, 1544.0], [2908.0, 2562.0, 1636.0], [2906.0, 2617.0, 1586.0], [2903.0, 2792.0, 1276.0], [2902.0, 2630.0, 1584.0], [2901.0, 2653.0, 1600.0], [2899.0, 2852.0, 1172.0], [2899.0, 2801.0, 1338.0], [2898.0, 2439.0, 1734.0], [2896.0, 2747.0, 1442.0], [2895.0, 2658.0, 1552.0], [2895.0, 2384.0, 1842.0], [2889.0, 2630.0, 1611.0], [2889.0, 2524.0, 1728.0], [2887.0, 2808.0, 1181.0], [2886.0, 2455.0, 1753.0], [2885.0, 2694.0, 1521.0], [2883.0, 2709.0, 1506.0], [2883.0, 2639.0, 1658.0], [2883.0, 2561.0, 1680.0], [2880.0, 2753.0, 1458.0], [2880.0, 2641.0, 1603.0], [2880.0, 2529.0, 1719.0], [2879.0, 2758.0, 1419.0], [2876.0, 2666.0, 1534.0], [2875.0, 2815.0, 1327.0], [2875.0, 2701.0, 1539.0], [2873.0, 2785.0, 1485.0], [2873.0, 2553.0, 1700.0], [2870.0, 2720.0, 1571.0], [2869.0, 2474.0, 1754.0], [2867.0, 2726.0, 1487.0], [2866.0, 2885.0, 1250.0], [2865.0, 2923.0, 1180.0], [2865.0, 2506.0, 1760.0], [2863.0, 2722.0, 1490.0], [2861.0, 2403.0, 1781.0], [2860.0, 2592.0, 1670.0], [2859.0, 2682.0, 1596.0], [2859.0, 2570.0, 1681.0], [2857.0, 2450.0, 1763.0], [2856.0, 2823.0, 1345.0], [2856.0, 2528.0, 1743.0], [2856.0, 2410.0, 1813.0], [2853.0, 2559.0, 1697.0], [2852.0, 2622.0, 1668.0], [2851.0, 2839.0, 1271.0], [2850.0, 2837.0, 1280.0], [2849.0, 2875.0, 1253.0], [2849.0, 2791.0, 1346.0], [2849.0, 2770.0, 1491.0], [2848.0, 2825.0, 1459.0], [2848.0, 2751.0, 1513.0], [2848.0, 2467.0, 1790.0], [2848.0, 2430.0, 1816.0], [2844.0, 2811.0, 1504.0], [2844.0, 2762.0, 1550.0], [2844.0, 2584.0, 1674.0], [2842.0, 2685.0, 1681.0], [2840.0, 2779.0, 1509.0], [2840.0, 2728.0, 1565.0], [2838.0, 2375.0, 1889.0], [2836.0, 2713.0, 1595.0], [2836.0, 2608.0, 1683.0], [2835.0, 2839.0, 1352.0], [2834.0, 2885.0, 1309.0], [2833.0, 2598.0, 1790.0], [2832.0, 2462.0, 1794.0], [2827.0, 2784.0, 1539.0], [2826.0, 2864.0, 1395.0], [2824.0, 2923.0, 1296.0], [2823.0, 2746.0, 1568.0], [2821.0, 2791.0, 1509.0], [2820.0, 2629.0, 1692.0], [2819.0, 2687.0, 1655.0], [2818.0, 2810.0, 1530.0], [2818.0, 2676.0, 1682.0], [2817.0, 2884.0, 1380.0], [2817.0, 2739.0, 1601.0], [2815.0, 2955.0, 1036.0], [2815.0, 2742.0, 1581.0], [2812.0, 2844.0, 1411.0], [2812.0, 2453.0, 1802.0], [2811.0, 2935.0, 1275.0], [2811.0, 2875.0, 1387.0], [2808.0, 2786.0, 1532.0], [2808.0, 2625.0, 1714.0], [2807.0, 2717.0, 1632.0], [2807.0, 2488.0, 1794.0], [2806.0, 2478.0, 1805.0], [2806.0, 2364.0, 1898.0], [2805.0, 2851.0, 1404.0], [2805.0, 2833.0, 1417.0], [2804.0, 2893.0, 1386.0], [2804.0, 2858.0, 1407.0], [2803.0, 2516.0, 1798.0], [2803.0, 2452.0, 1868.0], [2802.0, 2895.0, 1343.0], [2802.0, 2834.0, 1459.0], [2802.0, 2680.0, 1686.0], [2801.0, 2899.0, 1440.0], [2801.0, 2604.0, 1735.0], [2800.0, 2650.0, 1710.0], [2799.0, 2750.0, 1554.0], [2798.0, 2825.0, 1509.0], [2794.0, 2627.0, 1734.0], [2794.0, 2380.0, 1874.0], [2793.0, 2845.0, 1461.0], [2791.0, 2782.0, 1544.0], [2790.0, 2789.0, 1548.0], [2790.0, 2724.0, 1612.0], [2787.0, 2872.0, 1471.0], [2787.0, 2662.0, 1695.0], [2787.0, 2456.0, 1827.0], [2785.0, 2744.0, 1595.0], [2785.0, 2633.0, 1753.0], [2784.0, 2543.0, 1846.0], [2782.0, 2553.0, 1890.0], [2781.0, 2829.0, 1524.0], [2781.0, 2686.0, 1738.0], [2780.0, 2855.0, 1488.0], [2780.0, 2700.0, 1650.0], [2778.0, 2773.0, 1567.0], [2777.0, 2902.0, 1349.0], [2776.0, 2783.0, 1610.0], [2775.0, 2972.0, 1178.0], [2775.0, 2891.0, 1500.0], [2774.0, 2706.0, 1665.0], [2773.0, 2915.0, 1310.0], [2773.0, 2801.0, 1551.0], [2773.0, 2576.0, 1791.0], [2771.0, 2935.0, 1358.0], [2771.0, 2729.0, 1631.0], [2770.0, 2738.0, 1617.0], [2770.0, 2700.0, 1756.0], [2767.0, 2951.0, 1205.0], [2766.0, 2966.0, 1193.0], [2765.0, 2813.0, 1620.0], [2764.0, 2647.0, 1760.0], [2763.0, 2919.0, 1387.0], [2763.0, 2851.0, 1588.0], [2760.0, 2732.0, 1682.0], [2760.0, 2578.0, 1810.0], [2759.0, 2971.0, 1232.0], [2757.0, 2703.0, 1702.0], [2756.0, 2766.0, 1650.0], [2754.0, 3012.0, 1150.0], [2754.0, 2942.0, 1368.0], [2753.0, 2993.0, 1162.0], [2752.0, 2907.0, 1390.0], [2750.0, 3018.0, 1113.0], [2750.0, 2771.0, 1625.0], [2750.0, 2631.0, 1794.0], [2749.0, 2768.0, 1671.0], [2749.0, 2759.0, 1712.0], [2748.0, 2934.0, 1440.0], [2748.0, 2594.0, 1795.0], [2748.0, 2592.0, 1827.0], [2747.0, 2632.0, 1826.0], [2745.0, 2893.0, 1489.0], [2743.0, 3037.0, 1223.0], [2743.0, 2888.0, 1544.0], [2743.0, 2770.0, 1664.0], [2740.0, 2953.0, 1402.0], [2740.0, 2693.0, 1798.0], [2737.0, 2896.0, 1455.0], [2737.0, 2800.0, 1624.0], [2735.0, 2917.0, 1455.0], [2734.0, 3037.0, 1261.0], [2734.0, 2763.0, 1728.0], [2733.0, 2943.0, 1406.0], [2732.0, 3074.0, 1059.0], [2732.0, 2973.0, 1418.0], [2730.0, 2920.0, 1524.0], [2730.0, 2802.0, 1628.0], [2728.0, 2824.0, 1615.0], [2728.0, 2799.0, 1668.0], [2725.0, 2563.0, 1835.0], [2723.0, 2813.0, 1660.0], [2723.0, 2711.0, 1800.0], [2722.0, 2966.0, 1422.0], [2722.0, 2898.0, 1527.0], [2721.0, 2981.0, 1284.0], [2721.0, 2724.0, 1740.0], [2720.0, 2931.0, 1463.0], [2717.0, 2992.0, 1335.0], [2717.0, 2954.0, 1445.0], [2716.0, 2806.0, 1679.0], [2714.0, 2941.0, 1450.0], [2714.0, 2827.0, 1616.0], [2713.0, 3050.0, 1126.0], [2713.0, 2789.0, 1690.0], [2712.0, 2894.0, 1549.0], [2710.0, 2983.0, 1339.0], [2709.0, 2939.0, 1533.0], [2706.0, 3020.0, 1273.0], [2704.0, 2856.0, 1582.0], [2704.0, 2836.0, 1605.0], [2703.0, 2975.0, 1399.0], [2701.0, 3059.0, 1180.0], [2701.0, 2905.0, 1540.0], [2701.0, 2869.0, 1593.0], [2701.0, 2797.0, 1711.0], [2700.0, 3010.0, 1286.0], [2700.0, 2942.0, 1477.0], [2700.0, 2895.0, 1558.0], [2700.0, 2849.0, 1595.0], [2699.0, 2645.0, 1838.0], [2698.0, 2754.0, 1806.0], [2697.0, 3131.0, 1096.0], [2697.0, 3047.0, 1353.0], [2697.0, 3008.0, 1379.0], [2697.0, 2836.0, 1613.0], [2697.0, 2778.0, 1733.0], [2697.0, 2613.0, 1873.0], [2695.0, 2809.0, 1663.0], [2694.0, 2868.0, 1607.0], [2694.0, 2821.0, 1691.0], [2694.0, 2772.0, 1761.0], [2694.0, 2636.0, 1843.0], [2692.0, 2974.0, 1445.0], [2691.0, 2913.0, 1564.0], [2691.0, 2879.0, 1593.0], [2688.0, 2791.0, 1735.0], [2688.0, 2661.0, 1825.0], [2687.0, 3004.0, 1397.0], [2686.0, 3064.0, 1215.0], [2686.0, 3052.0, 1271.0], [2685.0, 3014.0, 1373.0], [2684.0, 2979.0, 1474.0], [2683.0, 2985.0, 1403.0], [2681.0, 3077.0, 1235.0], [2680.0, 2892.0, 1568.0], [2680.0, 2849.0, 1613.0], [2679.0, 3085.0, 1265.0], [2678.0, 3023.0, 1370.0], [2678.0, 2856.0, 1646.0], [2677.0, 3048.0, 1311.0], [2676.0, 2991.0, 1403.0], [2675.0, 2908.0, 1621.0], [2674.0, 3105.0, 1109.0], [2674.0, 3049.0, 1273.0], [2674.0, 2916.0, 1555.0], [2673.0, 2985.0, 1408.0], [2673.0, 2671.0, 1824.0], [2672.0, 2994.0, 1498.0], [2671.0, 2857.0, 1629.0], [2670.0, 2845.0, 1697.0], [2670.0, 2777.0, 1743.0], [2667.0, 2652.0, 1860.0], [2666.0, 3008.0, 1407.0], [2664.0, 3116.0, 1354.0], [2664.0, 2941.0, 1514.0], [2662.0, 3018.0, 1407.0], [2661.0, 3062.0, 1359.0], [2661.0, 2917.0, 1571.0], [2661.0, 2859.0, 1661.0], [2659.0, 2801.0, 1700.0], [2658.0, 2688.0, 1852.0], [2657.0, 2989.0, 1593.0], [2657.0, 2954.0, 1628.0], [2657.0, 2868.0, 1684.0], [2657.0, 2629.0, 1862.0], [2655.0, 2783.0, 1766.0], [2654.0, 2874.0, 1632.0], [2653.0, 2793.0, 1763.0], [2652.0, 2814.0, 1702.0], [2651.0, 2998.0, 1416.0], [2649.0, 3053.0, 1415.0], [2646.0, 2798.0, 1730.0], [2645.0, 3008.0, 1452.0], [2644.0, 3063.0, 1378.0], [2643.0, 3128.0, 1258.0], [2639.0, 3180.0, 1200.0], [2637.0, 2720.0, 1852.0], [2634.0, 3026.0, 1493.0], [2634.0, 2743.0, 1816.0], [2633.0, 3020.0, 1571.0], [2632.0, 2808.0, 1733.0], [2632.0, 2746.0, 1815.0], [2631.0, 3050.0, 1472.0], [2631.0, 2929.0, 1664.0], [2631.0, 2881.0, 1668.0], [2631.0, 2761.0, 1793.0], [2630.0, 3119.0, 1327.0], [2627.0, 2832.0, 1704.0], [2626.0, 3093.0, 1389.0], [2626.0, 2848.0, 1704.0], [2625.0, 3122.0, 1404.0], [2623.0, 2821.0, 1799.0], [2622.0, 3053.0, 1438.0], [2621.0, 2858.0, 1701.0], [2620.0, 2843.0, 1710.0], [2616.0, 3191.0, 1167.0], [2616.0, 2968.0, 1615.0], [2616.0, 2871.0, 1742.0], [2615.0, 3139.0, 1268.0], [2614.0, 2855.0, 1748.0], [2613.0, 3022.0, 1511.0], [2611.0, 3030.0, 1497.0], [2610.0, 3201.0, 1156.0], [2609.0, 3036.0, 1476.0], [2608.0, 2858.0, 1747.0], [2604.0, 2982.0, 1611.0], [2604.0, 2884.0, 1675.0], [2604.0, 2874.0, 1723.0], [2603.0, 3198.0, 1205.0], [2600.0, 2957.0, 1653.0], [2597.0, 3131.0, 1358.0], [2597.0, 2776.0, 1850.0], [2595.0, 3151.0, 1276.0], [2595.0, 3042.0, 1507.0], [2595.0, 2965.0, 1642.0], [2595.0, 2895.0, 1723.0], [2595.0, 2729.0, 1866.0], [2594.0, 3203.0, 1112.0], [2594.0, 3061.0, 1445.0], [2592.0, 3190.0, 1219.0], [2592.0, 3090.0, 1437.0], [2592.0, 2899.0, 1675.0], [2592.0, 2896.0, 1783.0], [2591.0, 2818.0, 1838.0], [2589.0, 3056.0, 1473.0], [2588.0, 3153.0, 1290.0], [2587.0, 3162.0, 1269.0], [2587.0, 2953.0, 1696.0], [2585.0, 3140.0, 1328.0], [2585.0, 3054.0, 1503.0], [2585.0, 3042.0, 1522.0], [2583.0, 3079.0, 1440.0], [2581.0, 3090.0, 1500.0], [2580.0, 3155.0, 1319.0], [2578.0, 3160.0, 1331.0], [2576.0, 3180.0, 1246.0], [2575.0, 3167.0, 1335.0], [2574.0, 3179.0, 1258.0], [2574.0, 3049.0, 1584.0], [2572.0, 3056.0, 1518.0], [2571.0, 3187.0, 1346.0], [2570.0, 3118.0, 1444.0], [2569.0, 3068.0, 1528.0], [2569.0, 3021.0, 1587.0], [2568.0, 3098.0, 1454.0], [2566.0, 2838.0, 1815.0], [2562.0, 3050.0, 1547.0], [2562.0, 2985.0, 1607.0], [2562.0, 2906.0, 1718.0], [2561.0, 3005.0, 1627.0], [2560.0, 3136.0, 1448.0], [2560.0, 2958.0, 1704.0], [2557.0, 3245.0, 1033.0], [2556.0, 3201.0, 1165.0], [2556.0, 3086.0, 1523.0], [2554.0, 2900.0, 1745.0], [2552.0, 3120.0, 1476.0], [2552.0, 3103.0, 1551.0], [2551.0, 3188.0, 1337.0], [2551.0, 2915.0, 1796.0], [2548.0, 3158.0, 1369.0], [2547.0, 3169.0, 1422.0], [2547.0, 3016.0, 1637.0], [2546.0, 3208.0, 1291.0], [2546.0, 3190.0, 1339.0], [2543.0, 3206.0, 1423.0], [2543.0, 3061.0, 1567.0], [2542.0, 3066.0, 1601.0], [2538.0, 3004.0, 1653.0], [2537.0, 3272.0, 1179.0], [2537.0, 3029.0, 1627.0], [2536.0, 3137.0, 1439.0], [2536.0, 2976.0, 1685.0], [2536.0, 2854.0, 1848.0], [2535.0, 3173.0, 1544.0], [2534.0, 3068.0, 1581.0], [2533.0, 3240.0, 1247.0], [2532.0, 3052.0, 1614.0], [2532.0, 3014.0, 1645.0], [2531.0, 2928.0, 1752.0], [2530.0, 2984.0, 1699.0], [2528.0, 3252.0, 1228.0], [2528.0, 3069.0, 1567.0], [2524.0, 3087.0, 1603.0], [2523.0, 3207.0, 1293.0], [2523.0, 2938.0, 1757.0], [2522.0, 3210.0, 1271.0], [2522.0, 3042.0, 1629.0], [2520.0, 3055.0, 1608.0], [2517.0, 3217.0, 1352.0], [2516.0, 2972.0, 1713.0], [2516.0, 2841.0, 1863.0], [2514.0, 3276.0, 1116.0], [2510.0, 2985.0, 1687.0], [2509.0, 2992.0, 1668.0], [2508.0, 3105.0, 1554.0], [2508.0, 3059.0, 1632.0], [2508.0, 3018.0, 1637.0], [2506.0, 2990.0, 1672.0], [2505.0, 2941.0, 1750.0], [2503.0, 3233.0, 1380.0], [2503.0, 3178.0, 1462.0], [2502.0, 3271.0, 1352.0], [2502.0, 3010.0, 1680.0], [2501.0, 3090.0, 1559.0], [2501.0, 2972.0, 1775.0], [2500.0, 3091.0, 1567.0], [2494.0, 3188.0, 1451.0], [2493.0, 3184.0, 1456.0], [2491.0, 3018.0, 1643.0], [2490.0, 3014.0, 1666.0], [2489.0, 3033.0, 1677.0], [2488.0, 2979.0, 1720.0], [2487.0, 3236.0, 1382.0], [2487.0, 3112.0, 1579.0], [2485.0, 3181.0, 1515.0], [2482.0, 2946.0, 1800.0], [2481.0, 3199.0, 1438.0], [2481.0, 3131.0, 1568.0], [2480.0, 3115.0, 1579.0], [2479.0, 3239.0, 1357.0], [2478.0, 3208.0, 1465.0], [2478.0, 3012.0, 1685.0], [2477.0, 3101.0, 1603.0], [2476.0, 3308.0, 1326.0], [2476.0, 3164.0, 1575.0], [2474.0, 3366.0, 1170.0], [2472.0, 2874.0, 1888.0], [2470.0, 3316.0, 1244.0], [2470.0, 3309.0, 1282.0], [2470.0, 3253.0, 1455.0], [2468.0, 3308.0, 1355.0], [2466.0, 3187.0, 1481.0], [2464.0, 3073.0, 1619.0], [2464.0, 3006.0, 1770.0], [2463.0, 3211.0, 1490.0], [2463.0, 3080.0, 1632.0], [2460.0, 3080.0, 1633.0], [2459.0, 3042.0, 1670.0], [2457.0, 3266.0, 1387.0], [2457.0, 3109.0, 1637.0], [2456.0, 3178.0, 1546.0], [2455.0, 3184.0, 1526.0], [2452.0, 3035.0, 1678.0], [2450.0, 3125.0, 1625.0], [2448.0, 3377.0, 1162.0], [2448.0, 3342.0, 1249.0], [2447.0, 3369.0, 1316.0], [2444.0, 3104.0, 1670.0], [2442.0, 3045.0, 1800.0], [2438.0, 3258.0, 1421.0], [2438.0, 3181.0, 1598.0], [2436.0, 3216.0, 1536.0], [2436.0, 3078.0, 1743.0], [2428.0, 3264.0, 1452.0], [2426.0, 3086.0, 1726.0], [2425.0, 3200.0, 1577.0], [2424.0, 3289.0, 1484.0], [2424.0, 3214.0, 1545.0], [2423.0, 3090.0, 1672.0], [2420.0, 3231.0, 1588.0], [2416.0, 3235.0, 1534.0], [2415.0, 3145.0, 1604.0], [2413.0, 3312.0, 1350.0], [2409.0, 3402.0, 1197.0], [2408.0, 3432.0, 1343.0], [2407.0, 3154.0, 1631.0], [2404.0, 3256.0, 1492.0], [2399.0, 3324.0, 1434.0], [2399.0, 3080.0, 1738.0], [2397.0, 3094.0, 1694.0], [2387.0, 3219.0, 1596.0], [2384.0, 3378.0, 1345.0], [2383.0, 3251.0, 1507.0], [2381.0, 3293.0, 1441.0], [2381.0, 3181.0, 1627.0], [2381.0, 3158.0, 1660.0], [2376.0, 3236.0, 1631.0], [2376.0, 3095.0, 1691.0], [2375.0, 3129.0, 1665.0], [2372.0, 3266.0, 1505.0], [2372.0, 3113.0, 1720.0], [2367.0, 3258.0, 1515.0], [2365.0, 3353.0, 1433.0], [2365.0, 3281.0, 1495.0], [2365.0, 3243.0, 1570.0], [2364.0, 3193.0, 1646.0], [2363.0, 3238.0, 1573.0], [2360.0, 3341.0, 1469.0], [2359.0, 3300.0, 1499.0], [2359.0, 3157.0, 1683.0], [2351.0, 3279.0, 1503.0], [2346.0, 3256.0, 1531.0], [2342.0, 3081.0, 1814.0], [2341.0, 3402.0, 1421.0], [2338.0, 3353.0, 1482.0], [2337.0, 3440.0, 1251.0], [2337.0, 3183.0, 1710.0], [2335.0, 3305.0, 1487.0], [2332.0, 3292.0, 1599.0], [2331.0, 3294.0, 1584.0], [2329.0, 3337.0, 1535.0], [2327.0, 3216.0, 1682.0], [2317.0, 3446.0, 1328.0], [2316.0, 3184.0, 1705.0], [2311.0, 3226.0, 1649.0], [2307.0, 3461.0, 1359.0], [2307.0, 3313.0, 1562.0], [2306.0, 3492.0, 1270.0], [2306.0, 3128.0, 1770.0], [2303.0, 3367.0, 1473.0], [2301.0, 3390.0, 1532.0], [2298.0, 3389.0, 1581.0], [2292.0, 3240.0, 1678.0], [2270.0, 3419.0, 1507.0], [2260.0, 3238.0, 1788.0], [2259.0, 3255.0, 1637.0], [2258.0, 3270.0, 1671.0], [2246.0, 3432.0, 1363.0], [2243.0, 3290.0, 1623.0], [2240.0, 3316.0, 1641.0], [2234.0, 3490.0, 1349.0], [2233.0, 3478.0, 1364.0], [2232.0, 3448.0, 1466.0], [2231.0, 3464.0, 1427.0], [2228.0, 3523.0, 1334.0], [2218.0, 3450.0, 1503.0], [2217.0, 3410.0, 1512.0], [2203.0, 3401.0, 1538.0], [2202.0, 3451.0, 1533.0], [2201.0, 3488.0, 1386.0], [2194.0, 3316.0, 1679.0], [2176.0, 3432.0, 1584.0], [2157.0, 3563.0, 1348.0], [2132.0, 3460.0, 1635.0]]
