heur = false
LBS_limit = 4
preproc = 0
tight_root = 0
total_time = 1800.0
NDP = 528
total_nodes = 117427
pruned_nodes = 58687
pruned_dominance_nodes = 83
heur_time = 0.0
Y_N = Any[[700.0, 774.0, 502.0], [676.0, 757.0, 551.0], [669.0, 794.0, 460.0], [649.0, 792.0, 486.0], [646.0, 825.0, 442.0], [638.0, 844.0, 384.0], [630.0, 832.0, 519.0], [627.0, 819.0, 527.0], [625.0, 760.0, 566.0], [615.0, 847.0, 431.0], [612.0, 874.0, 458.0], [602.0, 863.0, 558.0], [601.0, 872.0, 462.0], [591.0, 875.0, 469.0], [583.0, 921.0, 420.0], [583.0, 844.0, 629.0], [574.0, 886.0, 446.0], [572.0, 903.0, 451.0], [570.0, 896.0, 499.0], [565.0, 903.0, 495.0], [563.0, 904.0, 518.0], [554.0, 919.0, 532.0], [549.0, 930.0, 454.0], [540.0, 893.0, 537.0], [539.0, 932.0, 446.0], [538.0, 926.0, 549.0], [537.0, 934.0, 509.0], [533.0, 969.0, 402.0], [532.0, 948.0, 493.0], [532.0, 930.0, 550.0], [527.0, 988.0, 457.0], [526.0, 933.0, 582.0], [523.0, 939.0, 542.0], [522.0, 954.0, 484.0], [519.0, 970.0, 476.0], [509.0, 952.0, 520.0], [506.0, 997.0, 379.0], [505.0, 951.0, 551.0], [499.0, 991.0, 457.0], [499.0, 956.0, 500.0], [498.0, 999.0, 464.0], [498.0, 975.0, 483.0], [497.0, 975.0, 510.0], [496.0, 973.0, 561.0], [494.0, 936.0, 575.0], [493.0, 1028.0, 316.0], [492.0, 870.0, 624.0], [489.0, 997.0, 480.0], [484.0, 1036.0, 384.0], [483.0, 990.0, 553.0], [480.0, 994.0, 483.0], [477.0, 1014.0, 491.0], [473.0, 1000.0, 521.0], [472.0, 853.0, 652.0], [471.0, 948.0, 650.0], [470.0, 1019.0, 470.0], [470.0, 1012.0, 522.0], [465.0, 1020.0, 485.0], [465.0, 997.0, 556.0], [464.0, 1038.0, 333.0], [463.0, 1016.0, 500.0], [461.0, 1026.0, 444.0], [459.0, 1064.0, 343.0], [458.0, 1032.0, 441.0], [458.0, 1017.0, 530.0], [455.0, 963.0, 564.0], [454.0, 986.0, 568.0], [453.0, 1038.0, 452.0], [453.0, 1022.0, 519.0], [452.0, 1042.0, 369.0], [452.0, 1025.0, 475.0], [452.0, 991.0, 571.0], [451.0, 1057.0, 464.0], [451.0, 1039.0, 589.0], [448.0, 1066.0, 376.0], [447.0, 1060.0, 397.0], [444.0, 1042.0, 571.0], [441.0, 1085.0, 434.0], [441.0, 960.0, 624.0], [436.0, 1098.0, 366.0], [432.0, 1044.0, 482.0], [431.0, 985.0, 608.0], [430.0, 1026.0, 605.0], [428.0, 1101.0, 377.0], [428.0, 1043.0, 490.0], [427.0, 1078.0, 451.0], [427.0, 1062.0, 485.0], [426.0, 1113.0, 260.0], [425.0, 1044.0, 545.0], [424.0, 1090.0, 421.0], [423.0, 1102.0, 359.0], [421.0, 1093.0, 397.0], [421.0, 1065.0, 481.0], [420.0, 1067.0, 478.0], [418.0, 1057.0, 494.0], [418.0, 985.0, 637.0], [418.0, 967.0, 638.0], [417.0, 1119.0, 317.0], [417.0, 1105.0, 325.0], [417.0, 1087.0, 484.0], [416.0, 1122.0, 297.0], [416.0, 1098.0, 407.0], [416.0, 1096.0, 421.0], [416.0, 1049.0, 522.0], [415.0, 1095.0, 495.0], [415.0, 1051.0, 507.0], [414.0, 976.0, 661.0], [413.0, 1098.0, 440.0], [413.0, 1076.0, 529.0], [413.0, 1047.0, 534.0], [413.0, 1008.0, 611.0], [411.0, 1029.0, 627.0], [409.0, 1122.0, 353.0], [409.0, 1053.0, 542.0], [407.0, 1042.0, 572.0], [406.0, 1072.0, 554.0], [405.0, 1117.0, 375.0], [404.0, 1135.0, 308.0], [403.0, 1096.0, 450.0], [403.0, 1050.0, 587.0], [402.0, 1131.0, 412.0], [402.0, 1078.0, 508.0], [401.0, 1110.0, 446.0], [401.0, 1096.0, 456.0], [401.0, 1030.0, 598.0], [400.0, 1098.0, 449.0], [398.0, 1114.0, 506.0], [398.0, 1090.0, 521.0], [398.0, 1052.0, 555.0], [397.0, 1052.0, 568.0], [395.0, 1122.0, 434.0], [395.0, 1057.0, 568.0], [392.0, 1141.0, 335.0], [392.0, 1053.0, 589.0], [390.0, 1138.0, 365.0], [390.0, 1117.0, 438.0], [390.0, 1037.0, 622.0], [388.0, 1122.0, 487.0], [387.0, 1150.0, 330.0], [386.0, 1142.0, 338.0], [386.0, 1081.0, 540.0], [384.0, 1185.0, 285.0], [384.0, 1118.0, 535.0], [384.0, 1054.0, 573.0], [383.0, 1133.0, 396.0], [382.0, 1091.0, 549.0], [381.0, 1036.0, 629.0], [380.0, 1192.0, 290.0], [380.0, 1144.0, 407.0], [379.0, 1155.0, 411.0], [378.0, 1123.0, 428.0], [376.0, 1188.0, 310.0], [376.0, 1156.0, 437.0], [376.0, 1126.0, 463.0], [376.0, 1095.0, 548.0], [376.0, 1061.0, 566.0], [375.0, 1157.0, 477.0], [375.0, 1098.0, 544.0], [373.0, 1178.0, 369.0], [373.0, 1090.0, 578.0], [372.0, 1162.0, 461.0], [370.0, 1178.0, 443.0], [370.0, 1097.0, 546.0], [369.0, 1101.0, 577.0], [369.0, 984.0, 644.0], [368.0, 1123.0, 500.0], [368.0, 1010.0, 646.0], [367.0, 1002.0, 652.0], [366.0, 1154.0, 490.0], [365.0, 1181.0, 342.0], [365.0, 1103.0, 580.0], [365.0, 1039.0, 613.0], [364.0, 1078.0, 587.0], [364.0, 1048.0, 596.0], [363.0, 1127.0, 508.0], [362.0, 1182.0, 342.0], [362.0, 1067.0, 598.0], [361.0, 1121.0, 523.0], [360.0, 1117.0, 542.0], [360.0, 1081.0, 600.0], [360.0, 1078.0, 611.0], [359.0, 1207.0, 353.0], [359.0, 1128.0, 503.0], [358.0, 1044.0, 644.0], [355.0, 1200.0, 358.0], [355.0, 1181.0, 438.0], [355.0, 1118.0, 549.0], [354.0, 1164.0, 458.0], [354.0, 1118.0, 553.0], [353.0, 1222.0, 315.0], [353.0, 1203.0, 377.0], [352.0, 1154.0, 525.0], [352.0, 1134.0, 581.0], [350.0, 1212.0, 358.0], [349.0, 1226.0, 333.0], [349.0, 1203.0, 413.0], [349.0, 1136.0, 542.0], [348.0, 1157.0, 538.0], [348.0, 1043.0, 654.0], [347.0, 1187.0, 427.0], [346.0, 1200.0, 446.0], [343.0, 1189.0, 469.0], [343.0, 1144.0, 570.0], [343.0, 1087.0, 600.0], [343.0, 1080.0, 601.0], [342.0, 1218.0, 356.0], [342.0, 1046.0, 664.0], [341.0, 1185.0, 480.0], [341.0, 1149.0, 552.0], [339.0, 1250.0, 319.0], [339.0, 1232.0, 336.0], [339.0, 1181.0, 509.0], [338.0, 1226.0, 340.0], [337.0, 1209.0, 387.0], [337.0, 1202.0, 419.0], [335.0, 1211.0, 379.0], [334.0, 1218.0, 388.0], [334.0, 1198.0, 471.0], [334.0, 1072.0, 648.0], [333.0, 1216.0, 410.0], [332.0, 1252.0, 316.0], [332.0, 1204.0, 420.0], [331.0, 1226.0, 353.0], [331.0, 1225.0, 356.0], [330.0, 1203.0, 494.0], [329.0, 1148.0, 585.0], [328.0, 1272.0, 360.0], [328.0, 1220.0, 380.0], [326.0, 1260.0, 386.0], [326.0, 1238.0, 445.0], [326.0, 1221.0, 462.0], [326.0, 1162.0, 527.0], [324.0, 1189.0, 519.0], [323.0, 1062.0, 652.0], [322.0, 1183.0, 530.0], [319.0, 1164.0, 617.0], [316.0, 1195.0, 503.0], [313.0, 1247.0, 436.0], [313.0, 1222.0, 505.0], [313.0, 1194.0, 536.0], [311.0, 1271.0, 454.0], [309.0, 1279.0, 373.0], [309.0, 1180.0, 544.0], [309.0, 1081.0, 626.0], [307.0, 1225.0, 483.0], [307.0, 1189.0, 583.0], [302.0, 1226.0, 500.0], [302.0, 1198.0, 541.0], [302.0, 1190.0, 550.0], [299.0, 1290.0, 372.0], [298.0, 1297.0, 392.0], [298.0, 1234.0, 503.0], [298.0, 1232.0, 526.0], [296.0, 1283.0, 427.0], [294.0, 1243.0, 455.0], [290.0, 1312.0, 311.0], [289.0, 1168.0, 603.0], [288.0, 1254.0, 460.0], [287.0, 1213.0, 540.0], [286.0, 1237.0, 505.0], [286.0, 1227.0, 541.0], [285.0, 1243.0, 481.0], [285.0, 1111.0, 625.0], [284.0, 1301.0, 370.0], [284.0, 1112.0, 634.0], [283.0, 1272.0, 465.0], [283.0, 1217.0, 547.0], [282.0, 1252.0, 473.0], [281.0, 1308.0, 387.0], [279.0, 1302.0, 426.0], [279.0, 1114.0, 629.0], [276.0, 1312.0, 376.0], [276.0, 1275.0, 437.0], [275.0, 1325.0, 287.0], [274.0, 1276.0, 493.0], [273.0, 1236.0, 521.0], [273.0, 1175.0, 593.0], [271.0, 1216.0, 548.0], [270.0, 1226.0, 543.0], [267.0, 1320.0, 369.0], [266.0, 1329.0, 270.0], [265.0, 1347.0, 364.0], [265.0, 1316.0, 388.0], [265.0, 1284.0, 430.0], [265.0, 1219.0, 578.0], [264.0, 1285.0, 463.0], [264.0, 1245.0, 513.0], [263.0, 1279.0, 490.0], [261.0, 1307.0, 419.0], [261.0, 1242.0, 570.0], [260.0, 1286.0, 440.0], [258.0, 1289.0, 454.0], [258.0, 1189.0, 594.0], [256.0, 1282.0, 513.0], [255.0, 1251.0, 544.0], [253.0, 1138.0, 640.0], [251.0, 1313.0, 417.0], [251.0, 1294.0, 456.0], [251.0, 1286.0, 466.0], [249.0, 1299.0, 442.0], [249.0, 1296.0, 459.0], [248.0, 1312.0, 426.0], [248.0, 1302.0, 445.0], [247.0, 1141.0, 623.0], [245.0, 1295.0, 494.0], [244.0, 1330.0, 464.0], [244.0, 1259.0, 542.0], [243.0, 1362.0, 351.0], [242.0, 1358.0, 404.0], [242.0, 1275.0, 514.0], [242.0, 1260.0, 517.0], [239.0, 1304.0, 490.0], [239.0, 1197.0, 583.0], [236.0, 1322.0, 471.0], [236.0, 1297.0, 519.0], [235.0, 1258.0, 554.0], [234.0, 1308.0, 487.0], [232.0, 1340.0, 405.0], [230.0, 1331.0, 410.0], [230.0, 1248.0, 567.0], [229.0, 1369.0, 321.0], [229.0, 1288.0, 522.0], [228.0, 1302.0, 493.0], [227.0, 1296.0, 533.0], [226.0, 1349.0, 441.0], [224.0, 1362.0, 368.0], [223.0, 1299.0, 495.0], [222.0, 1332.0, 448.0], [222.0, 1222.0, 574.0], [221.0, 1372.0, 385.0], [221.0, 1308.0, 489.0], [220.0, 1372.0, 410.0], [220.0, 1350.0, 429.0], [220.0, 1320.0, 485.0], [220.0, 1309.0, 492.0], [218.0, 1290.0, 534.0], [217.0, 1383.0, 225.0], [217.0, 1364.0, 436.0], [217.0, 1326.0, 482.0], [217.0, 1298.0, 497.0], [216.0, 1374.0, 252.0], [214.0, 1394.0, 252.0], [214.0, 1375.0, 318.0], [213.0, 1385.0, 274.0], [213.0, 1265.0, 549.0], [212.0, 1395.0, 287.0], [212.0, 1314.0, 527.0], [211.0, 1380.0, 290.0], [211.0, 1353.0, 443.0], [211.0, 1335.0, 465.0], [208.0, 1402.0, 283.0], [208.0, 1390.0, 378.0], [208.0, 1300.0, 553.0], [207.0, 1393.0, 323.0], [206.0, 1391.0, 383.0], [206.0, 1337.0, 445.0], [206.0, 1315.0, 511.0], [204.0, 1358.0, 450.0], [204.0, 1260.0, 558.0], [203.0, 1268.0, 571.0], [202.0, 1334.0, 484.0], [201.0, 1331.0, 493.0], [201.0, 1230.0, 575.0], [199.0, 1367.0, 417.0], [199.0, 1336.0, 486.0], [196.0, 1397.0, 321.0], [195.0, 1343.0, 451.0], [194.0, 1408.0, 347.0], [194.0, 1370.0, 412.0], [194.0, 1354.0, 477.0], [194.0, 1260.0, 610.0], [193.0, 1371.0, 413.0], [192.0, 1379.0, 434.0], [192.0, 1334.0, 497.0], [191.0, 1411.0, 272.0], [191.0, 1382.0, 402.0], [191.0, 1301.0, 531.0], [189.0, 1383.0, 386.0], [189.0, 1336.0, 520.0], [189.0, 1311.0, 543.0], [188.0, 1413.0, 312.0], [187.0, 1392.0, 392.0], [186.0, 1382.0, 423.0], [185.0, 1361.0, 497.0], [184.0, 1426.0, 314.0], [180.0, 1410.0, 323.0], [180.0, 1401.0, 409.0], [179.0, 1396.0, 423.0], [179.0, 1362.0, 471.0], [178.0, 1364.0, 442.0], [177.0, 1414.0, 336.0], [176.0, 1390.0, 424.0], [174.0, 1408.0, 350.0], [174.0, 1402.0, 386.0], [173.0, 1404.0, 366.0], [172.0, 1370.0, 451.0], [172.0, 1361.0, 507.0], [171.0, 1407.0, 378.0], [171.0, 1382.0, 438.0], [171.0, 1375.0, 440.0], [171.0, 1325.0, 521.0], [169.0, 1417.0, 319.0], [169.0, 1383.0, 485.0], [169.0, 1350.0, 511.0], [168.0, 1436.0, 272.0], [168.0, 1275.0, 558.0], [167.0, 1414.0, 363.0], [166.0, 1433.0, 302.0], [165.0, 1406.0, 379.0], [165.0, 1387.0, 489.0], [164.0, 1373.0, 507.0], [163.0, 1409.0, 378.0], [163.0, 1381.0, 520.0], [162.0, 1436.0, 308.0], [161.0, 1418.0, 391.0], [160.0, 1422.0, 354.0], [159.0, 1439.0, 342.0], [158.0, 1412.0, 403.0], [158.0, 1400.0, 434.0], [158.0, 1397.0, 435.0], [158.0, 1352.0, 529.0], [158.0, 1338.0, 546.0], [155.0, 1447.0, 284.0], [155.0, 1426.0, 353.0], [155.0, 1419.0, 357.0], [154.0, 1426.0, 397.0], [154.0, 1401.0, 433.0], [154.0, 1315.0, 556.0], [153.0, 1410.0, 414.0], [152.0, 1429.0, 382.0], [151.0, 1418.0, 406.0], [149.0, 1440.0, 355.0], [148.0, 1388.0, 459.0], [144.0, 1442.0, 350.0], [144.0, 1339.0, 552.0], [143.0, 1383.0, 522.0], [143.0, 1359.0, 555.0], [142.0, 1395.0, 436.0], [141.0, 1454.0, 366.0], [141.0, 1390.0, 446.0], [140.0, 1469.0, 300.0], [140.0, 1415.0, 411.0], [140.0, 1402.0, 455.0], [139.0, 1406.0, 476.0], [137.0, 1415.0, 412.0], [135.0, 1424.0, 399.0], [135.0, 1407.0, 486.0], [134.0, 1387.0, 522.0], [133.0, 1468.0, 344.0], [132.0, 1380.0, 536.0], [132.0, 1302.0, 557.0], [130.0, 1443.0, 397.0], [128.0, 1447.0, 407.0], [128.0, 1412.0, 419.0], [128.0, 1409.0, 437.0], [128.0, 1303.0, 561.0], [127.0, 1454.0, 377.0], [127.0, 1415.0, 419.0], [127.0, 1391.0, 489.0], [127.0, 1381.0, 535.0], [127.0, 1310.0, 579.0], [126.0, 1411.0, 436.0], [126.0, 1386.0, 575.0], [125.0, 1456.0, 357.0], [125.0, 1407.0, 520.0], [124.0, 1473.0, 388.0], [122.0, 1423.0, 413.0], [122.0, 1422.0, 415.0], [121.0, 1419.0, 425.0], [121.0, 1408.0, 468.0], [120.0, 1409.0, 444.0], [118.0, 1474.0, 338.0], [118.0, 1451.0, 416.0], [118.0, 1413.0, 430.0], [118.0, 1390.0, 551.0], [117.0, 1455.0, 401.0], [116.0, 1410.0, 456.0], [115.0, 1420.0, 431.0], [114.0, 1422.0, 425.0], [113.0, 1433.0, 430.0], [112.0, 1416.0, 469.0], [110.0, 1416.0, 474.0], [109.0, 1460.0, 409.0], [109.0, 1417.0, 434.0], [106.0, 1426.0, 466.0], [104.0, 1444.0, 420.0], [103.0, 1444.0, 447.0], [103.0, 1429.0, 454.0], [102.0, 1493.0, 371.0], [102.0, 1453.0, 454.0], [102.0, 1415.0, 486.0], [101.0, 1459.0, 419.0], [100.0, 1427.0, 456.0], [99.0, 1460.0, 422.0], [99.0, 1420.0, 471.0], [98.0, 1421.0, 482.0], [97.0, 1398.0, 530.0], [95.0, 1469.0, 390.0], [94.0, 1409.0, 509.0], [93.0, 1467.0, 406.0], [93.0, 1443.0, 483.0], [92.0, 1493.0, 404.0], [92.0, 1399.0, 546.0], [91.0, 1466.0, 417.0], [91.0, 1456.0, 430.0], [89.0, 1462.0, 429.0], [88.0, 1468.0, 414.0], [87.0, 1456.0, 433.0], [81.0, 1494.0, 388.0], [80.0, 1410.0, 499.0], [79.0, 1473.0, 462.0], [73.0, 1474.0, 409.0], [72.0, 1472.0, 468.0], [71.0, 1494.0, 390.0], [71.0, 1401.0, 537.0], [66.0, 1476.0, 410.0], [65.0, 1498.0, 456.0], [63.0, 1462.0, 475.0], [59.0, 1499.0, 396.0], [56.0, 1472.0, 472.0], [37.0, 1471.0, 492.0], [29.0, 1499.0, 453.0], [24.0, 1488.0, 458.0], [23.0, 1486.0, 476.0], [20.0, 1498.0, 485.0], [14.0, 1499.0, 460.0], [1.0, 1500.0, 429.0], [-0.0, 1500.0, 476.0]]
