heur = false
LBS_limit = 4
preproc = 0
tight_root = 0
total_time = 1800.11
NDP = 579
total_nodes = 106325
pruned_nodes = 53131
pruned_dominance_nodes = 1432
heur_time = 0.0
Y_N = Any[[2387.0, 4196.0, 1909.0], [2319.0, 4251.0, 1936.0], [2314.0, 4264.0, 1939.0], [2309.0, 4303.0, 1871.0], [2304.0, 4316.0, 1928.0], [2300.0, 4108.0, 1998.0], [2299.0, 4152.0, 2002.0], [2270.0, 4233.0, 1976.0], [2258.0, 4308.0, 1943.0], [2257.0, 4420.0, 1898.0], [2250.0, 4215.0, 2023.0], [2242.0, 4310.0, 1992.0], [2240.0, 4292.0, 1999.0], [2236.0, 4371.0, 1964.0], [2222.0, 4375.0, 1916.0], [2216.0, 4337.0, 1966.0], [2209.0, 4322.0, 1991.0], [2196.0, 4439.0, 1902.0], [2195.0, 4371.0, 1989.0], [2185.0, 4282.0, 2038.0], [2183.0, 4308.0, 2017.0], [2182.0, 4212.0, 2046.0], [2178.0, 4536.0, 1904.0], [2176.0, 4223.0, 2040.0], [2173.0, 4412.0, 1971.0], [2172.0, 4450.0, 1937.0], [2162.0, 4268.0, 2051.0], [2155.0, 4396.0, 1986.0], [2150.0, 4327.0, 1996.0], [2148.0, 4459.0, 1922.0], [2148.0, 4409.0, 1997.0], [2145.0, 4423.0, 1961.0], [2145.0, 4340.0, 2043.0], [2143.0, 4472.0, 1937.0], [2143.0, 4334.0, 2050.0], [2142.0, 4302.0, 2091.0], [2141.0, 4435.0, 1980.0], [2137.0, 4582.0, 1893.0], [2135.0, 4510.0, 1942.0], [2135.0, 4414.0, 1989.0], [2128.0, 4399.0, 1999.0], [2127.0, 4375.0, 2016.0], [2126.0, 4442.0, 1959.0], [2125.0, 4519.0, 1959.0], [2120.0, 4523.0, 1935.0], [2120.0, 4439.0, 2013.0], [2118.0, 4599.0, 1885.0], [2115.0, 4550.0, 1900.0], [2111.0, 4350.0, 2072.0], [2110.0, 4460.0, 2017.0], [2103.0, 4529.0, 1951.0], [2103.0, 4493.0, 2021.0], [2102.0, 4370.0, 2038.0], [2099.0, 4625.0, 1874.0], [2092.0, 4499.0, 1961.0], [2085.0, 4545.0, 1910.0], [2085.0, 4394.0, 2057.0], [2084.0, 4628.0, 1802.0], [2082.0, 4500.0, 2014.0], [2082.0, 4463.0, 2047.0], [2080.0, 4596.0, 1894.0], [2080.0, 4507.0, 1984.0], [2076.0, 4512.0, 1970.0], [2072.0, 4357.0, 2088.0], [2069.0, 4330.0, 2090.0], [2068.0, 4513.0, 1963.0], [2065.0, 4580.0, 1948.0], [2065.0, 4540.0, 2016.0], [2063.0, 4561.0, 1950.0], [2061.0, 4494.0, 2059.0], [2060.0, 4361.0, 2077.0], [2059.0, 4551.0, 2032.0], [2058.0, 4399.0, 2060.0], [2056.0, 4703.0, 1870.0], [2053.0, 4557.0, 1955.0], [2047.0, 4570.0, 1964.0], [2041.0, 4452.0, 2071.0], [2040.0, 4637.0, 1895.0], [2040.0, 4356.0, 2091.0], [2035.0, 4595.0, 1896.0], [2035.0, 4435.0, 2072.0], [2032.0, 4670.0, 1894.0], [2030.0, 4563.0, 2007.0], [2029.0, 4588.0, 1902.0], [2028.0, 4589.0, 1898.0], [2023.0, 4646.0, 1910.0], [2021.0, 4705.0, 1868.0], [2021.0, 4633.0, 1917.0], [2020.0, 4566.0, 1995.0], [2020.0, 4539.0, 2080.0], [2020.0, 4399.0, 2089.0], [2020.0, 4364.0, 2134.0], [2019.0, 4626.0, 1954.0], [2019.0, 4590.0, 1966.0], [2014.0, 4592.0, 1970.0], [2014.0, 4572.0, 1996.0], [2012.0, 4599.0, 1994.0], [2007.0, 4672.0, 1900.0], [2007.0, 4671.0, 1921.0], [2004.0, 4679.0, 1881.0], [2004.0, 4611.0, 1990.0], [2001.0, 4591.0, 2014.0], [2001.0, 4557.0, 2029.0], [2000.0, 4725.0, 1820.0], [1998.0, 4455.0, 2100.0], [1994.0, 4688.0, 1914.0], [1993.0, 4730.0, 1869.0], [1990.0, 4742.0, 1808.0], [1988.0, 4629.0, 1991.0], [1987.0, 4633.0, 1949.0], [1987.0, 4372.0, 2115.0], [1986.0, 4610.0, 2015.0], [1983.0, 4689.0, 1902.0], [1983.0, 4642.0, 1955.0], [1982.0, 4698.0, 1957.0], [1981.0, 4663.0, 1987.0], [1981.0, 4628.0, 2000.0], [1979.0, 4756.0, 1876.0], [1979.0, 4706.0, 1934.0], [1975.0, 4457.0, 2087.0], [1974.0, 4737.0, 1899.0], [1969.0, 4743.0, 1899.0], [1969.0, 4569.0, 2048.0], [1967.0, 4723.0, 1919.0], [1967.0, 4345.0, 2140.0], [1964.0, 4454.0, 2106.0], [1959.0, 4623.0, 2011.0], [1959.0, 4609.0, 2018.0], [1957.0, 4755.0, 1881.0], [1955.0, 4779.0, 1822.0], [1953.0, 4748.0, 1955.0], [1953.0, 4629.0, 1998.0], [1952.0, 4445.0, 2122.0], [1948.0, 4538.0, 2141.0], [1946.0, 4812.0, 1756.0], [1946.0, 4759.0, 1845.0], [1946.0, 4690.0, 1993.0], [1946.0, 4643.0, 2017.0], [1942.0, 4750.0, 1891.0], [1939.0, 4770.0, 1855.0], [1939.0, 4697.0, 1982.0], [1937.0, 4802.0, 1886.0], [1937.0, 4587.0, 2025.0], [1935.0, 4660.0, 2023.0], [1935.0, 4578.0, 2030.0], [1932.0, 4824.0, 1882.0], [1932.0, 4770.0, 1923.0], [1928.0, 4581.0, 2040.0], [1923.0, 4759.0, 1945.0], [1923.0, 4565.0, 2064.0], [1922.0, 4692.0, 1998.0], [1918.0, 4598.0, 2055.0], [1915.0, 4628.0, 2055.0], [1915.0, 4583.0, 2072.0], [1914.0, 4836.0, 1782.0], [1911.0, 4835.0, 1786.0], [1911.0, 4682.0, 2023.0], [1910.0, 4563.0, 2082.0], [1907.0, 4720.0, 2020.0], [1904.0, 4850.0, 1676.0], [1904.0, 4691.0, 2047.0], [1903.0, 4731.0, 1965.0], [1902.0, 4643.0, 2051.0], [1902.0, 4584.0, 2089.0], [1902.0, 4402.0, 2166.0], [1899.0, 4773.0, 1900.0], [1897.0, 4851.0, 1784.0], [1896.0, 4848.0, 1865.0], [1896.0, 4806.0, 1893.0], [1891.0, 4750.0, 1960.0], [1890.0, 4856.0, 1750.0], [1887.0, 4615.0, 2062.0], [1886.0, 4604.0, 2075.0], [1884.0, 4578.0, 2093.0], [1879.0, 4860.0, 1925.0], [1878.0, 4726.0, 1978.0], [1874.0, 4864.0, 1720.0], [1871.0, 4911.0, 1787.0], [1870.0, 4940.0, 1797.0], [1869.0, 4832.0, 1947.0], [1868.0, 4811.0, 1962.0], [1866.0, 4788.0, 1999.0], [1864.0, 4876.0, 1855.0], [1864.0, 4657.0, 2052.0], [1864.0, 4612.0, 2072.0], [1862.0, 4787.0, 2027.0], [1861.0, 4864.0, 1879.0], [1857.0, 4873.0, 1920.0], [1855.0, 4635.0, 2061.0], [1854.0, 4660.0, 2052.0], [1854.0, 4631.0, 2063.0], [1851.0, 4895.0, 1828.0], [1851.0, 4632.0, 2065.0], [1848.0, 4844.0, 1927.0], [1847.0, 4910.0, 1861.0], [1847.0, 4700.0, 2030.0], [1845.0, 4884.0, 1893.0], [1843.0, 4715.0, 2028.0], [1842.0, 4640.0, 2054.0], [1841.0, 4714.0, 2033.0], [1840.0, 4904.0, 1877.0], [1838.0, 4550.0, 2142.0], [1837.0, 4944.0, 1654.0], [1836.0, 4706.0, 2082.0], [1834.0, 4861.0, 1921.0], [1833.0, 4892.0, 1888.0], [1833.0, 4583.0, 2111.0], [1831.0, 4680.0, 2096.0], [1830.0, 4576.0, 2135.0], [1829.0, 4611.0, 2146.0], [1823.0, 4790.0, 1964.0], [1822.0, 4788.0, 2007.0], [1822.0, 4533.0, 2157.0], [1820.0, 4974.0, 1741.0], [1820.0, 4898.0, 1911.0], [1820.0, 4760.0, 2056.0], [1817.0, 4810.0, 1982.0], [1816.0, 4909.0, 1897.0], [1816.0, 4896.0, 1913.0], [1815.0, 4819.0, 1977.0], [1814.0, 4861.0, 1971.0], [1812.0, 5000.0, 1686.0], [1812.0, 4913.0, 1863.0], [1810.0, 4921.0, 1819.0], [1810.0, 4873.0, 1931.0], [1808.0, 4917.0, 1891.0], [1808.0, 4826.0, 1992.0], [1807.0, 4931.0, 1844.0], [1807.0, 4925.0, 1878.0], [1805.0, 4686.0, 2089.0], [1802.0, 4961.0, 1843.0], [1796.0, 4703.0, 2110.0], [1795.0, 4830.0, 2004.0], [1792.0, 5002.0, 1794.0], [1791.0, 4944.0, 1860.0], [1791.0, 4881.0, 1917.0], [1786.0, 4740.0, 2057.0], [1784.0, 4890.0, 1915.0], [1784.0, 4768.0, 2055.0], [1783.0, 5020.0, 1738.0], [1783.0, 4852.0, 1983.0], [1782.0, 4833.0, 2008.0], [1780.0, 4715.0, 2067.0], [1778.0, 4970.0, 1863.0], [1777.0, 4866.0, 1940.0], [1776.0, 4880.0, 1923.0], [1775.0, 5034.0, 1621.0], [1773.0, 4911.0, 1910.0], [1771.0, 4890.0, 1946.0], [1771.0, 4776.0, 2029.0], [1769.0, 4890.0, 1958.0], [1768.0, 5004.0, 1820.0], [1768.0, 4640.0, 2115.0], [1767.0, 5010.0, 1775.0], [1767.0, 4718.0, 2068.0], [1766.0, 4971.0, 1834.0], [1766.0, 4727.0, 2062.0], [1765.0, 4889.0, 1982.0], [1763.0, 4986.0, 1874.0], [1762.0, 4745.0, 2068.0], [1761.0, 5028.0, 1796.0], [1761.0, 4912.0, 1950.0], [1760.0, 5009.0, 1884.0], [1760.0, 4942.0, 1919.0], [1760.0, 4915.0, 1960.0], [1759.0, 5033.0, 1731.0], [1757.0, 5055.0, 1805.0], [1757.0, 4632.0, 2140.0], [1755.0, 5042.0, 1848.0], [1754.0, 4729.0, 2121.0], [1751.0, 4816.0, 2046.0], [1750.0, 5057.0, 1672.0], [1748.0, 4732.0, 2092.0], [1747.0, 4686.0, 2132.0], [1746.0, 4636.0, 2152.0], [1745.0, 4948.0, 1909.0], [1740.0, 4924.0, 1978.0], [1740.0, 4911.0, 2025.0], [1735.0, 4774.0, 2056.0], [1734.0, 4985.0, 1925.0], [1729.0, 5003.0, 1898.0], [1728.0, 5070.0, 1833.0], [1725.0, 5085.0, 1718.0], [1725.0, 4939.0, 1927.0], [1723.0, 4862.0, 2079.0], [1722.0, 4944.0, 1983.0], [1719.0, 5088.0, 1731.0], [1718.0, 5110.0, 1694.0], [1718.0, 5094.0, 1707.0], [1717.0, 5041.0, 1855.0], [1717.0, 4959.0, 1973.0], [1715.0, 5061.0, 1859.0], [1715.0, 4974.0, 1954.0], [1705.0, 5076.0, 1806.0], [1704.0, 4762.0, 2111.0], [1701.0, 5084.0, 1747.0], [1696.0, 5029.0, 1863.0], [1693.0, 4994.0, 1901.0], [1692.0, 4965.0, 1963.0], [1692.0, 4810.0, 2089.0], [1691.0, 5125.0, 1719.0], [1691.0, 4989.0, 1909.0], [1690.0, 5135.0, 1697.0], [1690.0, 5092.0, 1810.0], [1689.0, 4995.0, 1925.0], [1688.0, 5015.0, 1864.0], [1688.0, 4957.0, 1976.0], [1688.0, 4876.0, 2028.0], [1688.0, 4741.0, 2122.0], [1686.0, 4996.0, 1944.0], [1685.0, 5144.0, 1669.0], [1685.0, 5092.0, 1880.0], [1685.0, 5045.0, 1904.0], [1683.0, 4817.0, 2080.0], [1680.0, 5106.0, 1723.0], [1680.0, 5060.0, 1893.0], [1678.0, 4842.0, 2109.0], [1677.0, 5112.0, 1813.0], [1677.0, 4888.0, 2035.0], [1676.0, 5120.0, 1767.0], [1675.0, 5050.0, 1953.0], [1674.0, 5146.0, 1749.0], [1674.0, 4920.0, 2015.0], [1673.0, 4960.0, 1990.0], [1672.0, 4899.0, 2041.0], [1670.0, 5067.0, 1927.0], [1668.0, 4927.0, 2029.0], [1667.0, 4855.0, 2092.0], [1666.0, 4860.0, 2091.0], [1666.0, 4767.0, 2137.0], [1665.0, 5128.0, 1790.0], [1664.0, 5006.0, 1963.0], [1664.0, 4961.0, 2001.0], [1661.0, 4969.0, 1985.0], [1659.0, 5184.0, 1724.0], [1659.0, 5118.0, 1873.0], [1657.0, 5120.0, 1793.0], [1655.0, 5122.0, 1827.0], [1654.0, 5056.0, 2000.0], [1652.0, 5112.0, 1906.0], [1648.0, 4946.0, 2014.0], [1646.0, 5171.0, 1748.0], [1641.0, 5150.0, 1770.0], [1641.0, 4947.0, 2012.0], [1639.0, 5168.0, 1863.0], [1638.0, 5189.0, 1672.0], [1637.0, 5128.0, 1888.0], [1637.0, 4941.0, 2041.0], [1635.0, 5073.0, 1926.0], [1626.0, 5182.0, 1814.0], [1626.0, 4815.0, 2129.0], [1623.0, 5074.0, 1924.0], [1621.0, 5187.0, 1676.0], [1617.0, 4943.0, 2107.0], [1616.0, 5091.0, 1927.0], [1614.0, 5196.0, 1644.0], [1610.0, 5218.0, 1695.0], [1610.0, 4952.0, 2008.0], [1608.0, 5204.0, 1743.0], [1608.0, 4971.0, 2010.0], [1606.0, 5252.0, 1747.0], [1606.0, 5213.0, 1776.0], [1604.0, 5149.0, 1878.0], [1604.0, 5134.0, 1894.0], [1603.0, 4951.0, 2012.0], [1598.0, 5006.0, 2035.0], [1597.0, 5213.0, 1793.0], [1595.0, 4996.0, 2074.0], [1592.0, 5095.0, 1909.0], [1592.0, 5063.0, 1939.0], [1591.0, 5257.0, 1660.0], [1590.0, 5192.0, 1831.0], [1590.0, 5141.0, 1880.0], [1589.0, 4857.0, 2110.0], [1586.0, 5209.0, 1796.0], [1585.0, 5198.0, 1914.0], [1583.0, 5108.0, 1932.0], [1582.0, 5089.0, 1980.0], [1580.0, 5227.0, 1881.0], [1580.0, 5119.0, 1965.0], [1577.0, 5116.0, 1976.0], [1572.0, 5272.0, 1650.0], [1567.0, 5300.0, 1688.0], [1564.0, 5021.0, 2016.0], [1561.0, 5266.0, 1689.0], [1561.0, 5055.0, 2021.0], [1559.0, 5124.0, 1915.0], [1557.0, 5061.0, 2005.0], [1555.0, 5144.0, 1951.0], [1554.0, 4998.0, 2036.0], [1553.0, 5178.0, 1928.0], [1551.0, 5069.0, 2013.0], [1550.0, 5255.0, 1836.0], [1549.0, 5090.0, 1996.0], [1547.0, 5136.0, 1956.0], [1546.0, 5249.0, 1868.0], [1546.0, 5070.0, 1997.0], [1545.0, 5262.0, 1690.0], [1544.0, 5105.0, 1986.0], [1542.0, 5097.0, 1995.0], [1539.0, 5125.0, 1972.0], [1536.0, 5279.0, 1713.0], [1536.0, 5211.0, 1911.0], [1536.0, 5161.0, 1941.0], [1534.0, 5187.0, 1939.0], [1534.0, 5013.0, 2047.0], [1533.0, 5263.0, 1824.0], [1533.0, 5203.0, 1944.0], [1532.0, 5301.0, 1701.0], [1532.0, 5292.0, 1703.0], [1531.0, 5272.0, 1736.0], [1530.0, 5152.0, 1952.0], [1529.0, 4881.0, 2117.0], [1523.0, 5274.0, 1715.0], [1523.0, 5107.0, 1979.0], [1522.0, 5283.0, 1789.0], [1520.0, 5309.0, 1801.0], [1520.0, 5212.0, 1974.0], [1520.0, 5117.0, 1978.0], [1519.0, 5130.0, 1983.0], [1519.0, 5092.0, 2004.0], [1518.0, 5015.0, 2025.0], [1517.0, 5113.0, 2020.0], [1516.0, 5031.0, 2041.0], [1514.0, 5333.0, 1720.0], [1514.0, 5134.0, 1981.0], [1512.0, 5080.0, 2050.0], [1505.0, 5233.0, 1938.0], [1501.0, 5343.0, 1640.0], [1498.0, 4861.0, 2134.0], [1497.0, 4972.0, 2075.0], [1496.0, 5051.0, 2073.0], [1492.0, 5265.0, 1873.0], [1487.0, 5170.0, 1985.0], [1486.0, 5273.0, 1849.0], [1484.0, 5225.0, 1946.0], [1483.0, 5308.0, 1877.0], [1482.0, 5219.0, 1958.0], [1482.0, 5140.0, 1998.0], [1481.0, 5337.0, 1732.0], [1481.0, 4971.0, 2077.0], [1480.0, 5331.0, 1840.0], [1480.0, 5095.0, 2025.0], [1479.0, 5336.0, 1768.0], [1478.0, 5344.0, 1798.0], [1475.0, 5299.0, 1908.0], [1473.0, 5174.0, 1980.0], [1471.0, 5107.0, 2054.0], [1470.0, 5088.0, 2082.0], [1469.0, 5209.0, 1989.0], [1467.0, 5345.0, 1782.0], [1464.0, 5350.0, 1797.0], [1462.0, 5313.0, 1855.0], [1462.0, 5014.0, 2090.0], [1461.0, 5167.0, 2011.0], [1461.0, 5092.0, 2057.0], [1460.0, 5365.0, 1592.0], [1459.0, 4915.0, 2112.0], [1453.0, 5364.0, 1693.0], [1451.0, 5367.0, 1649.0], [1451.0, 5364.0, 1766.0], [1449.0, 5381.0, 1684.0], [1448.0, 5182.0, 1999.0], [1447.0, 5054.0, 2086.0], [1443.0, 5274.0, 1916.0], [1441.0, 5402.0, 1599.0], [1439.0, 5244.0, 1963.0], [1439.0, 5159.0, 2030.0], [1438.0, 5372.0, 1696.0], [1437.0, 5377.0, 1717.0], [1437.0, 5352.0, 1912.0], [1434.0, 5291.0, 1934.0], [1433.0, 5391.0, 1746.0], [1427.0, 5283.0, 1955.0], [1424.0, 5390.0, 1789.0], [1423.0, 5230.0, 1987.0], [1418.0, 5392.0, 1640.0], [1418.0, 5129.0, 2037.0], [1417.0, 5413.0, 1798.0], [1414.0, 5210.0, 2006.0], [1413.0, 5176.0, 2011.0], [1410.0, 5415.0, 1829.0], [1408.0, 5109.0, 2064.0], [1402.0, 5243.0, 2005.0], [1399.0, 5353.0, 1831.0], [1399.0, 5274.0, 1966.0], [1397.0, 5257.0, 1980.0], [1396.0, 5355.0, 1833.0], [1390.0, 5081.0, 2135.0], [1387.0, 5346.0, 1930.0], [1384.0, 5362.0, 1898.0], [1381.0, 5297.0, 1948.0], [1378.0, 5341.0, 1945.0], [1378.0, 5247.0, 2006.0], [1376.0, 5260.0, 2012.0], [1372.0, 5418.0, 1629.0], [1370.0, 5186.0, 2064.0], [1368.0, 5442.0, 1668.0], [1367.0, 5451.0, 1605.0], [1367.0, 5441.0, 1767.0], [1366.0, 5329.0, 1993.0], [1365.0, 5429.0, 1776.0], [1364.0, 5251.0, 2051.0], [1363.0, 5366.0, 1939.0], [1362.0, 5464.0, 1716.0], [1358.0, 5470.0, 1590.0], [1356.0, 5433.0, 1830.0], [1354.0, 5353.0, 1945.0], [1354.0, 5277.0, 2035.0], [1353.0, 5503.0, 1798.0], [1349.0, 5370.0, 1848.0], [1342.0, 5290.0, 2016.0], [1341.0, 5380.0, 1851.0], [1338.0, 5374.0, 1889.0], [1336.0, 5448.0, 1822.0], [1334.0, 5375.0, 1890.0], [1333.0, 5387.0, 1849.0], [1330.0, 5332.0, 1973.0], [1328.0, 5517.0, 1647.0], [1327.0, 5384.0, 1851.0], [1320.0, 5458.0, 1842.0], [1320.0, 5410.0, 1934.0], [1307.0, 5463.0, 1899.0], [1304.0, 5505.0, 1755.0], [1304.0, 5486.0, 1821.0], [1303.0, 5510.0, 1664.0], [1302.0, 5343.0, 1957.0], [1298.0, 5440.0, 1904.0], [1296.0, 5454.0, 1957.0], [1288.0, 5412.0, 1985.0], [1281.0, 5437.0, 1983.0], [1281.0, 5387.0, 1988.0], [1274.0, 5515.0, 1686.0], [1274.0, 5326.0, 2014.0], [1264.0, 5558.0, 1697.0], [1261.0, 5547.0, 1764.0], [1259.0, 5478.0, 1915.0], [1255.0, 5497.0, 1866.0], [1255.0, 5360.0, 1990.0], [1248.0, 5442.0, 1988.0], [1244.0, 5368.0, 1995.0], [1241.0, 5579.0, 1641.0], [1234.0, 5585.0, 1636.0], [1231.0, 5513.0, 1776.0], [1226.0, 5558.0, 1761.0], [1219.0, 5574.0, 1805.0], [1218.0, 5508.0, 1924.0], [1210.0, 5597.0, 1725.0], [1204.0, 5456.0, 1955.0], [1203.0, 5582.0, 1774.0], [1200.0, 5608.0, 1745.0], [1195.0, 5587.0, 1860.0], [1195.0, 5526.0, 1900.0], [1189.0, 5435.0, 2008.0], [1187.0, 5617.0, 1671.0], [1186.0, 5634.0, 1611.0], [1185.0, 5622.0, 1693.0], [1182.0, 5453.0, 2031.0], [1152.0, 5626.0, 1619.0], [1150.0, 5619.0, 1708.0], [1144.0, 5480.0, 1952.0], [1138.0, 5628.0, 1705.0], [1138.0, 5592.0, 1754.0], [1124.0, 5636.0, 1686.0], [1121.0, 5658.0, 1533.0], [1116.0, 5603.0, 1862.0], [1115.0, 5629.0, 1755.0], [1113.0, 5638.0, 1836.0], [1095.0, 5501.0, 1978.0], [1089.0, 5645.0, 1664.0], [1074.0, 5525.0, 1905.0], [1070.0, 5659.0, 1644.0], [1067.0, 5667.0, 1726.0], [1058.0, 5547.0, 1916.0], [1041.0, 5646.0, 1778.0], [1022.0, 5712.0, 1605.0], [1008.0, 5787.0, 1723.0], [986.0, 5689.0, 1783.0], [978.0, 5748.0, 1796.0]]
