heur = false
LBS_limit = 4
preproc = 0
tight_root = 0
total_time = 1800.03
NDP = 568
total_nodes = 121267
pruned_nodes = 60608
pruned_dominance_nodes = 799
heur_time = 0.0
Y_N = Any[[684.0, 750.0, 296.0], [670.0, 768.0, 292.0], [649.0, 760.0, 348.0], [648.0, 769.0, 352.0], [645.0, 782.0, 387.0], [642.0, 814.0, 283.0], [640.0, 786.0, 344.0], [634.0, 846.0, 303.0], [607.0, 843.0, 334.0], [606.0, 853.0, 254.0], [603.0, 860.0, 342.0], [603.0, 823.0, 364.0], [600.0, 868.0, 364.0], [591.0, 880.0, 377.0], [588.0, 882.0, 370.0], [587.0, 925.0, 259.0], [586.0, 865.0, 393.0], [585.0, 935.0, 279.0], [584.0, 868.0, 381.0], [577.0, 891.0, 386.0], [577.0, 876.0, 395.0], [576.0, 940.0, 314.0], [573.0, 932.0, 335.0], [573.0, 884.0, 395.0], [565.0, 926.0, 336.0], [558.0, 980.0, 259.0], [558.0, 951.0, 321.0], [556.0, 979.0, 313.0], [555.0, 958.0, 374.0], [555.0, 808.0, 400.0], [553.0, 1002.0, 275.0], [551.0, 961.0, 382.0], [547.0, 958.0, 399.0], [545.0, 1012.0, 306.0], [544.0, 866.0, 427.0], [543.0, 1019.0, 288.0], [537.0, 1017.0, 299.0], [532.0, 1028.0, 340.0], [530.0, 1032.0, 318.0], [530.0, 877.0, 415.0], [529.0, 1033.0, 306.0], [528.0, 971.0, 369.0], [527.0, 884.0, 402.0], [523.0, 978.0, 365.0], [520.0, 980.0, 394.0], [514.0, 1026.0, 354.0], [514.0, 1013.0, 360.0], [511.0, 884.0, 450.0], [508.0, 986.0, 379.0], [508.0, 945.0, 403.0], [506.0, 977.0, 399.0], [505.0, 1078.0, 279.0], [505.0, 1042.0, 336.0], [505.0, 982.0, 385.0], [505.0, 926.0, 437.0], [497.0, 959.0, 405.0], [495.0, 985.0, 395.0], [494.0, 1046.0, 328.0], [494.0, 1043.0, 359.0], [494.0, 991.0, 392.0], [494.0, 976.0, 406.0], [491.0, 1068.0, 298.0], [490.0, 1055.0, 361.0], [490.0, 990.0, 404.0], [490.0, 905.0, 438.0], [489.0, 1032.0, 369.0], [489.0, 995.0, 390.0], [487.0, 1081.0, 271.0], [486.0, 1092.0, 270.0], [485.0, 1045.0, 373.0], [485.0, 899.0, 456.0], [483.0, 999.0, 399.0], [483.0, 964.0, 434.0], [482.0, 983.0, 429.0], [480.0, 1074.0, 310.0], [480.0, 1002.0, 416.0], [479.0, 1034.0, 383.0], [479.0, 1020.0, 390.0], [478.0, 1077.0, 289.0], [477.0, 1095.0, 241.0], [477.0, 1027.0, 387.0], [476.0, 1029.0, 389.0], [476.0, 1007.0, 408.0], [474.0, 986.0, 456.0], [472.0, 1117.0, 318.0], [470.0, 1106.0, 328.0], [470.0, 901.0, 485.0], [469.0, 1014.0, 401.0], [468.0, 1064.0, 355.0], [467.0, 1026.0, 422.0], [466.0, 1054.0, 365.0], [464.0, 1110.0, 342.0], [464.0, 963.0, 481.0], [463.0, 1071.0, 379.0], [462.0, 1116.0, 326.0], [460.0, 1038.0, 399.0], [457.0, 1012.0, 440.0], [456.0, 981.0, 457.0], [455.0, 1051.0, 388.0], [453.0, 1092.0, 367.0], [453.0, 1054.0, 382.0], [453.0, 1052.0, 397.0], [452.0, 1141.0, 332.0], [452.0, 1110.0, 362.0], [452.0, 1054.0, 391.0], [451.0, 1080.0, 381.0], [451.0, 1056.0, 389.0], [450.0, 1064.0, 404.0], [449.0, 1136.0, 352.0], [448.0, 1056.0, 423.0], [447.0, 1084.0, 377.0], [447.0, 977.0, 461.0], [441.0, 1087.0, 375.0], [439.0, 1154.0, 280.0], [438.0, 1072.0, 395.0], [436.0, 1117.0, 358.0], [434.0, 1170.0, 234.0], [434.0, 1029.0, 433.0], [432.0, 1166.0, 299.0], [432.0, 1038.0, 430.0], [432.0, 1014.0, 476.0], [431.0, 1166.0, 313.0], [429.0, 1146.0, 317.0], [428.0, 1083.0, 393.0], [427.0, 1120.0, 394.0], [427.0, 1100.0, 398.0], [427.0, 972.0, 562.0], [424.0, 1171.0, 336.0], [424.0, 1074.0, 409.0], [422.0, 1015.0, 452.0], [418.0, 1054.0, 424.0], [418.0, 1052.0, 429.0], [417.0, 978.0, 481.0], [416.0, 1126.0, 362.0], [415.0, 1084.0, 418.0], [414.0, 1196.0, 276.0], [414.0, 1040.0, 438.0], [412.0, 1138.0, 369.0], [412.0, 1114.0, 399.0], [410.0, 1152.0, 343.0], [409.0, 1199.0, 256.0], [409.0, 1175.0, 300.0], [409.0, 1082.0, 421.0], [408.0, 1149.0, 356.0], [408.0, 1117.0, 404.0], [408.0, 1064.0, 428.0], [407.0, 1191.0, 309.0], [407.0, 1135.0, 385.0], [406.0, 1110.0, 416.0], [406.0, 1087.0, 429.0], [406.0, 1016.0, 441.0], [405.0, 1157.0, 358.0], [404.0, 1120.0, 405.0], [404.0, 1062.0, 431.0], [404.0, 1047.0, 470.0], [403.0, 1050.0, 470.0], [402.0, 1212.0, 275.0], [401.0, 1156.0, 392.0], [401.0, 1071.0, 458.0], [401.0, 1000.0, 509.0], [400.0, 1184.0, 317.0], [396.0, 1129.0, 402.0], [395.0, 1205.0, 279.0], [394.0, 1202.0, 305.0], [392.0, 1208.0, 330.0], [392.0, 1166.0, 371.0], [391.0, 1185.0, 365.0], [390.0, 1150.0, 405.0], [389.0, 1077.0, 440.0], [388.0, 1186.0, 348.0], [388.0, 1004.0, 481.0], [387.0, 1226.0, 320.0], [387.0, 1179.0, 371.0], [384.0, 1107.0, 419.0], [384.0, 1091.0, 440.0], [383.0, 1094.0, 437.0], [382.0, 1193.0, 331.0], [382.0, 1128.0, 416.0], [380.0, 1119.0, 423.0], [380.0, 1099.0, 467.0], [379.0, 1258.0, 271.0], [379.0, 1123.0, 420.0], [379.0, 1056.0, 483.0], [377.0, 1188.0, 336.0], [376.0, 1068.0, 482.0], [375.0, 1135.0, 457.0], [374.0, 1224.0, 321.0], [374.0, 1200.0, 363.0], [374.0, 1056.0, 485.0], [373.0, 1253.0, 283.0], [373.0, 1217.0, 338.0], [372.0, 1169.0, 384.0], [371.0, 1161.0, 415.0], [371.0, 1145.0, 421.0], [370.0, 1182.0, 381.0], [369.0, 1059.0, 503.0], [367.0, 1099.0, 479.0], [366.0, 1205.0, 364.0], [366.0, 1203.0, 368.0], [366.0, 1194.0, 382.0], [364.0, 1143.0, 423.0], [362.0, 1228.0, 317.0], [362.0, 1182.0, 385.0], [361.0, 1250.0, 337.0], [358.0, 1143.0, 452.0], [357.0, 1061.0, 508.0], [356.0, 1076.0, 500.0], [354.0, 1180.0, 397.0], [353.0, 1144.0, 465.0], [352.0, 1236.0, 355.0], [352.0, 1188.0, 411.0], [350.0, 1196.0, 399.0], [349.0, 1164.0, 427.0], [348.0, 1151.0, 451.0], [347.0, 1266.0, 323.0], [347.0, 1208.0, 358.0], [347.0, 1178.0, 412.0], [345.0, 1260.0, 339.0], [345.0, 1200.0, 389.0], [345.0, 1173.0, 427.0], [345.0, 1108.0, 466.0], [343.0, 1270.0, 216.0], [343.0, 1082.0, 484.0], [342.0, 1193.0, 401.0], [341.0, 1248.0, 344.0], [340.0, 1229.0, 384.0], [339.0, 1262.0, 339.0], [338.0, 1291.0, 266.0], [337.0, 1221.0, 415.0], [336.0, 1156.0, 451.0], [334.0, 1238.0, 348.0], [333.0, 1190.0, 434.0], [332.0, 1165.0, 449.0], [331.0, 1231.0, 360.0], [331.0, 1145.0, 473.0], [331.0, 1130.0, 482.0], [330.0, 1269.0, 327.0], [329.0, 1083.0, 527.0], [328.0, 1280.0, 325.0], [327.0, 1283.0, 293.0], [327.0, 1272.0, 333.0], [326.0, 1295.0, 231.0], [326.0, 1285.0, 303.0], [326.0, 1222.0, 387.0], [324.0, 1195.0, 441.0], [323.0, 1241.0, 389.0], [322.0, 1292.0, 286.0], [322.0, 1130.0, 501.0], [322.0, 1084.0, 510.0], [321.0, 1266.0, 371.0], [320.0, 1302.0, 267.0], [320.0, 1184.0, 451.0], [318.0, 1193.0, 457.0], [318.0, 1137.0, 480.0], [317.0, 1269.0, 360.0], [315.0, 1269.0, 379.0], [314.0, 1286.0, 301.0], [313.0, 1295.0, 298.0], [313.0, 1288.0, 318.0], [313.0, 1210.0, 420.0], [309.0, 1247.0, 388.0], [308.0, 1295.0, 302.0], [308.0, 1209.0, 428.0], [307.0, 1211.0, 425.0], [305.0, 1301.0, 348.0], [305.0, 1204.0, 429.0], [304.0, 1215.0, 446.0], [303.0, 1226.0, 410.0], [303.0, 1147.0, 486.0], [302.0, 1320.0, 266.0], [302.0, 1305.0, 302.0], [302.0, 1163.0, 492.0], [301.0, 1252.0, 390.0], [299.0, 1220.0, 421.0], [298.0, 1288.0, 367.0], [297.0, 1233.0, 431.0], [297.0, 1180.0, 469.0], [296.0, 1252.0, 409.0], [296.0, 1181.0, 461.0], [296.0, 1148.0, 494.0], [295.0, 1270.0, 381.0], [292.0, 1314.0, 318.0], [292.0, 1300.0, 351.0], [290.0, 1292.0, 363.0], [289.0, 1335.0, 254.0], [289.0, 1311.0, 350.0], [289.0, 1189.0, 460.0], [288.0, 1160.0, 508.0], [286.0, 1326.0, 265.0], [285.0, 1327.0, 266.0], [285.0, 1182.0, 482.0], [284.0, 1320.0, 341.0], [284.0, 1236.0, 427.0], [283.0, 1300.0, 354.0], [283.0, 1205.0, 451.0], [281.0, 1339.0, 246.0], [280.0, 1281.0, 371.0], [280.0, 1235.0, 452.0], [280.0, 1204.0, 496.0], [279.0, 1300.0, 362.0], [278.0, 1299.0, 376.0], [277.0, 1331.0, 277.0], [275.0, 1295.0, 383.0], [275.0, 1273.0, 411.0], [275.0, 1249.0, 422.0], [275.0, 1244.0, 445.0], [274.0, 1165.0, 521.0], [273.0, 1346.0, 311.0], [273.0, 1296.0, 378.0], [271.0, 1276.0, 388.0], [271.0, 1230.0, 465.0], [269.0, 1276.0, 406.0], [268.0, 1280.0, 390.0], [268.0, 1249.0, 429.0], [267.0, 1326.0, 373.0], [267.0, 1249.0, 432.0], [265.0, 1279.0, 406.0], [264.0, 1290.0, 418.0], [263.0, 1372.0, 275.0], [262.0, 1327.0, 321.0], [259.0, 1280.0, 420.0], [258.0, 1267.0, 435.0], [257.0, 1339.0, 333.0], [257.0, 1233.0, 458.0], [256.0, 1296.0, 428.0], [254.0, 1351.0, 331.0], [253.0, 1209.0, 514.0], [252.0, 1331.0, 372.0], [252.0, 1291.0, 435.0], [251.0, 1350.0, 363.0], [250.0, 1316.0, 382.0], [250.0, 1256.0, 453.0], [249.0, 1299.0, 384.0], [248.0, 1211.0, 483.0], [246.0, 1360.0, 282.0], [246.0, 1356.0, 311.0], [245.0, 1258.0, 442.0], [244.0, 1303.0, 386.0], [243.0, 1379.0, 288.0], [243.0, 1243.0, 466.0], [240.0, 1359.0, 301.0], [239.0, 1306.0, 398.0], [239.0, 1227.0, 514.0], [238.0, 1391.0, 269.0], [238.0, 1357.0, 306.0], [238.0, 1257.0, 475.0], [237.0, 1364.0, 297.0], [236.0, 1299.0, 455.0], [236.0, 1228.0, 513.0], [235.0, 1310.0, 426.0], [235.0, 1242.0, 477.0], [234.0, 1221.0, 515.0], [231.0, 1387.0, 279.0], [231.0, 1301.0, 441.0], [231.0, 1230.0, 522.0], [230.0, 1318.0, 385.0], [229.0, 1374.0, 320.0], [229.0, 1322.0, 383.0], [228.0, 1332.0, 396.0], [228.0, 1243.0, 479.0], [227.0, 1317.0, 406.0], [227.0, 1302.0, 436.0], [226.0, 1303.0, 441.0], [225.0, 1397.0, 243.0], [225.0, 1369.0, 323.0], [224.0, 1390.0, 307.0], [224.0, 1339.0, 399.0], [223.0, 1361.0, 342.0], [223.0, 1329.0, 406.0], [223.0, 1314.0, 410.0], [222.0, 1340.0, 403.0], [221.0, 1359.0, 381.0], [219.0, 1386.0, 309.0], [218.0, 1379.0, 311.0], [218.0, 1348.0, 386.0], [217.0, 1319.0, 407.0], [217.0, 1306.0, 441.0], [216.0, 1349.0, 401.0], [215.0, 1271.0, 469.0], [214.0, 1316.0, 415.0], [214.0, 1307.0, 445.0], [213.0, 1318.0, 408.0], [213.0, 1295.0, 459.0], [210.0, 1397.0, 290.0], [210.0, 1391.0, 316.0], [210.0, 1382.0, 338.0], [210.0, 1326.0, 423.0], [210.0, 1311.0, 427.0], [210.0, 1273.0, 478.0], [209.0, 1396.0, 327.0], [209.0, 1331.0, 405.0], [208.0, 1367.0, 355.0], [208.0, 1247.0, 496.0], [207.0, 1378.0, 342.0], [206.0, 1397.0, 305.0], [205.0, 1313.0, 425.0], [204.0, 1374.0, 363.0], [202.0, 1404.0, 286.0], [202.0, 1309.0, 429.0], [201.0, 1376.0, 370.0], [201.0, 1248.0, 503.0], [199.0, 1398.0, 333.0], [199.0, 1383.0, 355.0], [199.0, 1338.0, 436.0], [199.0, 1310.0, 437.0], [198.0, 1399.0, 318.0], [198.0, 1377.0, 360.0], [198.0, 1370.0, 386.0], [197.0, 1425.0, 266.0], [197.0, 1265.0, 500.0], [196.0, 1398.0, 336.0], [195.0, 1407.0, 346.0], [195.0, 1318.0, 445.0], [192.0, 1373.0, 374.0], [190.0, 1397.0, 351.0], [190.0, 1383.0, 378.0], [190.0, 1377.0, 386.0], [190.0, 1306.0, 473.0], [187.0, 1409.0, 322.0], [187.0, 1388.0, 352.0], [187.0, 1315.0, 449.0], [187.0, 1238.0, 510.0], [185.0, 1388.0, 374.0], [184.0, 1354.0, 399.0], [183.0, 1399.0, 356.0], [183.0, 1318.0, 468.0], [182.0, 1415.0, 275.0], [182.0, 1382.0, 393.0], [181.0, 1408.0, 339.0], [180.0, 1400.0, 357.0], [178.0, 1363.0, 435.0], [177.0, 1390.0, 382.0], [176.0, 1460.0, 263.0], [176.0, 1416.0, 320.0], [176.0, 1384.0, 386.0], [175.0, 1386.0, 386.0], [174.0, 1402.0, 353.0], [173.0, 1461.0, 290.0], [173.0, 1332.0, 437.0], [172.0, 1404.0, 360.0], [172.0, 1388.0, 396.0], [172.0, 1376.0, 415.0], [171.0, 1422.0, 355.0], [171.0, 1392.0, 361.0], [170.0, 1367.0, 436.0], [170.0, 1326.0, 479.0], [169.0, 1423.0, 327.0], [169.0, 1392.0, 368.0], [169.0, 1340.0, 446.0], [168.0, 1328.0, 448.0], [167.0, 1395.0, 368.0], [166.0, 1328.0, 481.0], [166.0, 1302.0, 501.0], [163.0, 1427.0, 309.0], [163.0, 1393.0, 391.0], [162.0, 1399.0, 364.0], [162.0, 1390.0, 407.0], [162.0, 1333.0, 463.0], [161.0, 1319.0, 497.0], [160.0, 1395.0, 377.0], [158.0, 1403.0, 366.0], [158.0, 1399.0, 369.0], [157.0, 1401.0, 376.0], [157.0, 1386.0, 414.0], [156.0, 1379.0, 431.0], [155.0, 1397.0, 397.0], [154.0, 1472.0, 296.0], [154.0, 1436.0, 303.0], [152.0, 1466.0, 312.0], [152.0, 1410.0, 386.0], [152.0, 1400.0, 389.0], [152.0, 1391.0, 429.0], [151.0, 1417.0, 370.0], [150.0, 1392.0, 402.0], [149.0, 1401.0, 404.0], [148.0, 1436.0, 323.0], [148.0, 1392.0, 413.0], [148.0, 1311.0, 526.0], [146.0, 1469.0, 322.0], [146.0, 1400.0, 423.0], [146.0, 1348.0, 440.0], [145.0, 1329.0, 488.0], [144.0, 1460.0, 326.0], [143.0, 1338.0, 473.0], [141.0, 1408.0, 396.0], [141.0, 1407.0, 415.0], [141.0, 1384.0, 448.0], [140.0, 1473.0, 313.0], [137.0, 1474.0, 303.0], [137.0, 1440.0, 345.0], [137.0, 1341.0, 454.0], [136.0, 1418.0, 361.0], [134.0, 1410.0, 390.0], [133.0, 1461.0, 369.0], [133.0, 1436.0, 372.0], [133.0, 1399.0, 427.0], [132.0, 1388.0, 448.0], [131.0, 1408.0, 409.0], [131.0, 1386.0, 479.0], [130.0, 1413.0, 400.0], [129.0, 1401.0, 425.0], [128.0, 1482.0, 302.0], [128.0, 1467.0, 328.0], [127.0, 1402.0, 447.0], [126.0, 1388.0, 478.0], [125.0, 1482.0, 313.0], [125.0, 1467.0, 356.0], [124.0, 1471.0, 333.0], [123.0, 1414.0, 427.0], [118.0, 1468.0, 365.0], [118.0, 1408.0, 434.0], [117.0, 1474.0, 318.0], [117.0, 1348.0, 511.0], [116.0, 1409.0, 444.0], [115.0, 1356.0, 499.0], [114.0, 1410.0, 432.0], [112.0, 1481.0, 352.0], [112.0, 1471.0, 364.0], [110.0, 1482.0, 366.0], [110.0, 1358.0, 507.0], [109.0, 1474.0, 398.0], [109.0, 1416.0, 421.0], [105.0, 1469.0, 413.0], [105.0, 1398.0, 453.0], [104.0, 1477.0, 370.0], [103.0, 1470.0, 427.0], [101.0, 1476.0, 372.0], [100.0, 1415.0, 456.0], [95.0, 1475.0, 391.0], [92.0, 1404.0, 467.0], [91.0, 1484.0, 332.0], [90.0, 1483.0, 369.0], [90.0, 1413.0, 457.0], [90.0, 1404.0, 479.0], [88.0, 1477.0, 374.0], [87.0, 1440.0, 430.0], [87.0, 1409.0, 459.0], [86.0, 1485.0, 325.0], [84.0, 1479.0, 371.0], [82.0, 1480.0, 395.0], [80.0, 1472.0, 403.0], [79.0, 1483.0, 378.0], [76.0, 1484.0, 386.0], [76.0, 1424.0, 459.0], [74.0, 1489.0, 315.0], [73.0, 1417.0, 463.0], [71.0, 1485.0, 402.0], [68.0, 1490.0, 379.0], [66.0, 1491.0, 362.0], [65.0, 1484.0, 437.0], [61.0, 1493.0, 389.0], [61.0, 1404.0, 489.0], [57.0, 1486.0, 418.0], [56.0, 1444.0, 445.0], [49.0, 1492.0, 397.0], [48.0, 1492.0, 401.0], [46.0, 1493.0, 427.0], [29.0, 1494.0, 429.0], [27.0, 1495.0, 429.0], [24.0, 1496.0, 378.0], [22.0, 1497.0, 406.0], [20.0, 1498.0, 414.0], [15.0, 1500.0, 404.0], [14.0, 1489.0, 450.0], [6.0, 1497.0, 458.0], [5.0, 1498.0, 441.0], [2.0, 1499.0, 427.0], [-0.0, 1500.0, 475.0]]
