heur = false
LBS_limit = 4
preproc = 0
tight_root = 0
total_time = 1800.01
NDP = 650
total_nodes = 82777
pruned_nodes = 41354
pruned_dominance_nodes = 128
heur_time = 0.0
Y_N = Any[[1201.0, 5282.0, 1303.0], [1200.0, 5333.0, 1358.0], [1183.0, 5337.0, 1368.0], [1175.0, 5364.0, 1204.0], [1157.0, 5349.0, 1398.0], [1155.0, 5359.0, 1266.0], [1151.0, 5417.0, 1446.0], [1149.0, 5360.0, 1448.0], [1131.0, 5437.0, 1294.0], [1127.0, 5370.0, 1461.0], [1125.0, 5429.0, 1485.0], [1124.0, 5361.0, 1489.0], [1123.0, 5439.0, 1346.0], [1122.0, 5383.0, 1514.0], [1118.0, 5508.0, 1332.0], [1116.0, 5451.0, 1340.0], [1111.0, 5434.0, 1369.0], [1108.0, 5433.0, 1490.0], [1103.0, 5438.0, 1420.0], [1100.0, 5465.0, 1419.0], [1097.0, 5442.0, 1478.0], [1092.0, 5520.0, 1373.0], [1090.0, 5530.0, 1238.0], [1084.0, 5531.0, 1404.0], [1080.0, 5535.0, 1175.0], [1076.0, 5438.0, 1483.0], [1073.0, 5534.0, 1246.0], [1071.0, 5510.0, 1412.0], [1068.0, 5538.0, 1235.0], [1066.0, 5466.0, 1424.0], [1064.0, 5454.0, 1567.0], [1063.0, 5465.0, 1553.0], [1062.0, 5541.0, 1389.0], [1062.0, 5520.0, 1407.0], [1059.0, 5532.0, 1428.0], [1058.0, 5510.0, 1432.0], [1054.0, 5543.0, 1360.0], [1054.0, 5514.0, 1437.0], [1047.0, 5546.0, 1296.0], [1046.0, 5524.0, 1491.0], [1044.0, 5588.0, 1347.0], [1043.0, 5604.0, 1450.0], [1042.0, 5536.0, 1464.0], [1041.0, 5614.0, 1296.0], [1041.0, 5547.0, 1480.0], [1037.0, 5549.0, 1495.0], [1036.0, 5471.0, 1536.0], [1025.0, 5480.0, 1505.0], [1023.0, 5522.0, 1540.0], [1021.0, 5614.0, 1394.0], [1020.0, 5537.0, 1521.0], [1015.0, 5626.0, 1355.0], [1002.0, 5543.0, 1507.0], [999.0, 5538.0, 1544.0], [998.0, 5630.0, 1358.0], [998.0, 5547.0, 1512.0], [996.0, 5610.0, 1409.0], [995.0, 5625.0, 1442.0], [993.0, 5636.0, 1331.0], [990.0, 5613.0, 1444.0], [990.0, 5605.0, 1473.0], [988.0, 5626.0, 1430.0], [987.0, 5639.0, 1321.0], [987.0, 5637.0, 1444.0], [984.0, 5550.0, 1531.0], [983.0, 5641.0, 1297.0], [983.0, 5606.0, 1550.0], [982.0, 5538.0, 1564.0], [979.0, 5610.0, 1551.0], [977.0, 5553.0, 1579.0], [973.0, 5555.0, 1634.0], [971.0, 5654.0, 1230.0], [971.0, 5644.0, 1330.0], [971.0, 5642.0, 1452.0], [968.0, 5620.0, 1477.0], [967.0, 5619.0, 1498.0], [965.0, 5625.0, 1463.0], [961.0, 5691.0, 1383.0], [957.0, 5696.0, 1373.0], [957.0, 5625.0, 1492.0], [956.0, 5636.0, 1489.0], [956.0, 5617.0, 1509.0], [955.0, 5706.0, 1222.0], [954.0, 5651.0, 1392.0], [953.0, 5701.0, 1232.0], [953.0, 5662.0, 1404.0], [952.0, 5717.0, 1283.0], [952.0, 5627.0, 1506.0], [951.0, 5637.0, 1541.0], [950.0, 5697.0, 1431.0], [946.0, 5701.0, 1412.0], [944.0, 5720.0, 1357.0], [944.0, 5644.0, 1466.0], [941.0, 5606.0, 1610.0], [940.0, 5646.0, 1481.0], [939.0, 5709.0, 1404.0], [935.0, 5703.0, 1432.0], [934.0, 5643.0, 1528.0], [934.0, 5629.0, 1582.0], [930.0, 5726.0, 1223.0], [930.0, 5725.0, 1238.0], [929.0, 5687.0, 1480.0], [928.0, 5695.0, 1451.0], [927.0, 5712.0, 1381.0], [925.0, 5691.0, 1513.0], [924.0, 5708.0, 1417.0], [923.0, 5719.0, 1439.0], [922.0, 5723.0, 1316.0], [922.0, 5702.0, 1451.0], [921.0, 5729.0, 1289.0], [919.0, 5729.0, 1329.0], [919.0, 5629.0, 1608.0], [917.0, 5709.0, 1484.0], [915.0, 5644.0, 1552.0], [914.0, 5740.0, 1277.0], [913.0, 5713.0, 1465.0], [913.0, 5644.0, 1573.0], [912.0, 5724.0, 1527.0], [912.0, 5653.0, 1542.0], [910.0, 5734.0, 1364.0], [908.0, 5618.0, 1633.0], [907.0, 5648.0, 1565.0], [903.0, 5703.0, 1555.0], [902.0, 5743.0, 1306.0], [902.0, 5700.0, 1565.0], [901.0, 5729.0, 1378.0], [900.0, 5693.0, 1569.0], [898.0, 5638.0, 1574.0], [897.0, 5739.0, 1326.0], [897.0, 5727.0, 1493.0], [896.0, 5741.0, 1379.0], [893.0, 5744.0, 1337.0], [893.0, 5732.0, 1415.0], [893.0, 5716.0, 1578.0], [892.0, 5642.0, 1590.0], [890.0, 5734.0, 1453.0], [888.0, 5690.0, 1619.0], [887.0, 5747.0, 1361.0], [887.0, 5719.0, 1537.0], [883.0, 5776.0, 1402.0], [881.0, 5786.0, 1241.0], [880.0, 5802.0, 1319.0], [880.0, 5726.0, 1507.0], [878.0, 5797.0, 1342.0], [876.0, 5777.0, 1456.0], [873.0, 5803.0, 1375.0], [873.0, 5726.0, 1510.0], [872.0, 5781.0, 1472.0], [869.0, 5807.0, 1366.0], [868.0, 5784.0, 1383.0], [868.0, 5723.0, 1564.0], [867.0, 5705.0, 1613.0], [866.0, 5726.0, 1530.0], [866.0, 5716.0, 1598.0], [864.0, 5797.0, 1439.0], [859.0, 5809.0, 1222.0], [859.0, 5733.0, 1478.0], [859.0, 5725.0, 1575.0], [858.0, 5812.0, 1307.0], [857.0, 5732.0, 1505.0], [856.0, 5807.0, 1367.0], [856.0, 5730.0, 1522.0], [855.0, 5822.0, 1347.0], [855.0, 5786.0, 1490.0], [853.0, 5779.0, 1501.0], [853.0, 5715.0, 1605.0], [852.0, 5825.0, 1271.0], [851.0, 5813.0, 1350.0], [849.0, 5775.0, 1540.0], [849.0, 5737.0, 1558.0], [848.0, 5803.0, 1406.0], [848.0, 5730.0, 1618.0], [844.0, 5823.0, 1274.0], [844.0, 5810.0, 1367.0], [844.0, 5795.0, 1450.0], [843.0, 5825.0, 1346.0], [843.0, 5804.0, 1468.0], [842.0, 5806.0, 1408.0], [841.0, 5776.0, 1559.0], [840.0, 5828.0, 1263.0], [840.0, 5825.0, 1351.0], [840.0, 5798.0, 1497.0], [840.0, 5782.0, 1530.0], [839.0, 5834.0, 1243.0], [838.0, 5657.0, 1623.0], [837.0, 5809.0, 1425.0], [836.0, 5819.0, 1363.0], [834.0, 5815.0, 1371.0], [833.0, 5832.0, 1318.0], [833.0, 5809.0, 1507.0], [833.0, 5672.0, 1640.0], [832.0, 5813.0, 1478.0], [832.0, 5787.0, 1583.0], [830.0, 5835.0, 1252.0], [830.0, 5821.0, 1360.0], [830.0, 5797.0, 1510.0], [830.0, 5713.0, 1623.0], [829.0, 5814.0, 1376.0], [828.0, 5828.0, 1353.0], [827.0, 5816.0, 1414.0], [826.0, 5816.0, 1459.0], [825.0, 5828.0, 1381.0], [824.0, 5835.0, 1352.0], [822.0, 5814.0, 1520.0], [821.0, 5837.0, 1238.0], [821.0, 5828.0, 1401.0], [821.0, 5754.0, 1604.0], [820.0, 5810.0, 1540.0], [818.0, 5838.0, 1251.0], [818.0, 5819.0, 1453.0], [817.0, 5837.0, 1271.0], [817.0, 5796.0, 1554.0], [815.0, 5821.0, 1463.0], [815.0, 5711.0, 1646.0], [814.0, 5873.0, 1436.0], [812.0, 5712.0, 1681.0], [811.0, 5800.0, 1547.0], [810.0, 5797.0, 1553.0], [808.0, 5734.0, 1610.0], [808.0, 5716.0, 1643.0], [803.0, 5891.0, 1301.0], [803.0, 5832.0, 1462.0], [802.0, 5870.0, 1484.0], [800.0, 5863.0, 1533.0], [800.0, 5809.0, 1579.0], [798.0, 5836.0, 1536.0], [798.0, 5793.0, 1588.0], [795.0, 5783.0, 1648.0], [794.0, 5811.0, 1575.0], [793.0, 5880.0, 1484.0], [791.0, 5787.0, 1589.0], [790.0, 5895.0, 1359.0], [790.0, 5816.0, 1564.0], [789.0, 5884.0, 1493.0], [788.0, 5806.0, 1621.0], [787.0, 5909.0, 1315.0], [785.0, 5894.0, 1360.0], [781.0, 5885.0, 1444.0], [780.0, 5916.0, 1278.0], [780.0, 5896.0, 1457.0], [778.0, 5813.0, 1601.0], [777.0, 5919.0, 1171.0], [776.0, 5900.0, 1334.0], [776.0, 5817.0, 1562.0], [776.0, 5806.0, 1675.0], [773.0, 5897.0, 1346.0], [773.0, 5880.0, 1494.0], [771.0, 5890.0, 1461.0], [771.0, 5820.0, 1594.0], [770.0, 5907.0, 1324.0], [770.0, 5902.0, 1331.0], [769.0, 5912.0, 1351.0], [769.0, 5865.0, 1603.0], [769.0, 5815.0, 1618.0], [769.0, 5813.0, 1627.0], [768.0, 5903.0, 1355.0], [767.0, 5897.0, 1367.0], [767.0, 5872.0, 1549.0], [767.0, 5821.0, 1640.0], [765.0, 5919.0, 1314.0], [765.0, 5912.0, 1388.0], [765.0, 5892.0, 1468.0], [764.0, 5904.0, 1414.0], [764.0, 5887.0, 1477.0], [762.0, 5915.0, 1333.0], [762.0, 5836.0, 1654.0], [759.0, 5922.0, 1238.0], [758.0, 5920.0, 1284.0], [758.0, 5919.0, 1338.0], [758.0, 5891.0, 1471.0], [758.0, 5883.0, 1567.0], [757.0, 5915.0, 1339.0], [757.0, 5880.0, 1612.0], [757.0, 5810.0, 1664.0], [756.0, 5893.0, 1479.0], [756.0, 5884.0, 1512.0], [755.0, 5919.0, 1405.0], [753.0, 5884.0, 1542.0], [752.0, 5905.0, 1432.0], [752.0, 5896.0, 1475.0], [751.0, 5921.0, 1350.0], [751.0, 5906.0, 1493.0], [750.0, 5922.0, 1293.0], [749.0, 5922.0, 1414.0], [749.0, 5891.0, 1551.0], [747.0, 5925.0, 1282.0], [745.0, 5895.0, 1513.0], [744.0, 5931.0, 1202.0], [741.0, 5910.0, 1429.0], [741.0, 5901.0, 1510.0], [740.0, 5927.0, 1287.0], [740.0, 5923.0, 1300.0], [738.0, 5927.0, 1426.0], [738.0, 5909.0, 1439.0], [737.0, 5979.0, 1361.0], [733.0, 5917.0, 1511.0], [732.0, 5904.0, 1527.0], [732.0, 5903.0, 1544.0], [727.0, 5932.0, 1384.0], [727.0, 5929.0, 1387.0], [726.0, 5892.0, 1557.0], [725.0, 5895.0, 1560.0], [724.0, 5889.0, 1576.0], [722.0, 5928.0, 1413.0], [718.0, 5958.0, 1382.0], [718.0, 5895.0, 1596.0], [717.0, 5991.0, 1233.0], [717.0, 5922.0, 1475.0], [713.0, 5922.0, 1506.0], [712.0, 5992.0, 1325.0], [712.0, 5973.0, 1515.0], [712.0, 5924.0, 1554.0], [710.0, 5975.0, 1377.0], [710.0, 5958.0, 1532.0], [709.0, 5999.0, 1261.0], [709.0, 5905.0, 1595.0], [708.0, 5926.0, 1585.0], [707.0, 5956.0, 1557.0], [706.0, 5996.0, 1322.0], [706.0, 5892.0, 1607.0], [705.0, 5820.0, 1687.0], [704.0, 5988.0, 1433.0], [699.0, 5994.0, 1337.0], [699.0, 5976.0, 1475.0], [696.0, 5991.0, 1339.0], [696.0, 5977.0, 1490.0], [695.0, 6001.0, 1270.0], [695.0, 5953.0, 1585.0], [694.0, 6006.0, 1281.0], [694.0, 5996.0, 1376.0], [694.0, 5995.0, 1389.0], [694.0, 5907.0, 1589.0], [693.0, 6000.0, 1378.0], [693.0, 5970.0, 1547.0], [692.0, 5981.0, 1439.0], [691.0, 6002.0, 1335.0], [690.0, 6002.0, 1403.0], [690.0, 5986.0, 1494.0], [689.0, 5930.0, 1587.0], [688.0, 5998.0, 1441.0], [687.0, 6008.0, 1233.0], [687.0, 6003.0, 1305.0], [687.0, 5991.0, 1475.0], [685.0, 5979.0, 1517.0], [684.0, 6011.0, 1179.0], [684.0, 6006.0, 1349.0], [684.0, 5974.0, 1530.0], [684.0, 5874.0, 1663.0], [683.0, 6007.0, 1294.0], [683.0, 5993.0, 1482.0], [682.0, 5821.0, 1691.0], [681.0, 5910.0, 1588.0], [681.0, 5903.0, 1609.0], [680.0, 6024.0, 1259.0], [680.0, 5987.0, 1528.0], [680.0, 5897.0, 1628.0], [679.0, 5999.0, 1409.0], [679.0, 5903.0, 1638.0], [676.0, 6011.0, 1266.0], [676.0, 6008.0, 1354.0], [676.0, 6000.0, 1461.0], [675.0, 6006.0, 1376.0], [674.0, 5968.0, 1583.0], [673.0, 6003.0, 1384.0], [673.0, 5920.0, 1597.0], [672.0, 6012.0, 1278.0], [672.0, 6009.0, 1342.0], [672.0, 6001.0, 1412.0], [672.0, 5962.0, 1607.0], [672.0, 5926.0, 1644.0], [671.0, 6001.0, 1415.0], [671.0, 5990.0, 1517.0], [670.0, 5997.0, 1465.0], [669.0, 6010.0, 1287.0], [669.0, 5990.0, 1543.0], [669.0, 5983.0, 1595.0], [668.0, 6011.0, 1308.0], [667.0, 6001.0, 1434.0], [667.0, 5900.0, 1659.0], [666.0, 6014.0, 1298.0], [665.0, 6027.0, 1260.0], [665.0, 6020.0, 1351.0], [665.0, 5892.0, 1666.0], [664.0, 6016.0, 1374.0], [664.0, 5995.0, 1473.0], [662.0, 6027.0, 1327.0], [662.0, 6012.0, 1391.0], [662.0, 5986.0, 1548.0], [662.0, 5893.0, 1697.0], [661.0, 6015.0, 1381.0], [660.0, 6013.0, 1396.0], [660.0, 6003.0, 1420.0], [659.0, 6012.0, 1414.0], [659.0, 5999.0, 1500.0], [658.0, 6034.0, 1242.0], [658.0, 6027.0, 1349.0], [658.0, 6004.0, 1557.0], [655.0, 6015.0, 1389.0], [653.0, 6025.0, 1367.0], [653.0, 5930.0, 1621.0], [650.0, 6030.0, 1312.0], [650.0, 6009.0, 1453.0], [650.0, 5989.0, 1560.0], [650.0, 5968.0, 1622.0], [648.0, 6033.0, 1498.0], [648.0, 5974.0, 1601.0], [647.0, 5990.0, 1570.0], [646.0, 6065.0, 1199.0], [644.0, 6072.0, 1370.0], [644.0, 5985.0, 1571.0], [643.0, 5915.0, 1645.0], [642.0, 5994.0, 1589.0], [641.0, 5908.0, 1685.0], [640.0, 6076.0, 1334.0], [640.0, 6045.0, 1527.0], [638.0, 5978.0, 1623.0], [638.0, 5930.0, 1672.0], [637.0, 6067.0, 1523.0], [636.0, 5923.0, 1701.0], [632.0, 6069.0, 1418.0], [632.0, 5988.0, 1618.0], [629.0, 5989.0, 1630.0], [628.0, 6073.0, 1386.0], [626.0, 6089.0, 1345.0], [626.0, 6052.0, 1543.0], [623.0, 5998.0, 1590.0], [622.0, 6082.0, 1415.0], [622.0, 6004.0, 1631.0], [621.0, 6080.0, 1428.0], [619.0, 6096.0, 1340.0], [619.0, 6089.0, 1372.0], [619.0, 6083.0, 1396.0], [619.0, 6066.0, 1571.0], [617.0, 6072.0, 1446.0], [615.0, 6072.0, 1487.0], [613.0, 6089.0, 1420.0], [612.0, 6104.0, 1295.0], [607.0, 6093.0, 1409.0], [606.0, 6099.0, 1416.0], [606.0, 6083.0, 1532.0], [605.0, 6086.0, 1428.0], [599.0, 6106.0, 1407.0], [598.0, 6050.0, 1595.0], [597.0, 6107.0, 1311.0], [597.0, 5955.0, 1654.0], [594.0, 6114.0, 1247.0], [594.0, 6108.0, 1321.0], [594.0, 6107.0, 1370.0], [594.0, 6087.0, 1430.0], [594.0, 6086.0, 1431.0], [593.0, 6088.0, 1425.0], [592.0, 6070.0, 1538.0], [590.0, 6114.0, 1319.0], [590.0, 6107.0, 1379.0], [588.0, 6082.0, 1557.0], [587.0, 6121.0, 1212.0], [586.0, 6109.0, 1355.0], [584.0, 6094.0, 1439.0], [584.0, 6084.0, 1453.0], [582.0, 6087.0, 1481.0], [581.0, 6105.0, 1452.0], [581.0, 6091.0, 1457.0], [580.0, 6067.0, 1567.0], [579.0, 6090.0, 1485.0], [579.0, 6073.0, 1592.0], [578.0, 6119.0, 1263.0], [578.0, 6111.0, 1351.0], [577.0, 6109.0, 1397.0], [575.0, 6110.0, 1388.0], [575.0, 6107.0, 1405.0], [574.0, 6087.0, 1517.0], [574.0, 6066.0, 1602.0], [573.0, 6094.0, 1466.0], [573.0, 6074.0, 1567.0], [572.0, 6117.0, 1338.0], [572.0, 6080.0, 1571.0], [571.0, 6110.0, 1409.0], [571.0, 6108.0, 1417.0], [570.0, 6093.0, 1482.0], [569.0, 6123.0, 1310.0], [569.0, 6088.0, 1498.0], [568.0, 6117.0, 1383.0], [568.0, 6094.0, 1532.0], [568.0, 6043.0, 1613.0], [568.0, 5986.0, 1645.0], [565.0, 6126.0, 1255.0], [565.0, 6124.0, 1290.0], [564.0, 6085.0, 1579.0], [563.0, 6151.0, 1469.0], [563.0, 6087.0, 1536.0], [562.0, 6095.0, 1499.0], [561.0, 6101.0, 1512.0], [561.0, 6089.0, 1541.0], [561.0, 6053.0, 1612.0], [560.0, 6173.0, 1467.0], [560.0, 6077.0, 1590.0], [558.0, 6107.0, 1490.0], [557.0, 6108.0, 1523.0], [555.0, 6102.0, 1530.0], [554.0, 5983.0, 1669.0], [551.0, 6183.0, 1312.0], [551.0, 6130.0, 1537.0], [551.0, 6097.0, 1555.0], [550.0, 6103.0, 1556.0], [549.0, 6090.0, 1567.0], [549.0, 5998.0, 1667.0], [548.0, 6020.0, 1636.0], [547.0, 6176.0, 1429.0], [542.0, 6172.0, 1495.0], [539.0, 6180.0, 1359.0], [539.0, 6072.0, 1603.0], [538.0, 6183.0, 1440.0], [533.0, 6153.0, 1544.0], [532.0, 6187.0, 1390.0], [532.0, 6043.0, 1632.0], [532.0, 6002.0, 1685.0], [530.0, 6154.0, 1583.0], [529.0, 6175.0, 1455.0], [527.0, 6193.0, 1296.0], [527.0, 6087.0, 1592.0], [527.0, 6017.0, 1690.0], [526.0, 6195.0, 1233.0], [526.0, 6194.0, 1314.0], [526.0, 6091.0, 1592.0], [522.0, 6194.0, 1356.0], [520.0, 6182.0, 1461.0], [520.0, 6077.0, 1598.0], [519.0, 6202.0, 1243.0], [519.0, 6201.0, 1305.0], [518.0, 6185.0, 1401.0], [518.0, 6175.0, 1531.0], [516.0, 6189.0, 1401.0], [513.0, 6194.0, 1363.0], [511.0, 6176.0, 1468.0], [510.0, 6190.0, 1444.0], [509.0, 6196.0, 1398.0], [508.0, 6183.0, 1462.0], [508.0, 6087.0, 1606.0], [507.0, 6198.0, 1364.0], [507.0, 6155.0, 1545.0], [506.0, 6108.0, 1584.0], [505.0, 6178.0, 1504.0], [504.0, 6197.0, 1399.0], [504.0, 6183.0, 1467.0], [503.0, 6158.0, 1545.0], [502.0, 6203.0, 1377.0], [502.0, 6169.0, 1560.0], [502.0, 6111.0, 1588.0], [502.0, 6041.0, 1634.0], [501.0, 6028.0, 1639.0], [500.0, 6197.0, 1403.0], [497.0, 6205.0, 1325.0], [497.0, 6204.0, 1377.0], [497.0, 6193.0, 1437.0], [496.0, 6185.0, 1482.0], [496.0, 6180.0, 1511.0], [495.0, 6186.0, 1493.0], [494.0, 6213.0, 1261.0], [489.0, 6247.0, 1513.0], [487.0, 6141.0, 1605.0], [486.0, 6176.0, 1562.0], [484.0, 6162.0, 1591.0], [465.0, 6250.0, 1515.0], [465.0, 6160.0, 1613.0], [464.0, 6258.0, 1397.0], [463.0, 6178.0, 1534.0], [462.0, 6251.0, 1450.0], [461.0, 6187.0, 1524.0], [461.0, 6171.0, 1588.0], [460.0, 6193.0, 1522.0], [459.0, 6264.0, 1277.0], [459.0, 6088.0, 1650.0], [456.0, 6259.0, 1475.0], [456.0, 6179.0, 1538.0], [454.0, 6265.0, 1355.0], [454.0, 6181.0, 1538.0], [452.0, 6271.0, 1265.0], [452.0, 6174.0, 1591.0], [451.0, 6273.0, 1240.0], [451.0, 6272.0, 1324.0], [449.0, 6263.0, 1433.0], [447.0, 6272.0, 1362.0], [446.0, 6182.0, 1531.0], [445.0, 6258.0, 1481.0], [444.0, 6175.0, 1592.0], [443.0, 6262.0, 1457.0], [443.0, 6255.0, 1490.0], [442.0, 6268.0, 1382.0], [441.0, 6288.0, 1378.0], [441.0, 6197.0, 1564.0], [440.0, 6270.0, 1391.0], [440.0, 6184.0, 1609.0], [439.0, 6190.0, 1614.0], [434.0, 6269.0, 1428.0], [434.0, 6266.0, 1529.0], [429.0, 6205.0, 1542.0], [428.0, 6291.0, 1333.0], [428.0, 6211.0, 1556.0], [427.0, 6289.0, 1422.0], [419.0, 6291.0, 1429.0], [419.0, 6269.0, 1472.0], [414.0, 6292.0, 1383.0], [414.0, 6192.0, 1580.0], [410.0, 6272.0, 1439.0], [407.0, 6273.0, 1501.0], [406.0, 6294.0, 1382.0], [405.0, 6308.0, 1352.0], [404.0, 6281.0, 1463.0], [400.0, 6263.0, 1532.0], [394.0, 6284.0, 1445.0], [394.0, 6252.0, 1565.0], [393.0, 6267.0, 1509.0], [392.0, 6311.0, 1293.0], [392.0, 6294.0, 1388.0], [388.0, 6356.0, 1468.0], [384.0, 6274.0, 1473.0], [376.0, 6275.0, 1474.0], [375.0, 6359.0, 1443.0], [371.0, 6293.0, 1484.0], [371.0, 6261.0, 1573.0], [367.0, 6270.0, 1516.0], [366.0, 6366.0, 1425.0], [363.0, 6295.0, 1502.0], [352.0, 6265.0, 1588.0], [348.0, 6273.0, 1514.0], [343.0, 6378.0, 1269.0], [341.0, 6377.0, 1366.0], [337.0, 6379.0, 1359.0], [333.0, 6373.0, 1423.0], [332.0, 6360.0, 1531.0], [330.0, 6386.0, 1376.0], [322.0, 6377.0, 1422.0], [321.0, 6381.0, 1390.0], [317.0, 6363.0, 1436.0], [305.0, 6389.0, 1242.0], [294.0, 6403.0, 1232.0], [293.0, 6390.0, 1336.0], [286.0, 6397.0, 1374.0], [285.0, 6381.0, 1435.0], [281.0, 6383.0, 1421.0], [272.0, 6406.0, 1359.0], [252.0, 6458.0, 1323.0], [233.0, 6462.0, 1326.0], [229.0, 6467.0, 1291.0], [224.0, 6477.0, 1324.0], [215.0, 6478.0, 1258.0], [210.0, 6479.0, 1277.0], [184.0, 6487.0, 1289.0], [172.0, 6483.0, 1311.0], [152.0, 6557.0, 1279.0]]
