heur = false
LBS_limit = 4
preproc = 0
tight_root = 0
total_time = 2.71
NDP = 57
total_nodes = 807
pruned_nodes = 404
pruned_dominance_nodes = 0
heur_time = 0.0
Y_N = Any[[663.0, 295.0, 357.0], [636.0, 310.0, 315.0], [620.0, 330.0, 290.0], [618.0, 323.0, 299.0], [603.0, 338.0, 230.0], [602.0, 434.0, 241.0], [602.0, 354.0, 242.0], [600.0, 347.0, 268.0], [582.0, 450.0, 203.0], [580.0, 415.0, 269.0], [579.0, 396.0, 307.0], [575.0, 437.0, 235.0], [570.0, 459.0, 176.0], [568.0, 453.0, 331.0], [555.0, 477.0, 278.0], [552.0, 500.0, 249.0], [524.0, 521.0, 233.0], [520.0, 434.0, 333.0], [518.0, 516.0, 248.0], [517.0, 550.0, 186.0], [506.0, 478.0, 251.0], [503.0, 491.0, 285.0], [501.0, 573.0, 299.0], [480.0, 632.0, 247.0], [480.0, 544.0, 332.0], [471.0, 575.0, 251.0], [447.0, 652.0, 162.0], [444.0, 554.0, 352.0], [443.0, 575.0, 275.0], [440.0, 588.0, 263.0], [431.0, 716.0, 154.0], [428.0, 661.0, 181.0], [422.0, 638.0, 190.0], [419.0, 666.0, 244.0], [417.0, 634.0, 298.0], [407.0, 698.0, 189.0], [407.0, 679.0, 212.0], [403.0, 569.0, 338.0], [393.0, 647.0, 249.0], [393.0, 594.0, 350.0], [388.0, 662.0, 269.0], [377.0, 695.0, 197.0], [368.0, 688.0, 260.0], [360.0, 696.0, 233.0], [352.0, 636.0, 307.0], [349.0, 699.0, 196.0], [349.0, 698.0, 297.0], [343.0, 746.0, 192.0], [340.0, 792.0, 185.0], [328.0, 624.0, 328.0], [326.0, 776.0, 194.0], [324.0, 649.0, 330.0], [320.0, 726.0, 275.0], [313.0, 782.0, 227.0], [303.0, 837.0, 194.0], [282.0, 783.0, 268.0], [277.0, 749.0, 295.0]]
