n=50
density=25
Q1=[0 0 0 0 0 0 0 0 0 0 0 0 0 0 0 0 0 0 0 0 0 0 0 0 0 0 0 0 0 0 0 0 0 0 0 0 0 0 0 0 0 0 0 0 0 0 0 0 0 0 ;
0 1 0 0 0 0 0 0 0 0 0 0 0 0 0 0 0 0 0 0 0 0 0 0 0 0 0 0 0 0 0 0 0 0 0 0 0 0 0 0 0 0 0 0 0 0 0 0 0 0 ;
0 0 0 0 0 0 0 0 0 0 0 0 0 0 0 0 0 0 0 0 0 0 0 0 0 0 0 0 0 0 0 0 0 0 0 0 0 0 0 0 0 0 0 0 0 0 0 0 0 0 ;
0 0 0 0 0 0 0 0 0 0 0 0 0 0 0 0 0 0 0 0 0 0 0 0 0 0 0 0 0 0 0 0 0 0 0 0 0 0 0 0 0 0 0 0 0 0 0 0 0 0 ;
0 0 49 0 0 0 0 0 0 0 0 0 0 0 0 0 0 0 0 0 0 0 0 0 0 0 0 0 0 0 0 0 0 0 0 0 0 0 0 0 0 0 0 0 0 0 0 0 0 0 ;
92 0 79 0 0 0 0 0 0 0 0 0 0 0 0 0 0 0 0 0 0 0 0 0 0 0 0 0 0 0 0 0 0 0 0 0 0 0 0 0 0 0 0 0 0 0 0 0 0 0 ;
0 0 0 0 0 0 69 0 0 0 0 0 0 0 0 0 0 0 0 0 0 0 0 0 0 0 0 0 0 0 0 0 0 0 0 0 0 0 0 0 0 0 0 0 0 0 0 0 0 0 ;
0 0 0 0 85 0 63 87 0 0 0 0 0 0 0 0 0 0 0 0 0 0 0 0 0 0 0 0 0 0 0 0 0 0 0 0 0 0 0 0 0 0 0 0 0 0 0 0 0 0 ;
65 0 0 7 0 0 54 0 0 0 0 0 0 0 0 0 0 0 0 0 0 0 0 0 0 0 0 0 0 0 0 0 0 0 0 0 0 0 0 0 0 0 0 0 0 0 0 0 0 0 ;
0 0 0 0 0 0 0 38 0 0 0 0 0 0 0 0 0 0 0 0 0 0 0 0 0 0 0 0 0 0 0 0 0 0 0 0 0 0 0 0 0 0 0 0 0 0 0 0 0 0 ;
0 80 0 12 0 0 4 14 85 56 28 0 0 0 0 0 0 0 0 0 0 0 0 0 0 0 0 0 0 0 0 0 0 0 0 0 0 0 0 0 0 0 0 0 0 0 0 0 0 0 ;
0 0 0 0 0 55 0 40 0 0 0 58 0 0 0 0 0 0 0 0 0 0 0 0 0 0 0 0 0 0 0 0 0 0 0 0 0 0 0 0 0 0 0 0 0 0 0 0 0 0 ;
0 0 0 0 81 0 0 53 23 0 81 0 0 0 0 0 0 0 0 0 0 0 0 0 0 0 0 0 0 0 0 0 0 0 0 0 0 0 0 0 0 0 0 0 0 0 0 0 0 0 ;
0 0 38 0 43 0 0 72 0 0 5 0 0 78 0 0 0 0 0 0 0 0 0 0 0 0 0 0 0 0 0 0 0 0 0 0 0 0 0 0 0 0 0 0 0 0 0 0 0 0 ;
0 0 0 0 0 0 49 0 0 0 76 0 0 0 0 0 0 0 0 0 0 0 0 0 0 0 0 0 0 0 0 0 0 0 0 0 0 0 0 0 0 0 0 0 0 0 0 0 0 0 ;
0 0 0 0 0 0 0 0 21 91 0 0 46 0 86 0 0 0 0 0 0 0 0 0 0 0 0 0 0 0 0 0 0 0 0 0 0 0 0 0 0 0 0 0 0 0 0 0 0 0 ;
0 0 72 0 0 0 73 0 0 0 0 0 0 0 0 0 0 0 0 0 0 0 0 0 0 0 0 0 0 0 0 0 0 0 0 0 0 0 0 0 0 0 0 0 0 0 0 0 0 0 ;
1 0 0 0 49 0 52 81 0 0 0 0 0 0 40 0 66 0 0 0 0 0 0 0 0 0 0 0 0 0 0 0 0 0 0 0 0 0 0 0 0 0 0 0 0 0 0 0 0 0 ;
0 0 0 0 0 0 98 0 0 0 73 8 0 0 0 0 0 79 0 0 0 0 0 0 0 0 0 0 0 0 0 0 0 0 0 0 0 0 0 0 0 0 0 0 0 0 0 0 0 0 ;
0 0 15 0 0 0 99 91 0 0 0 0 0 0 0 72 0 0 0 0 0 0 0 0 0 0 0 0 0 0 0 0 0 0 0 0 0 0 0 0 0 0 0 0 0 0 0 0 0 0 ;
0 0 82 0 0 0 31 0 0 0 0 0 0 87 0 23 88 0 68 0 0 0 0 0 0 0 0 0 0 0 0 0 0 0 0 0 0 0 0 0 0 0 0 0 0 0 0 0 0 0 ;
0 0 0 0 0 0 56 0 0 0 30 3 0 0 0 0 0 0 0 34 0 0 0 0 0 0 0 0 0 0 0 0 0 0 0 0 0 0 0 0 0 0 0 0 0 0 0 0 0 0 ;
0 0 47 0 0 0 0 0 0 0 0 5 0 0 0 0 0 0 0 0 0 59 0 0 0 0 0 0 0 0 0 0 0 0 0 0 0 0 0 0 0 0 0 0 0 0 0 0 0 0 ;
0 0 0 0 0 0 0 0 48 14 72 0 0 0 0 0 18 0 0 0 0 0 0 0 0 0 0 0 0 0 0 0 0 0 0 0 0 0 0 0 0 0 0 0 0 0 0 0 0 0 ;
0 0 0 0 0 65 31 0 0 0 83 0 0 5 68 0 0 71 0 0 0 42 41 0 0 0 0 0 0 0 0 0 0 0 0 0 0 0 0 0 0 0 0 0 0 0 0 0 0 0 ;
0 0 0 0 0 0 0 88 0 72 0 0 63 0 94 0 0 0 0 0 0 0 0 0 0 0 0 0 0 0 0 0 0 0 0 0 0 0 0 0 0 0 0 0 0 0 0 0 0 0 ;
0 0 0 0 0 0 0 68 52 0 0 63 0 0 0 0 23 26 10 0 0 0 0 60 79 0 36 0 0 0 0 0 0 0 0 0 0 0 0 0 0 0 0 0 0 0 0 0 0 0 ;
22 0 0 69 26 0 0 0 0 0 0 10 4 0 0 99 0 0 86 0 0 0 0 0 0 0 44 85 0 0 0 0 0 0 0 0 0 0 0 0 0 0 0 0 0 0 0 0 0 0 ;
0 0 32 0 0 82 0 0 0 0 0 20 0 0 29 93 0 16 31 0 0 0 0 0 0 36 0 0 0 0 0 0 0 0 0 0 0 0 0 0 0 0 0 0 0 0 0 0 0 0 ;
0 0 0 75 0 0 57 6 0 0 12 0 70 0 0 19 0 0 0 0 0 0 48 0 100 0 0 0 0 0 0 0 0 0 0 0 0 0 0 0 0 0 0 0 0 0 0 0 0 0 ;
0 0 0 0 0 0 0 0 0 0 0 0 0 3 0 44 0 92 0 0 0 0 94 0 0 0 0 0 0 0 0 0 0 0 0 0 0 0 0 0 0 0 0 0 0 0 0 0 0 0 ;
40 0 0 0 0 0 16 0 99 26 98 0 0 35 0 0 0 0 45 89 0 0 0 0 0 0 0 0 0 0 83 0 0 0 0 0 0 0 0 0 0 0 0 0 0 0 0 0 0 0 ;
0 50 0 48 0 73 0 47 0 0 0 0 0 0 0 0 0 0 0 0 0 0 0 0 0 27 36 0 0 0 9 0 0 0 0 0 0 0 0 0 0 0 0 0 0 0 0 0 0 0 ;
0 0 0 0 0 0 0 25 0 61 0 0 0 17 0 0 0 0 0 0 0 3 0 0 0 0 0 6 51 0 0 94 0 0 0 0 0 0 0 0 0 0 0 0 0 0 0 0 0 0 ;
0 0 0 20 0 0 37 0 0 0 0 0 0 0 0 76 0 51 0 0 41 0 0 39 0 0 80 0 0 0 0 57 0 0 0 0 0 0 0 0 0 0 0 0 0 0 0 0 0 0 ;
0 0 0 0 0 0 96 0 0 2 7 0 0 0 47 0 14 0 100 0 23 0 0 0 0 0 56 0 43 87 64 0 0 0 44 0 0 0 0 0 0 0 0 0 0 0 0 0 0 0 ;
0 70 0 0 0 0 0 2 0 5 0 0 0 87 0 0 0 0 0 0 0 0 79 0 50 26 41 81 0 0 0 0 0 0 0 0 0 0 0 0 0 0 0 0 0 0 0 0 0 0 ;
0 0 0 14 64 0 21 0 0 0 65 0 0 0 0 0 0 0 13 0 0 81 21 0 5 0 0 34 0 0 0 0 0 0 83 0 0 10 0 0 0 0 0 0 0 0 0 0 0 0 ;
5 0 0 46 0 0 37 0 43 0 84 0 17 0 0 0 0 0 0 61 0 0 0 23 0 0 0 13 65 0 0 36 73 82 0 0 0 0 0 0 0 0 0 0 0 0 0 0 0 0 ;
0 32 0 0 0 0 0 0 0 27 0 9 38 0 0 0 0 0 0 56 0 55 0 0 15 0 4 53 0 0 0 0 7 87 0 0 0 0 27 0 0 0 0 0 0 0 0 0 0 0 ;
58 0 0 0 0 0 0 0 0 0 86 0 80 0 80 0 10 0 0 0 0 0 0 0 0 3 0 0 0 0 0 0 0 44 0 0 0 0 25 0 0 0 0 0 0 0 0 0 0 0 ;
0 0 0 0 0 0 0 0 0 0 0 0 0 90 0 0 0 0 59 0 0 0 0 0 15 76 0 0 58 11 85 0 0 0 0 21 0 0 0 0 0 28 0 0 0 0 0 0 0 0 ;
0 0 0 28 50 0 0 0 0 0 41 0 0 0 0 0 76 0 0 0 0 0 0 0 0 0 85 0 0 0 0 0 53 6 0 27 56 0 90 0 0 8 0 0 0 0 0 0 0 0 ;
12 30 0 0 89 0 0 0 0 0 0 0 0 32 21 100 0 0 0 0 0 70 0 0 0 0 0 0 0 0 0 0 0 0 0 0 87 0 0 0 0 22 0 0 0 0 0 0 0 0 ;
0 0 0 0 63 0 0 0 0 62 0 0 0 0 0 0 0 0 0 0 92 0 19 0 88 0 0 30 38 80 0 0 0 0 0 0 0 0 0 12 0 71 0 0 0 0 0 0 0 0 ;
0 0 65 0 0 0 75 8 0 13 81 0 0 74 0 46 0 0 0 0 0 0 0 60 2 0 15 0 0 0 76 0 33 0 0 0 0 0 0 0 0 0 0 0 0 65 0 0 0 0 ;
0 0 0 0 0 0 0 0 38 0 0 0 0 0 0 0 0 0 72 0 0 0 0 44 0 0 33 0 0 0 23 0 0 0 8 0 0 0 0 95 96 0 0 0 0 86 0 0 0 0 ;
0 0 100 5 0 0 0 91 0 59 0 0 0 12 0 54 0 0 0 0 0 0 0 71 0 0 0 0 0 0 66 0 0 0 0 0 0 0 0 0 65 0 32 0 0 0 0 0 0 0 ;
0 51 0 19 0 0 81 69 73 0 15 0 0 33 0 0 0 43 0 0 0 0 0 0 0 0 0 37 0 0 0 0 41 63 0 0 53 0 0 0 0 0 0 0 0 0 46 0 23 0 ;
0 0 73 84 0 0 0 0 0 0 0 0 84 0 0 0 68 0 0 79 0 0 0 0 0 0 0 79 86 0 0 0 0 0 0 10 0 73 0 0 34 0 0 0 30 13 0 100 0 0 ]
w=[23, 13, 34, 22, 46, 19, 40, 31, 34, 27, 27, 37, 7, 39, 27, 37, 30, 16, 36, 11, 29, 11, 9, 1, 14, 41, 40, 18, 7, 32, 13, 49, 2, 15, 30, 36, 11, 42, 39, 2, 16, 30, 26, 32, 21, 50, 15, 14, 49, 26]
W=56 
k=2 
inst_name = "QKP_50_100_25" 
feasible = true 
Q2=[100 0 0 0 0 0 0 0 0 0 0 0 0 0 0 0 0 0 0 0 0 0 0 0 0 0 0 0 0 0 0 0 0 0 0 0 0 0 0 0 0 0 0 0 0 0 0 0 0 0; 100 100 0 0 0 0 0 0 0 0 0 0 0 0 0 0 0 0 0 0 0 0 0 0 0 0 0 0 0 0 0 0 0 0 0 0 0 0 0 0 0 0 0 0 0 0 0 0 0 0; 100 100 100 0 0 0 0 0 0 0 0 0 0 0 0 0 0 0 0 0 0 0 0 0 0 0 0 0 0 0 0 0 0 0 0 0 0 0 0 0 0 0 0 0 0 0 0 0 0 0; 100 100 100 100 0 0 0 0 0 0 0 0 0 0 0 0 0 0 0 0 0 0 0 0 0 0 0 0 0 0 0 0 0 0 0 0 0 0 0 0 0 0 0 0 0 0 0 0 0 0; 100 100 61 100 100 0 0 0 0 0 0 0 0 0 0 0 0 0 0 0 0 0 0 0 0 0 0 0 0 0 0 0 0 0 0 0 0 0 0 0 0 0 0 0 0 0 0 0 0 0; 4 100 18 100 100 100 0 0 0 0 0 0 0 0 0 0 0 0 0 0 0 0 0 0 0 0 0 0 0 0 0 0 0 0 0 0 0 0 0 0 0 0 0 0 0 0 0 0 0 0; 100 100 100 100 100 100 1 0 0 0 0 0 0 0 0 0 0 0 0 0 0 0 0 0 0 0 0 0 0 0 0 0 0 0 0 0 0 0 0 0 0 0 0 0 0 0 0 0 0 0; 100 100 100 100 8 100 17 11 0 0 0 0 0 0 0 0 0 0 0 0 0 0 0 0 0 0 0 0 0 0 0 0 0 0 0 0 0 0 0 0 0 0 0 0 0 0 0 0 0 0; 14 100 100 93 100 100 42 100 100 0 0 0 0 0 0 0 0 0 0 0 0 0 0 0 0 0 0 0 0 0 0 0 0 0 0 0 0 0 0 0 0 0 0 0 0 0 0 0 0 0; 100 100 100 100 100 100 100 63 100 100 0 0 0 0 0 0 0 0 0 0 0 0 0 0 0 0 0 0 0 0 0 0 0 0 0 0 0 0 0 0 0 0 0 0 0 0 0 0 0 0; 100 17 100 96 100 100 99 91 12 40 72 0 0 0 0 0 0 0 0 0 0 0 0 0 0 0 0 0 0 0 0 0 0 0 0 0 0 0 0 0 0 0 0 0 0 0 0 0 0 0; 100 100 100 100 100 23 100 71 100 100 100 12 0 0 0 0 0 0 0 0 0 0 0 0 0 0 0 0 0 0 0 0 0 0 0 0 0 0 0 0 0 0 0 0 0 0 0 0 0 0; 100 100 100 100 18 100 100 15 92 100 7 100 100 0 0 0 0 0 0 0 0 0 0 0 0 0 0 0 0 0 0 0 0 0 0 0 0 0 0 0 0 0 0 0 0 0 0 0 0 0; 100 100 87 100 79 100 100 24 100 100 98 100 100 13 0 0 0 0 0 0 0 0 0 0 0 0 0 0 0 0 0 0 0 0 0 0 0 0 0 0 0 0 0 0 0 0 0 0 0 0; 100 100 100 100 100 100 91 100 100 100 23 100 100 100 100 0 0 0 0 0 0 0 0 0 0 0 0 0 0 0 0 0 0 0 0 0 0 0 0 0 0 0 0 0 0 0 0 0 0 0; 100 100 100 100 100 100 100 100 92 8 100 100 96 100 12 100 0 0 0 0 0 0 0 0 0 0 0 0 0 0 0 0 0 0 0 0 0 0 0 0 0 0 0 0 0 0 0 0 0 0; 100 100 9 100 100 100 24 100 100 100 100 100 100 100 100 100 100 0 0 0 0 0 0 0 0 0 0 0 0 0 0 0 0 0 0 0 0 0 0 0 0 0 0 0 0 0 0 0 0 0; 100 100 100 100 64 100 40 4 100 100 100 100 100 100 74 100 2 100 0 0 0 0 0 0 0 0 0 0 0 0 0 0 0 0 0 0 0 0 0 0 0 0 0 0 0 0 0 0 0 0; 100 100 100 100 100 100 0 100 100 100 12 92 100 100 100 100 100 0 100 0 0 0 0 0 0 0 0 0 0 0 0 0 0 0 0 0 0 0 0 0 0 0 0 0 0 0 0 0 0 0; 100 100 95 100 100 100 1 0 100 100 100 100 100 100 100 0 100 100 100 100 0 0 0 0 0 0 0 0 0 0 0 0 0 0 0 0 0 0 0 0 0 0 0 0 0 0 0 0 0 0; 100 100 3 100 100 100 82 100 100 100 100 100 100 11 100 85 7 100 20 100 100 0 0 0 0 0 0 0 0 0 0 0 0 0 0 0 0 0 0 0 0 0 0 0 0 0 0 0 0 0; 100 100 100 100 100 100 1 100 100 100 78 97 100 100 100 100 100 100 100 82 100 100 0 0 0 0 0 0 0 0 0 0 0 0 0 0 0 0 0 0 0 0 0 0 0 0 0 0 0 0; 100 100 66 100 100 100 100 100 100 100 100 100 100 100 100 100 100 100 100 100 100 25 100 0 0 0 0 0 0 0 0 0 0 0 0 0 0 0 0 0 0 0 0 0 0 0 0 0 0 0; 100 100 100 100 100 100 100 100 72 89 13 100 100 100 100 100 89 100 100 100 100 100 100 100 0 0 0 0 0 0 0 0 0 0 0 0 0 0 0 0 0 0 0 0 0 0 0 0 0 0; 100 100 100 100 100 35 88 100 100 100 0 100 100 99 24 100 100 24 100 100 100 71 89 100 100 0 0 0 0 0 0 0 0 0 0 0 0 0 0 0 0 0 0 0 0 0 0 0 0 0; 100 100 100 100 100 100 100 6 100 15 100 100 31 100 3 100 100 100 100 100 100 100 100 100 100 100 0 0 0 0 0 0 0 0 0 0 0 0 0 0 0 0 0 0 0 0 0 0 0 0; 100 100 100 100 100 100 100 26 31 100 100 9 100 100 100 100 78 92 92 100 100 100 100 40 21 100 77 0 0 0 0 0 0 0 0 0 0 0 0 0 0 0 0 0 0 0 0 0 0 0; 80 100 100 12 92 100 100 100 100 100 100 95 99 100 100 1 100 100 3 100 100 100 100 100 100 100 82 0 0 0 0 0 0 0 0 0 0 0 0 0 0 0 0 0 0 0 0 0 0 0; 100 100 70 100 100 13 100 100 100 100 100 91 100 100 76 7 100 87 69 100 100 100 100 100 100 89 100 100 100 0 0 0 0 0 0 0 0 0 0 0 0 0 0 0 0 0 0 0 0 0; 100 100 100 17 100 100 29 100 100 100 92 100 20 100 100 99 100 100 100 100 100 100 82 100 0 100 100 100 100 100 0 0 0 0 0 0 0 0 0 0 0 0 0 0 0 0 0 0 0 0; 100 100 100 100 100 100 100 100 100 100 100 100 100 97 100 100 100 1 100 100 100 100 5 100 100 100 100 100 100 100 100 0 0 0 0 0 0 0 0 0 0 0 0 0 0 0 0 0 0 0; 67 100 100 100 100 100 99 100 1 95 1 100 100 77 100 100 100 100 59 6 100 100 100 100 100 100 100 100 100 100 2 100 0 0 0 0 0 0 0 0 0 0 0 0 0 0 0 0 0 0; 100 20 100 77 100 8 100 69 100 100 100 100 100 100 100 100 100 100 100 100 100 100 100 100 100 76 93 100 100 100 92 100 100 0 0 0 0 0 0 0 0 0 0 0 0 0 0 0 0 0; 100 100 100 100 100 100 100 78 100 24 100 100 100 99 100 100 100 100 100 100 100 100 100 100 100 100 100 96 13 100 100 6 100 100 0 0 0 0 0 0 0 0 0 0 0 0 0 0 0 0; 100 100 100 94 100 100 64 100 100 100 100 100 100 100 100 16 100 33 100 100 72 100 100 77 100 100 16 100 100 100 100 1 100 100 100 0 0 0 0 0 0 0 0 0 0 0 0 0 0 0; 100 100 100 100 100 100 0 100 100 98 95 100 100 100 58 100 97 100 0 100 77 100 100 100 100 100 32 100 93 4 32 100 100 100 99 100 0 0 0 0 0 0 0 0 0 0 0 0 0 0; 100 23 100 100 100 100 100 98 100 96 100 100 100 9 100 100 100 100 100 100 100 100 19 100 36 98 96 18 100 100 100 100 100 100 100 100 100 0 0 0 0 0 0 0 0 0 0 0 0 0; 100 100 100 89 0 100 87 100 100 100 25 100 100 100 100 100 100 100 97 100 100 14 91 100 100 100 100 82 100 100 100 100 100 100 15 100 100 92 0 0 0 0 0 0 0 0 0 0 0 0; 95 100 100 92 100 100 91 100 93 100 7 100 88 100 100 100 100 100 100 10 100 100 100 92 100 100 100 88 9 100 100 100 6 0 100 100 100 100 100 0 0 0 0 0 0 0 0 0 0 0; 100 77 100 100 100 100 100 100 100 91 100 99 90 100 100 100 100 100 100 38 100 28 100 100 85 100 98 9 100 100 100 100 99 5 100 100 100 100 95 100 0 0 0 0 0 0 0 0 0 0; 28 100 100 100 100 100 100 100 100 100 4 100 7 100 20 100 99 100 100 100 100 100 100 100 100 98 100 100 100 100 100 100 100 95 100 100 100 100 82 100 100 0 0 0 0 0 0 0 0 0; 100 100 100 100 100 100 100 100 100 100 100 100 100 6 100 100 100 100 26 100 100 100 100 100 97 3 100 100 9 100 1 100 100 100 100 79 100 100 100 100 100 95 0 0 0 0 0 0 0 0; 100 100 100 99 29 100 100 100 100 100 68 100 100 100 100 100 15 100 100 100 100 100 100 100 100 100 5 100 100 100 100 100 4 99 100 91 21 100 3 100 100 99 100 0 0 0 0 0 0 0; 99 94 100 100 5 100 100 100 100 100 100 100 100 92 85 0 100 100 100 100 100 25 100 100 100 100 100 100 100 100 100 100 100 100 100 100 9 100 100 100 100 79 100 100 0 0 0 0 0 0; 100 100 100 100 8 100 100 100 100 23 100 100 100 100 100 100 100 100 100 100 3 100 86 100 7 100 100 82 86 13 100 100 100 100 100 100 100 100 100 92 100 1 100 100 100 0 0 0 0 0; 100 100 26 100 100 100 21 97 100 96 15 100 100 5 100 64 100 100 100 100 100 100 100 2 100 100 91 100 100 100 8 100 82 100 100 100 100 100 100 100 100 100 100 100 100 13 0 0 0 0; 100 100 100 100 100 100 100 100 95 100 100 100 100 100 100 100 100 100 4 100 100 100 100 76 100 100 82 100 100 100 83 100 100 100 97 100 100 100 100 0 1 100 100 100 100 8 100 0 0 0; 100 100 0 96 100 100 100 8 100 3 100 100 100 92 100 12 100 100 100 100 100 100 100 20 100 100 100 100 100 100 33 100 100 100 100 100 100 100 100 100 8 100 85 100 100 100 100 100 0 0; 100 5 100 96 100 100 5 3 1 100 89 100 100 87 100 100 100 89 100 100 100 100 100 100 100 100 100 97 100 100 100 100 62 1 100 100 41 100 100 100 100 100 100 100 100 100 70 100 80 0; 100 100 9 6 100 100 100 100 100 100 100 100 4 100 100 100 7 100 100 3 100 100 100 100 100 100 100 7 8 100 100 100 100 100 100 96 100 4 100 100 85 100 100 100 98 90 100 0 100 100]
