n=50
density=100
Q1=[91 0 0 0 0 0 0 0 0 0 0 0 0 0 0 0 0 0 0 0 0 0 0 0 0 0 0 0 0 0 0 0 0 0 0 0 0 0 0 0 0 0 0 0 0 0 0 0 0 0 ;
23 64 0 0 0 0 0 0 0 0 0 0 0 0 0 0 0 0 0 0 0 0 0 0 0 0 0 0 0 0 0 0 0 0 0 0 0 0 0 0 0 0 0 0 0 0 0 0 0 0 ;
83 6 15 0 0 0 0 0 0 0 0 0 0 0 0 0 0 0 0 0 0 0 0 0 0 0 0 0 0 0 0 0 0 0 0 0 0 0 0 0 0 0 0 0 0 0 0 0 0 0 ;
46 47 41 32 0 0 0 0 0 0 0 0 0 0 0 0 0 0 0 0 0 0 0 0 0 0 0 0 0 0 0 0 0 0 0 0 0 0 0 0 0 0 0 0 0 0 0 0 0 0 ;
12 23 64 41 19 0 0 0 0 0 0 0 0 0 0 0 0 0 0 0 0 0 0 0 0 0 0 0 0 0 0 0 0 0 0 0 0 0 0 0 0 0 0 0 0 0 0 0 0 0 ;
90 95 38 29 53 92 0 0 0 0 0 0 0 0 0 0 0 0 0 0 0 0 0 0 0 0 0 0 0 0 0 0 0 0 0 0 0 0 0 0 0 0 0 0 0 0 0 0 0 0 ;
82 4 21 53 87 10 22 0 0 0 0 0 0 0 0 0 0 0 0 0 0 0 0 0 0 0 0 0 0 0 0 0 0 0 0 0 0 0 0 0 0 0 0 0 0 0 0 0 0 0 ;
93 66 85 90 5 78 9 60 0 0 0 0 0 0 0 0 0 0 0 0 0 0 0 0 0 0 0 0 0 0 0 0 0 0 0 0 0 0 0 0 0 0 0 0 0 0 0 0 0 0 ;
77 83 39 88 40 28 62 82 82 0 0 0 0 0 0 0 0 0 0 0 0 0 0 0 0 0 0 0 0 0 0 0 0 0 0 0 0 0 0 0 0 0 0 0 0 0 0 0 0 0 ;
88 5 34 61 94 53 18 64 57 11 0 0 0 0 0 0 0 0 0 0 0 0 0 0 0 0 0 0 0 0 0 0 0 0 0 0 0 0 0 0 0 0 0 0 0 0 0 0 0 0 ;
73 91 35 63 48 86 30 39 98 67 2 0 0 0 0 0 0 0 0 0 0 0 0 0 0 0 0 0 0 0 0 0 0 0 0 0 0 0 0 0 0 0 0 0 0 0 0 0 0 0 ;
15 76 61 94 24 8 70 80 15 99 72 35 0 0 0 0 0 0 0 0 0 0 0 0 0 0 0 0 0 0 0 0 0 0 0 0 0 0 0 0 0 0 0 0 0 0 0 0 0 0 ;
30 18 43 80 33 24 15 31 91 74 1 100 98 0 0 0 0 0 0 0 0 0 0 0 0 0 0 0 0 0 0 0 0 0 0 0 0 0 0 0 0 0 0 0 0 0 0 0 0 0 ;
29 73 86 89 19 9 94 31 96 80 88 98 12 52 0 0 0 0 0 0 0 0 0 0 0 0 0 0 0 0 0 0 0 0 0 0 0 0 0 0 0 0 0 0 0 0 0 0 0 0 ;
19 93 15 54 80 6 27 92 83 100 83 100 9 66 74 0 0 0 0 0 0 0 0 0 0 0 0 0 0 0 0 0 0 0 0 0 0 0 0 0 0 0 0 0 0 0 0 0 0 0 ;
92 40 27 2 96 29 18 87 90 4 23 41 44 62 40 36 0 0 0 0 0 0 0 0 0 0 0 0 0 0 0 0 0 0 0 0 0 0 0 0 0 0 0 0 0 0 0 0 0 0 ;
69 52 62 28 14 68 82 68 89 17 14 49 83 82 89 98 12 0 0 0 0 0 0 0 0 0 0 0 0 0 0 0 0 0 0 0 0 0 0 0 0 0 0 0 0 0 0 0 0 0 ;
39 27 94 7 16 97 51 50 36 87 66 63 48 28 75 38 39 37 0 0 0 0 0 0 0 0 0 0 0 0 0 0 0 0 0 0 0 0 0 0 0 0 0 0 0 0 0 0 0 0 ;
20 83 78 98 90 79 26 29 37 16 42 17 67 25 17 39 22 89 92 0 0 0 0 0 0 0 0 0 0 0 0 0 0 0 0 0 0 0 0 0 0 0 0 0 0 0 0 0 0 0 ;
72 46 16 60 36 78 17 43 96 50 9 77 36 50 91 72 17 1 74 59 0 0 0 0 0 0 0 0 0 0 0 0 0 0 0 0 0 0 0 0 0 0 0 0 0 0 0 0 0 0 ;
67 16 17 58 18 81 29 23 74 30 17 40 75 81 77 30 64 74 91 64 18 0 0 0 0 0 0 0 0 0 0 0 0 0 0 0 0 0 0 0 0 0 0 0 0 0 0 0 0 0 ;
90 76 51 40 15 99 5 69 76 20 10 7 4 58 53 77 64 46 16 86 80 76 0 0 0 0 0 0 0 0 0 0 0 0 0 0 0 0 0 0 0 0 0 0 0 0 0 0 0 0 ;
26 20 27 16 8 66 71 90 85 22 31 80 31 14 92 40 21 84 12 96 96 97 45 0 0 0 0 0 0 0 0 0 0 0 0 0 0 0 0 0 0 0 0 0 0 0 0 0 0 0 ;
86 96 11 13 97 47 16 16 43 83 31 25 57 100 15 18 52 5 76 78 33 88 63 15 0 0 0 0 0 0 0 0 0 0 0 0 0 0 0 0 0 0 0 0 0 0 0 0 0 0 ;
59 63 81 33 70 4 23 68 67 30 6 41 60 38 87 24 62 13 68 45 97 31 78 91 56 0 0 0 0 0 0 0 0 0 0 0 0 0 0 0 0 0 0 0 0 0 0 0 0 0 ;
93 13 2 7 23 73 49 76 29 11 90 8 89 45 21 89 53 98 64 76 88 3 7 82 46 47 0 0 0 0 0 0 0 0 0 0 0 0 0 0 0 0 0 0 0 0 0 0 0 0 ;
62 60 16 38 64 42 97 15 39 35 81 42 92 71 1 19 12 48 36 67 11 3 98 9 73 9 17 0 0 0 0 0 0 0 0 0 0 0 0 0 0 0 0 0 0 0 0 0 0 0 ;
32 3 57 38 73 81 43 18 33 66 99 56 35 33 43 47 75 63 72 80 74 82 64 91 20 57 89 49 0 0 0 0 0 0 0 0 0 0 0 0 0 0 0 0 0 0 0 0 0 0 ;
18 56 47 60 42 3 7 8 24 51 60 14 83 67 39 64 37 65 50 37 78 60 46 90 74 65 30 66 94 0 0 0 0 0 0 0 0 0 0 0 0 0 0 0 0 0 0 0 0 0 ;
82 66 90 28 91 27 36 55 80 79 78 35 34 59 25 59 19 31 75 10 45 40 19 93 25 32 28 97 6 32 0 0 0 0 0 0 0 0 0 0 0 0 0 0 0 0 0 0 0 0 ;
10 14 75 75 21 38 63 49 24 84 70 36 3 32 16 87 99 100 53 14 88 8 19 98 60 22 95 45 93 26 68 0 0 0 0 0 0 0 0 0 0 0 0 0 0 0 0 0 0 0 ;
69 49 98 99 99 6 26 19 66 58 1 85 14 51 48 31 16 54 18 79 29 86 58 35 90 61 89 31 92 31 34 35 0 0 0 0 0 0 0 0 0 0 0 0 0 0 0 0 0 0 ;
63 74 23 74 76 68 62 3 67 37 78 45 58 65 85 16 56 49 80 32 51 75 49 94 62 12 9 29 52 88 19 22 63 0 0 0 0 0 0 0 0 0 0 0 0 0 0 0 0 0 ;
92 87 47 42 46 73 10 47 97 75 52 50 24 24 5 4 71 6 34 55 69 9 59 36 31 76 55 72 61 60 5 84 53 18 0 0 0 0 0 0 0 0 0 0 0 0 0 0 0 0 ;
35 67 94 33 2 38 46 50 77 6 18 5 57 7 91 59 22 83 11 3 82 63 99 18 40 55 30 55 44 61 68 70 57 98 83 0 0 0 0 0 0 0 0 0 0 0 0 0 0 0 ;
77 91 100 55 93 16 38 65 76 29 7 64 53 32 75 61 67 77 64 92 93 43 82 100 93 58 36 87 26 17 17 77 12 23 35 70 0 0 0 0 0 0 0 0 0 0 0 0 0 0 ;
25 100 88 100 26 26 30 46 27 75 58 93 45 94 10 66 48 90 2 12 14 9 38 57 33 3 40 61 53 87 46 69 95 40 2 29 31 0 0 0 0 0 0 0 0 0 0 0 0 0 ;
81 52 47 22 55 71 29 17 32 22 36 73 57 83 12 15 96 19 76 65 36 59 95 72 85 96 37 50 30 12 94 3 52 78 56 2 77 60 0 0 0 0 0 0 0 0 0 0 0 0 ;
17 30 45 96 20 81 26 30 56 77 64 84 22 81 98 23 9 96 3 6 100 25 80 82 94 62 84 87 12 48 46 97 77 45 46 83 17 17 39 0 0 0 0 0 0 0 0 0 0 0 ;
53 34 36 50 69 72 34 100 32 16 58 76 92 80 87 69 68 12 46 20 66 59 14 73 86 81 87 28 61 39 85 97 32 24 23 10 28 64 66 78 0 0 0 0 0 0 0 0 0 0 ;
46 45 81 67 85 38 15 19 32 56 41 17 29 48 18 50 2 99 74 55 78 43 100 40 52 40 17 13 38 3 67 30 87 81 91 4 40 20 55 41 78 0 0 0 0 0 0 0 0 0 ;
74 93 38 62 72 23 70 1 17 34 11 61 22 12 49 53 94 42 29 45 19 28 19 22 82 52 45 67 50 59 75 11 54 28 6 6 31 6 23 31 53 35 0 0 0 0 0 0 0 0 ;
20 65 78 25 24 59 85 52 64 68 6 6 92 89 86 44 58 20 51 21 53 57 86 65 44 18 25 88 12 19 10 27 77 50 70 66 5 65 66 43 87 34 92 0 0 0 0 0 0 0 ;
75 66 49 60 42 85 29 48 71 100 18 30 90 63 82 19 24 33 35 51 5 4 97 57 51 18 1 28 70 36 5 9 92 23 86 44 36 72 28 74 68 17 18 49 0 0 0 0 0 0 ;
18 17 27 56 31 93 15 58 56 48 56 41 30 23 2 52 54 74 40 8 75 60 18 77 64 64 30 22 52 44 35 40 52 78 40 87 24 90 89 51 9 36 38 16 8 0 0 0 0 0 ;
50 48 53 25 32 32 3 28 5 86 5 40 39 76 4 44 74 37 80 22 83 27 91 67 1 48 65 86 67 31 22 66 67 98 13 54 50 35 82 18 98 64 29 40 38 81 0 0 0 0 ;
84 92 5 93 35 43 30 54 15 74 11 25 89 72 81 50 13 64 58 65 24 94 9 39 83 64 61 54 31 86 21 4 59 98 90 76 17 52 79 50 20 18 3 47 59 80 6 0 0 0 ;
73 5 36 48 76 72 49 20 45 5 45 4 41 6 45 33 54 94 2 52 36 100 48 8 67 49 98 46 58 30 37 98 16 21 52 44 98 90 51 25 1 20 54 74 99 3 28 97 0 0 ;
21 60 42 51 57 92 57 60 92 57 50 36 11 55 26 47 45 92 58 94 89 53 65 85 41 63 23 79 59 6 79 30 24 53 1 3 87 76 56 9 90 24 68 35 85 94 89 65 24 0 ;
1 48 32 7 30 99 84 65 44 19 35 50 62 35 94 55 37 4 93 9 96 53 86 37 95 65 41 69 54 33 94 58 97 12 16 45 11 48 95 72 93 80 43 8 17 42 96 94 89 79 ]
w=[35, 27, 23, 40, 1, 45, 25, 41, 21, 8, 33, 33, 28, 47, 39, 9, 38, 24, 2, 36, 22, 23, 22, 1, 6, 22, 48, 38, 4, 13, 23, 9, 20, 36, 49, 30, 24, 17, 9, 34, 9, 34, 19, 40, 21, 36, 6, 16, 35, 43]
W=79 
k=6 
inst_name = "QKP_50_100_100" 
feasible = true 
Q2=[4 0 0 0 0 0 0 0 0 0 0 0 0 0 0 0 0 0 0 0 0 0 0 0 0 0 0 0 0 0 0 0 0 0 0 0 0 0 0 0 0 0 0 0 0 0 0 0 0 0; 97 19 0 0 0 0 0 0 0 0 0 0 0 0 0 0 0 0 0 0 0 0 0 0 0 0 0 0 0 0 0 0 0 0 0 0 0 0 0 0 0 0 0 0 0 0 0 0 0 0; 8 100 86 0 0 0 0 0 0 0 0 0 0 0 0 0 0 0 0 0 0 0 0 0 0 0 0 0 0 0 0 0 0 0 0 0 0 0 0 0 0 0 0 0 0 0 0 0 0 0; 79 68 98 70 0 0 0 0 0 0 0 0 0 0 0 0 0 0 0 0 0 0 0 0 0 0 0 0 0 0 0 0 0 0 0 0 0 0 0 0 0 0 0 0 0 0 0 0 0 0; 98 84 13 93 88 0 0 0 0 0 0 0 0 0 0 0 0 0 0 0 0 0 0 0 0 0 0 0 0 0 0 0 0 0 0 0 0 0 0 0 0 0 0 0 0 0 0 0 0 0; 5 3 75 81 12 0 0 0 0 0 0 0 0 0 0 0 0 0 0 0 0 0 0 0 0 0 0 0 0 0 0 0 0 0 0 0 0 0 0 0 0 0 0 0 0 0 0 0 0 0; 6 97 94 11 12 96 88 0 0 0 0 0 0 0 0 0 0 0 0 0 0 0 0 0 0 0 0 0 0 0 0 0 0 0 0 0 0 0 0 0 0 0 0 0 0 0 0 0 0 0; 6 14 12 4 99 18 98 15 0 0 0 0 0 0 0 0 0 0 0 0 0 0 0 0 0 0 0 0 0 0 0 0 0 0 0 0 0 0 0 0 0 0 0 0 0 0 0 0 0 0; 6 1 92 5 89 90 36 10 13 0 0 0 0 0 0 0 0 0 0 0 0 0 0 0 0 0 0 0 0 0 0 0 0 0 0 0 0 0 0 0 0 0 0 0 0 0 0 0 0 0; 8 96 81 24 6 41 91 33 19 100 0 0 0 0 0 0 0 0 0 0 0 0 0 0 0 0 0 0 0 0 0 0 0 0 0 0 0 0 0 0 0 0 0 0 0 0 0 0 0 0; 16 0 83 2 55 3 87 67 1 3 99 0 0 0 0 0 0 0 0 0 0 0 0 0 0 0 0 0 0 0 0 0 0 0 0 0 0 0 0 0 0 0 0 0 0 0 0 0 0 0; 89 9 19 3 99 94 24 2 85 0 24 78 0 0 0 0 0 0 0 0 0 0 0 0 0 0 0 0 0 0 0 0 0 0 0 0 0 0 0 0 0 0 0 0 0 0 0 0 0 0; 86 83 63 16 78 92 97 86 3 18 100 0 0 0 0 0 0 0 0 0 0 0 0 0 0 0 0 0 0 0 0 0 0 0 0 0 0 0 0 0 0 0 0 0 0 0 0 0 0 0; 88 12 12 0 86 96 6 71 1 3 0 2 89 42 0 0 0 0 0 0 0 0 0 0 0 0 0 0 0 0 0 0 0 0 0 0 0 0 0 0 0 0 0 0 0 0 0 0 0 0; 95 3 88 46 3 96 82 0 11 0 7 0 91 29 22 0 0 0 0 0 0 0 0 0 0 0 0 0 0 0 0 0 0 0 0 0 0 0 0 0 0 0 0 0 0 0 0 0 0 0; 5 63 79 99 2 90 97 11 0 97 97 80 96 1 65 77 0 0 0 0 0 0 0 0 0 0 0 0 0 0 0 0 0 0 0 0 0 0 0 0 0 0 0 0 0 0 0 0 0 0; 20 34 32 88 100 11 8 0 9 98 89 97 3 4 8 0 94 0 0 0 0 0 0 0 0 0 0 0 0 0 0 0 0 0 0 0 0 0 0 0 0 0 0 0 0 0 0 0 0 0; 94 95 5 100 95 0 11 29 93 8 32 4 87 85 11 68 65 88 0 0 0 0 0 0 0 0 0 0 0 0 0 0 0 0 0 0 0 0 0 0 0 0 0 0 0 0 0 0 0 0; 97 4 18 0 3 1 98 86 71 95 79 93 15 78 88 69 100 8 3 0 0 0 0 0 0 0 0 0 0 0 0 0 0 0 0 0 0 0 0 0 0 0 0 0 0 0 0 0 0 0; 28 96 85 33 93 10 90 90 2 19 92 11 96 42 6 22 90 100 17 31 0 0 0 0 0 0 0 0 0 0 0 0 0 0 0 0 0 0 0 0 0 0 0 0 0 0 0 0 0 0; 12 95 88 11 88 2 92 91 8 84 93 98 24 2 17 86 9 24 7 23 100 0 0 0 0 0 0 0 0 0 0 0 0 0 0 0 0 0 0 0 0 0 0 0 0 0 0 0 0 0; 9 10 18 86 85 0 95 20 3 91 92 99 98 7 36 8 0 61 94 11 2 3 0 0 0 0 0 0 0 0 0 0 0 0 0 0 0 0 0 0 0 0 0 0 0 0 0 0 0 0; 81 84 93 97 99 27 26 4 6 80 75 19 79 87 6 61 90 10 95 0 3 1 81 0 0 0 0 0 0 0 0 0 0 0 0 0 0 0 0 0 0 0 0 0 0 0 0 0 0 0; 6 3 100 95 3 63 93 89 64 4 79 96 7 0 95 100 0 95 15 5 100 0 27 100 0 0 0 0 0 0 0 0 0 0 0 0 0 0 0 0 0 0 0 0 0 0 0 0 0 0; 10 9 1 96 19 96 86 25 3 99 98 89 34 65 9 87 6 98 9 62 1 72 13 4 23 0 0 0 0 0 0 0 0 0 0 0 0 0 0 0 0 0 0 0 0 0 0 0 0 0; 0 88 98 95 97 12 100 8 81 99 2 94 7 74 97 8 17 1 13 18 12 99 94 12 95 77 0 0 0 0 0 0 0 0 0 0 0 0 0 0 0 0 0 0 0 0 0 0 0 0; 4 12 96 92 18 81 2 96 64 68 4 79 2 9 100 87 93 77 84 15 98 98 2 97 3 91 99 0 0 0 0 0 0 0 0 0 0 0 0 0 0 0 0 0 0 0 0 0 0 0; 98 97 22 78 20 1 68 98 90 5 1 33 73 96 61 65 3 0 5 9 1 0 16 0 88 5 3 58 0 0 0 0 0 0 0 0 0 0 0 0 0 0 0 0 0 0 0 0 0 0; 98 35 95 8 87 99 96 94 87 45 37 89 3 0 79 25 86 11 18 68 18 26 93 10 1 21 70 8 2 0 0 0 0 0 0 0 0 0 0 0 0 0 0 0 0 0 0 0 0 0; 11 19 9 82 0 82 65 23 8 15 5 84 82 27 83 19 88 91 0 98 98 81 97 7 93 96 73 2 98 89 0 0 0 0 0 0 0 0 0 0 0 0 0 0 0 0 0 0 0 0; 98 97 13 23 83 90 11 73 87 10 6 87 98 75 99 10 0 0 7 99 8 92 83 0 37 83 3 95 0 85 6 0 0 0 0 0 0 0 0 0 0 0 0 0 0 0 0 0 0 0; 4 63 1 0 1 94 85 93 24 8 99 14 93 43 64 88 94 43 82 15 86 6 0 98 0 16 11 78 4 70 98 87 0 0 0 0 0 0 0 0 0 0 0 0 0 0 0 0 0 0; 25 20 82 16 20 7 25 99 21 91 20 88 33 23 14 91 15 55 2 77 35 10 68 6 3 89 94 89 43 10 97 96 31 0 0 0 0 0 0 0 0 0 0 0 0 0 0 0 0 0; 1 5 56 58 75 9 96 59 0 24 44 32 91 79 99 99 20 99 77 8 20 97 10 64 92 6 24 24 29 15 100 1 22 96 0 0 0 0 0 0 0 0 0 0 0 0 0 0 0 0; 76 1 2 78 99 82 93 36 22 96 94 97 18 96 9 29 94 0 92 100 18 25 0 99 65 30 84 20 78 1 15 12 26 2 17 0 0 0 0 0 0 0 0 0 0 0 0 0 0 0; 16 5 0 40 3 92 67 4 5 99 97 18 45 95 15 30 0 11 25 7 5 79 14 0 1 36 95 8 84 93 86 0 93 95 66 4 0 0 0 0 0 0 0 0 0 0 0 0 0 0; 100 0 7 0 78 100 76 87 73 11 26 5 71 2 90 22 63 10 98 90 86 97 65 9 97 100 65 33 4 1 95 10 2 87 98 80 95 0 0 0 0 0 0 0 0 0 0 0 0 0; 15 43 76 80 43 11 72 96 86 81 87 23 32 12 100 99 4 94 16 30 72 5 2 3 2 4 98 5 98 92 5 100 1 7 9 100 19 30 0 0 0 0 0 0 0 0 0 0 0 0; 97 95 94 2 91 0 90 87 34 14 0 12 89 16 2 86 92 3 99 94 0 93 14 8 1 30 11 3 99 73 62 3 21 70 89 10 96 87 69 0 0 0 0 0 0 0 0 0 0 0; 22 76 72 37 5 27 77 0 87 89 25 24 8 2 10 12 9 93 68 98 10 25 88 2 11 18 5 80 31 100 15 3 91 92 80 93 76 20 31 21 0 0 0 0 0 0 0 0 0 0; 75 79 14 31 3 89 92 88 84 5 80 85 85 87 96 33 100 0 8 30 4 67 0 87 24 87 99 98 93 100 0 97 5 14 6 100 64 96 44 98 20 0 0 0 0 0 0 0 0 0; 23 1 71 36 25 83 30 100 99 70 91 39 97 89 68 42 5 62 100 76 87 89 86 78 4 29 57 30 27 38 19 96 31 73 99 96 89 95 84 90 3 97 0 0 0 0 0 0 0 0; 85 14 13 89 95 11 0 13 19 3 100 99 1 6 5 92 16 90 30 81 35 10 3 24 92 87 85 8 96 86 95 80 14 34 25 9 100 11 9 58 5 78 1 0 0 0 0 0 0 0; 10 2 68 11 76 12 72 83 28 0 96 73 8 12 18 100 78 74 93 29 95 97 3 11 40 95 100 84 27 82 96 98 4 85 11 64 68 28 90 2 2 91 93 60 0 0 0 0 0 0; 100 94 100 26 73 6 96 31 14 70 32 69 74 95 100 27 21 3 64 95 13 23 98 16 10 24 80 78 1 95 79 73 12 20 95 2 93 7 6 6 91 85 92 89 94 0 0 0 0 0; 25 83 30 96 100 75 98 89 98 0 98 97 97 12 100 65 12 83 1 86 5 81 8 6 100 80 27 2 4 71 96 5 14 1 87 18 17 86 18 86 1 2 85 69 67 6 0 0 0 0; 3 3 97 6 67 84 81 15 93 2 91 79 6 12 16 20 87 35 41 4 86 2 97 61 12 16 19 19 70 4 82 100 18 0 3 1 89 42 9 33 95 85 99 76 29 20 99 0 0 0; 14 98 95 57 9 15 99 90 79 96 63 97 77 94 81 96 39 2 99 30 89 0 68 97 23 74 1 66 42 92 79 0 88 95 48 65 0 2 17 89 100 95 19 5 1 97 86 2 0 0; 84 6 97 19 0 4 32 33 5 4 38 83 89 40 81 66 65 1 27 1 11 31 33 1 62 6 100 4 17 100 17 95 94 20 100 98 5 1 2 98 2 76 10 68 1 6 11 29 98 0; 99 64 71 100 100 1 14 9 97 96 100 17 38 90 2 6 73 99 5 98 0 17 13 91 4 1 72 4 44 79 4 2 0 100 99 77 97 90 3 6 0 19 63 99 88 92 0 3 9 19]
