n=35
density=100
Q1=[25 0 0 0 0 0 0 0 0 0 0 0 0 0 0 0 0 0 0 0 0 0 0 0 0 0 0 0 0 0 0 0 0 0 0 ;
69 30 0 0 0 0 0 0 0 0 0 0 0 0 0 0 0 0 0 0 0 0 0 0 0 0 0 0 0 0 0 0 0 0 0 ;
89 88 5 0 0 0 0 0 0 0 0 0 0 0 0 0 0 0 0 0 0 0 0 0 0 0 0 0 0 0 0 0 0 0 0 ;
80 45 47 50 0 0 0 0 0 0 0 0 0 0 0 0 0 0 0 0 0 0 0 0 0 0 0 0 0 0 0 0 0 0 0 ;
14 33 70 27 77 0 0 0 0 0 0 0 0 0 0 0 0 0 0 0 0 0 0 0 0 0 0 0 0 0 0 0 0 0 0 ;
12 77 12 55 83 66 0 0 0 0 0 0 0 0 0 0 0 0 0 0 0 0 0 0 0 0 0 0 0 0 0 0 0 0 0 ;
24 42 95 15 25 28 80 0 0 0 0 0 0 0 0 0 0 0 0 0 0 0 0 0 0 0 0 0 0 0 0 0 0 0 0 ;
11 68 31 64 11 64 59 90 0 0 0 0 0 0 0 0 0 0 0 0 0 0 0 0 0 0 0 0 0 0 0 0 0 0 0 ;
27 1 49 38 34 94 16 68 24 0 0 0 0 0 0 0 0 0 0 0 0 0 0 0 0 0 0 0 0 0 0 0 0 0 0 ;
54 15 88 39 12 67 76 30 75 85 0 0 0 0 0 0 0 0 0 0 0 0 0 0 0 0 0 0 0 0 0 0 0 0 0 ;
35 9 29 93 38 68 56 21 12 53 24 0 0 0 0 0 0 0 0 0 0 0 0 0 0 0 0 0 0 0 0 0 0 0 0 ;
13 46 91 48 10 94 100 38 45 17 10 9 0 0 0 0 0 0 0 0 0 0 0 0 0 0 0 0 0 0 0 0 0 0 0 ;
80 36 93 34 51 34 41 89 69 4 99 70 68 0 0 0 0 0 0 0 0 0 0 0 0 0 0 0 0 0 0 0 0 0 0 ;
31 35 4 99 21 87 48 9 14 14 34 84 10 38 0 0 0 0 0 0 0 0 0 0 0 0 0 0 0 0 0 0 0 0 0 ;
33 23 9 12 46 92 9 18 57 58 13 70 15 64 72 0 0 0 0 0 0 0 0 0 0 0 0 0 0 0 0 0 0 0 0 ;
26 54 41 12 22 63 92 13 60 58 17 59 54 40 70 22 0 0 0 0 0 0 0 0 0 0 0 0 0 0 0 0 0 0 0 ;
47 26 56 38 100 6 40 94 19 35 64 31 37 48 7 12 94 0 0 0 0 0 0 0 0 0 0 0 0 0 0 0 0 0 0 ;
45 37 24 21 66 35 9 68 22 81 84 65 38 98 61 40 29 31 0 0 0 0 0 0 0 0 0 0 0 0 0 0 0 0 0 ;
38 1 84 16 8 97 68 7 75 46 24 51 57 31 19 53 68 43 6 0 0 0 0 0 0 0 0 0 0 0 0 0 0 0 0 ;
10 88 90 54 2 40 91 93 62 12 87 39 46 28 73 10 59 75 32 33 0 0 0 0 0 0 0 0 0 0 0 0 0 0 0 ;
89 50 87 100 68 3 51 21 64 40 3 34 49 3 23 76 18 52 37 50 56 0 0 0 0 0 0 0 0 0 0 0 0 0 0 ;
84 18 41 98 53 5 67 11 18 18 100 65 46 28 27 55 58 60 66 92 58 22 0 0 0 0 0 0 0 0 0 0 0 0 0 ;
88 82 29 14 78 60 25 56 47 56 85 54 57 32 22 18 3 98 50 38 34 87 59 0 0 0 0 0 0 0 0 0 0 0 0 ;
96 66 1 31 83 25 18 26 25 77 89 31 3 58 37 68 78 99 46 60 91 18 13 13 0 0 0 0 0 0 0 0 0 0 0 ;
53 9 47 75 16 82 45 94 89 12 8 15 70 76 1 70 100 83 22 67 39 5 4 25 18 0 0 0 0 0 0 0 0 0 0 ;
79 75 76 25 89 63 75 58 39 5 96 34 79 39 67 71 35 36 6 30 10 41 69 76 20 17 0 0 0 0 0 0 0 0 0 ;
84 86 58 72 30 36 43 13 73 61 3 72 34 1 39 29 46 6 74 45 77 61 76 7 55 51 51 0 0 0 0 0 0 0 0 ;
58 53 3 100 79 51 41 84 39 52 73 78 17 67 77 21 9 65 74 10 24 8 78 25 62 87 87 95 0 0 0 0 0 0 0 ;
76 6 49 42 4 1 9 94 6 33 30 16 9 5 41 66 35 71 28 7 28 10 8 48 8 31 40 24 28 0 0 0 0 0 0 ;
32 48 8 74 81 9 22 49 98 29 88 17 92 93 75 89 29 9 41 100 95 94 13 87 19 2 62 35 68 38 0 0 0 0 0 ;
48 20 17 13 71 44 1 79 46 58 72 74 41 14 74 29 41 34 43 52 34 58 65 60 90 36 85 39 47 36 14 0 0 0 0 ;
15 19 84 45 13 76 44 69 64 100 15 43 20 41 66 77 2 28 92 93 35 52 44 45 28 43 59 33 86 73 44 77 0 0 0 ;
37 100 17 64 26 62 100 77 45 99 92 15 52 51 99 22 26 31 42 42 33 89 83 56 96 90 39 99 2 82 69 100 93 0 0 ;
18 37 61 88 40 79 52 73 63 89 26 28 78 54 51 58 73 16 68 97 51 35 57 38 41 78 61 42 7 30 31 82 7 16 0 ;
57 41 4 51 44 4 88 36 83 52 8 59 23 49 69 33 32 41 5 81 4 61 37 68 70 81 8 37 62 91 66 64 15 36 85 ]
w=[37, 33, 31, 12, 35, 19, 41, 25, 31, 24, 15, 3, 14, 43, 19, 25, 16, 28, 22, 28, 36, 37, 26, 39, 20, 30, 20, 48, 10, 1, 9, 25, 44, 6, 29]
W=64 
k=3 
inst_name = "QKP_35_100_100" 
feasible = true 
Q2=[89 0 0 0 0 0 0 0 0 0 0 0 0 0 0 0 0 0 0 0 0 0 0 0 0 0 0 0 0 0 0 0 0 0 0; 10 88 0 0 0 0 0 0 0 0 0 0 0 0 0 0 0 0 0 0 0 0 0 0 0 0 0 0 0 0 0 0 0 0 0; 2 11 96 0 0 0 0 0 0 0 0 0 0 0 0 0 0 0 0 0 0 0 0 0 0 0 0 0 0 0 0 0 0 0 0; 2 100 82 15 0 0 0 0 0 0 0 0 0 0 0 0 0 0 0 0 0 0 0 0 0 0 0 0 0 0 0 0 0 0 0; 90 67 18 92 21 0 0 0 0 0 0 0 0 0 0 0 0 0 0 0 0 0 0 0 0 0 0 0 0 0 0 0 0 0 0; 96 17 99 5 4 7 0 0 0 0 0 0 0 0 0 0 0 0 0 0 0 0 0 0 0 0 0 0 0 0 0 0 0 0 0; 90 83 3 92 84 89 20 0 0 0 0 0 0 0 0 0 0 0 0 0 0 0 0 0 0 0 0 0 0 0 0 0 0 0 0; 92 10 74 30 99 3 3 5 0 0 0 0 0 0 0 0 0 0 0 0 0 0 0 0 0 0 0 0 0 0 0 0 0 0 0; 95 100 53 65 84 4 100 26 77 0 0 0 0 0 0 0 0 0 0 0 0 0 0 0 0 0 0 0 0 0 0 0 0 0 0; 8 86 1 89 95 8 14 87 6 9 0 0 0 0 0 0 0 0 0 0 0 0 0 0 0 0 0 0 0 0 0 0 0 0 0; 75 98 90 3 83 19 29 93 90 20 77 0 0 0 0 0 0 0 0 0 0 0 0 0 0 0 0 0 0 0 0 0 0 0 0; 90 59 6 96 90 2 0 64 61 85 94 99 0 0 0 0 0 0 0 0 0 0 0 0 0 0 0 0 0 0 0 0 0 0 0; 14 98 1 66 2 93 88 0 24 99 0 14 29 0 0 0 0 0 0 0 0 0 0 0 0 0 0 0 0 0 0 0 0 0 0; 71 78 97 0 92 8 56 98 90 90 86 15 94 82 0 0 0 0 0 0 0 0 0 0 0 0 0 0 0 0 0 0 0 0 0; 89 94 99 94 75 1 95 82 31 4 100 24 88 25 19 0 0 0 0 0 0 0 0 0 0 0 0 0 0 0 0 0 0 0 0; 92 35 77 95 93 12 6 96 6 39 84 25 17 97 2 88 0 0 0 0 0 0 0 0 0 0 0 0 0 0 0 0 0 0 0; 79 86 27 97 0 100 86 1 100 86 32 88 74 57 98 91 1 0 0 0 0 0 0 0 0 0 0 0 0 0 0 0 0 0 0; 70 95 94 82 33 81 94 9 91 16 5 5 63 0 34 97 71 87 0 0 0 0 0 0 0 0 0 0 0 0 0 0 0 0 0; 75 100 9 96 98 0 12 96 21 90 97 31 11 79 88 19 19 95 97 0 0 0 0 0 0 0 0 0 0 0 0 0 0 0 0; 99 6 6 42 98 75 3 4 4 93 12 64 73 81 9 96 15 23 88 90 0 0 0 0 0 0 0 0 0 0 0 0 0 0 0; 11 27 2 0 5 99 30 100 19 70 97 67 73 97 94 6 89 39 79 27 29 0 0 0 0 0 0 0 0 0 0 0 0 0 0; 10 83 87 0 21 98 25 100 83 92 0 15 73 91 82 44 39 32 21 4 5 93 0 0 0 0 0 0 0 0 0 0 0 0 0; 11 2 86 89 21 12 93 44 76 35 5 11 30 91 95 89 99 2 32 99 94 8 35 0 0 0 0 0 0 0 0 0 0 0 0; 4 28 99 89 0 91 90 75 98 15 3 70 98 23 73 27 6 1 70 12 1 98 89 97 0 0 0 0 0 0 0 0 0 0 0; 19 99 74 24 84 4 82 0 8 88 95 89 25 17 100 24 0 2 83 11 71 96 100 89 96 0 0 0 0 0 0 0 0 0 0; 0 22 5 99 0 4 6 35 65 100 4 84 10 82 6 1 92 75 98 72 97 72 26 9 87 88 0 0 0 0 0 0 0 0 0; 4 2 17 23 71 85 75 93 4 13 97 2 96 99 64 89 73 97 10 86 10 16 7 100 26 5 38 0 0 0 0 0 0 0 0; 35 28 98 0 17 16 78 6 73 45 4 7 87 10 9 92 98 11 1 91 82 95 11 90 18 0 5 4 0 0 0 0 0 0 0; 8 96 58 58 100 99 92 1 94 68 100 85 95 96 69 31 78 19 95 97 91 97 98 80 97 82 90 90 97 0 0 0 0 0 0; 94 93 93 0 1 91 93 82 0 96 8 97 6 4 20 4 88 94 81 0 2 6 95 0 87 98 1 82 10 79 0 0 0 0 0; 91 81 93 89 21 87 99 18 87 27 7 18 61 89 12 99 100 70 69 47 80 37 32 6 0 85 4 79 59 81 88 0 0 0 0; 86 99 2 68 97 5 78 3 5 0 96 63 99 76 32 9 100 85 1 0 67 17 79 88 89 64 22 70 10 16 71 3 0 0 0; 68 0 89 31 84 29 0 23 59 0 6 100 8 11 0 80 99 79 73 65 96 8 6 40 2 6 64 1 99 9 22 0 0 0 0; 99 80 30 4 68 10 17 24 15 10 97 91 17 6 32 1 5 94 9 3 28 100 11 63 88 14 5 63 99 75 77 6 97 100 0; 12 84 96 11 65 100 6 64 16 48 99 33 82 82 13 96 88 64 99 11 97 3 69 4 30 17 100 74 31 1 28 9 87 81 6]
