n=50
density=100
Q1=[172 0 0 0 0 0 0 0 0 0 0 0 0 0 0 0 0 0 0 0 0 0 0 0 0 0 0 0 0 0 0 0 0 0 0 0 0 0 0 0 0 0 0 0 0 0 0 0 0 0 ;
78 27 0 0 0 0 0 0 0 0 0 0 0 0 0 0 0 0 0 0 0 0 0 0 0 0 0 0 0 0 0 0 0 0 0 0 0 0 0 0 0 0 0 0 0 0 0 0 0 0 ;
111 59 95 0 0 0 0 0 0 0 0 0 0 0 0 0 0 0 0 0 0 0 0 0 0 0 0 0 0 0 0 0 0 0 0 0 0 0 0 0 0 0 0 0 0 0 0 0 0 0 ;
185 146 23 75 0 0 0 0 0 0 0 0 0 0 0 0 0 0 0 0 0 0 0 0 0 0 0 0 0 0 0 0 0 0 0 0 0 0 0 0 0 0 0 0 0 0 0 0 0 0 ;
57 44 45 62 116 0 0 0 0 0 0 0 0 0 0 0 0 0 0 0 0 0 0 0 0 0 0 0 0 0 0 0 0 0 0 0 0 0 0 0 0 0 0 0 0 0 0 0 0 0 ;
181 126 65 55 152 126 0 0 0 0 0 0 0 0 0 0 0 0 0 0 0 0 0 0 0 0 0 0 0 0 0 0 0 0 0 0 0 0 0 0 0 0 0 0 0 0 0 0 0 0 ;
191 64 166 137 64 42 51 0 0 0 0 0 0 0 0 0 0 0 0 0 0 0 0 0 0 0 0 0 0 0 0 0 0 0 0 0 0 0 0 0 0 0 0 0 0 0 0 0 0 0 ;
151 189 192 153 128 180 160 126 0 0 0 0 0 0 0 0 0 0 0 0 0 0 0 0 0 0 0 0 0 0 0 0 0 0 0 0 0 0 0 0 0 0 0 0 0 0 0 0 0 0 ;
18 15 23 53 88 45 82 174 146 0 0 0 0 0 0 0 0 0 0 0 0 0 0 0 0 0 0 0 0 0 0 0 0 0 0 0 0 0 0 0 0 0 0 0 0 0 0 0 0 0 ;
82 200 57 28 76 63 125 138 200 18 0 0 0 0 0 0 0 0 0 0 0 0 0 0 0 0 0 0 0 0 0 0 0 0 0 0 0 0 0 0 0 0 0 0 0 0 0 0 0 0 ;
158 80 55 47 136 151 151 119 42 79 95 0 0 0 0 0 0 0 0 0 0 0 0 0 0 0 0 0 0 0 0 0 0 0 0 0 0 0 0 0 0 0 0 0 0 0 0 0 0 0 ;
34 103 27 80 38 35 156 42 177 53 158 161 0 0 0 0 0 0 0 0 0 0 0 0 0 0 0 0 0 0 0 0 0 0 0 0 0 0 0 0 0 0 0 0 0 0 0 0 0 0 ;
23 54 144 73 18 176 160 119 63 86 130 80 103 0 0 0 0 0 0 0 0 0 0 0 0 0 0 0 0 0 0 0 0 0 0 0 0 0 0 0 0 0 0 0 0 0 0 0 0 0 ;
152 52 121 176 190 48 77 2 91 138 154 29 142 191 0 0 0 0 0 0 0 0 0 0 0 0 0 0 0 0 0 0 0 0 0 0 0 0 0 0 0 0 0 0 0 0 0 0 0 0 ;
7 33 36 187 145 39 116 113 43 56 100 1 109 150 90 0 0 0 0 0 0 0 0 0 0 0 0 0 0 0 0 0 0 0 0 0 0 0 0 0 0 0 0 0 0 0 0 0 0 0 ;
126 179 157 97 98 48 180 110 197 106 1 4 183 144 171 87 0 0 0 0 0 0 0 0 0 0 0 0 0 0 0 0 0 0 0 0 0 0 0 0 0 0 0 0 0 0 0 0 0 0 ;
38 160 199 185 142 32 198 164 101 173 18 50 55 111 81 123 188 0 0 0 0 0 0 0 0 0 0 0 0 0 0 0 0 0 0 0 0 0 0 0 0 0 0 0 0 0 0 0 0 0 ;
42 125 165 138 150 143 185 65 110 77 28 165 130 42 58 33 10 179 0 0 0 0 0 0 0 0 0 0 0 0 0 0 0 0 0 0 0 0 0 0 0 0 0 0 0 0 0 0 0 0 ;
193 131 167 115 31 55 139 18 133 89 54 149 171 146 130 103 50 46 72 0 0 0 0 0 0 0 0 0 0 0 0 0 0 0 0 0 0 0 0 0 0 0 0 0 0 0 0 0 0 0 ;
34 100 114 30 146 156 92 97 83 197 152 179 2 176 113 83 80 43 157 2 0 0 0 0 0 0 0 0 0 0 0 0 0 0 0 0 0 0 0 0 0 0 0 0 0 0 0 0 0 0 ;
95 108 57 162 50 89 170 163 18 26 74 193 196 37 93 2 76 26 3 32 59 0 0 0 0 0 0 0 0 0 0 0 0 0 0 0 0 0 0 0 0 0 0 0 0 0 0 0 0 0 ;
109 3 70 22 77 57 24 32 22 138 192 177 175 56 148 84 143 72 183 33 186 130 0 0 0 0 0 0 0 0 0 0 0 0 0 0 0 0 0 0 0 0 0 0 0 0 0 0 0 0 ;
50 28 159 172 17 3 147 158 170 86 167 145 24 162 197 176 157 37 9 61 88 118 194 0 0 0 0 0 0 0 0 0 0 0 0 0 0 0 0 0 0 0 0 0 0 0 0 0 0 0 ;
188 74 46 35 44 73 94 106 82 26 53 103 128 122 177 157 147 75 43 105 23 127 29 186 0 0 0 0 0 0 0 0 0 0 0 0 0 0 0 0 0 0 0 0 0 0 0 0 0 0 ;
80 115 2 121 7 84 175 77 88 143 135 34 100 94 19 69 7 153 89 149 134 120 62 27 105 0 0 0 0 0 0 0 0 0 0 0 0 0 0 0 0 0 0 0 0 0 0 0 0 0 ;
180 111 93 26 113 68 100 198 179 65 181 83 136 76 188 40 56 16 167 199 14 126 13 52 200 126 0 0 0 0 0 0 0 0 0 0 0 0 0 0 0 0 0 0 0 0 0 0 0 0 ;
95 124 65 51 160 7 110 179 180 107 154 194 165 8 138 96 97 29 36 124 23 188 98 74 178 49 38 0 0 0 0 0 0 0 0 0 0 0 0 0 0 0 0 0 0 0 0 0 0 0 ;
50 194 4 13 19 95 158 153 156 189 25 195 90 164 41 82 150 66 122 143 104 156 19 126 182 108 156 195 0 0 0 0 0 0 0 0 0 0 0 0 0 0 0 0 0 0 0 0 0 0 ;
195 156 132 157 75 28 128 32 13 120 128 163 192 139 167 160 22 81 14 102 162 81 75 18 91 194 34 143 39 0 0 0 0 0 0 0 0 0 0 0 0 0 0 0 0 0 0 0 0 0 ;
196 101 28 43 26 26 162 190 63 185 17 13 9 126 148 193 194 61 154 13 180 134 82 99 107 11 102 124 104 134 0 0 0 0 0 0 0 0 0 0 0 0 0 0 0 0 0 0 0 0 ;
63 62 167 27 105 198 171 170 65 124 31 48 147 136 41 151 64 156 81 26 80 188 132 14 168 39 68 122 181 115 56 0 0 0 0 0 0 0 0 0 0 0 0 0 0 0 0 0 0 0 ;
44 132 136 78 86 145 12 121 156 112 196 28 184 186 94 25 198 77 180 54 52 84 184 161 161 12 175 181 79 34 96 61 0 0 0 0 0 0 0 0 0 0 0 0 0 0 0 0 0 0 ;
175 38 200 18 120 164 3 163 151 153 126 13 162 5 129 112 168 74 60 33 67 148 137 43 7 153 54 94 152 65 199 171 104 0 0 0 0 0 0 0 0 0 0 0 0 0 0 0 0 0 ;
7 29 58 93 41 7 81 162 156 5 147 53 86 35 163 63 193 69 128 146 32 131 170 90 174 151 122 95 139 163 75 111 56 101 0 0 0 0 0 0 0 0 0 0 0 0 0 0 0 0 ;
144 143 155 193 174 107 6 78 146 94 122 142 65 4 111 155 175 96 32 100 78 119 72 198 92 11 135 131 153 174 124 23 181 122 180 0 0 0 0 0 0 0 0 0 0 0 0 0 0 0 ;
200 33 14 21 167 22 41 179 35 39 145 107 55 182 50 91 54 72 199 134 71 98 160 127 63 53 110 82 5 179 140 136 118 161 141 1 0 0 0 0 0 0 0 0 0 0 0 0 0 0 ;
162 12 68 120 179 162 51 139 35 184 142 145 110 170 194 131 96 178 94 1 186 137 34 125 62 84 169 22 86 71 78 106 40 117 26 106 116 0 0 0 0 0 0 0 0 0 0 0 0 0 ;
75 159 49 121 198 162 36 51 122 172 167 43 56 25 6 105 151 86 15 24 11 122 105 155 159 86 7 105 188 119 197 130 114 153 95 81 180 75 0 0 0 0 0 0 0 0 0 0 0 0 ;
166 146 150 100 109 70 191 146 140 89 144 56 134 194 134 139 30 164 100 170 169 41 72 87 6 83 116 163 112 141 66 149 90 86 134 76 185 181 128 0 0 0 0 0 0 0 0 0 0 0 ;
199 124 162 192 68 187 180 51 119 35 148 11 82 82 113 3 82 91 188 51 44 69 8 167 128 63 17 146 32 174 199 40 71 178 66 29 43 95 45 32 0 0 0 0 0 0 0 0 0 0 ;
103 45 10 175 58 154 135 144 177 13 101 130 93 184 6 10 179 92 46 152 199 39 61 28 129 188 106 98 114 143 56 54 71 46 124 64 77 152 28 185 106 0 0 0 0 0 0 0 0 0 ;
193 107 172 88 47 18 37 99 183 157 38 160 81 111 115 87 117 13 11 51 94 39 182 177 113 86 20 69 100 54 74 10 73 91 93 72 154 173 142 157 52 165 0 0 0 0 0 0 0 0 ;
69 46 90 37 156 104 69 44 44 56 147 59 33 142 150 80 199 72 32 125 182 90 135 77 184 142 70 117 41 116 194 132 22 99 42 178 94 157 22 84 163 47 89 0 0 0 0 0 0 0 ;
121 177 71 94 29 159 99 54 5 43 173 153 177 29 80 21 70 115 137 157 16 131 7 140 153 108 75 182 97 2 95 4 182 137 25 78 51 79 182 192 154 116 57 79 0 0 0 0 0 0 ;
127 197 95 161 131 150 72 119 84 64 165 54 194 127 183 33 110 14 72 29 172 148 6 169 177 144 143 63 60 101 107 89 200 6 37 36 32 74 169 39 90 105 95 36 68 0 0 0 0 0 ;
144 51 32 151 19 119 165 43 71 60 8 34 173 175 154 22 69 43 131 81 17 186 193 94 159 115 71 84 142 90 145 84 197 4 164 152 128 194 8 68 45 99 191 47 153 132 0 0 0 0 ;
145 81 126 57 200 36 155 19 187 162 35 117 177 125 134 131 49 173 155 78 197 143 133 131 88 1 177 66 16 83 125 140 68 38 19 124 45 88 195 71 145 126 4 11 163 113 75 0 0 0 ;
64 179 138 198 30 175 44 106 187 32 139 183 88 12 47 56 200 84 64 155 146 131 138 46 38 3 41 173 197 13 131 40 162 199 35 183 61 53 177 80 84 130 36 108 121 101 26 175 0 0 ;
57 177 58 103 37 157 102 48 20 85 26 180 11 115 22 100 138 89 18 35 129 73 177 22 37 91 135 116 172 7 163 30 116 6 29 96 48 52 80 94 18 97 1 31 25 3 13 125 141 0 ;
167 15 43 133 116 22 179 111 82 14 102 53 9 154 8 69 104 198 152 75 179 28 164 27 150 19 71 60 25 183 93 92 164 118 147 56 82 183 153 115 71 154 33 131 100 132 23 49 71 34 ]
w=[36, 54, 87, 17, 28, 10, 55, 13, 84, 73, 21, 52, 60, 20, 11, 97, 26, 98, 65, 49, 15, 83, 12, 43, 22, 88, 77, 72, 38, 53, 60, 55, 56, 34, 40, 12, 74, 72, 2, 49, 6, 65, 36, 83, 17, 10, 46, 10, 84, 74]
W=193 
k=12 
inst_name = "QKP_50_200_100" 
feasible = true 
Q2=[12 0 0 0 0 0 0 0 0 0 0 0 0 0 0 0 0 0 0 0 0 0 0 0 0 0 0 0 0 0 0 0 0 0 0 0 0 0 0 0 0 0 0 0 0 0 0 0 0 0; 190 187 0 0 0 0 0 0 0 0 0 0 0 0 0 0 0 0 0 0 0 0 0 0 0 0 0 0 0 0 0 0 0 0 0 0 0 0 0 0 0 0 0 0 0 0 0 0 0 0; 41 196 112 0 0 0 0 0 0 0 0 0 0 0 0 0 0 0 0 0 0 0 0 0 0 0 0 0 0 0 0 0 0 0 0 0 0 0 0 0 0 0 0 0 0 0 0 0 0 0; 8 17 199 129 0 0 0 0 0 0 0 0 0 0 0 0 0 0 0 0 0 0 0 0 0 0 0 0 0 0 0 0 0 0 0 0 0 0 0 0 0 0 0 0 0 0 0 0 0 0; 191 170 171 189 31 0 0 0 0 0 0 0 0 0 0 0 0 0 0 0 0 0 0 0 0 0 0 0 0 0 0 0 0 0 0 0 0 0 0 0 0 0 0 0 0 0 0 0 0 0; 10 47 157 165 13 0 0 0 0 0 0 0 0 0 0 0 0 0 0 0 0 0 0 0 0 0 0 0 0 0 0 0 0 0 0 0 0 0 0 0 0 0 0 0 0 0 0 0 0 0; 3 157 25 15 192 184 172 0 0 0 0 0 0 0 0 0 0 0 0 0 0 0 0 0 0 0 0 0 0 0 0 0 0 0 0 0 0 0 0 0 0 0 0 0 0 0 0 0 0 0; 40 4 6 18 56 16 30 27 0 0 0 0 0 0 0 0 0 0 0 0 0 0 0 0 0 0 0 0 0 0 0 0 0 0 0 0 0 0 0 0 0 0 0 0 0 0 0 0 0 0; 187 185 195 170 175 184 196 15 38 0 0 0 0 0 0 0 0 0 0 0 0 0 0 0 0 0 0 0 0 0 0 0 0 0 0 0 0 0 0 0 0 0 0 0 0 0 0 0 0 0; 174 0 169 190 196 192 38 57 0 200 0 0 0 0 0 0 0 0 0 0 0 0 0 0 0 0 0 0 0 0 0 0 0 0 0 0 0 0 0 0 0 0 0 0 0 0 0 0 0 0; 25 122 173 156 5 13 28 14 181 130 146 0 0 0 0 0 0 0 0 0 0 0 0 0 0 0 0 0 0 0 0 0 0 0 0 0 0 0 0 0 0 0 0 0 0 0 0 0 0 0; 175 37 186 155 197 173 36 163 0 149 36 14 0 0 0 0 0 0 0 0 0 0 0 0 0 0 0 0 0 0 0 0 0 0 0 0 0 0 0 0 0 0 0 0 0 0 0 0 0 0; 189 150 7 185 188 16 31 44 157 173 67 187 14 0 0 0 0 0 0 0 0 0 0 0 0 0 0 0 0 0 0 0 0 0 0 0 0 0 0 0 0 0 0 0 0 0 0 0 0 0; 29 171 67 2 2 180 196 198 140 9 3 194 7 8 0 0 0 0 0 0 0 0 0 0 0 0 0 0 0 0 0 0 0 0 0 0 0 0 0 0 0 0 0 0 0 0 0 0 0 0; 198 183 171 13 8 174 27 9 185 196 44 199 7 43 186 0 0 0 0 0 0 0 0 0 0 0 0 0 0 0 0 0 0 0 0 0 0 0 0 0 0 0 0 0 0 0 0 0 0 0; 48 1 10 159 159 183 16 72 0 36 200 198 16 2 3 144 0 0 0 0 0 0 0 0 0 0 0 0 0 0 0 0 0 0 0 0 0 0 0 0 0 0 0 0 0 0 0 0 0 0; 187 28 1 8 55 179 1 1 83 24 186 197 154 21 176 24 6 0 0 0 0 0 0 0 0 0 0 0 0 0 0 0 0 0 0 0 0 0 0 0 0 0 0 0 0 0 0 0 0 0; 194 61 29 62 33 9 3 172 72 169 198 4 50 178 167 172 191 14 0 0 0 0 0 0 0 0 0 0 0 0 0 0 0 0 0 0 0 0 0 0 0 0 0 0 0 0 0 0 0 0; 6 17 28 27 179 148 55 191 15 171 173 30 13 7 20 20 199 187 159 0 0 0 0 0 0 0 0 0 0 0 0 0 0 0 0 0 0 0 0 0 0 0 0 0 0 0 0 0 0 0; 200 92 7 195 43 21 148 178 156 1 7 10 200 21 54 181 152 191 28 200 0 0 0 0 0 0 0 0 0 0 0 0 0 0 0 0 0 0 0 0 0 0 0 0 0 0 0 0 0 0; 140 60 160 10 167 123 22 23 188 186 167 7 4 167 174 199 144 198 199 189 198 0 0 0 0 0 0 0 0 0 0 0 0 0 0 0 0 0 0 0 0 0 0 0 0 0 0 0 0 0; 75 198 155 193 123 150 176 189 181 33 2 20 11 154 40 146 1 139 11 193 2 8 0 0 0 0 0 0 0 0 0 0 0 0 0 0 0 0 0 0 0 0 0 0 0 0 0 0 0 0; 163 178 30 22 197 200 47 19 13 124 6 50 183 4 3 0 22 187 196 142 175 29 3 0 0 0 0 0 0 0 0 0 0 0 0 0 0 0 0 0 0 0 0 0 0 0 0 0 0 0; 5 178 197 187 199 143 157 28 131 181 165 82 11 6 15 43 0 137 184 24 200 2 192 14 0 0 0 0 0 0 0 0 0 0 0 0 0 0 0 0 0 0 0 0 0 0 0 0 0 0; 141 22 198 69 198 120 10 182 120 55 46 191 83 113 194 164 194 38 137 8 22 9 173 185 49 0 0 0 0 0 0 0 0 0 0 0 0 0 0 0 0 0 0 0 0 0 0 0 0 0; 1 10 137 183 73 163 99 0 7 193 4 137 38 157 10 188 164 192 12 1 200 45 188 181 0 37 0 0 0 0 0 0 0 0 0 0 0 0 0 0 0 0 0 0 0 0 0 0 0 0; 114 23 182 189 20 197 67 15 1 9 10 3 10 194 58 136 143 186 184 34 196 4 197 171 3 152 197 0 0 0 0 0 0 0 0 0 0 0 0 0 0 0 0 0 0 0 0 0 0 0; 197 0 198 193 195 113 11 42 31 1 195 4 131 32 163 139 6 134 13 24 6 0 189 3 7 12 14 0 0 0 0 0 0 0 0 0 0 0 0 0 0 0 0 0 0 0 0 0 0 0; 5 35 60 8 177 188 28 176 193 73 67 9 1 1 15 28 192 145 191 14 30 172 188 199 114 4 166 13 174 0 0 0 0 0 0 0 0 0 0 0 0 0 0 0 0 0 0 0 0 0; 3 56 197 173 176 183 1 5 164 11 187 194 195 49 17 3 2 181 0 198 19 34 185 191 68 199 5 44 67 43 0 0 0 0 0 0 0 0 0 0 0 0 0 0 0 0 0 0 0 0; 185 184 17 198 19 2 9 13 164 48 175 183 13 14 197 36 150 1 130 198 173 1 8 188 30 170 177 69 0 36 155 0 0 0 0 0 0 0 0 0 0 0 0 0 0 0 0 0 0 0; 162 17 41 149 184 3 193 49 30 17 1 197 8 12 129 190 1 195 0 183 175 152 0 37 0 193 25 6 162 167 194 177 0 0 0 0 0 0 0 0 0 0 0 0 0 0 0 0 0 0; 17 190 0 193 66 7 199 19 30 36 67 197 30 198 63 37 11 132 148 176 181 21 22 195 193 5 165 164 43 185 1 24 79 0 0 0 0 0 0 0 0 0 0 0 0 0 0 0 0 0; 194 183 146 108 178 195 168 5 4 200 49 181 168 169 28 179 5 190 23 10 189 43 7 110 19 12 42 186 45 14 193 7 170 77 0 0 0 0 0 0 0 0 0 0 0 0 0 0 0 0; 18 3 15 2 15 48 199 178 51 146 50 29 162 198 82 32 18 107 176 87 197 54 147 2 121 196 31 30 24 1 35 186 11 53 19 0 0 0 0 0 0 0 0 0 0 0 0 0 0 0; 0 185 191 198 13 189 165 3 173 199 32 47 198 15 181 178 147 164 1 52 179 152 32 50 152 192 77 167 197 12 11 0 31 30 3 199 0 0 0 0 0 0 0 0 0 0 0 0 0 0; 37 190 169 69 3 38 160 44 165 7 35 40 32 10 0 45 127 20 106 199 0 44 169 16 194 192 4 197 122 139 191 31 173 55 180 29 69 0 0 0 0 0 0 0 0 0 0 0 0 0; 182 37 175 10 2 15 166 187 45 4 21 193 185 193 200 84 41 174 195 197 191 9 41 5 7 200 200 9 11 29 3 66 2 14 124 177 17 180 0 0 0 0 0 0 0 0 0 0 0 0; 28 44 43 41 48 132 6 31 46 165 0 187 32 5 54 23 174 26 52 4 11 188 178 153 195 182 56 10 81 26 146 43 190 142 50 167 11 5 15 0 0 0 0 0 0 0 0 0 0 0; 0 22 9 6 144 13 6 152 48 176 30 200 198 126 67 198 141 151 3 195 169 173 193 2 57 197 189 15 194 26 1 194 179 15 144 179 164 158 195 198 0 0 0 0 0 0 0 0 0 0; 44 179 197 23 155 32 31 20 12 188 51 9 153 12 199 197 19 137 168 32 0 170 162 191 35 8 85 186 70 46 144 195 155 188 53 197 131 39 200 15 86 0 0 0 0 0 0 0 0 0; 7 22 6 195 195 186 200 200 16 6 169 40 188 9 29 190 67 188 200 173 135 185 5 0 20 166 181 192 54 195 181 197 176 114 182 155 29 5 17 29 152 32 0 0 0 0 0 0 0 0; 150 173 163 184 34 26 132 168 179 150 46 191 173 32 19 184 0 163 188 7 14 130 16 175 13 15 159 55 185 25 3 19 191 168 193 6 186 13 184 119 14 170 127 0 0 0 0 0 0 0; 30 1 153 131 183 32 107 180 200 197 20 4 18 181 200 200 136 18 50 25 185 24 200 16 38 68 196 7 191 199 122 199 9 23 195 137 154 200 11 0 3 41 177 136 0 0 0 0 0 0; 70 2 198 23 10 41 178 60 142 161 25 159 1 58 16 186 41 188 136 184 15 30 199 22 6 38 19 137 141 86 38 140 0 200 195 171 190 179 16 166 115 55 180 175 154 0 0 0 0 0; 28 182 188 40 200 17 10 184 165 141 197 198 25 12 46 182 162 181 3 150 188 4 6 125 27 49 184 132 7 115 45 128 1 199 0 19 24 4 200 148 182 108 4 163 7 20 0 0 0 0; 11 149 27 188 0 186 16 187 7 3 171 14 13 33 55 28 153 26 43 131 1 23 47 0 172 199 11 161 185 143 11 56 162 165 187 5 171 189 2 176 40 13 199 194 27 85 184 0 0 0; 169 12 53 0 181 13 199 45 7 178 11 6 152 188 180 192 0 144 167 28 38 41 21 181 189 198 185 7 3 197 29 167 10 1 200 3 149 161 8 164 169 53 179 17 64 16 187 15 0 0; 156 4 196 37 163 20 72 192 193 123 194 11 189 76 184 29 13 128 194 175 69 175 22 180 165 123 65 18 11 200 29 195 63 196 189 147 172 150 124 174 186 105 199 172 176 200 200 61 54 0; 1 189 161 61 83 194 18 23 195 197 96 165 200 33 195 141 26 1 31 182 3 182 34 194 36 181 151 149 199 6 167 112 7 79 50 171 178 14 31 19 137 43 171 59 29 55 179 179 184 197]
