n=15
density=50
Q1=[42 0 0 0 0 0 0 0 0 0 0 0 0 0 0 ;
66 35 0 0 0 0 0 0 0 0 0 0 0 0 0 ;
0 0 41 0 0 0 0 0 0 0 0 0 0 0 0 ;
68 0 0 0 0 0 0 0 0 0 0 0 0 0 0 ;
80 11 16 0 0 0 0 0 0 0 0 0 0 0 0 ;
55 12 0 16 65 0 0 0 0 0 0 0 0 0 0 ;
81 36 0 88 0 13 0 0 0 0 0 0 0 0 0 ;
94 100 0 0 19 30 0 0 0 0 0 0 0 0 0 ;
52 67 48 0 72 17 0 31 44 0 0 0 0 0 0 ;
0 0 50 50 0 7 7 9 9 97 0 0 0 0 0 ;
0 79 0 29 8 0 0 0 0 0 39 0 0 0 0 ;
0 76 7 0 71 96 0 90 0 0 0 37 0 0 0 ;
0 4 0 0 90 14 0 97 0 32 0 0 0 0 0 ;
91 57 0 0 0 0 0 0 23 0 42 0 0 0 0 ;
90 79 84 0 65 0 10 0 0 0 16 0 0 0 77 ]
w=[48, 40, 13, 38, 48, 24, 22, 26, 23, 26, 29, 41, 9, 19, 43]
W=53 
k=2 
inst_name = "QKP_15_100_50" 
feasible = true 
Q2=[98 0 0 0 0 0 0 0 0 0 0 0 0 0 0; 3 91 0 0 0 0 0 0 0 0 0 0 0 0 0; 100 100 85 0 0 0 0 0 0 0 0 0 0 0 0; 22 100 100 100 0 0 0 0 0 0 0 0 0 0 0; 17 90 97 100 100 0 0 0 0 0 0 0 0 0 0; 45 93 100 99 8 100 0 0 0 0 0 0 0 0 0; 10 75 100 10 100 88 100 0 0 0 0 0 0 0 0; 1 0 100 100 83 73 100 100 0 0 0 0 0 0 0; 25 19 79 100 0 92 100 75 70 0 0 0 0 0 0; 100 100 40 28 100 95 99 95 98 1 0 0 0 0 0; 100 14 100 76 97 100 100 100 100 100 61 0 0 0 0; 100 18 96 100 0 2 100 0 100 100 100 66 0 0 0; 100 98 100 100 7 97 100 1 100 73 100 100 100 0 0; 3 16 100 100 100 100 100 100 100 100 79 100 100 100 0; 2 1 4 100 7 100 96 100 100 100 92 100 100 100 18]
