n=45
density=100
Q1=[25 0 0 0 0 0 0 0 0 0 0 0 0 0 0 0 0 0 0 0 0 0 0 0 0 0 0 0 0 0 0 0 0 0 0 0 0 0 0 0 0 0 0 0 0 ;
63 36 0 0 0 0 0 0 0 0 0 0 0 0 0 0 0 0 0 0 0 0 0 0 0 0 0 0 0 0 0 0 0 0 0 0 0 0 0 0 0 0 0 0 0 ;
180 32 92 0 0 0 0 0 0 0 0 0 0 0 0 0 0 0 0 0 0 0 0 0 0 0 0 0 0 0 0 0 0 0 0 0 0 0 0 0 0 0 0 0 0 ;
18 27 48 68 0 0 0 0 0 0 0 0 0 0 0 0 0 0 0 0 0 0 0 0 0 0 0 0 0 0 0 0 0 0 0 0 0 0 0 0 0 0 0 0 0 ;
118 41 106 19 1 0 0 0 0 0 0 0 0 0 0 0 0 0 0 0 0 0 0 0 0 0 0 0 0 0 0 0 0 0 0 0 0 0 0 0 0 0 0 0 0 ;
182 55 74 144 9 7 0 0 0 0 0 0 0 0 0 0 0 0 0 0 0 0 0 0 0 0 0 0 0 0 0 0 0 0 0 0 0 0 0 0 0 0 0 0 0 ;
100 101 27 14 37 111 184 0 0 0 0 0 0 0 0 0 0 0 0 0 0 0 0 0 0 0 0 0 0 0 0 0 0 0 0 0 0 0 0 0 0 0 0 0 0 ;
168 70 81 162 137 181 97 31 0 0 0 0 0 0 0 0 0 0 0 0 0 0 0 0 0 0 0 0 0 0 0 0 0 0 0 0 0 0 0 0 0 0 0 0 0 ;
31 124 12 154 69 122 119 3 7 0 0 0 0 0 0 0 0 0 0 0 0 0 0 0 0 0 0 0 0 0 0 0 0 0 0 0 0 0 0 0 0 0 0 0 0 ;
187 169 66 21 141 32 158 171 33 19 0 0 0 0 0 0 0 0 0 0 0 0 0 0 0 0 0 0 0 0 0 0 0 0 0 0 0 0 0 0 0 0 0 0 0 ;
187 69 100 196 5 4 28 76 103 164 68 0 0 0 0 0 0 0 0 0 0 0 0 0 0 0 0 0 0 0 0 0 0 0 0 0 0 0 0 0 0 0 0 0 0 ;
163 176 52 33 87 68 149 19 138 158 199 66 0 0 0 0 0 0 0 0 0 0 0 0 0 0 0 0 0 0 0 0 0 0 0 0 0 0 0 0 0 0 0 0 0 ;
132 83 109 94 23 45 101 188 20 83 127 77 4 0 0 0 0 0 0 0 0 0 0 0 0 0 0 0 0 0 0 0 0 0 0 0 0 0 0 0 0 0 0 0 0 ;
65 197 58 153 95 113 158 75 84 115 163 30 15 96 0 0 0 0 0 0 0 0 0 0 0 0 0 0 0 0 0 0 0 0 0 0 0 0 0 0 0 0 0 0 0 ;
84 30 1 88 54 44 65 30 200 69 57 54 162 19 103 0 0 0 0 0 0 0 0 0 0 0 0 0 0 0 0 0 0 0 0 0 0 0 0 0 0 0 0 0 0 ;
159 76 46 106 83 65 29 119 22 107 138 189 56 9 148 88 0 0 0 0 0 0 0 0 0 0 0 0 0 0 0 0 0 0 0 0 0 0 0 0 0 0 0 0 0 ;
131 125 28 118 59 53 147 193 146 186 31 175 172 196 158 8 9 0 0 0 0 0 0 0 0 0 0 0 0 0 0 0 0 0 0 0 0 0 0 0 0 0 0 0 0 ;
131 86 174 11 151 176 18 34 95 70 149 62 27 139 43 138 139 36 0 0 0 0 0 0 0 0 0 0 0 0 0 0 0 0 0 0 0 0 0 0 0 0 0 0 0 ;
54 8 188 104 84 188 168 47 130 158 171 90 104 71 15 164 7 147 109 0 0 0 0 0 0 0 0 0 0 0 0 0 0 0 0 0 0 0 0 0 0 0 0 0 0 ;
107 37 75 199 83 173 157 114 12 14 169 68 35 97 186 108 153 12 30 59 0 0 0 0 0 0 0 0 0 0 0 0 0 0 0 0 0 0 0 0 0 0 0 0 0 ;
92 57 22 79 175 166 191 112 55 103 159 94 137 106 138 143 97 127 136 165 104 0 0 0 0 0 0 0 0 0 0 0 0 0 0 0 0 0 0 0 0 0 0 0 0 ;
102 28 7 159 78 178 9 49 151 107 57 122 48 193 149 149 136 169 120 82 11 3 0 0 0 0 0 0 0 0 0 0 0 0 0 0 0 0 0 0 0 0 0 0 0 ;
135 153 180 9 118 32 152 147 159 83 20 30 45 167 74 125 122 138 158 2 69 171 199 0 0 0 0 0 0 0 0 0 0 0 0 0 0 0 0 0 0 0 0 0 0 ;
125 107 143 92 93 10 79 59 59 115 70 56 73 11 90 118 44 116 108 122 128 200 38 43 0 0 0 0 0 0 0 0 0 0 0 0 0 0 0 0 0 0 0 0 0 ;
149 8 79 102 124 17 180 162 141 140 164 31 49 51 104 18 148 102 126 90 171 141 51 40 182 0 0 0 0 0 0 0 0 0 0 0 0 0 0 0 0 0 0 0 0 ;
189 16 118 59 130 173 149 71 52 194 190 164 169 109 117 137 193 9 88 8 95 87 86 21 113 175 0 0 0 0 0 0 0 0 0 0 0 0 0 0 0 0 0 0 0 ;
84 57 174 152 157 140 163 168 65 72 23 191 138 173 119 85 70 106 105 33 180 129 103 159 135 134 155 0 0 0 0 0 0 0 0 0 0 0 0 0 0 0 0 0 0 ;
59 187 149 174 60 160 47 162 69 30 146 116 75 149 50 155 159 75 51 96 89 29 172 7 135 5 45 20 0 0 0 0 0 0 0 0 0 0 0 0 0 0 0 0 0 ;
168 193 9 130 112 161 165 189 122 53 189 72 85 168 156 85 155 38 147 35 87 150 88 71 104 199 15 148 100 0 0 0 0 0 0 0 0 0 0 0 0 0 0 0 0 ;
29 6 173 124 91 171 155 143 16 114 10 134 82 79 77 194 139 190 195 62 197 119 3 36 172 180 79 165 121 119 0 0 0 0 0 0 0 0 0 0 0 0 0 0 0 ;
28 3 188 88 102 171 136 95 86 161 76 5 152 109 38 92 69 177 166 127 101 65 97 75 189 12 129 119 106 192 93 0 0 0 0 0 0 0 0 0 0 0 0 0 0 ;
117 45 193 175 119 162 189 74 101 25 37 69 33 123 23 50 191 62 117 159 197 93 81 178 2 197 104 94 16 195 121 134 0 0 0 0 0 0 0 0 0 0 0 0 0 ;
164 163 101 71 69 169 160 136 164 30 99 18 31 178 182 21 93 199 145 14 104 145 102 88 52 94 123 19 157 126 20 48 181 0 0 0 0 0 0 0 0 0 0 0 0 ;
160 134 115 126 130 112 98 115 69 78 60 94 95 188 20 32 194 150 129 187 81 124 187 123 151 56 91 8 20 188 12 160 1 30 0 0 0 0 0 0 0 0 0 0 0 ;
21 188 48 118 75 176 171 147 87 187 191 171 158 113 188 192 52 125 149 105 171 156 45 11 185 32 116 16 126 91 97 84 34 71 113 0 0 0 0 0 0 0 0 0 0 ;
113 34 31 174 56 31 58 44 164 24 130 140 168 55 27 36 159 129 8 63 144 75 153 96 128 182 135 59 142 52 13 97 199 2 14 146 0 0 0 0 0 0 0 0 0 ;
175 17 9 141 80 95 152 120 160 125 59 198 115 199 159 152 21 55 195 126 15 102 167 66 107 65 6 123 115 76 19 143 29 66 151 103 9 0 0 0 0 0 0 0 0 ;
20 200 82 2 183 163 197 188 155 85 72 20 113 106 95 90 32 47 8 33 164 131 106 100 72 47 72 122 181 120 134 139 59 138 184 34 125 76 0 0 0 0 0 0 0 ;
187 79 187 17 154 11 116 63 81 190 149 21 171 55 171 120 147 41 153 79 86 38 173 100 11 144 65 136 125 178 135 10 167 155 187 145 6 186 125 0 0 0 0 0 0 ;
160 69 179 153 141 36 125 148 144 36 141 108 107 35 178 124 123 156 13 68 165 182 49 32 113 16 138 179 113 95 200 1 192 67 99 142 108 24 70 1 0 0 0 0 0 ;
172 2 31 4 79 79 116 5 110 162 98 143 138 197 139 103 96 169 27 157 156 124 114 129 30 129 79 31 183 52 149 75 196 147 193 45 106 181 1 190 175 0 0 0 0 ;
186 76 117 185 72 171 158 60 16 54 151 129 186 32 172 168 38 38 92 4 15 80 79 154 18 151 85 118 13 71 51 163 42 164 70 33 123 142 183 142 69 54 0 0 0 ;
74 11 103 18 145 53 26 41 9 85 8 152 6 171 83 181 52 173 93 98 171 119 84 26 165 123 147 114 86 177 127 113 107 136 119 31 83 146 51 97 72 196 110 0 0 ;
130 10 104 199 22 24 44 175 126 132 190 82 90 94 9 142 7 180 66 142 193 4 136 29 66 149 164 63 194 3 192 173 103 10 58 23 4 136 199 33 115 29 146 96 0 ;
68 66 156 86 112 11 197 100 145 5 138 107 159 108 76 158 11 43 133 18 9 177 67 22 70 125 148 68 25 18 16 86 173 107 154 105 165 95 134 172 143 30 60 185 129 ]
w=[65, 75, 68, 74, 21, 55, 68, 54, 37, 98, 70, 13, 41, 85, 100, 42, 79, 75, 6, 10, 12, 20, 25, 32, 99, 77, 22, 9, 23, 78, 57, 8, 29, 7, 61, 77, 83, 77, 95, 2, 79, 6, 57, 100, 22]
W=108 
k=8 
inst_name = "QKP_45_200_100" 
feasible = true 
Q2=[194 0 0 0 0 0 0 0 0 0 0 0 0 0 0 0 0 0 0 0 0 0 0 0 0 0 0 0 0 0 0 0 0 0 0 0 0 0 0 0 0 0 0 0 0; 137 175 0 0 0 0 0 0 0 0 0 0 0 0 0 0 0 0 0 0 0 0 0 0 0 0 0 0 0 0 0 0 0 0 0 0 0 0 0 0 0 0 0 0 0; 8 200 155 0 0 0 0 0 0 0 0 0 0 0 0 0 0 0 0 0 0 0 0 0 0 0 0 0 0 0 0 0 0 0 0 0 0 0 0 0 0 0 0 0 0; 194 173 156 192 0 0 0 0 0 0 0 0 0 0 0 0 0 0 0 0 0 0 0 0 0 0 0 0 0 0 0 0 0 0 0 0 0 0 0 0 0 0 0 0 0; 42 162 32 182 200 0 0 0 0 0 0 0 0 0 0 0 0 0 0 0 0 0 0 0 0 0 0 0 0 0 0 0 0 0 0 0 0 0 0 0 0 0 0 0 0; 15 158 170 19 199 196 0 0 0 0 0 0 0 0 0 0 0 0 0 0 0 0 0 0 0 0 0 0 0 0 0 0 0 0 0 0 0 0 0 0 0 0 0 0 0; 90 8 184 193 179 78 15 0 0 0 0 0 0 0 0 0 0 0 0 0 0 0 0 0 0 0 0 0 0 0 0 0 0 0 0 0 0 0 0 0 0 0 0 0 0; 0 158 126 31 40 9 140 190 0 0 0 0 0 0 0 0 0 0 0 0 0 0 0 0 0 0 0 0 0 0 0 0 0 0 0 0 0 0 0 0 0 0 0 0 0; 179 52 196 0 162 74 34 198 195 0 0 0 0 0 0 0 0 0 0 0 0 0 0 0 0 0 0 0 0 0 0 0 0 0 0 0 0 0 0 0 0 0 0 0 0; 7 4 164 180 9 178 41 25 168 190 0 0 0 0 0 0 0 0 0 0 0 0 0 0 0 0 0 0 0 0 0 0 0 0 0 0 0 0 0 0 0 0 0 0 0; 13 184 3 3 196 197 188 148 34 7 194 0 0 0 0 0 0 0 0 0 0 0 0 0 0 0 0 0 0 0 0 0 0 0 0 0 0 0 0 0 0 0 0 0 0; 11 9 156 169 173 187 12 187 11 39 0 181 0 0 0 0 0 0 0 0 0 0 0 0 0 0 0 0 0 0 0 0 0 0 0 0 0 0 0 0 0 0 0 0 0; 60 165 51 199 192 168 58 4 186 133 16 138 200 0 0 0 0 0 0 0 0 0 0 0 0 0 0 0 0 0 0 0 0 0 0 0 0 0 0 0 0 0 0 0 0; 147 3 189 42 153 53 22 193 167 18 33 198 187 146 0 0 0 0 0 0 0 0 0 0 0 0 0 0 0 0 0 0 0 0 0 0 0 0 0 0 0 0 0 0 0; 132 176 200 163 185 166 146 199 0 184 145 149 38 189 0 0 0 0 0 0 0 0 0 0 0 0 0 0 0 0 0 0 0 0 0 0 0 0 0 0 0 0 0 0 0; 24 142 163 26 118 135 185 67 200 54 18 8 173 199 26 190 0 0 0 0 0 0 0 0 0 0 0 0 0 0 0 0 0 0 0 0 0 0 0 0 0 0 0 0 0; 6 25 193 77 195 176 53 2 28 9 185 11 13 2 10 193 195 0 0 0 0 0 0 0 0 0 0 0 0 0 0 0 0 0 0 0 0 0 0 0 0 0 0 0 0; 9 122 26 190 40 16 184 175 114 150 23 193 186 4 167 52 32 195 0 0 0 0 0 0 0 0 0 0 0 0 0 0 0 0 0 0 0 0 0 0 0 0 0 0 0; 173 195 3 89 137 4 4 169 17 38 0 198 13 179 200 5 200 39 84 0 0 0 0 0 0 0 0 0 0 0 0 0 0 0 0 0 0 0 0 0 0 0 0 0 0; 23 178 128 0 173 2 42 56 193 195 10 157 167 190 12 61 12 190 178 183 0 0 0 0 0 0 0 0 0 0 0 0 0 0 0 0 0 0 0 0 0 0 0 0 0; 197 195 190 132 13 26 5 32 150 97 3 197 51 77 53 48 189 20 43 16 14 0 0 0 0 0 0 0 0 0 0 0 0 0 0 0 0 0 0 0 0 0 0 0 0; 39 191 197 18 125 12 198 180 44 14 171 57 188 5 51 15 13 7 28 130 194 200 0 0 0 0 0 0 0 0 0 0 0 0 0 0 0 0 0 0 0 0 0 0 0; 5 15 8 193 1 186 17 18 8 125 196 173 194 21 132 34 16 51 11 198 134 5 1 0 0 0 0 0 0 0 0 0 0 0 0 0 0 0 0 0 0 0 0 0 0; 32 86 48 111 128 195 121 153 177 5 189 166 145 199 158 33 179 13 77 9 47 0 178 157 0 0 0 0 0 0 0 0 0 0 0 0 0 0 0 0 0 0 0 0 0; 13 199 138 28 49 185 20 27 35 56 31 200 194 191 63 189 16 23 43 126 13 1 149 174 11 0 0 0 0 0 0 0 0 0 0 0 0 0 0 0 0 0 0 0 0; 11 185 39 146 21 15 28 192 184 5 2 19 22 66 78 32 0 194 131 197 122 170 126 197 78 14 0 0 0 0 0 0 0 0 0 0 0 0 0 0 0 0 0 0 0; 118 150 25 29 10 1 17 21 184 160 188 9 43 8 45 195 154 23 61 195 16 29 68 22 2 41 1 0 0 0 0 0 0 0 0 0 0 0 0 0 0 0 0 0 0; 173 2 5 14 170 40 186 2 152 179 26 24 199 2 158 42 13 140 158 192 148 182 23 194 15 196 158 180 0 0 0 0 0 0 0 0 0 0 0 0 0 0 0 0 0; 13 7 194 38 1 13 6 9 25 171 9 177 174 30 32 150 38 188 35 179 150 43 127 176 41 0 186 52 43 0 0 0 0 0 0 0 0 0 0 0 0 0 0 0 0; 174 195 6 20 127 23 42 39 194 67 199 10 155 153 160 0 40 5 3 171 2 31 200 188 2 5 198 20 63 56 0 0 0 0 0 0 0 0 0 0 0 0 0 0 0; 174 197 12 116 86 11 63 134 156 21 145 195 42 73 189 184 145 8 18 3 31 196 197 132 4 188 17 54 94 7 194 0 0 0 0 0 0 0 0 0 0 0 0 0 0; 51 159 5 1 14 3 0 143 57 177 172 132 167 10 178 153 1 195 43 38 3 135 175 3 199 0 79 176 198 5 35 3 0 0 0 0 0 0 0 0 0 0 0 0 0; 28 3 69 169 132 27 23 41 16 189 127 192 173 20 0 179 175 0 1 196 86 54 38 174 165 158 45 188 37 30 184 191 11 0 0 0 0 0 0 0 0 0 0 0 0; 26 27 83 39 59 34 177 13 159 174 193 133 115 5 182 200 4 16 62 0 145 28 1 32 16 160 114 200 184 3 191 16 199 170 0 0 0 0 0 0 0 0 0 0 0; 197 12 177 13 148 20 19 16 148 3 4 7 23 85 5 5 191 70 8 85 14 17 164 200 15 172 48 188 52 175 121 148 180 153 52 0 0 0 0 0 0 0 0 0 0; 57 166 183 16 182 169 190 179 28 189 64 0 31 160 181 179 23 30 194 143 44 180 47 127 31 1 38 152 38 149 196 130 1 199 196 38 0 0 0 0 0 0 0 0 0; 9 190 194 28 134 178 38 8 34 0 178 2 20 1 25 35 184 194 4 31 186 6 29 142 65 196 194 76 4 174 183 41 174 169 14 33 191 0 0 0 0 0 0 0 0; 191 0 150 198 10 32 2 4 3 120 131 193 24 21 105 168 195 182 197 187 17 20 42 91 191 165 176 54 7 8 4 33 200 42 1 179 70 143 0 0 0 0 0 0 0; 5 156 2 192 3 194 35 187 173 7 31 186 22 192 21 12 33 191 26 150 185 171 16 28 199 53 152 61 17 13 49 193 22 13 2 26 200 13 25 0 0 0 0 0 0; 31 171 10 42 46 185 61 49 40 187 38 54 24 191 19 42 61 12 190 170 0 13 160 170 72 190 11 7 31 170 0 199 8 146 193 2 21 190 143 200 0 0 0 0 0; 20 199 197 199 166 168 14 196 88 32 185 54 36 0 6 67 187 2 198 11 42 74 74 16 180 37 194 187 2 161 3 156 1 4 0 186 40 17 199 2 2 0 0 0 0; 5 137 44 0 138 12 36 185 198 154 11 3 14 180 2 12 190 196 196 199 185 124 180 3 189 23 180 69 200 133 196 25 195 19 191 167 57 4 15 58 178 176 0 0 0; 176 200 30 193 43 199 191 197 195 130 200 3 200 1 200 14 197 12 122 164 15 35 169 185 11 49 47 76 158 6 32 85 25 16 17 197 164 4 197 112 155 0 60 0 0; 23 191 93 0 194 193 174 13 55 9 8 165 159 151 193 20 199 4 149 6 1 198 43 197 160 42 15 167 5 197 8 4 66 196 145 196 196 38 0 190 16 192 25 199 0; 182 146 3 165 50 195 1 15 0 197 18 78 1 55 125 11 190 179 26 185 200 1 166 196 133 66 44 190 179 184 186 142 17 21 38 12 25 129 19 8 32 187 141 1 20]
