n=35
density=50
Q1=[0 0 0 0 0 0 0 0 0 0 0 0 0 0 0 0 0 0 0 0 0 0 0 0 0 0 0 0 0 0 0 0 0 0 0 ;
40 0 0 0 0 0 0 0 0 0 0 0 0 0 0 0 0 0 0 0 0 0 0 0 0 0 0 0 0 0 0 0 0 0 0 ;
0 100 33 0 0 0 0 0 0 0 0 0 0 0 0 0 0 0 0 0 0 0 0 0 0 0 0 0 0 0 0 0 0 0 0 ;
15 33 0 34 0 0 0 0 0 0 0 0 0 0 0 0 0 0 0 0 0 0 0 0 0 0 0 0 0 0 0 0 0 0 0 ;
93 61 0 0 80 0 0 0 0 0 0 0 0 0 0 0 0 0 0 0 0 0 0 0 0 0 0 0 0 0 0 0 0 0 0 ;
0 22 0 0 8 0 0 0 0 0 0 0 0 0 0 0 0 0 0 0 0 0 0 0 0 0 0 0 0 0 0 0 0 0 0 ;
0 0 0 0 85 30 10 0 0 0 0 0 0 0 0 0 0 0 0 0 0 0 0 0 0 0 0 0 0 0 0 0 0 0 0 ;
0 80 46 0 49 0 38 0 0 0 0 0 0 0 0 0 0 0 0 0 0 0 0 0 0 0 0 0 0 0 0 0 0 0 0 ;
54 70 17 93 0 0 83 97 0 0 0 0 0 0 0 0 0 0 0 0 0 0 0 0 0 0 0 0 0 0 0 0 0 0 0 ;
77 0 0 0 0 79 0 0 72 0 0 0 0 0 0 0 0 0 0 0 0 0 0 0 0 0 0 0 0 0 0 0 0 0 0 ;
42 34 0 0 0 70 0 0 45 0 23 0 0 0 0 0 0 0 0 0 0 0 0 0 0 0 0 0 0 0 0 0 0 0 0 ;
51 0 36 0 0 0 2 96 0 0 59 0 0 0 0 0 0 0 0 0 0 0 0 0 0 0 0 0 0 0 0 0 0 0 0 ;
0 0 0 43 0 70 0 0 65 9 5 94 31 0 0 0 0 0 0 0 0 0 0 0 0 0 0 0 0 0 0 0 0 0 0 ;
100 88 0 0 19 18 57 21 0 46 73 0 0 49 0 0 0 0 0 0 0 0 0 0 0 0 0 0 0 0 0 0 0 0 0 ;
0 48 0 10 84 32 7 0 7 0 0 0 88 83 0 0 0 0 0 0 0 0 0 0 0 0 0 0 0 0 0 0 0 0 0 ;
0 40 37 64 22 0 0 49 0 29 0 34 6 53 0 75 0 0 0 0 0 0 0 0 0 0 0 0 0 0 0 0 0 0 0 ;
25 61 0 0 26 95 89 33 0 0 7 64 0 0 18 57 0 0 0 0 0 0 0 0 0 0 0 0 0 0 0 0 0 0 0 ;
51 35 0 57 0 25 49 2 88 0 0 2 57 0 0 0 0 80 0 0 0 0 0 0 0 0 0 0 0 0 0 0 0 0 0 ;
0 0 34 95 0 25 66 0 79 37 6 4 70 0 0 61 65 66 70 0 0 0 0 0 0 0 0 0 0 0 0 0 0 0 0 ;
79 0 57 0 0 0 26 0 88 67 18 83 0 0 0 81 0 35 0 0 0 0 0 0 0 0 0 0 0 0 0 0 0 0 0 ;
4 77 0 9 46 1 0 0 0 0 0 0 73 47 0 8 48 81 0 63 0 0 0 0 0 0 0 0 0 0 0 0 0 0 0 ;
0 61 0 50 0 60 36 89 0 91 0 21 66 53 0 74 0 0 94 0 74 0 0 0 0 0 0 0 0 0 0 0 0 0 0 ;
84 77 0 0 29 48 99 0 83 0 0 0 0 80 0 0 0 77 0 49 71 0 0 0 0 0 0 0 0 0 0 0 0 0 0 ;
0 0 0 0 0 0 67 13 3 0 0 0 70 0 0 64 0 57 43 25 53 24 100 53 0 0 0 0 0 0 0 0 0 0 0 ;
0 17 71 14 42 0 0 97 0 0 40 82 0 0 0 0 0 56 0 0 0 12 60 0 80 0 0 0 0 0 0 0 0 0 0 ;
95 45 0 0 14 59 61 66 71 52 99 0 0 0 0 7 42 89 0 29 0 66 44 4 0 0 0 0 0 0 0 0 0 0 0 ;
25 61 49 0 40 31 0 0 0 0 82 46 43 0 0 17 0 0 0 52 88 0 0 35 13 0 58 0 0 0 0 0 0 0 0 ;
90 23 37 23 80 0 19 91 85 46 22 0 11 0 38 0 0 0 0 0 0 20 14 0 91 0 22 0 0 0 0 0 0 0 0 ;
0 26 11 85 0 100 0 0 0 0 0 0 0 100 0 47 0 0 58 40 0 0 0 0 46 0 29 33 18 0 0 0 0 0 0 ;
0 0 0 85 38 88 0 36 48 8 0 8 0 63 0 79 89 76 0 0 0 100 0 0 0 7 0 0 1 0 0 0 0 0 0 ;
0 0 0 91 0 0 75 0 0 0 70 54 17 0 79 60 0 21 73 56 0 0 0 15 11 74 77 80 0 74 0 0 0 0 0 ;
0 0 59 0 45 87 0 0 0 34 0 72 0 0 25 0 0 86 0 0 81 0 0 86 0 58 13 69 0 96 91 94 0 0 0 ;
0 0 0 100 0 92 35 0 0 12 0 0 0 97 0 20 36 77 60 4 99 80 95 35 0 0 18 9 0 0 42 0 24 0 0 ;
0 0 82 0 0 6 0 0 59 19 26 2 50 0 0 81 92 0 0 0 54 0 0 0 45 34 0 0 93 100 0 65 74 0 0 ;
0 85 0 40 0 0 0 65 0 39 0 0 0 0 88 0 0 0 45 95 30 27 0 0 69 10 0 36 45 60 94 55 12 71 0 ]
w=[42, 12, 39, 38, 16, 28, 30, 19, 4, 33, 50, 46, 43, 26, 50, 23, 36, 31, 36, 39, 36, 28, 17, 49, 40, 31, 39, 7, 38, 25, 21, 8, 47, 5, 30]
W=103 
k=5 
inst_name = "QKP_35_100_50" 
feasible = true 
Q2=[100 0 0 0 0 0 0 0 0 0 0 0 0 0 0 0 0 0 0 0 0 0 0 0 0 0 0 0 0 0 0 0 0 0 0; 73 100 0 0 0 0 0 0 0 0 0 0 0 0 0 0 0 0 0 0 0 0 0 0 0 0 0 0 0 0 0 0 0 0 0; 100 0 98 0 0 0 0 0 0 0 0 0 0 0 0 0 0 0 0 0 0 0 0 0 0 0 0 0 0 0 0 0 0 0 0; 88 79 100 83 0 0 0 0 0 0 0 0 0 0 0 0 0 0 0 0 0 0 0 0 0 0 0 0 0 0 0 0 0 0 0; 6 3 100 100 17 0 0 0 0 0 0 0 0 0 0 0 0 0 0 0 0 0 0 0 0 0 0 0 0 0 0 0 0 0 0; 100 84 100 100 96 100 0 0 0 0 0 0 0 0 0 0 0 0 0 0 0 0 0 0 0 0 0 0 0 0 0 0 0 0 0; 100 100 100 100 9 90 92 0 0 0 0 0 0 0 0 0 0 0 0 0 0 0 0 0 0 0 0 0 0 0 0 0 0 0 0; 100 7 82 100 66 100 64 100 0 0 0 0 0 0 0 0 0 0 0 0 0 0 0 0 0 0 0 0 0 0 0 0 0 0 0; 33 14 98 1 100 100 2 0 100 0 0 0 0 0 0 0 0 0 0 0 0 0 0 0 0 0 0 0 0 0 0 0 0 0 0; 21 100 100 100 100 18 100 100 11 100 0 0 0 0 0 0 0 0 0 0 0 0 0 0 0 0 0 0 0 0 0 0 0 0 0; 61 85 100 100 100 8 100 100 67 100 93 0 0 0 0 0 0 0 0 0 0 0 0 0 0 0 0 0 0 0 0 0 0 0 0; 17 100 67 100 100 100 98 2 100 100 22 100 0 0 0 0 0 0 0 0 0 0 0 0 0 0 0 0 0 0 0 0 0 0 0; 100 100 100 99 100 1 100 100 35 91 100 3 74 0 0 0 0 0 0 0 0 0 0 0 0 0 0 0 0 0 0 0 0 0 0; 0 7 100 100 96 96 16 91 100 94 5 100 100 86 0 0 0 0 0 0 0 0 0 0 0 0 0 0 0 0 0 0 0 0 0; 100 64 100 100 0 77 97 100 98 100 100 100 0 13 100 0 0 0 0 0 0 0 0 0 0 0 0 0 0 0 0 0 0 0 0; 100 92 89 25 80 100 100 60 100 100 100 89 97 39 100 18 0 0 0 0 0 0 0 0 0 0 0 0 0 0 0 0 0 0 0; 76 8 100 100 76 5 10 85 100 100 98 10 100 100 99 1 100 0 0 0 0 0 0 0 0 0 0 0 0 0 0 0 0 0 0; 25 77 100 13 100 89 75 98 1 100 100 99 8 100 100 100 100 0 0 0 0 0 0 0 0 0 0 0 0 0 0 0 0 0 0; 100 100 95 4 100 100 6 100 18 70 94 100 23 100 100 17 12 8 24 0 0 0 0 0 0 0 0 0 0 0 0 0 0 0 0; 16 100 34 100 100 100 75 100 4 12 94 10 100 100 100 16 100 92 100 100 0 0 0 0 0 0 0 0 0 0 0 0 0 0 0; 96 4 100 98 78 100 100 100 100 100 100 100 10 91 100 98 93 7 100 37 100 0 0 0 0 0 0 0 0 0 0 0 0 0 0; 100 25 100 10 100 28 69 10 100 7 100 92 2 47 100 24 100 100 1 100 16 100 0 0 0 0 0 0 0 0 0 0 0 0 0; 13 13 100 100 71 60 1 100 9 100 100 100 100 1 100 100 100 3 100 90 7 100 100 0 0 0 0 0 0 0 0 0 0 0 0; 100 100 100 100 100 100 12 97 97 100 100 100 4 100 100 20 100 12 76 81 33 89 0 20 0 0 0 0 0 0 0 0 0 0 0; 100 95 13 99 80 100 100 1 100 100 78 18 100 100 100 100 100 39 100 100 100 91 29 100 16 0 0 0 0 0 0 0 0 0 0; 0 79 100 100 95 36 31 17 3 8 0 100 100 100 100 97 87 0 100 90 100 14 68 96 100 100 0 0 0 0 0 0 0 0 0; 100 33 78 100 67 87 100 100 100 100 14 82 79 100 100 86 100 100 100 22 0 100 100 65 93 100 8 0 0 0 0 0 0 0 0; 4 99 87 87 20 100 87 2 9 61 97 100 96 100 97 100 100 100 100 100 100 84 92 100 3 100 96 100 0 0 0 0 0 0 0; 100 87 90 12 100 0 100 100 100 100 100 100 100 0 100 79 100 100 38 83 100 100 100 100 100 100 82 87 95 0 0 0 0 0 0; 100 100 100 15 80 12 100 98 94 96 100 96 100 13 100 12 9 14 100 100 100 0 100 100 100 98 100 100 99 100 0 0 0 0 0; 100 100 100 5 100 100 12 100 100 100 1 37 88 100 18 17 100 87 18 44 100 100 100 96 95 20 7 19 100 19 100 0 0 0 0; 100 100 24 100 69 10 100 100 100 69 100 20 100 100 100 100 100 9 100 100 2 100 100 11 100 23 87 28 100 4 7 2 0 0 0; 100 100 100 0 100 0 75 100 100 91 100 100 100 1 100 88 65 18 21 99 1 12 4 69 100 100 86 94 100 100 82 100 96 0 0; 100 100 2 100 100 96 100 100 33 88 92 98 9 100 100 7 4 100 100 100 32 100 100 100 86 94 100 100 6 0 100 27 15 100 0; 100 6 100 85 100 100 100 22 100 94 100 100 100 100 0 100 100 100 92 1 85 76 100 100 7 90 100 88 73 37 1 5 95 1 100]
