n=30
density=50
Q1=[0 0 0 0 0 0 0 0 0 0 0 0 0 0 0 0 0 0 0 0 0 0 0 0 0 0 0 0 0 0 ;
0 0 0 0 0 0 0 0 0 0 0 0 0 0 0 0 0 0 0 0 0 0 0 0 0 0 0 0 0 0 ;
37 74 79 0 0 0 0 0 0 0 0 0 0 0 0 0 0 0 0 0 0 0 0 0 0 0 0 0 0 0 ;
29 35 0 68 0 0 0 0 0 0 0 0 0 0 0 0 0 0 0 0 0 0 0 0 0 0 0 0 0 0 ;
0 13 66 38 78 0 0 0 0 0 0 0 0 0 0 0 0 0 0 0 0 0 0 0 0 0 0 0 0 0 ;
0 0 0 0 6 0 0 0 0 0 0 0 0 0 0 0 0 0 0 0 0 0 0 0 0 0 0 0 0 0 ;
73 0 89 0 0 84 0 0 0 0 0 0 0 0 0 0 0 0 0 0 0 0 0 0 0 0 0 0 0 0 ;
0 42 4 0 0 0 0 60 0 0 0 0 0 0 0 0 0 0 0 0 0 0 0 0 0 0 0 0 0 0 ;
65 17 0 0 0 63 97 17 0 0 0 0 0 0 0 0 0 0 0 0 0 0 0 0 0 0 0 0 0 0 ;
0 0 39 0 0 17 0 59 53 48 0 0 0 0 0 0 0 0 0 0 0 0 0 0 0 0 0 0 0 0 ;
0 91 0 60 53 0 0 0 0 0 54 0 0 0 0 0 0 0 0 0 0 0 0 0 0 0 0 0 0 0 ;
0 0 0 0 26 0 74 76 18 24 21 80 0 0 0 0 0 0 0 0 0 0 0 0 0 0 0 0 0 0 ;
0 30 98 0 53 0 0 0 19 0 0 76 21 0 0 0 0 0 0 0 0 0 0 0 0 0 0 0 0 0 ;
50 22 22 21 28 47 0 0 0 0 0 47 0 0 0 0 0 0 0 0 0 0 0 0 0 0 0 0 0 0 ;
0 0 0 0 0 44 13 0 42 0 0 0 29 26 27 0 0 0 0 0 0 0 0 0 0 0 0 0 0 0 ;
0 0 0 0 0 0 84 72 45 6 5 0 0 67 0 0 0 0 0 0 0 0 0 0 0 0 0 0 0 0 ;
0 0 99 0 0 0 0 87 0 67 34 0 53 0 93 94 0 0 0 0 0 0 0 0 0 0 0 0 0 0 ;
89 0 0 0 44 7 4 0 0 0 0 24 49 0 30 63 76 0 0 0 0 0 0 0 0 0 0 0 0 0 ;
53 83 100 0 67 54 0 0 46 13 29 35 56 0 9 0 90 68 0 0 0 0 0 0 0 0 0 0 0 0 ;
0 0 0 0 62 0 0 26 8 0 0 39 0 0 3 68 20 0 0 95 0 0 0 0 0 0 0 0 0 0 ;
0 0 67 76 70 0 0 26 0 0 0 0 0 0 0 0 60 39 0 0 0 0 0 0 0 0 0 0 0 0 ;
60 0 0 0 0 0 0 97 33 13 0 0 96 63 0 0 0 0 0 6 0 0 0 0 0 0 0 0 0 0 ;
0 0 45 44 48 0 0 84 0 94 80 0 0 96 0 0 42 0 47 0 83 42 53 0 0 0 0 0 0 0 ;
41 89 0 93 10 0 17 0 56 0 0 50 63 0 76 20 0 0 0 79 45 24 0 48 0 0 0 0 0 0 ;
0 0 0 99 0 77 0 42 0 70 0 90 0 65 0 0 0 52 71 14 0 67 34 54 96 0 0 0 0 0 ;
9 76 14 40 0 0 0 0 0 17 0 0 29 0 70 0 96 0 0 79 0 0 0 0 0 0 0 0 0 0 ;
65 0 0 0 0 100 12 29 0 0 98 24 87 82 0 0 0 0 91 95 14 0 0 0 0 52 39 0 0 0 ;
60 0 63 93 0 24 0 0 80 0 0 0 53 79 0 0 43 0 0 0 37 89 13 75 37 17 35 0 0 0 ;
0 0 51 67 0 0 0 0 0 10 0 0 63 42 0 0 0 0 24 0 13 75 0 67 77 0 0 0 0 0 ;
94 0 42 52 49 0 0 0 0 70 89 0 52 0 15 0 50 0 25 11 63 8 0 66 34 30 2 0 70 80 ]
w=[22, 14, 17, 6, 13, 42, 40, 9, 43, 37, 3, 25, 41, 27, 10, 28, 9, 34, 13, 28, 36, 48, 21, 40, 16, 31, 6, 46, 45, 9]
W=94 
k=4 
inst_name = "QKP_30_100_50" 
feasible = true 
Q2=[100 0 0 0 0 0 0 0 0 0 0 0 0 0 0 0 0 0 0 0 0 0 0 0 0 0 0 0 0 0; 100 100 0 0 0 0 0 0 0 0 0 0 0 0 0 0 0 0 0 0 0 0 0 0 0 0 0 0 0 0; 95 9 11 0 0 0 0 0 0 0 0 0 0 0 0 0 0 0 0 0 0 0 0 0 0 0 0 0 0 0; 99 82 100 1 0 0 0 0 0 0 0 0 0 0 0 0 0 0 0 0 0 0 0 0 0 0 0 0 0 0; 100 97 6 66 4 0 0 0 0 0 0 0 0 0 0 0 0 0 0 0 0 0 0 0 0 0 0 0 0 0; 100 100 100 100 94 100 0 0 0 0 0 0 0 0 0 0 0 0 0 0 0 0 0 0 0 0 0 0 0 0; 18 100 10 100 100 14 100 0 0 0 0 0 0 0 0 0 0 0 0 0 0 0 0 0 0 0 0 0 0 0; 100 94 100 100 100 100 100 24 0 0 0 0 0 0 0 0 0 0 0 0 0 0 0 0 0 0 0 0 0 0; 0 90 100 100 100 14 0 83 100 0 0 0 0 0 0 0 0 0 0 0 0 0 0 0 0 0 0 0 0 0; 100 100 89 100 100 91 100 1 14 89 0 0 0 0 0 0 0 0 0 0 0 0 0 0 0 0 0 0 0 0; 100 7 100 24 15 100 100 100 100 100 4 0 0 0 0 0 0 0 0 0 0 0 0 0 0 0 0 0 0 0; 100 100 100 100 77 100 10 7 93 90 79 5 0 0 0 0 0 0 0 0 0 0 0 0 0 0 0 0 0 0; 100 85 0 100 11 100 100 100 100 100 100 10 99 0 0 0 0 0 0 0 0 0 0 0 0 0 0 0 0 0; 48 100 87 83 81 94 100 100 100 100 100 80 100 100 0 0 0 0 0 0 0 0 0 0 0 0 0 0 0 0; 100 100 100 100 100 62 87 100 86 100 100 100 83 89 87 0 0 0 0 0 0 0 0 0 0 0 0 0 0 0; 100 100 100 100 100 100 9 26 69 97 95 100 100 29 100 100 0 0 0 0 0 0 0 0 0 0 0 0 0 0; 100 100 0 100 100 100 100 6 100 21 69 100 3 100 4 5 100 0 0 0 0 0 0 0 0 0 0 0 0 0; 11 100 100 100 87 100 96 100 100 100 100 81 66 100 87 2 15 100 0 0 0 0 0 0 0 0 0 0 0 0; 24 3 0 100 30 44 100 100 79 91 88 93 34 100 92 100 1 19 100 0 0 0 0 0 0 0 0 0 0 0; 100 100 100 100 8 100 100 92 92 100 100 100 100 100 100 28 84 100 100 1 0 0 0 0 0 0 0 0 0 0; 100 100 18 4 30 100 100 92 100 100 100 100 100 100 100 100 40 76 100 100 100 0 0 0 0 0 0 0 0 0; 2 100 100 100 100 100 100 2 87 96 100 100 1 2 100 100 100 100 100 99 100 100 0 0 0 0 0 0 0 0; 100 100 91 72 99 100 100 16 100 6 4 100 100 1 100 100 62 100 85 100 15 63 47 0 0 0 0 0 0 0; 61 10 100 4 99 100 98 100 26 100 100 7 8 100 12 94 100 100 100 15 87 100 100 98 0 0 0 0 0 0; 100 100 100 1 100 14 100 81 100 16 100 8 100 25 100 100 100 16 8 87 100 29 69 7 0 0 0 0 0 0; 96 12 89 90 100 100 100 100 100 87 100 100 96 100 4 100 3 100 100 0 100 100 100 100 100 100 0 0 0 0; 21 100 100 100 100 0 94 79 100 100 0 99 1 16 100 100 100 100 7 4 100 100 100 100 100 15 76 0 0 0; 7 100 13 2 100 99 100 100 5 100 100 100 38 0 100 100 86 100 100 100 74 11 94 6 90 84 90 100 0 0; 100 100 3 0 100 100 100 100 100 92 100 100 13 60 100 100 100 100 98 100 100 12 100 7 2 100 100 100 100 0; 6 100 96 16 78 100 100 100 100 1 9 100 28 100 85 100 21 100 100 100 23 100 100 19 94 84 100 100 9 16]
