n=20
density=100
Q1=[9 0 0 0 0 0 0 0 0 0 0 0 0 0 0 0 0 0 0 0 ;
41 54 0 0 0 0 0 0 0 0 0 0 0 0 0 0 0 0 0 0 ;
33 12 61 0 0 0 0 0 0 0 0 0 0 0 0 0 0 0 0 0 ;
72 89 35 58 0 0 0 0 0 0 0 0 0 0 0 0 0 0 0 0 ;
2 97 42 3 49 0 0 0 0 0 0 0 0 0 0 0 0 0 0 0 ;
8 13 88 91 59 18 0 0 0 0 0 0 0 0 0 0 0 0 0 0 ;
24 30 27 39 49 40 96 0 0 0 0 0 0 0 0 0 0 0 0 0 ;
3 16 7 8 15 44 63 10 0 0 0 0 0 0 0 0 0 0 0 0 ;
75 89 81 90 62 50 72 40 60 0 0 0 0 0 0 0 0 0 0 0 ;
82 7 24 35 32 95 76 34 31 61 0 0 0 0 0 0 0 0 0 0 ;
79 93 1 85 38 72 52 29 36 53 92 0 0 0 0 0 0 0 0 0 ;
53 34 87 4 38 6 80 30 45 81 90 93 0 0 0 0 0 0 0 0 ;
48 84 9 62 19 10 33 97 25 8 23 90 28 0 0 0 0 0 0 0 ;
91 91 84 7 97 59 12 81 6 10 86 84 86 78 0 0 0 0 0 0 ;
77 59 89 20 22 16 1 10 49 38 53 18 39 52 64 0 0 0 0 0 ;
86 18 73 100 66 43 12 73 52 94 21 51 2 48 70 90 0 0 0 0 ;
75 30 44 74 16 10 24 62 3 3 92 43 57 56 51 88 14 0 0 0 ;
25 77 88 37 14 79 29 96 2 17 100 93 26 14 57 16 49 75 0 0 ;
98 9 96 84 20 1 40 75 35 26 72 43 65 51 71 33 80 63 18 0 ;
54 76 54 74 46 44 79 25 94 52 63 71 30 44 81 2 19 19 16 41 ]
w=[47, 27, 45, 50, 33, 19, 41, 19, 39, 46, 7, 47, 20, 21, 25, 5, 14, 34, 44, 12]
W=64 
k=4 
inst_name = "QKP_20_100_100" 
feasible = true 
Q2=[93 0 0 0 0 0 0 0 0 0 0 0 0 0 0 0 0 0 0 0; 82 21 0 0 0 0 0 0 0 0 0 0 0 0 0 0 0 0 0 0; 88 90 16 0 0 0 0 0 0 0 0 0 0 0 0 0 0 0 0 0; 13 2 88 18 0 0 0 0 0 0 0 0 0 0 0 0 0 0 0 0; 98 0 63 98 56 0 0 0 0 0 0 0 0 0 0 0 0 0 0 0; 99 97 2 4 41 82 0 0 0 0 0 0 0 0 0 0 0 0 0 0; 89 79 100 65 89 85 0 0 0 0 0 0 0 0 0 0 0 0 0 0; 98 100 97 99 97 81 35 100 0 0 0 0 0 0 0 0 0 0 0 0; 6 5 10 8 22 31 1 63 15 0 0 0 0 0 0 0 0 0 0 0; 2 96 84 73 80 2 12 72 80 10 0 0 0 0 0 0 0 0 0 0; 20 3 100 8 74 16 34 83 66 30 2 0 0 0 0 0 0 0 0 0; 0 75 0 96 68 96 11 82 99 6 3 0 0 0 0 0 0 0 0 0; 60 0 94 18 94 95 81 0 91 98 97 10 100 0 0 0 0 0 0 0; 8 8 8 95 0 40 90 5 98 90 3 12 10 17 0 0 0 0 0 0; 11 39 7 83 85 90 100 98 52 90 18 100 95 45 10 0 0 0 0 0; 0 88 14 0 10 79 90 20 23 6 100 11 99 93 8 5 0 0 0 0; 15 91 56 5 86 91 77 25 100 97 8 99 38 17 42 10 91 0 0 0; 84 23 8 71 99 16 96 0 98 99 0 7 81 89 4 99 82 2 0 0; 2 97 1 10 82 100 62 2 93 83 12 65 10 29 7 74 8 1 100 0; 10 18 18 24 74 81 21 87 5 29 25 4 82 90 14 99 92 94 89 73]
