n=30
density=75
Q1=[82 0 0 0 0 0 0 0 0 0 0 0 0 0 0 0 0 0 0 0 0 0 0 0 0 0 0 0 0 0 ;
44 53 0 0 0 0 0 0 0 0 0 0 0 0 0 0 0 0 0 0 0 0 0 0 0 0 0 0 0 0 ;
65 0 19 0 0 0 0 0 0 0 0 0 0 0 0 0 0 0 0 0 0 0 0 0 0 0 0 0 0 0 ;
39 54 50 87 0 0 0 0 0 0 0 0 0 0 0 0 0 0 0 0 0 0 0 0 0 0 0 0 0 0 ;
74 6 70 50 87 0 0 0 0 0 0 0 0 0 0 0 0 0 0 0 0 0 0 0 0 0 0 0 0 0 ;
86 0 100 0 97 31 0 0 0 0 0 0 0 0 0 0 0 0 0 0 0 0 0 0 0 0 0 0 0 0 ;
100 14 18 52 77 91 45 0 0 0 0 0 0 0 0 0 0 0 0 0 0 0 0 0 0 0 0 0 0 0 ;
49 96 36 27 15 0 82 62 0 0 0 0 0 0 0 0 0 0 0 0 0 0 0 0 0 0 0 0 0 0 ;
50 0 97 23 0 93 67 0 52 0 0 0 0 0 0 0 0 0 0 0 0 0 0 0 0 0 0 0 0 0 ;
52 52 96 21 39 0 91 0 0 0 0 0 0 0 0 0 0 0 0 0 0 0 0 0 0 0 0 0 0 0 ;
0 54 54 36 0 100 30 60 45 28 0 0 0 0 0 0 0 0 0 0 0 0 0 0 0 0 0 0 0 0 ;
66 30 0 57 56 25 61 19 1 1 22 14 0 0 0 0 0 0 0 0 0 0 0 0 0 0 0 0 0 0 ;
97 10 48 0 59 0 20 0 74 61 0 0 34 0 0 0 0 0 0 0 0 0 0 0 0 0 0 0 0 0 ;
64 57 70 0 81 25 68 92 46 65 0 14 0 100 0 0 0 0 0 0 0 0 0 0 0 0 0 0 0 0 ;
0 65 0 98 35 0 91 42 0 72 7 68 5 15 11 0 0 0 0 0 0 0 0 0 0 0 0 0 0 0 ;
10 1 0 95 3 86 0 49 14 0 8 7 0 0 37 1 0 0 0 0 0 0 0 0 0 0 0 0 0 0 ;
0 93 39 0 31 52 46 97 0 75 0 5 0 14 93 86 0 0 0 0 0 0 0 0 0 0 0 0 0 0 ;
37 47 0 0 4 13 66 28 0 100 42 0 0 7 0 0 48 85 0 0 0 0 0 0 0 0 0 0 0 0 ;
59 7 83 84 36 47 95 0 0 88 0 0 59 0 73 10 54 30 42 0 0 0 0 0 0 0 0 0 0 0 ;
44 28 23 36 29 0 0 18 18 46 70 71 0 29 60 27 0 48 80 0 0 0 0 0 0 0 0 0 0 0 ;
46 0 24 57 36 92 6 0 0 20 0 84 52 8 2 38 0 23 0 35 78 0 0 0 0 0 0 0 0 0 ;
89 0 0 21 0 57 74 81 0 55 99 0 94 0 47 4 0 65 41 51 9 16 0 0 0 0 0 0 0 0 ;
44 83 98 39 0 17 67 0 0 0 77 38 0 57 67 0 84 71 42 16 79 85 37 0 0 0 0 0 0 0 ;
100 14 0 42 80 13 79 16 94 28 65 22 39 25 56 78 53 86 59 61 61 24 60 36 0 0 0 0 0 0 ;
4 0 30 96 0 94 54 76 85 52 86 30 73 0 0 0 15 38 0 69 18 75 52 76 44 0 0 0 0 0 ;
6 41 55 31 59 0 15 65 13 0 58 92 52 3 8 0 24 7 27 28 78 75 96 38 96 68 0 0 0 0 ;
45 4 0 21 43 40 83 50 21 29 54 42 0 100 0 92 48 62 5 95 64 0 99 31 92 61 3 0 0 0 ;
27 89 10 0 53 21 5 34 8 15 49 0 44 35 74 26 40 47 73 50 38 9 12 0 4 0 0 0 0 0 ;
0 0 0 3 0 0 0 0 0 8 10 3 79 0 0 22 49 90 40 96 0 66 80 63 64 12 10 0 9 0 ;
85 60 99 58 0 44 11 12 81 36 75 5 93 96 75 67 0 66 93 0 6 33 20 57 94 69 14 70 79 85 ]
w=[18, 10, 49, 7, 6, 12, 4, 19, 21, 40, 49, 6, 46, 1, 43, 30, 27, 37, 12, 36, 7, 40, 50, 27, 28, 43, 17, 38, 35, 29]
W=61 
k=3 
inst_name = "QKP_30_100_75" 
feasible = true 
Q2=[16 0 0 0 0 0 0 0 0 0 0 0 0 0 0 0 0 0 0 0 0 0 0 0 0 0 0 0 0 0; 86 13 0 0 0 0 0 0 0 0 0 0 0 0 0 0 0 0 0 0 0 0 0 0 0 0 0 0 0 0; 6 100 82 0 0 0 0 0 0 0 0 0 0 0 0 0 0 0 0 0 0 0 0 0 0 0 0 0 0 0; 86 3 28 4 0 0 0 0 0 0 0 0 0 0 0 0 0 0 0 0 0 0 0 0 0 0 0 0 0 0; 11 98 9 20 11 0 0 0 0 0 0 0 0 0 0 0 0 0 0 0 0 0 0 0 0 0 0 0 0 0; 5 100 0 100 3 87 0 0 0 0 0 0 0 0 0 0 0 0 0 0 0 0 0 0 0 0 0 0 0 0; 0 92 82 30 6 3 93 0 0 0 0 0 0 0 0 0 0 0 0 0 0 0 0 0 0 0 0 0 0 0; 56 3 81 75 89 100 1 1 0 0 0 0 0 0 0 0 0 0 0 0 0 0 0 0 0 0 0 0 0 0; 36 100 3 86 100 1 13 100 39 0 0 0 0 0 0 0 0 0 0 0 0 0 0 0 0 0 0 0 0 0; 32 29 3 98 99 100 7 100 100 100 0 0 0 0 0 0 0 0 0 0 0 0 0 0 0 0 0 0 0 0; 100 6 45 85 100 0 72 11 87 91 100 0 0 0 0 0 0 0 0 0 0 0 0 0 0 0 0 0 0 0; 22 94 100 39 6 91 8 98 100 99 97 99 0 0 0 0 0 0 0 0 0 0 0 0 0 0 0 0 0 0; 3 97 88 100 30 100 88 100 26 24 100 100 98 0 0 0 0 0 0 0 0 0 0 0 0 0 0 0 0 0; 30 19 30 100 15 90 24 3 92 29 100 90 100 0 0 0 0 0 0 0 0 0 0 0 0 0 0 0 0 0; 100 15 100 0 85 100 5 64 100 26 99 27 97 99 100 0 0 0 0 0 0 0 0 0 0 0 0 0 0 0; 98 100 100 0 100 7 100 88 99 100 98 95 100 100 94 100 0 0 0 0 0 0 0 0 0 0 0 0 0 0; 100 4 64 100 95 10 99 2 100 13 100 96 100 94 7 3 100 0 0 0 0 0 0 0 0 0 0 0 0 0; 99 73 100 100 98 96 10 88 100 0 74 100 100 100 100 100 60 6 0 0 0 0 0 0 0 0 0 0 0 0; 39 97 11 7 81 63 4 100 100 1 100 100 34 100 26 95 40 77 99 0 0 0 0 0 0 0 0 0 0 0; 83 89 78 95 74 100 100 97 82 76 12 10 100 97 23 81 100 95 15 100 0 0 0 0 0 0 0 0 0 0; 63 100 95 38 71 2 100 100 100 92 100 1 4 93 98 94 100 89 100 92 7 0 0 0 0 0 0 0 0 0; 5 100 100 83 100 2 17 15 100 2 0 100 5 100 97 96 100 35 94 47 99 96 0 0 0 0 0 0 0 0; 95 14 1 84 100 88 6 100 100 100 21 71 100 32 21 100 10 26 97 92 1 3 66 0 0 0 0 0 0 0; 0 87 100 61 4 100 14 96 0 92 28 84 70 77 13 16 26 10 36 24 26 89 10 74 0 0 0 0 0 0; 96 100 70 4 100 1 20 12 10 3 0 100 0 100 100 100 100 86 100 10 88 11 35 8 84 0 0 0 0 0; 100 61 35 71 29 100 89 16 96 100 0 8 17 100 96 100 97 99 88 92 16 5 4 65 1 28 0 0 0 0; 79 96 100 79 83 78 0 9 79 96 15 62 100 0 100 0 85 14 96 1 3 100 0 91 8 14 99 0 0 0; 77 10 99 100 11 90 100 67 94 89 98 100 69 94 21 93 83 77 5 12 63 91 92 100 99 100 100 100 0 0; 100 100 100 97 100 100 100 100 100 94 95 97 17 100 100 81 88 10 78 0 100 14 3 34 9 96 93 100 97 0; 15 40 0 36 100 96 90 91 11 65 13 100 2 2 22 8 100 20 5 100 100 71 88 15 6 25 97 15 16 4]
