n=45
density=100
Q1=[48 0 0 0 0 0 0 0 0 0 0 0 0 0 0 0 0 0 0 0 0 0 0 0 0 0 0 0 0 0 0 0 0 0 0 0 0 0 0 0 0 0 0 0 0 ;
2 191 0 0 0 0 0 0 0 0 0 0 0 0 0 0 0 0 0 0 0 0 0 0 0 0 0 0 0 0 0 0 0 0 0 0 0 0 0 0 0 0 0 0 0 ;
99 79 123 0 0 0 0 0 0 0 0 0 0 0 0 0 0 0 0 0 0 0 0 0 0 0 0 0 0 0 0 0 0 0 0 0 0 0 0 0 0 0 0 0 0 ;
21 174 139 87 0 0 0 0 0 0 0 0 0 0 0 0 0 0 0 0 0 0 0 0 0 0 0 0 0 0 0 0 0 0 0 0 0 0 0 0 0 0 0 0 0 ;
109 16 65 114 32 0 0 0 0 0 0 0 0 0 0 0 0 0 0 0 0 0 0 0 0 0 0 0 0 0 0 0 0 0 0 0 0 0 0 0 0 0 0 0 0 ;
193 106 125 123 108 146 0 0 0 0 0 0 0 0 0 0 0 0 0 0 0 0 0 0 0 0 0 0 0 0 0 0 0 0 0 0 0 0 0 0 0 0 0 0 0 ;
27 76 130 69 28 158 63 0 0 0 0 0 0 0 0 0 0 0 0 0 0 0 0 0 0 0 0 0 0 0 0 0 0 0 0 0 0 0 0 0 0 0 0 0 0 ;
179 17 20 149 60 104 148 26 0 0 0 0 0 0 0 0 0 0 0 0 0 0 0 0 0 0 0 0 0 0 0 0 0 0 0 0 0 0 0 0 0 0 0 0 0 ;
78 59 99 105 36 193 70 170 102 0 0 0 0 0 0 0 0 0 0 0 0 0 0 0 0 0 0 0 0 0 0 0 0 0 0 0 0 0 0 0 0 0 0 0 0 ;
118 84 157 104 168 115 105 166 76 94 0 0 0 0 0 0 0 0 0 0 0 0 0 0 0 0 0 0 0 0 0 0 0 0 0 0 0 0 0 0 0 0 0 0 0 ;
178 52 115 3 12 163 163 139 158 171 67 0 0 0 0 0 0 0 0 0 0 0 0 0 0 0 0 0 0 0 0 0 0 0 0 0 0 0 0 0 0 0 0 0 0 ;
62 11 135 84 58 55 48 110 173 105 194 197 0 0 0 0 0 0 0 0 0 0 0 0 0 0 0 0 0 0 0 0 0 0 0 0 0 0 0 0 0 0 0 0 0 ;
91 122 92 181 22 28 84 139 83 122 190 52 99 0 0 0 0 0 0 0 0 0 0 0 0 0 0 0 0 0 0 0 0 0 0 0 0 0 0 0 0 0 0 0 0 ;
196 168 141 76 130 36 137 22 71 198 190 137 154 75 0 0 0 0 0 0 0 0 0 0 0 0 0 0 0 0 0 0 0 0 0 0 0 0 0 0 0 0 0 0 0 ;
75 85 168 87 157 139 168 189 183 180 136 69 145 90 150 0 0 0 0 0 0 0 0 0 0 0 0 0 0 0 0 0 0 0 0 0 0 0 0 0 0 0 0 0 0 ;
146 151 129 93 142 188 152 186 57 22 93 152 27 100 31 179 0 0 0 0 0 0 0 0 0 0 0 0 0 0 0 0 0 0 0 0 0 0 0 0 0 0 0 0 0 ;
82 164 75 133 50 12 10 112 49 9 94 190 155 91 197 87 152 0 0 0 0 0 0 0 0 0 0 0 0 0 0 0 0 0 0 0 0 0 0 0 0 0 0 0 0 ;
166 25 193 62 50 179 197 165 18 17 96 25 126 62 198 173 54 159 0 0 0 0 0 0 0 0 0 0 0 0 0 0 0 0 0 0 0 0 0 0 0 0 0 0 0 ;
125 79 43 55 131 131 183 166 17 133 130 121 39 78 166 171 166 178 156 0 0 0 0 0 0 0 0 0 0 0 0 0 0 0 0 0 0 0 0 0 0 0 0 0 0 ;
134 112 94 186 46 120 16 181 71 129 92 103 198 92 149 135 12 71 17 126 0 0 0 0 0 0 0 0 0 0 0 0 0 0 0 0 0 0 0 0 0 0 0 0 0 ;
163 176 149 14 198 85 86 95 62 126 14 197 88 17 17 118 184 118 119 20 71 0 0 0 0 0 0 0 0 0 0 0 0 0 0 0 0 0 0 0 0 0 0 0 0 ;
65 23 82 162 81 29 156 52 66 110 172 181 75 108 40 40 147 76 171 29 78 142 0 0 0 0 0 0 0 0 0 0 0 0 0 0 0 0 0 0 0 0 0 0 0 ;
134 176 51 80 29 15 39 114 78 2 171 5 108 182 9 148 9 185 29 145 172 178 150 0 0 0 0 0 0 0 0 0 0 0 0 0 0 0 0 0 0 0 0 0 0 ;
144 166 26 143 96 85 130 126 174 158 185 107 20 62 29 145 183 111 167 45 11 195 97 150 0 0 0 0 0 0 0 0 0 0 0 0 0 0 0 0 0 0 0 0 0 ;
36 151 166 101 27 88 179 105 172 59 59 22 144 162 135 185 195 61 13 41 26 20 162 159 141 0 0 0 0 0 0 0 0 0 0 0 0 0 0 0 0 0 0 0 0 ;
120 67 153 38 93 96 56 34 119 157 81 135 4 144 16 140 36 172 163 99 2 2 105 160 100 186 0 0 0 0 0 0 0 0 0 0 0 0 0 0 0 0 0 0 0 ;
115 16 101 23 132 123 18 175 120 95 54 30 145 28 38 52 181 65 176 32 51 32 198 126 198 21 146 0 0 0 0 0 0 0 0 0 0 0 0 0 0 0 0 0 0 ;
22 46 144 161 167 51 18 101 112 41 109 95 182 56 197 22 74 150 30 3 108 160 103 10 122 176 152 63 0 0 0 0 0 0 0 0 0 0 0 0 0 0 0 0 0 ;
103 144 120 57 15 192 20 100 1 140 12 31 68 199 27 140 122 125 18 162 46 37 15 190 71 46 126 67 67 0 0 0 0 0 0 0 0 0 0 0 0 0 0 0 0 ;
112 49 112 103 174 54 118 114 131 77 133 145 37 138 72 37 182 41 46 49 64 170 94 159 55 143 162 192 116 34 0 0 0 0 0 0 0 0 0 0 0 0 0 0 0 ;
115 58 163 55 181 194 7 46 181 56 187 100 143 4 149 35 60 136 5 30 108 192 64 82 148 99 112 166 49 183 180 0 0 0 0 0 0 0 0 0 0 0 0 0 0 ;
192 168 156 138 130 189 144 13 112 108 8 40 12 182 98 77 186 105 96 10 24 96 164 189 197 88 43 105 3 142 108 145 0 0 0 0 0 0 0 0 0 0 0 0 0 ;
11 130 156 110 36 160 71 183 99 5 18 185 118 153 197 44 12 14 176 61 151 88 37 63 187 93 130 122 164 157 43 31 100 0 0 0 0 0 0 0 0 0 0 0 0 ;
3 73 86 25 21 131 69 94 192 129 199 9 138 63 79 35 77 113 68 78 36 159 22 38 58 195 38 83 39 7 23 179 60 161 0 0 0 0 0 0 0 0 0 0 0 ;
92 43 55 37 114 191 170 122 126 66 198 66 197 56 155 71 107 52 52 32 74 27 20 42 16 47 3 87 93 82 136 163 49 174 96 0 0 0 0 0 0 0 0 0 0 ;
12 125 114 9 163 98 125 135 55 27 93 159 171 42 166 87 82 108 3 42 115 166 196 75 115 161 114 182 161 23 184 116 66 53 185 53 0 0 0 0 0 0 0 0 0 ;
46 64 16 196 151 38 23 23 71 4 146 13 106 102 166 79 12 46 50 37 78 157 14 81 66 32 37 138 58 27 130 62 52 129 142 62 48 0 0 0 0 0 0 0 0 ;
47 155 157 125 130 62 112 151 118 200 187 55 188 77 162 77 131 2 19 124 31 62 85 199 195 186 147 181 120 195 9 102 62 149 99 197 104 39 0 0 0 0 0 0 0 ;
2 118 162 56 161 18 163 62 104 29 108 44 194 126 82 23 162 72 96 14 173 5 52 139 58 135 56 183 60 41 86 65 158 186 74 160 181 193 12 0 0 0 0 0 0 ;
75 144 158 164 16 63 8 39 75 15 24 167 166 118 5 167 110 143 96 151 56 161 20 139 92 19 173 166 100 58 75 188 107 6 22 145 175 155 89 108 0 0 0 0 0 ;
3 113 30 3 14 6 123 180 133 65 1 150 33 4 98 102 175 112 170 60 171 187 177 56 197 104 174 198 118 11 108 2 179 74 48 196 57 12 88 125 102 0 0 0 0 ;
181 199 16 180 107 86 121 79 3 97 154 108 29 35 39 75 41 145 95 151 186 19 66 69 133 2 56 185 80 170 14 166 69 159 49 196 78 1 154 1 64 113 0 0 0 ;
89 10 198 129 120 140 193 112 56 92 159 71 93 98 66 172 67 164 140 17 106 150 179 137 68 170 146 177 77 168 134 56 66 39 110 142 154 1 114 96 135 75 133 0 0 ;
29 197 99 74 153 139 159 34 113 7 17 181 117 145 60 161 138 63 93 121 44 159 83 48 13 72 183 26 21 14 59 24 42 141 37 178 15 67 114 36 94 40 5 35 0 ;
123 153 11 197 103 74 132 139 112 196 137 114 174 131 99 69 42 98 140 153 96 152 106 181 13 68 139 107 64 1 151 29 4 122 145 104 52 190 69 75 30 181 115 96 176 ]
w=[44, 94, 47, 9, 52, 94, 11, 33, 36, 53, 73, 100, 76, 52, 63, 49, 90, 50, 57, 57, 39, 3, 56, 75, 70, 96, 93, 60, 58, 57, 76, 39, 76, 26, 24, 92, 10, 4, 78, 25, 74, 81, 64, 79, 1]
W=59 
k=2 
inst_name = "QKP_45_200_100" 
feasible = true 
Q2=[189 0 0 0 0 0 0 0 0 0 0 0 0 0 0 0 0 0 0 0 0 0 0 0 0 0 0 0 0 0 0 0 0 0 0 0 0 0 0 0 0 0 0 0 0; 198 3 0 0 0 0 0 0 0 0 0 0 0 0 0 0 0 0 0 0 0 0 0 0 0 0 0 0 0 0 0 0 0 0 0 0 0 0 0 0 0 0 0 0 0; 139 200 40 0 0 0 0 0 0 0 0 0 0 0 0 0 0 0 0 0 0 0 0 0 0 0 0 0 0 0 0 0 0 0 0 0 0 0 0 0 0 0 0 0 0; 193 0 5 189 0 0 0 0 0 0 0 0 0 0 0 0 0 0 0 0 0 0 0 0 0 0 0 0 0 0 0 0 0 0 0 0 0 0 0 0 0 0 0 0 0; 47 185 157 6 195 0 0 0 0 0 0 0 0 0 0 0 0 0 0 0 0 0 0 0 0 0 0 0 0 0 0 0 0 0 0 0 0 0 0 0 0 0 0 0 0; 6 22 45 26 77 23 0 0 0 0 0 0 0 0 0 0 0 0 0 0 0 0 0 0 0 0 0 0 0 0 0 0 0 0 0 0 0 0 0 0 0 0 0 0 0; 198 130 30 167 184 37 194 0 0 0 0 0 0 0 0 0 0 0 0 0 0 0 0 0 0 0 0 0 0 0 0 0 0 0 0 0 0 0 0 0 0 0 0 0 0; 0 190 181 42 178 47 20 191 0 0 0 0 0 0 0 0 0 0 0 0 0 0 0 0 0 0 0 0 0 0 0 0 0 0 0 0 0 0 0 0 0 0 0 0 0; 146 181 163 1 180 7 160 15 25 0 0 0 0 0 0 0 0 0 0 0 0 0 0 0 0 0 0 0 0 0 0 0 0 0 0 0 0 0 0 0 0 0 0 0 0; 42 127 20 5 5 28 91 29 126 151 0 0 0 0 0 0 0 0 0 0 0 0 0 0 0 0 0 0 0 0 0 0 0 0 0 0 0 0 0 0 0 0 0 0 0; 22 188 3 199 191 14 21 20 15 6 194 0 0 0 0 0 0 0 0 0 0 0 0 0 0 0 0 0 0 0 0 0 0 0 0 0 0 0 0 0 0 0 0 0 0; 157 193 10 122 182 190 163 29 5 87 1 2 0 0 0 0 0 0 0 0 0 0 0 0 0 0 0 0 0 0 0 0 0 0 0 0 0 0 0 0 0 0 0 0 0; 190 45 160 19 192 180 166 20 143 15 2 158 199 0 0 0 0 0 0 0 0 0 0 0 0 0 0 0 0 0 0 0 0 0 0 0 0 0 0 0 0 0 0 0 0; 0 32 47 192 36 186 33 198 172 0 9 58 6 158 0 0 0 0 0 0 0 0 0 0 0 0 0 0 0 0 0 0 0 0 0 0 0 0 0 0 0 0 0 0 0; 139 133 32 164 31 14 5 11 14 16 2 135 55 148 0 0 0 0 0 0 0 0 0 0 0 0 0 0 0 0 0 0 0 0 0 0 0 0 0 0 0 0 0 0 0; 31 11 14 133 0 0 22 12 199 191 134 32 187 84 185 19 0 0 0 0 0 0 0 0 0 0 0 0 0 0 0 0 0 0 0 0 0 0 0 0 0 0 0 0 0; 125 12 182 63 196 195 200 23 177 197 154 4 21 159 1 131 23 0 0 0 0 0 0 0 0 0 0 0 0 0 0 0 0 0 0 0 0 0 0 0 0 0 0 0 0; 4 177 7 143 191 14 0 9 183 188 148 197 34 142 0 23 174 36 0 0 0 0 0 0 0 0 0 0 0 0 0 0 0 0 0 0 0 0 0 0 0 0 0 0 0; 37 149 169 196 17 22 2 11 187 60 0 78 166 177 33 4 33 17 41 0 0 0 0 0 0 0 0 0 0 0 0 0 0 0 0 0 0 0 0 0 0 0 0 0 0; 16 35 110 4 185 6 200 13 157 46 137 36 0 191 42 43 191 142 187 53 0 0 0 0 0 0 0 0 0 0 0 0 0 0 0 0 0 0 0 0 0 0 0 0 0; 36 22 29 188 1 179 161 139 144 74 187 3 183 197 198 70 14 23 54 189 139 0 0 0 0 0 0 0 0 0 0 0 0 0 0 0 0 0 0 0 0 0 0 0 0; 161 193 163 17 122 187 32 179 193 14 14 14 181 59 200 171 11 141 10 175 155 52 0 0 0 0 0 0 0 0 0 0 0 0 0 0 0 0 0 0 0 0 0 0 0; 5 8 170 139 171 193 175 29 137 198 23 195 79 11 191 24 193 13 179 1 1 4 43 0 0 0 0 0 0 0 0 0 0 0 0 0 0 0 0 0 0 0 0 0 0; 24 32 196 2 126 154 0 15 16 2 13 37 185 195 186 22 9 14 28 160 196 0 143 0 0 0 0 0 0 0 0 0 0 0 0 0 0 0 0 0 0 0 0 0 0; 173 42 7 28 190 122 21 67 17 196 191 200 49 31 43 6 1 153 195 166 186 180 0 14 36 0 0 0 0 0 0 0 0 0 0 0 0 0 0 0 0 0 0 0 0; 78 140 22 165 135 158 175 196 55 32 139 34 199 41 199 30 168 8 8 159 198 199 13 35 90 8 0 0 0 0 0 0 0 0 0 0 0 0 0 0 0 0 0 0 0; 2 186 95 191 16 1 190 16 60 147 172 199 38 180 183 197 6 151 16 195 190 181 2 40 0 192 2 0 0 0 0 0 0 0 0 0 0 0 0 0 0 0 0 0 0; 190 162 6 22 17 200 195 5 27 171 45 133 18 147 0 199 149 10 175 200 38 15 80 191 18 7 4 137 0 0 0 0 0 0 0 0 0 0 0 0 0 0 0 0 0; 39 51 31 174 185 3 183 79 199 27 198 190 180 1 193 25 65 51 194 15 173 195 187 7 159 162 6 200 162 0 0 0 0 0 0 0 0 0 0 0 0 0 0 0 0; 9 163 20 26 5 189 76 59 41 183 59 9 180 25 162 165 12 180 181 177 170 11 184 27 150 16 38 5 67 189 0 0 0 0 0 0 0 0 0 0 0 0 0 0 0; 6 151 37 147 17 2 200 168 9 175 3 6 50 199 37 194 152 23 198 171 28 8 198 125 21 106 21 23 200 15 19 0 0 0 0 0 0 0 0 0 0 0 0 0 0; 5 2 33 3 12 1 1 190 51 7 194 161 188 2 108 127 2 88 153 200 196 133 25 1 1 113 192 71 200 51 40 3 0 0 0 0 0 0 0 0 0 0 0 0 0; 198 6 31 50 164 35 169 11 145 198 186 8 11 42 0 157 197 191 0 181 44 198 177 181 4 158 40 29 31 17 167 195 59 0 0 0 0 0 0 0 0 0 0 0 0; 199 157 198 188 197 27 184 120 3 48 1 193 6 161 129 200 172 28 191 127 175 15 180 178 162 1 164 196 170 195 182 9 166 0 0 0 0 0 0 0 0 0 0 0 0; 187 199 173 169 27 8 19 23 30 149 1 151 2 199 18 170 76 196 156 197 162 183 184 197 199 159 199 135 172 177 12 14 171 9 161 0 0 0 0 0 0 0 0 0 0; 196 1 38 197 25 103 62 34 188 187 192 0 28 169 10 149 164 38 198 162 67 25 4 143 36 3 50 3 25 177 11 24 183 176 10 184 0 0 0 0 0 0 0 0 0; 170 163 190 2 8 191 196 179 189 196 34 200 22 65 21 179 191 195 189 178 129 2 199 129 180 198 168 61 144 191 9 183 154 37 17 159 155 0 0 0 0 0 0 0 0; 178 42 17 11 40 192 57 17 6 0 0 182 3 140 0 173 58 199 194 45 184 156 153 1 5 3 36 13 29 0 191 53 200 34 107 1 90 171 0 0 0 0 0 0 0; 199 37 7 175 3 191 15 187 64 191 56 170 5 63 177 180 24 185 158 191 23 196 178 17 193 61 158 16 153 182 179 157 27 4 138 19 17 7 192 0 0 0 0 0 0; 183 33 19 32 197 174 199 198 178 195 192 19 9 61 200 18 72 16 125 27 144 27 184 4 184 188 5 11 36 182 159 1 89 195 199 1 5 27 128 52 0 0 0 0 0; 199 52 197 199 194 198 13 4 66 189 200 48 186 196 112 68 22 7 28 156 28 13 20 157 1 50 24 1 12 192 6 199 5 132 154 3 167 199 142 15 10 0 0 0 0; 7 0 193 0 13 149 68 180 200 118 11 4 200 178 164 154 189 49 196 33 0 182 183 136 25 199 187 13 198 1 199 23 191 21 194 0 180 199 41 200 180 48 0 0 0; 171 200 0 44 62 59 5 80 170 124 39 133 199 105 200 20 197 16 9 194 50 22 13 27 153 19 48 21 163 8 29 199 152 170 19 52 26 199 80 113 24 139 45 0 0; 181 0 197 156 33 42 17 184 64 194 197 11 45 26 157 14 47 151 128 8 166 24 173 195 192 188 7 186 195 187 194 180 187 36 165 18 187 173 25 189 124 189 197 200 0; 57 8 189 2 56 164 33 9 0 2 18 72 1 42 103 149 164 151 24 8 198 2 46 16 187 192 51 80 146 199 8 180 199 17 45 12 186 2 150 146 187 11 1 113 7]
