n=35
density=100
Q1=[156 0 0 0 0 0 0 0 0 0 0 0 0 0 0 0 0 0 0 0 0 0 0 0 0 0 0 0 0 0 0 0 0 0 0 ;
198 51 0 0 0 0 0 0 0 0 0 0 0 0 0 0 0 0 0 0 0 0 0 0 0 0 0 0 0 0 0 0 0 0 0 ;
103 83 151 0 0 0 0 0 0 0 0 0 0 0 0 0 0 0 0 0 0 0 0 0 0 0 0 0 0 0 0 0 0 0 0 ;
177 90 111 83 0 0 0 0 0 0 0 0 0 0 0 0 0 0 0 0 0 0 0 0 0 0 0 0 0 0 0 0 0 0 0 ;
145 108 69 38 188 0 0 0 0 0 0 0 0 0 0 0 0 0 0 0 0 0 0 0 0 0 0 0 0 0 0 0 0 0 0 ;
125 110 41 191 128 78 0 0 0 0 0 0 0 0 0 0 0 0 0 0 0 0 0 0 0 0 0 0 0 0 0 0 0 0 0 ;
39 152 198 161 88 154 19 0 0 0 0 0 0 0 0 0 0 0 0 0 0 0 0 0 0 0 0 0 0 0 0 0 0 0 0 ;
191 85 168 97 80 60 16 46 0 0 0 0 0 0 0 0 0 0 0 0 0 0 0 0 0 0 0 0 0 0 0 0 0 0 0 ;
114 103 55 5 64 53 138 94 82 0 0 0 0 0 0 0 0 0 0 0 0 0 0 0 0 0 0 0 0 0 0 0 0 0 0 ;
162 40 193 124 196 191 125 42 56 194 0 0 0 0 0 0 0 0 0 0 0 0 0 0 0 0 0 0 0 0 0 0 0 0 0 ;
54 64 127 39 88 103 47 127 66 79 15 0 0 0 0 0 0 0 0 0 0 0 0 0 0 0 0 0 0 0 0 0 0 0 0 ;
26 191 123 136 166 195 36 82 177 117 86 97 0 0 0 0 0 0 0 0 0 0 0 0 0 0 0 0 0 0 0 0 0 0 0 ;
39 102 8 1 34 152 152 127 119 190 106 48 63 0 0 0 0 0 0 0 0 0 0 0 0 0 0 0 0 0 0 0 0 0 0 ;
64 60 1 184 166 120 189 74 83 186 154 29 70 31 0 0 0 0 0 0 0 0 0 0 0 0 0 0 0 0 0 0 0 0 0 ;
151 121 164 43 169 63 156 57 83 136 140 49 133 38 82 0 0 0 0 0 0 0 0 0 0 0 0 0 0 0 0 0 0 0 0 ;
86 43 189 185 194 128 52 70 37 42 57 148 183 200 19 103 0 0 0 0 0 0 0 0 0 0 0 0 0 0 0 0 0 0 0 ;
118 64 87 121 6 136 182 180 85 189 194 162 23 119 25 147 108 0 0 0 0 0 0 0 0 0 0 0 0 0 0 0 0 0 0 ;
122 165 29 154 150 87 105 193 142 13 92 93 18 10 154 9 130 123 0 0 0 0 0 0 0 0 0 0 0 0 0 0 0 0 0 ;
153 91 79 131 143 159 11 186 93 169 150 93 131 66 34 31 162 14 184 0 0 0 0 0 0 0 0 0 0 0 0 0 0 0 0 ;
26 188 178 150 90 60 180 129 115 37 128 11 138 192 121 27 40 187 189 58 0 0 0 0 0 0 0 0 0 0 0 0 0 0 0 ;
111 132 129 74 98 1 34 27 122 82 122 193 20 133 149 98 52 186 19 128 131 0 0 0 0 0 0 0 0 0 0 0 0 0 0 ;
77 35 110 134 173 17 80 80 142 42 16 153 71 56 156 92 111 104 39 33 98 58 0 0 0 0 0 0 0 0 0 0 0 0 0 ;
58 132 103 164 9 11 75 158 18 6 23 121 176 10 45 200 13 45 89 189 80 70 10 0 0 0 0 0 0 0 0 0 0 0 0 ;
84 114 54 155 36 105 150 98 146 154 189 111 168 186 177 13 51 107 179 33 199 199 197 50 0 0 0 0 0 0 0 0 0 0 0 ;
200 99 42 113 7 108 143 189 120 15 127 138 100 6 43 149 135 89 65 173 38 152 14 99 81 0 0 0 0 0 0 0 0 0 0 ;
28 175 85 2 153 156 140 6 27 137 69 3 48 140 180 128 24 80 7 135 102 94 165 172 200 166 0 0 0 0 0 0 0 0 0 ;
79 116 65 179 176 119 166 91 76 179 34 50 173 48 114 192 153 5 20 100 127 4 66 10 138 65 150 0 0 0 0 0 0 0 0 ;
58 114 92 53 187 47 150 145 100 149 25 27 138 12 121 138 14 170 82 39 192 92 195 166 150 180 68 27 0 0 0 0 0 0 0 ;
75 12 156 45 139 92 88 40 157 128 192 83 184 43 63 176 6 161 86 174 130 105 139 162 11 58 18 39 7 0 0 0 0 0 0 ;
12 21 124 51 34 74 26 126 159 161 73 117 177 78 188 105 90 93 74 125 164 190 106 187 19 107 102 68 56 22 0 0 0 0 0 ;
175 78 7 147 113 198 99 98 129 140 103 176 19 160 169 79 136 108 49 122 88 92 12 190 168 175 172 10 117 107 176 0 0 0 0 ;
188 148 96 102 22 169 140 145 28 168 100 28 200 90 110 73 78 189 164 70 60 108 88 97 89 76 23 5 199 122 32 173 0 0 0 ;
143 198 200 186 104 140 163 83 151 113 126 165 82 45 121 16 24 186 84 33 187 148 193 155 159 129 150 70 64 169 143 67 120 0 0 ;
119 5 162 141 17 151 113 194 20 173 99 61 174 67 27 71 161 101 192 74 24 75 138 74 198 79 26 63 19 171 75 143 80 109 0 ;
56 175 179 49 190 51 198 14 130 198 74 86 57 84 23 187 47 8 32 36 6 111 64 158 36 163 87 59 105 134 100 175 173 66 148 ]
w=[96, 98, 3, 57, 76, 10, 55, 57, 44, 97, 13, 96, 16, 48, 67, 77, 26, 54, 37, 85, 83, 11, 24, 67, 30, 84, 41, 84, 62, 49, 84, 83, 76, 38, 44]
W=93 
k=5 
inst_name = "QKP_35_200_100" 
feasible = true 
Q2=[25 0 0 0 0 0 0 0 0 0 0 0 0 0 0 0 0 0 0 0 0 0 0 0 0 0 0 0 0 0 0 0 0 0 0; 0 180 0 0 0 0 0 0 0 0 0 0 0 0 0 0 0 0 0 0 0 0 0 0 0 0 0 0 0 0 0 0 0 0 0; 23 188 11 0 0 0 0 0 0 0 0 0 0 0 0 0 0 0 0 0 0 0 0 0 0 0 0 0 0 0 0 0 0 0 0; 2 200 54 142 0 0 0 0 0 0 0 0 0 0 0 0 0 0 0 0 0 0 0 0 0 0 0 0 0 0 0 0 0 0 0; 15 2 172 189 11 0 0 0 0 0 0 0 0 0 0 0 0 0 0 0 0 0 0 0 0 0 0 0 0 0 0 0 0 0 0; 48 67 196 1 18 139 0 0 0 0 0 0 0 0 0 0 0 0 0 0 0 0 0 0 0 0 0 0 0 0 0 0 0 0 0; 183 29 1 18 143 28 200 0 0 0 0 0 0 0 0 0 0 0 0 0 0 0 0 0 0 0 0 0 0 0 0 0 0 0 0; 3 142 5 183 188 146 185 177 0 0 0 0 0 0 0 0 0 0 0 0 0 0 0 0 0 0 0 0 0 0 0 0 0 0 0; 69 84 147 195 170 183 60 183 121 0 0 0 0 0 0 0 0 0 0 0 0 0 0 0 0 0 0 0 0 0 0 0 0 0 0; 6 163 0 54 2 2 42 181 158 4 0 0 0 0 0 0 0 0 0 0 0 0 0 0 0 0 0 0 0 0 0 0 0 0 0; 161 184 47 180 160 58 184 47 144 154 185 0 0 0 0 0 0 0 0 0 0 0 0 0 0 0 0 0 0 0 0 0 0 0 0; 180 1 50 58 0 2 185 124 3 11 150 183 0 0 0 0 0 0 0 0 0 0 0 0 0 0 0 0 0 0 0 0 0 0 0; 188 91 193 199 167 38 34 5 61 6 41 174 193 0 0 0 0 0 0 0 0 0 0 0 0 0 0 0 0 0 0 0 0 0 0; 140 163 199 1 21 49 1 184 144 4 27 198 160 185 0 0 0 0 0 0 0 0 0 0 0 0 0 0 0 0 0 0 0 0 0; 33 59 30 179 14 148 20 143 177 7 60 190 13 188 173 0 0 0 0 0 0 0 0 0 0 0 0 0 0 0 0 0 0 0 0; 172 190 5 9 4 23 187 178 168 197 147 32 6 0 182 45 0 0 0 0 0 0 0 0 0 0 0 0 0 0 0 0 0 0 0; 45 167 166 71 197 57 12 3 200 7 6 23 183 8 191 13 25 0 0 0 0 0 0 0 0 0 0 0 0 0 0 0 0 0 0; 25 31 193 6 48 152 29 2 34 198 135 121 182 193 40 200 0 44 0 0 0 0 0 0 0 0 0 0 0 0 0 0 0 0 0; 16 164 167 52 39 4 193 6 185 25 43 165 18 156 178 182 22 199 8 0 0 0 0 0 0 0 0 0 0 0 0 0 0 0 0; 197 6 12 45 111 163 7 40 9 180 67 190 25 2 28 188 175 12 7 182 0 0 0 0 0 0 0 0 0 0 0 0 0 0 0; 85 37 12 133 117 200 187 199 40 139 9 0 189 13 38 126 168 12 189 39 45 0 0 0 0 0 0 0 0 0 0 0 0 0 0; 172 166 62 20 12 194 180 200 5 182 188 20 158 182 14 198 83 75 185 184 114 180 0 0 0 0 0 0 0 0 0 0 0 0 0; 192 8 50 7 200 192 180 42 191 199 184 19 17 197 190 0 196 190 168 11 185 175 199 0 0 0 0 0 0 0 0 0 0 0 0; 197 70 170 28 165 61 22 106 48 31 3 5 8 8 6 198 163 63 7 177 0 1 0 189 0 0 0 0 0 0 0 0 0 0 0; 0 187 177 81 193 21 34 0 54 185 26 19 82 198 191 40 31 125 150 9 171 12 200 157 183 0 0 0 0 0 0 0 0 0 0; 172 22 135 200 3 5 15 199 176 61 197 199 176 32 4 4 195 146 198 4 68 137 29 10 0 11 0 0 0 0 0 0 0 0 0; 143 15 161 17 0 48 14 150 136 7 173 153 24 164 6 5 19 198 188 68 33 198 154 200 36 141 39 0 0 0 0 0 0 0 0; 190 50 153 178 11 168 23 20 32 48 179 181 15 192 31 39 197 10 121 165 2 143 3 20 23 0 159 194 0 0 0 0 0 0 0; 151 192 6 155 60 141 121 165 3 3 8 124 7 169 153 22 196 26 185 13 48 69 41 22 196 167 196 183 200 0 0 0 0 0 0; 198 197 10 150 168 126 192 47 1 33 173 65 16 162 10 35 164 142 166 55 13 10 54 0 187 20 2 165 162 188 0 0 0 0 0; 20 127 197 7 62 2 124 183 50 39 24 16 182 8 14 196 63 12 165 76 148 188 199 1 1 14 8 195 11 44 3 0 0 0 0; 0 49 121 29 194 6 30 5 176 5 75 176 0 147 83 157 188 5 7 138 143 32 159 175 164 137 189 195 1 46 179 3 0 0 0; 8 2 0 12 39 45 2 200 5 4 54 33 132 165 19 186 199 4 147 172 12 35 3 41 17 45 4 177 166 15 40 169 10 0 0; 77 197 30 21 186 24 31 6 188 25 188 181 20 141 191 130 7 62 2 197 190 200 16 128 2 170 177 145 196 4 145 20 167 89 0; 160 15 0 162 2 192 1 186 66 2 191 182 156 169 187 11 182 193 193 185 195 7 146 6 199 33 198 158 77 12 81 6 3 165 20]
