n=25
density=100
Q1=[123 0 0 0 0 0 0 0 0 0 0 0 0 0 0 0 0 0 0 0 0 0 0 0 0 ;
115 188 0 0 0 0 0 0 0 0 0 0 0 0 0 0 0 0 0 0 0 0 0 0 0 ;
167 86 143 0 0 0 0 0 0 0 0 0 0 0 0 0 0 0 0 0 0 0 0 0 0 ;
86 179 101 188 0 0 0 0 0 0 0 0 0 0 0 0 0 0 0 0 0 0 0 0 0 ;
176 159 100 161 59 0 0 0 0 0 0 0 0 0 0 0 0 0 0 0 0 0 0 0 0 ;
162 167 6 49 21 32 0 0 0 0 0 0 0 0 0 0 0 0 0 0 0 0 0 0 0 ;
190 164 165 181 119 198 138 0 0 0 0 0 0 0 0 0 0 0 0 0 0 0 0 0 0 ;
85 78 109 114 189 78 133 112 0 0 0 0 0 0 0 0 0 0 0 0 0 0 0 0 0 ;
145 43 31 80 152 96 34 178 58 0 0 0 0 0 0 0 0 0 0 0 0 0 0 0 0 ;
96 105 150 133 90 9 170 92 181 131 0 0 0 0 0 0 0 0 0 0 0 0 0 0 0 ;
197 67 23 3 192 122 150 147 178 115 110 0 0 0 0 0 0 0 0 0 0 0 0 0 0 ;
63 136 177 114 84 4 122 76 23 79 28 11 0 0 0 0 0 0 0 0 0 0 0 0 0 ;
94 26 167 188 145 92 111 91 63 154 177 108 198 0 0 0 0 0 0 0 0 0 0 0 0 ;
21 37 78 1 43 41 82 75 88 92 32 198 180 152 0 0 0 0 0 0 0 0 0 0 0 ;
47 109 19 174 56 34 171 28 75 148 83 60 37 122 114 0 0 0 0 0 0 0 0 0 0 ;
44 172 67 18 24 177 114 87 186 20 47 125 148 74 48 48 0 0 0 0 0 0 0 0 0 ;
77 84 22 92 134 92 62 184 173 81 178 189 135 194 121 22 60 0 0 0 0 0 0 0 0 ;
143 127 74 123 124 73 151 10 28 7 138 119 112 44 39 162 39 173 0 0 0 0 0 0 0 ;
16 39 118 110 78 59 170 189 37 116 102 105 67 181 1 195 114 193 136 0 0 0 0 0 0 ;
8 102 96 8 168 150 25 187 88 150 77 13 160 18 199 108 21 133 106 75 0 0 0 0 0 ;
95 48 49 102 34 125 105 151 10 150 81 140 51 153 45 94 188 126 59 188 50 0 0 0 0 ;
146 68 99 32 91 155 77 33 28 52 94 179 28 10 17 37 28 34 132 34 24 92 0 0 0 ;
82 152 63 8 96 22 179 186 193 122 103 100 175 174 148 164 37 152 8 56 88 41 169 0 0 ;
58 92 171 117 129 187 44 156 175 195 3 89 13 36 119 94 88 149 96 82 5 176 27 51 0 ;
7 143 137 125 14 88 183 168 7 178 94 173 156 130 67 72 174 125 136 129 77 123 70 175 24 ]
w=[37, 61, 49, 96, 13, 45, 21, 69, 25, 92, 79, 11, 50, 3, 53, 9, 92, 94, 42, 60, 88, 87, 58, 31, 24]
W=90 
k=4 
inst_name = "QKP_25_200_100" 
feasible = true 
Q2=[19 0 0 0 0 0 0 0 0 0 0 0 0 0 0 0 0 0 0 0 0 0 0 0 0; 34 4 0 0 0 0 0 0 0 0 0 0 0 0 0 0 0 0 0 0 0 0 0 0 0; 18 170 4 0 0 0 0 0 0 0 0 0 0 0 0 0 0 0 0 0 0 0 0 0 0; 192 0 88 2 0 0 0 0 0 0 0 0 0 0 0 0 0 0 0 0 0 0 0 0 0; 1 6 37 13 150 0 0 0 0 0 0 0 0 0 0 0 0 0 0 0 0 0 0 0 0; 24 9 193 193 185 181 0 0 0 0 0 0 0 0 0 0 0 0 0 0 0 0 0 0 0; 3 14 27 8 35 1 46 0 0 0 0 0 0 0 0 0 0 0 0 0 0 0 0 0 0; 140 141 28 50 6 164 54 3 0 0 0 0 0 0 0 0 0 0 0 0 0 0 0 0 0; 36 159 171 169 12 133 186 5 144 0 0 0 0 0 0 0 0 0 0 0 0 0 0 0 0; 132 79 45 30 148 192 21 120 1 16 0 0 0 0 0 0 0 0 0 0 0 0 0 0 0; 0 143 182 199 3 49 10 19 19 24 74 0 0 0 0 0 0 0 0 0 0 0 0 0 0; 158 61 14 22 174 197 38 181 177 190 187 199 0 0 0 0 0 0 0 0 0 0 0 0 0; 129 183 14 1 15 165 65 121 136 11 4 9 1 0 0 0 0 0 0 0 0 0 0 0 0; 195 194 128 199 180 196 178 173 136 135 198 1 18 26 0 0 0 0 0 0 0 0 0 0 0; 189 86 180 17 196 190 7 179 150 6 183 175 165 66 16 0 0 0 0 0 0 0 0 0 0; 189 21 177 199 180 22 66 181 3 181 164 47 34 143 165 152 0 0 0 0 0 0 0 0 0; 190 168 199 133 27 121 150 15 25 164 15 6 20 3 60 177 195 0 0 0 0 0 0 0 0; 37 63 175 10 13 134 18 190 181 192 38 69 60 194 188 10 177 2 0 0 0 0 0 0 0; 190 177 17 87 189 177 22 7 186 68 54 21 170 13 199 2 23 0 57 0 0 0 0 0 0; 194 87 163 196 13 35 189 12 143 10 123 192 6 199 0 89 179 52 51 148 0 0 0 0 0; 132 189 153 87 193 6 40 24 192 10 119 34 160 42 187 124 8 36 177 9 153 0 0 0 0; 13 192 135 193 124 28 144 187 173 161 116 0 195 189 184 163 192 173 48 169 186 114 0 0 0; 166 14 141 195 111 194 11 4 5 75 91 12 23 7 8 35 167 2 196 184 173 178 21 0 0; 182 119 23 4 27 6 196 4 16 1 197 191 194 192 76 132 148 23 136 130 195 20 197 178 0; 199 5 30 16 197 132 6 20 196 8 151 5 15 62 169 142 12 65 33 18 165 70 184 15 177]
