n=35
density=75
Q1=[0 0 0 0 0 0 0 0 0 0 0 0 0 0 0 0 0 0 0 0 0 0 0 0 0 0 0 0 0 0 0 0 0 0 0 ;
19 28 0 0 0 0 0 0 0 0 0 0 0 0 0 0 0 0 0 0 0 0 0 0 0 0 0 0 0 0 0 0 0 0 0 ;
80 22 145 0 0 0 0 0 0 0 0 0 0 0 0 0 0 0 0 0 0 0 0 0 0 0 0 0 0 0 0 0 0 0 0 ;
0 81 70 80 0 0 0 0 0 0 0 0 0 0 0 0 0 0 0 0 0 0 0 0 0 0 0 0 0 0 0 0 0 0 0 ;
119 55 198 83 0 0 0 0 0 0 0 0 0 0 0 0 0 0 0 0 0 0 0 0 0 0 0 0 0 0 0 0 0 0 0 ;
162 0 69 0 142 0 0 0 0 0 0 0 0 0 0 0 0 0 0 0 0 0 0 0 0 0 0 0 0 0 0 0 0 0 0 ;
139 0 123 97 172 110 0 0 0 0 0 0 0 0 0 0 0 0 0 0 0 0 0 0 0 0 0 0 0 0 0 0 0 0 0 ;
122 123 86 0 52 0 0 67 0 0 0 0 0 0 0 0 0 0 0 0 0 0 0 0 0 0 0 0 0 0 0 0 0 0 0 ;
45 0 189 0 40 27 43 134 106 0 0 0 0 0 0 0 0 0 0 0 0 0 0 0 0 0 0 0 0 0 0 0 0 0 0 ;
0 0 0 39 6 6 171 0 0 107 0 0 0 0 0 0 0 0 0 0 0 0 0 0 0 0 0 0 0 0 0 0 0 0 0 ;
119 0 112 37 20 0 71 0 128 0 0 0 0 0 0 0 0 0 0 0 0 0 0 0 0 0 0 0 0 0 0 0 0 0 0 ;
84 186 110 2 199 33 29 18 9 0 186 0 0 0 0 0 0 0 0 0 0 0 0 0 0 0 0 0 0 0 0 0 0 0 0 ;
0 189 186 91 158 0 103 101 7 106 90 151 126 0 0 0 0 0 0 0 0 0 0 0 0 0 0 0 0 0 0 0 0 0 0 ;
69 65 0 120 94 87 33 0 0 73 0 145 64 51 0 0 0 0 0 0 0 0 0 0 0 0 0 0 0 0 0 0 0 0 0 ;
141 0 61 57 0 132 54 188 173 142 67 71 11 0 165 0 0 0 0 0 0 0 0 0 0 0 0 0 0 0 0 0 0 0 0 ;
19 0 182 100 66 77 135 153 18 179 50 139 154 171 196 33 0 0 0 0 0 0 0 0 0 0 0 0 0 0 0 0 0 0 0 ;
24 143 111 182 93 27 132 157 114 61 23 58 80 167 21 179 107 0 0 0 0 0 0 0 0 0 0 0 0 0 0 0 0 0 0 ;
156 27 0 23 53 46 97 29 14 120 142 68 58 91 0 104 0 0 0 0 0 0 0 0 0 0 0 0 0 0 0 0 0 0 0 ;
151 58 106 5 0 173 67 16 118 185 79 0 101 10 147 183 42 173 0 0 0 0 0 0 0 0 0 0 0 0 0 0 0 0 0 ;
0 177 199 0 80 4 69 153 90 37 0 132 123 157 128 162 156 0 134 176 0 0 0 0 0 0 0 0 0 0 0 0 0 0 0 ;
144 95 136 84 126 0 0 178 90 5 175 120 82 191 0 80 107 29 170 127 40 0 0 0 0 0 0 0 0 0 0 0 0 0 0 ;
0 125 0 0 0 30 191 200 149 105 156 16 0 0 169 29 184 43 178 160 132 165 0 0 0 0 0 0 0 0 0 0 0 0 0 ;
65 0 0 49 0 0 0 5 0 95 14 195 190 0 19 0 84 111 0 178 116 187 0 0 0 0 0 0 0 0 0 0 0 0 0 ;
197 168 104 131 193 0 133 0 16 146 89 127 0 0 71 199 13 194 105 0 19 49 110 179 0 0 0 0 0 0 0 0 0 0 0 ;
85 0 152 173 22 175 175 52 0 48 184 105 111 90 79 187 0 0 105 0 63 154 14 102 148 0 0 0 0 0 0 0 0 0 0 ;
72 0 58 25 0 136 153 0 85 64 0 108 76 198 14 70 0 70 97 165 0 198 71 70 0 92 0 0 0 0 0 0 0 0 0 ;
116 51 153 122 119 197 0 76 0 0 161 116 70 0 166 159 23 0 52 13 182 0 27 0 148 0 25 0 0 0 0 0 0 0 0 ;
86 0 8 0 80 176 156 36 72 101 0 91 186 68 143 124 0 33 50 10 99 157 136 0 175 129 0 0 0 0 0 0 0 0 0 ;
0 162 70 40 157 19 66 168 0 83 0 55 27 166 14 46 0 46 190 112 51 61 171 86 148 17 60 60 54 0 0 0 0 0 0 ;
168 78 0 162 159 2 0 0 170 86 0 118 0 0 168 12 18 1 0 0 86 85 0 0 110 43 33 87 0 4 0 0 0 0 0 ;
81 78 0 96 0 27 106 23 93 46 86 0 181 194 64 0 85 24 0 52 36 50 0 169 156 9 57 189 0 101 129 0 0 0 0 ;
190 91 143 144 176 116 149 127 0 0 0 65 0 94 6 104 70 136 0 145 124 67 106 64 0 197 69 172 88 0 0 56 0 0 0 ;
115 187 0 110 72 0 198 196 0 111 111 0 139 85 63 195 2 47 0 199 120 189 111 15 114 0 39 97 131 165 47 43 76 0 0 ;
161 189 190 73 42 157 175 82 84 0 0 31 152 0 25 0 0 103 110 143 49 109 0 136 126 0 121 158 0 10 0 136 98 199 0 ;
0 25 50 178 0 0 93 154 104 58 134 107 185 31 73 157 0 169 88 184 75 47 116 0 134 166 159 111 169 47 0 0 92 0 24 ]
w=[82, 19, 30, 31, 32, 2, 4, 24, 98, 11, 19, 74, 42, 45, 47, 88, 96, 89, 74, 33, 75, 33, 61, 38, 79, 81, 8, 42, 64, 87, 57, 79, 75, 27, 72]
W=85 
k=6 
inst_name = "QKP_35_200_75" 
feasible = true 
Q2=[200 0 0 0 0 0 0 0 0 0 0 0 0 0 0 0 0 0 0 0 0 0 0 0 0 0 0 0 0 0 0 0 0 0 0; 191 193 0 0 0 0 0 0 0 0 0 0 0 0 0 0 0 0 0 0 0 0 0 0 0 0 0 0 0 0 0 0 0 0 0; 177 178 37 0 0 0 0 0 0 0 0 0 0 0 0 0 0 0 0 0 0 0 0 0 0 0 0 0 0 0 0 0 0 0 0; 200 152 136 183 0 0 0 0 0 0 0 0 0 0 0 0 0 0 0 0 0 0 0 0 0 0 0 0 0 0 0 0 0 0 0; 28 174 0 158 200 0 0 0 0 0 0 0 0 0 0 0 0 0 0 0 0 0 0 0 0 0 0 0 0 0 0 0 0 0 0; 28 200 154 200 23 200 0 0 0 0 0 0 0 0 0 0 0 0 0 0 0 0 0 0 0 0 0 0 0 0 0 0 0 0 0; 36 200 39 118 9 34 200 0 0 0 0 0 0 0 0 0 0 0 0 0 0 0 0 0 0 0 0 0 0 0 0 0 0 0 0; 75 43 132 200 150 200 200 186 0 0 0 0 0 0 0 0 0 0 0 0 0 0 0 0 0 0 0 0 0 0 0 0 0 0 0; 199 200 5 200 173 197 189 55 92 0 0 0 0 0 0 0 0 0 0 0 0 0 0 0 0 0 0 0 0 0 0 0 0 0 0; 200 200 200 177 200 195 16 200 200 20 0 0 0 0 0 0 0 0 0 0 0 0 0 0 0 0 0 0 0 0 0 0 0 0 0; 24 200 16 189 190 200 195 200 30 200 200 0 0 0 0 0 0 0 0 0 0 0 0 0 0 0 0 0 0 0 0 0 0 0 0; 117 10 56 199 1 194 190 191 192 200 13 200 0 0 0 0 0 0 0 0 0 0 0 0 0 0 0 0 0 0 0 0 0 0 0; 200 3 6 197 31 200 96 11 196 43 162 2 66 0 0 0 0 0 0 0 0 0 0 0 0 0 0 0 0 0 0 0 0 0 0; 137 185 200 31 173 177 187 200 200 171 200 1 145 195 0 0 0 0 0 0 0 0 0 0 0 0 0 0 0 0 0 0 0 0 0; 35 200 142 160 200 53 158 12 25 6 181 165 193 200 31 0 0 0 0 0 0 0 0 0 0 0 0 0 0 0 0 0 0 0 0; 185 200 12 98 188 137 1 38 184 0 167 37 13 14 1 180 0 0 0 0 0 0 0 0 0 0 0 0 0 0 0 0 0 0 0; 181 42 62 4 176 196 37 40 73 199 181 143 166 32 180 1 28 0 0 0 0 0 0 0 0 0 0 0 0 0 0 0 0 0 0; 39 190 200 193 148 154 165 196 198 45 20 146 143 154 200 32 200 200 0 0 0 0 0 0 0 0 0 0 0 0 0 0 0 0 0; 36 157 8 200 200 6 140 190 69 8 194 200 35 193 12 10 172 19 200 0 0 0 0 0 0 0 0 0 0 0 0 0 0 0 0; 200 16 0 200 148 196 154 42 161 199 200 12 66 11 30 0 40 200 45 17 0 0 0 0 0 0 0 0 0 0 0 0 0 0 0; 8 162 24 149 68 200 200 10 200 199 22 44 152 4 200 183 62 196 20 26 193 0 0 0 0 0 0 0 0 0 0 0 0 0 0; 200 7 200 200 200 174 2 0 46 11 44 198 200 200 11 199 0 174 19 13 2 11 0 0 0 0 0 0 0 0 0 0 0 0 0; 184 200 200 199 200 200 200 195 200 167 188 4 4 200 200 200 163 40 200 6 50 1 200 0 0 0 0 0 0 0 0 0 0 0 0; 3 31 31 4 6 200 3 200 194 9 122 26 200 200 177 1 199 1 58 200 183 182 69 6 0 0 0 0 0 0 0 0 0 0 0; 197 200 6 7 178 18 25 198 200 195 13 95 89 170 166 5 200 200 88 200 171 0 186 14 26 0 0 0 0 0 0 0 0 0 0; 198 200 153 192 200 7 3 200 138 150 200 48 198 0 188 132 200 169 198 25 200 1 139 134 200 128 0 0 0 0 0 0 0 0 0; 2 172 4 59 12 3 200 156 200 200 1 38 138 200 12 34 186 200 155 191 4 200 197 200 47 200 194 0 0 0 0 0 0 0 0; 150 200 196 200 183 9 36 164 192 76 200 154 6 190 27 69 200 173 175 196 105 8 6 200 17 22 200 200 0 0 0 0 0 0 0; 200 8 140 160 26 190 189 7 200 196 200 178 178 9 191 169 200 156 3 19 166 154 27 159 45 185 180 140 191 0 0 0 0 0 0; 13 166 200 5 34 200 200 200 30 188 200 40 200 200 10 190 189 199 200 200 192 200 200 200 36 161 182 116 200 196 0 0 0 0 0; 157 125 200 161 200 175 78 191 156 184 176 200 16 4 167 200 192 189 200 166 197 165 200 21 19 197 174 3 200 84 2 0 0 0 0; 3 189 33 31 16 0 0 49 200 200 200 163 200 166 200 23 172 8 200 50 6 165 25 178 200 2 158 2 180 200 200 182 0 0 0; 3 5 200 47 145 200 2 4 200 80 25 200 3 172 198 1 199 180 200 0 10 6 74 188 58 200 197 147 6 6 200 195 144 0 0; 18 8 6 156 177 9 13 194 163 200 200 196 36 200 195 200 200 12 12 41 197 2 200 46 49 200 36 2 200 200 200 12 112 0 0; 200 192 190 19 200 200 137 22 59 162 62 37 8 172 167 9 200 30 126 3 170 166 59 200 12 20 18 39 11 184 200 200 115 200 197]
