n=50
density=25
Q1=[0 0 0 0 0 0 0 0 0 0 0 0 0 0 0 0 0 0 0 0 0 0 0 0 0 0 0 0 0 0 0 0 0 0 0 0 0 0 0 0 0 0 0 0 0 0 0 0 0 0 ;
0 0 0 0 0 0 0 0 0 0 0 0 0 0 0 0 0 0 0 0 0 0 0 0 0 0 0 0 0 0 0 0 0 0 0 0 0 0 0 0 0 0 0 0 0 0 0 0 0 0 ;
0 0 80 0 0 0 0 0 0 0 0 0 0 0 0 0 0 0 0 0 0 0 0 0 0 0 0 0 0 0 0 0 0 0 0 0 0 0 0 0 0 0 0 0 0 0 0 0 0 0 ;
0 0 0 0 0 0 0 0 0 0 0 0 0 0 0 0 0 0 0 0 0 0 0 0 0 0 0 0 0 0 0 0 0 0 0 0 0 0 0 0 0 0 0 0 0 0 0 0 0 0 ;
0 0 94 0 0 0 0 0 0 0 0 0 0 0 0 0 0 0 0 0 0 0 0 0 0 0 0 0 0 0 0 0 0 0 0 0 0 0 0 0 0 0 0 0 0 0 0 0 0 0 ;
0 0 63 142 0 1 0 0 0 0 0 0 0 0 0 0 0 0 0 0 0 0 0 0 0 0 0 0 0 0 0 0 0 0 0 0 0 0 0 0 0 0 0 0 0 0 0 0 0 0 ;
0 0 0 0 0 0 0 0 0 0 0 0 0 0 0 0 0 0 0 0 0 0 0 0 0 0 0 0 0 0 0 0 0 0 0 0 0 0 0 0 0 0 0 0 0 0 0 0 0 0 ;
0 0 0 0 8 0 89 0 0 0 0 0 0 0 0 0 0 0 0 0 0 0 0 0 0 0 0 0 0 0 0 0 0 0 0 0 0 0 0 0 0 0 0 0 0 0 0 0 0 0 ;
94 92 0 0 0 0 0 0 0 0 0 0 0 0 0 0 0 0 0 0 0 0 0 0 0 0 0 0 0 0 0 0 0 0 0 0 0 0 0 0 0 0 0 0 0 0 0 0 0 0 ;
0 184 0 0 0 0 0 0 0 73 0 0 0 0 0 0 0 0 0 0 0 0 0 0 0 0 0 0 0 0 0 0 0 0 0 0 0 0 0 0 0 0 0 0 0 0 0 0 0 0 ;
0 0 0 0 0 126 0 0 0 0 0 0 0 0 0 0 0 0 0 0 0 0 0 0 0 0 0 0 0 0 0 0 0 0 0 0 0 0 0 0 0 0 0 0 0 0 0 0 0 0 ;
0 0 0 0 0 0 0 0 0 0 0 0 0 0 0 0 0 0 0 0 0 0 0 0 0 0 0 0 0 0 0 0 0 0 0 0 0 0 0 0 0 0 0 0 0 0 0 0 0 0 ;
0 137 0 0 165 0 0 0 0 199 0 0 158 0 0 0 0 0 0 0 0 0 0 0 0 0 0 0 0 0 0 0 0 0 0 0 0 0 0 0 0 0 0 0 0 0 0 0 0 0 ;
0 0 0 0 0 191 0 0 168 0 45 0 0 0 0 0 0 0 0 0 0 0 0 0 0 0 0 0 0 0 0 0 0 0 0 0 0 0 0 0 0 0 0 0 0 0 0 0 0 0 ;
0 0 0 0 0 0 0 0 0 0 0 181 0 0 0 0 0 0 0 0 0 0 0 0 0 0 0 0 0 0 0 0 0 0 0 0 0 0 0 0 0 0 0 0 0 0 0 0 0 0 ;
0 124 0 0 47 0 15 0 182 0 0 0 36 64 0 104 0 0 0 0 0 0 0 0 0 0 0 0 0 0 0 0 0 0 0 0 0 0 0 0 0 0 0 0 0 0 0 0 0 0 ;
0 110 0 0 0 108 0 120 0 141 0 0 0 0 0 0 0 0 0 0 0 0 0 0 0 0 0 0 0 0 0 0 0 0 0 0 0 0 0 0 0 0 0 0 0 0 0 0 0 0 ;
0 178 0 0 0 141 118 0 0 0 0 91 0 0 103 123 0 0 0 0 0 0 0 0 0 0 0 0 0 0 0 0 0 0 0 0 0 0 0 0 0 0 0 0 0 0 0 0 0 0 ;
0 137 0 0 0 0 0 0 149 0 0 132 0 0 0 0 0 0 0 0 0 0 0 0 0 0 0 0 0 0 0 0 0 0 0 0 0 0 0 0 0 0 0 0 0 0 0 0 0 0 ;
0 0 200 0 0 0 0 0 0 0 0 0 0 0 0 0 0 77 0 0 0 0 0 0 0 0 0 0 0 0 0 0 0 0 0 0 0 0 0 0 0 0 0 0 0 0 0 0 0 0 ;
169 0 0 0 0 0 0 0 0 0 0 38 0 0 0 0 0 0 0 199 21 0 0 0 0 0 0 0 0 0 0 0 0 0 0 0 0 0 0 0 0 0 0 0 0 0 0 0 0 0 ;
0 105 0 0 22 0 0 0 0 0 172 0 0 9 104 0 0 0 0 0 0 0 0 0 0 0 0 0 0 0 0 0 0 0 0 0 0 0 0 0 0 0 0 0 0 0 0 0 0 0 ;
0 0 0 142 119 0 0 34 53 0 111 30 174 0 0 0 95 0 0 0 0 0 0 0 0 0 0 0 0 0 0 0 0 0 0 0 0 0 0 0 0 0 0 0 0 0 0 0 0 0 ;
0 0 0 0 0 0 0 0 101 0 185 0 0 0 84 0 0 75 0 0 0 0 58 0 0 0 0 0 0 0 0 0 0 0 0 0 0 0 0 0 0 0 0 0 0 0 0 0 0 0 ;
0 0 0 0 89 0 0 0 0 0 0 4 102 12 0 107 0 0 0 0 14 0 0 0 63 0 0 0 0 0 0 0 0 0 0 0 0 0 0 0 0 0 0 0 0 0 0 0 0 0 ;
0 0 123 0 0 0 4 0 0 63 33 132 0 0 0 0 0 0 0 0 181 0 136 0 0 0 0 0 0 0 0 0 0 0 0 0 0 0 0 0 0 0 0 0 0 0 0 0 0 0 ;
0 0 0 0 0 0 0 0 0 66 0 0 0 0 0 33 0 0 0 0 113 0 0 0 0 21 0 0 0 0 0 0 0 0 0 0 0 0 0 0 0 0 0 0 0 0 0 0 0 0 ;
0 176 0 0 152 0 0 0 0 0 87 0 0 193 182 0 0 0 157 0 0 0 0 0 0 0 0 0 0 0 0 0 0 0 0 0 0 0 0 0 0 0 0 0 0 0 0 0 0 0 ;
0 51 0 90 0 0 0 0 0 140 0 103 13 194 193 0 0 0 0 0 0 0 83 0 0 0 3 0 0 0 0 0 0 0 0 0 0 0 0 0 0 0 0 0 0 0 0 0 0 0 ;
0 0 0 0 0 0 0 0 0 184 0 0 105 0 79 0 0 0 0 100 166 0 0 0 155 143 0 0 0 12 0 0 0 0 0 0 0 0 0 0 0 0 0 0 0 0 0 0 0 0 ;
0 0 0 0 120 0 0 0 96 0 59 0 0 0 75 0 0 30 46 0 0 0 0 102 0 29 95 0 0 47 0 0 0 0 0 0 0 0 0 0 0 0 0 0 0 0 0 0 0 0 ;
97 0 66 0 0 127 0 162 0 0 0 0 68 0 0 0 0 0 0 130 0 0 0 0 167 0 44 36 21 182 0 0 0 0 0 0 0 0 0 0 0 0 0 0 0 0 0 0 0 0 ;
0 0 105 145 131 39 0 0 142 0 0 0 0 0 0 0 0 54 0 0 91 0 0 0 0 0 0 0 0 0 81 0 0 0 0 0 0 0 0 0 0 0 0 0 0 0 0 0 0 0 ;
0 0 0 0 119 0 0 0 0 0 0 0 0 0 108 0 0 136 0 0 0 83 0 0 0 0 130 0 0 0 0 0 0 0 0 0 0 0 0 0 0 0 0 0 0 0 0 0 0 0 ;
70 54 177 0 0 88 0 0 28 50 0 0 0 0 0 0 0 0 170 140 80 8 0 0 0 0 0 0 165 153 0 0 0 0 0 0 0 0 0 0 0 0 0 0 0 0 0 0 0 0 ;
0 0 72 192 0 97 0 177 0 90 7 0 0 0 0 0 51 0 0 0 0 0 0 0 0 97 0 0 0 0 123 0 0 0 0 0 0 0 0 0 0 0 0 0 0 0 0 0 0 0 ;
165 0 165 0 94 0 0 0 96 0 93 0 0 153 0 68 0 0 0 0 0 0 0 73 145 0 0 168 156 0 13 0 0 74 0 0 0 0 0 0 0 0 0 0 0 0 0 0 0 0 ;
0 0 111 0 0 0 0 0 0 0 196 0 84 0 128 0 0 0 122 0 0 0 76 155 0 0 84 0 0 0 143 0 0 177 59 0 0 0 0 0 0 0 0 0 0 0 0 0 0 0 ;
163 186 149 0 0 0 0 0 0 0 0 0 0 0 0 0 0 0 0 0 115 0 0 0 0 0 0 0 0 0 30 147 0 119 90 0 0 0 0 0 0 0 0 0 0 0 0 0 0 0 ;
0 34 0 0 0 27 0 0 0 0 0 13 0 0 121 0 0 0 0 127 0 0 0 0 0 0 0 0 0 0 0 0 0 0 0 0 0 54 55 177 0 0 0 0 0 0 0 0 0 0 ;
0 154 0 86 0 0 62 41 0 0 0 0 0 0 155 31 0 0 143 94 22 0 0 118 0 0 0 0 0 0 0 0 0 0 110 0 0 0 0 0 166 0 0 0 0 0 0 0 0 0 ;
0 78 0 0 0 0 0 0 0 0 0 0 0 0 0 0 0 0 0 0 0 0 0 0 148 31 0 0 108 0 0 0 141 0 109 0 0 0 95 0 0 0 0 0 0 0 0 0 0 0 ;
0 52 169 0 0 0 0 0 0 35 0 0 0 21 0 0 0 0 0 0 123 117 10 0 0 0 0 0 0 0 0 0 198 0 0 18 0 12 0 31 0 0 0 0 0 0 0 0 0 0 ;
0 0 0 0 0 150 0 0 0 0 0 135 0 0 0 0 86 0 120 137 169 104 136 118 0 0 22 93 0 0 0 0 0 0 61 0 0 0 0 0 0 0 0 0 0 0 0 0 0 0 ;
0 0 0 0 0 0 176 0 0 0 0 0 0 0 0 0 0 0 0 4 0 0 0 0 0 0 0 0 71 0 0 0 0 0 0 0 0 0 0 0 0 0 0 0 0 0 0 0 0 0 ;
0 0 0 0 0 0 0 87 0 0 0 0 33 46 0 168 0 0 0 0 0 0 0 0 160 0 66 0 0 68 0 174 0 0 0 0 0 0 0 139 0 0 0 132 139 2 0 0 0 0 ;
0 167 0 0 0 0 0 0 0 0 0 0 0 0 0 0 0 0 0 197 187 0 73 0 0 0 0 18 0 46 103 0 0 156 0 0 0 0 188 0 0 0 0 0 167 0 0 0 0 0 ;
0 0 0 0 0 0 0 0 184 0 166 28 0 0 0 0 0 71 0 88 72 0 0 0 0 0 0 0 0 0 5 174 0 0 115 0 0 0 0 0 128 0 0 16 0 0 0 53 0 0 ;
0 0 0 0 0 0 0 0 0 0 0 0 0 0 103 0 0 0 0 0 0 0 0 0 147 0 0 197 0 0 155 0 0 191 0 173 0 20 0 165 0 0 0 0 0 0 0 0 0 0 ;
0 0 0 0 84 146 8 176 0 0 142 0 0 0 0 196 0 0 0 160 0 0 94 0 96 0 0 0 0 0 0 0 160 0 0 0 0 0 79 0 36 177 0 0 0 0 0 0 0 115 ]
w=[78, 42, 30, 68, 51, 56, 66, 8, 52, 71, 23, 7, 79, 49, 95, 51, 97, 30, 5, 68, 21, 22, 22, 100, 24, 53, 99, 1, 45, 35, 46, 63, 27, 78, 49, 47, 23, 15, 65, 99, 65, 4, 83, 42, 90, 41, 18, 3, 25, 82]
W=161 
k=7 
inst_name = "QKP_50_200_25" 
feasible = true 
Q2=[200 0 0 0 0 0 0 0 0 0 0 0 0 0 0 0 0 0 0 0 0 0 0 0 0 0 0 0 0 0 0 0 0 0 0 0 0 0 0 0 0 0 0 0 0 0 0 0 0 0; 200 200 0 0 0 0 0 0 0 0 0 0 0 0 0 0 0 0 0 0 0 0 0 0 0 0 0 0 0 0 0 0 0 0 0 0 0 0 0 0 0 0 0 0 0 0 0 0 0 0; 200 200 151 0 0 0 0 0 0 0 0 0 0 0 0 0 0 0 0 0 0 0 0 0 0 0 0 0 0 0 0 0 0 0 0 0 0 0 0 0 0 0 0 0 0 0 0 0 0 0; 200 200 200 200 0 0 0 0 0 0 0 0 0 0 0 0 0 0 0 0 0 0 0 0 0 0 0 0 0 0 0 0 0 0 0 0 0 0 0 0 0 0 0 0 0 0 0 0 0 0; 200 200 126 200 200 0 0 0 0 0 0 0 0 0 0 0 0 0 0 0 0 0 0 0 0 0 0 0 0 0 0 0 0 0 0 0 0 0 0 0 0 0 0 0 0 0 0 0 0 0; 200 200 190 24 200 199 0 0 0 0 0 0 0 0 0 0 0 0 0 0 0 0 0 0 0 0 0 0 0 0 0 0 0 0 0 0 0 0 0 0 0 0 0 0 0 0 0 0 0 0; 200 200 200 200 200 200 200 0 0 0 0 0 0 0 0 0 0 0 0 0 0 0 0 0 0 0 0 0 0 0 0 0 0 0 0 0 0 0 0 0 0 0 0 0 0 0 0 0 0 0; 200 200 200 200 196 200 151 200 0 0 0 0 0 0 0 0 0 0 0 0 0 0 0 0 0 0 0 0 0 0 0 0 0 0 0 0 0 0 0 0 0 0 0 0 0 0 0 0 0 0; 144 157 200 200 200 200 200 200 200 0 0 0 0 0 0 0 0 0 0 0 0 0 0 0 0 0 0 0 0 0 0 0 0 0 0 0 0 0 0 0 0 0 0 0 0 0 0 0 0 0; 200 15 200 200 200 200 200 200 200 127 0 0 0 0 0 0 0 0 0 0 0 0 0 0 0 0 0 0 0 0 0 0 0 0 0 0 0 0 0 0 0 0 0 0 0 0 0 0 0 0; 200 200 200 200 200 8 200 200 200 200 200 0 0 0 0 0 0 0 0 0 0 0 0 0 0 0 0 0 0 0 0 0 0 0 0 0 0 0 0 0 0 0 0 0 0 0 0 0 0 0; 200 200 200 200 200 200 200 200 200 200 200 200 0 0 0 0 0 0 0 0 0 0 0 0 0 0 0 0 0 0 0 0 0 0 0 0 0 0 0 0 0 0 0 0 0 0 0 0 0 0; 200 46 200 200 33 200 200 200 200 0 200 200 31 0 0 0 0 0 0 0 0 0 0 0 0 0 0 0 0 0 0 0 0 0 0 0 0 0 0 0 0 0 0 0 0 0 0 0 0 0; 200 200 200 200 200 6 200 200 27 200 180 200 200 200 0 0 0 0 0 0 0 0 0 0 0 0 0 0 0 0 0 0 0 0 0 0 0 0 0 0 0 0 0 0 0 0 0 0 0 0; 200 200 200 200 200 200 200 200 200 200 200 1 200 200 200 0 0 0 0 0 0 0 0 0 0 0 0 0 0 0 0 0 0 0 0 0 0 0 0 0 0 0 0 0 0 0 0 0 0 0; 200 61 200 200 171 200 186 200 11 200 200 200 197 161 200 54 0 0 0 0 0 0 0 0 0 0 0 0 0 0 0 0 0 0 0 0 0 0 0 0 0 0 0 0 0 0 0 0 0 0; 200 41 200 200 200 90 200 2 200 31 200 200 200 200 200 200 200 0 0 0 0 0 0 0 0 0 0 0 0 0 0 0 0 0 0 0 0 0 0 0 0 0 0 0 0 0 0 0 0 0; 200 5 200 200 200 21 68 200 200 200 200 190 200 200 35 1 200 200 0 0 0 0 0 0 0 0 0 0 0 0 0 0 0 0 0 0 0 0 0 0 0 0 0 0 0 0 0 0 0 0; 200 48 200 200 200 200 200 200 37 200 200 3 200 200 200 200 200 200 200 0 0 0 0 0 0 0 0 0 0 0 0 0 0 0 0 0 0 0 0 0 0 0 0 0 0 0 0 0 0 0; 200 200 0 200 200 200 200 200 200 200 200 200 200 200 200 200 200 158 200 200 0 0 0 0 0 0 0 0 0 0 0 0 0 0 0 0 0 0 0 0 0 0 0 0 0 0 0 0 0 0; 18 200 200 200 200 200 200 200 200 200 200 166 200 200 200 200 200 200 200 1 187 0 0 0 0 0 0 0 0 0 0 0 0 0 0 0 0 0 0 0 0 0 0 0 0 0 0 0 0 0; 200 30 200 200 183 200 200 200 200 200 8 200 200 197 84 200 200 200 200 200 200 200 0 0 0 0 0 0 0 0 0 0 0 0 0 0 0 0 0 0 0 0 0 0 0 0 0 0 0 0; 200 200 200 27 59 200 200 167 171 200 81 196 6 200 200 200 175 200 200 200 200 200 200 0 0 0 0 0 0 0 0 0 0 0 0 0 0 0 0 0 0 0 0 0 0 0 0 0 0 0; 200 200 200 200 200 200 200 200 41 200 7 200 200 200 135 200 200 166 200 200 200 200 146 200 0 0 0 0 0 0 0 0 0 0 0 0 0 0 0 0 0 0 0 0 0 0 0 0 0 0; 200 200 200 200 178 200 200 200 200 200 200 197 53 196 200 77 200 200 200 200 189 200 200 200 170 0 0 0 0 0 0 0 0 0 0 0 0 0 0 0 0 0 0 0 0 0 0 0 0 0; 200 200 23 200 200 200 197 200 200 171 177 22 200 200 200 200 200 200 200 200 2 200 25 200 200 200 0 0 0 0 0 0 0 0 0 0 0 0 0 0 0 0 0 0 0 0 0 0 0 0; 200 200 200 200 200 200 200 200 200 192 200 200 200 200 200 170 200 200 200 200 4 200 200 200 200 183 200 0 0 0 0 0 0 0 0 0 0 0 0 0 0 0 0 0 0 0 0 0 0 0; 200 6 200 200 34 200 200 200 200 200 191 200 200 7 17 200 200 200 10 200 200 200 200 200 200 200 200 200 0 0 0 0 0 0 0 0 0 0 0 0 0 0 0 0 0 0 0 0 0 0; 200 193 200 195 200 200 200 200 200 20 200 54 188 6 1 200 200 200 200 200 200 200 123 200 200 200 198 200 200 0 0 0 0 0 0 0 0 0 0 0 0 0 0 0 0 0 0 0 0 0; 200 200 200 200 200 200 200 200 200 5 200 200 64 200 140 200 200 200 200 8 11 200 200 200 14 41 200 200 200 194 0 0 0 0 0 0 0 0 0 0 0 0 0 0 0 0 0 0 0 0; 200 200 200 200 25 200 200 200 176 200 162 200 200 200 128 200 200 173 173 200 200 200 200 16 200 172 178 200 200 167 200 0 0 0 0 0 0 0 0 0 0 0 0 0 0 0 0 0 0 0; 121 200 187 200 200 58 200 21 200 200 200 200 164 200 200 200 200 200 200 36 200 200 200 200 2 200 170 170 184 5 200 200 0 0 0 0 0 0 0 0 0 0 0 0 0 0 0 0 0 0; 200 200 72 29 43 172 200 200 41 200 200 200 200 200 200 200 200 174 200 200 194 200 200 200 200 200 200 200 200 200 128 200 200 0 0 0 0 0 0 0 0 0 0 0 0 0 0 0 0 0; 200 200 200 200 76 200 200 200 200 200 200 200 200 200 24 200 200 8 200 200 200 195 200 200 200 200 7 200 200 200 200 200 200 200 0 0 0 0 0 0 0 0 0 0 0 0 0 0 0 0; 164 175 15 200 200 167 200 200 191 152 200 200 200 200 200 200 200 200 12 59 146 193 200 200 200 200 200 200 5 41 200 200 200 200 200 0 0 0 0 0 0 0 0 0 0 0 0 0 0 0; 200 200 160 1 200 165 200 4 200 111 195 200 200 200 200 200 187 200 200 200 200 200 200 200 200 198 200 200 200 200 68 200 200 200 200 200 0 0 0 0 0 0 0 0 0 0 0 0 0 0; 11 200 6 200 127 200 200 200 115 200 154 200 200 33 200 174 200 200 200 200 200 200 200 171 40 200 200 31 39 200 197 200 200 197 200 200 200 0 0 0 0 0 0 0 0 0 0 0 0 0; 200 200 35 200 200 200 200 200 200 200 3 200 155 200 45 200 200 200 57 200 200 200 168 42 200 200 118 200 200 200 45 200 200 18 191 200 200 200 0 0 0 0 0 0 0 0 0 0 0 0; 2 5 48 200 200 200 200 200 200 200 200 200 200 200 200 200 200 200 200 200 26 200 200 200 200 200 200 200 200 200 179 53 200 3 186 200 200 200 200 0 0 0 0 0 0 0 0 0 0 0; 200 176 200 200 200 192 200 200 200 200 200 198 200 200 31 200 200 200 200 63 200 200 200 200 200 200 200 200 200 200 200 200 200 200 200 200 200 161 189 2 0 0 0 0 0 0 0 0 0 0; 200 12 200 189 200 200 166 182 200 200 200 200 200 200 45 200 200 200 34 115 195 200 200 47 200 200 200 200 200 200 200 200 200 200 39 200 200 200 200 200 27 0 0 0 0 0 0 0 0 0; 200 173 200 200 200 200 200 200 200 200 200 200 200 200 200 200 200 200 200 200 200 200 200 200 42 173 200 200 21 200 200 200 5 200 67 200 200 200 117 200 200 200 0 0 0 0 0 0 0 0; 200 172 4 200 200 200 200 200 200 171 200 200 200 179 200 200 200 200 200 200 76 27 198 200 200 200 200 200 200 200 200 200 0 200 200 194 200 197 200 191 200 200 200 0 0 0 0 0 0 0; 200 200 200 200 200 0 200 200 200 200 200 37 200 200 200 200 192 200 49 7 5 80 4 0 200 200 180 111 200 200 200 200 200 200 157 200 200 200 200 200 200 200 200 200 0 0 0 0 0 0; 200 200 200 200 200 200 17 200 200 200 200 200 200 200 200 200 200 200 200 196 200 200 200 200 200 200 200 200 174 200 200 200 200 200 200 200 200 200 200 200 200 200 200 200 200 0 0 0 0 0; 200 200 200 200 200 200 200 169 200 200 200 200 173 164 200 7 200 200 200 200 200 200 200 200 31 200 160 200 200 196 200 0 200 200 200 200 200 200 200 23 200 200 200 43 56 199 0 0 0 0; 200 7 200 200 200 200 200 200 200 200 200 200 200 200 200 200 200 200 200 1 8 200 172 200 200 200 200 183 200 184 27 200 200 11 200 200 200 200 3 200 200 200 200 200 15 200 200 0 0 0; 200 200 200 200 200 200 200 200 2 200 16 194 200 200 200 200 200 136 200 139 140 200 200 200 200 200 200 200 200 200 200 24 200 200 2 200 200 200 200 200 16 200 200 191 200 200 200 151 0 0; 200 200 200 200 200 200 200 200 200 200 200 200 200 200 24 200 200 200 200 200 200 200 200 200 26 200 200 3 200 200 13 200 200 0 200 9 200 189 200 34 200 200 200 200 200 200 200 200 200 0; 200 200 200 200 176 47 197 5 200 200 22 200 200 200 200 0 200 200 200 6 200 200 189 200 158 200 200 200 200 200 200 200 5 200 200 200 200 200 134 200 184 8 200 200 200 200 200 200 200 60]
