n=20
density=75
Q1=[0 0 0 0 0 0 0 0 0 0 0 0 0 0 0 0 0 0 0 0 ;
45 62 0 0 0 0 0 0 0 0 0 0 0 0 0 0 0 0 0 0 ;
0 184 87 0 0 0 0 0 0 0 0 0 0 0 0 0 0 0 0 0 ;
50 67 168 186 0 0 0 0 0 0 0 0 0 0 0 0 0 0 0 0 ;
0 0 57 160 0 0 0 0 0 0 0 0 0 0 0 0 0 0 0 0 ;
18 0 126 143 0 144 0 0 0 0 0 0 0 0 0 0 0 0 0 0 ;
142 0 146 0 75 94 152 0 0 0 0 0 0 0 0 0 0 0 0 0 ;
22 0 125 104 0 102 50 181 0 0 0 0 0 0 0 0 0 0 0 0 ;
119 0 39 93 93 178 90 0 0 0 0 0 0 0 0 0 0 0 0 0 ;
76 173 113 0 195 3 131 0 21 70 0 0 0 0 0 0 0 0 0 0 ;
41 75 98 144 41 194 0 8 0 46 4 0 0 0 0 0 0 0 0 0 ;
73 0 89 67 7 52 171 60 199 29 0 77 0 0 0 0 0 0 0 0 ;
141 8 20 0 183 17 36 108 41 200 188 72 0 0 0 0 0 0 0 0 ;
114 136 0 13 160 108 160 75 162 69 23 38 7 0 0 0 0 0 0 0 ;
123 140 185 164 29 81 0 105 0 180 0 193 0 44 96 0 0 0 0 0 ;
139 1 0 153 139 100 5 0 0 197 132 141 102 0 0 0 0 0 0 0 ;
184 46 71 0 103 5 166 31 140 0 139 0 52 98 177 199 61 0 0 0 ;
0 95 176 188 129 143 136 0 167 97 38 42 0 142 0 192 163 170 0 0 ;
191 129 0 44 199 175 143 21 178 168 0 169 84 71 164 0 125 50 173 0 ;
164 34 153 147 170 62 0 55 124 99 6 0 151 112 0 10 0 86 87 80 ]
w=[16, 33, 59, 45, 37, 7, 74, 70, 8, 81, 22, 32, 82, 47, 83, 51, 4, 83, 75, 96]
W=58 
k=2 
inst_name = "QKP_20_200_75" 
feasible = true 
Q2=[200 0 0 0 0 0 0 0 0 0 0 0 0 0 0 0 0 0 0 0; 160 149 0 0 0 0 0 0 0 0 0 0 0 0 0 0 0 0 0 0; 200 0 125 0 0 0 0 0 0 0 0 0 0 0 0 0 0 0 0 0; 174 163 22 6 0 0 0 0 0 0 0 0 0 0 0 0 0 0 0 0; 200 200 169 27 200 0 0 0 0 0 0 0 0 0 0 0 0 0 0 0; 184 200 36 16 200 38 0 0 0 0 0 0 0 0 0 0 0 0 0 0; 33 200 20 200 125 190 30 0 0 0 0 0 0 0 0 0 0 0 0 0; 181 200 24 31 200 26 199 13 0 0 0 0 0 0 0 0 0 0 0 0; 31 200 182 125 157 7 195 200 200 0 0 0 0 0 0 0 0 0 0 0; 178 8 48 200 5 197 56 200 186 200 0 0 0 0 0 0 0 0 0 0; 190 183 167 46 187 4 200 193 200 197 199 0 0 0 0 0 0 0 0 0; 148 200 150 170 195 168 1 183 0 175 200 147 0 0 0 0 0 0 0 0; 4 198 186 200 15 200 164 76 167 0 5 149 200 0 0 0 0 0 0 0; 20 25 200 189 20 27 16 185 33 180 200 168 198 200 0 0 0 0 0 0; 43 21 0 31 173 188 200 2 200 18 200 1 200 196 111 0 0 0 0 0; 45 200 200 14 44 94 197 200 200 1 66 45 73 200 200 200 0 0 0 0; 15 161 134 200 59 197 13 185 36 200 13 200 154 171 3 1 169 0 0 0; 200 157 6 2 37 41 16 200 26 176 170 177 200 54 200 0 24 22 0 0; 3 58 200 170 0 5 11 179 9 19 200 16 186 183 34 200 27 179 24 0; 33 193 21 3 2 199 200 197 22 145 195 200 34 66 200 198 200 163 154 194]
