n=30
density=75
Q1=[5 0 0 0 0 0 0 0 0 0 0 0 0 0 0 0 0 0 0 0 0 0 0 0 0 0 0 0 0 0 ;
83 8 0 0 0 0 0 0 0 0 0 0 0 0 0 0 0 0 0 0 0 0 0 0 0 0 0 0 0 0 ;
84 84 80 0 0 0 0 0 0 0 0 0 0 0 0 0 0 0 0 0 0 0 0 0 0 0 0 0 0 0 ;
18 55 44 0 0 0 0 0 0 0 0 0 0 0 0 0 0 0 0 0 0 0 0 0 0 0 0 0 0 0 ;
0 0 0 73 94 0 0 0 0 0 0 0 0 0 0 0 0 0 0 0 0 0 0 0 0 0 0 0 0 0 ;
82 97 10 51 0 84 0 0 0 0 0 0 0 0 0 0 0 0 0 0 0 0 0 0 0 0 0 0 0 0 ;
61 39 29 61 27 12 0 0 0 0 0 0 0 0 0 0 0 0 0 0 0 0 0 0 0 0 0 0 0 0 ;
96 78 0 15 39 54 0 22 0 0 0 0 0 0 0 0 0 0 0 0 0 0 0 0 0 0 0 0 0 0 ;
60 0 21 75 24 70 63 0 18 0 0 0 0 0 0 0 0 0 0 0 0 0 0 0 0 0 0 0 0 0 ;
0 42 3 19 0 0 24 70 9 0 0 0 0 0 0 0 0 0 0 0 0 0 0 0 0 0 0 0 0 0 ;
96 99 77 0 59 33 27 41 31 100 95 0 0 0 0 0 0 0 0 0 0 0 0 0 0 0 0 0 0 0 ;
17 0 49 67 5 70 26 74 0 16 76 0 0 0 0 0 0 0 0 0 0 0 0 0 0 0 0 0 0 0 ;
0 27 36 0 63 90 86 0 15 0 61 20 27 0 0 0 0 0 0 0 0 0 0 0 0 0 0 0 0 0 ;
33 35 0 53 0 13 0 88 55 55 69 60 15 0 0 0 0 0 0 0 0 0 0 0 0 0 0 0 0 0 ;
0 82 77 15 69 0 82 86 81 67 37 63 60 9 92 0 0 0 0 0 0 0 0 0 0 0 0 0 0 0 ;
26 0 100 0 98 0 69 58 32 25 33 98 30 75 0 64 0 0 0 0 0 0 0 0 0 0 0 0 0 0 ;
38 3 61 42 47 0 0 28 38 71 80 74 0 12 0 47 68 0 0 0 0 0 0 0 0 0 0 0 0 0 ;
66 0 53 0 92 0 51 45 63 13 0 0 82 51 11 0 72 22 0 0 0 0 0 0 0 0 0 0 0 0 ;
80 81 84 37 40 51 8 0 52 38 0 60 0 2 0 25 0 11 67 0 0 0 0 0 0 0 0 0 0 0 ;
0 58 0 17 27 46 4 60 52 56 76 44 0 0 0 6 27 0 26 68 0 0 0 0 0 0 0 0 0 0 ;
70 94 36 0 0 15 42 0 0 0 24 71 33 57 75 0 14 4 50 53 48 0 0 0 0 0 0 0 0 0 ;
48 40 42 0 33 0 0 94 31 98 77 74 28 20 72 60 22 48 7 2 0 86 0 0 0 0 0 0 0 0 ;
51 26 8 0 85 91 12 93 12 0 0 0 4 35 47 70 22 1 33 0 31 40 0 0 0 0 0 0 0 0 ;
85 0 85 37 65 48 29 0 84 13 62 0 100 42 7 72 73 16 36 0 0 0 79 55 0 0 0 0 0 0 ;
35 63 83 45 0 29 34 10 0 95 73 97 72 17 21 27 0 1 30 88 24 52 33 29 17 0 0 0 0 0 ;
20 0 6 18 71 96 54 16 77 99 3 0 26 91 31 0 72 43 58 0 6 0 4 0 3 0 0 0 0 0 ;
44 67 14 96 0 64 90 0 61 76 0 38 0 5 18 72 27 19 93 56 30 0 79 18 70 7 32 0 0 0 ;
30 18 12 0 24 32 84 0 69 97 100 24 0 0 59 54 0 89 2 85 0 0 1 0 0 0 0 0 0 0 ;
28 0 26 88 0 16 79 75 2 33 0 13 71 44 0 0 16 80 4 0 35 0 86 0 2 71 0 0 0 0 ;
92 8 60 0 76 0 0 38 1 30 0 2 23 60 43 0 95 43 35 83 0 0 9 97 24 0 0 95 93 13 ]
w=[47, 29, 50, 28, 31, 16, 28, 6, 38, 46, 4, 11, 38, 27, 50, 9, 28, 12, 9, 45, 16, 9, 13, 14, 16, 45, 42, 25, 45, 8]
W=84 
k=6 
inst_name = "QKP_30_100_75" 
feasible = true 
Q2=[100 0 0 0 0 0 0 0 0 0 0 0 0 0 0 0 0 0 0 0 0 0 0 0 0 0 0 0 0 0; 12 94 0 0 0 0 0 0 0 0 0 0 0 0 0 0 0 0 0 0 0 0 0 0 0 0 0 0 0 0; 2 8 1 0 0 0 0 0 0 0 0 0 0 0 0 0 0 0 0 0 0 0 0 0 0 0 0 0 0 0; 93 3 80 100 0 0 0 0 0 0 0 0 0 0 0 0 0 0 0 0 0 0 0 0 0 0 0 0 0 0; 100 100 100 11 5 0 0 0 0 0 0 0 0 0 0 0 0 0 0 0 0 0 0 0 0 0 0 0 0 0; 7 2 91 9 100 9 0 0 0 0 0 0 0 0 0 0 0 0 0 0 0 0 0 0 0 0 0 0 0 0; 20 77 72 24 81 92 100 0 0 0 0 0 0 0 0 0 0 0 0 0 0 0 0 0 0 0 0 0 0 0; 0 17 100 86 71 45 100 79 0 0 0 0 0 0 0 0 0 0 0 0 0 0 0 0 0 0 0 0 0 0; 29 100 98 10 85 3 15 100 97 0 0 0 0 0 0 0 0 0 0 0 0 0 0 0 0 0 0 0 0 0; 100 83 100 98 100 100 95 23 92 100 0 0 0 0 0 0 0 0 0 0 0 0 0 0 0 0 0 0 0 0; 0 0 23 100 26 72 75 70 91 0 3 0 0 0 0 0 0 0 0 0 0 0 0 0 0 0 0 0 0 0; 94 100 99 30 95 20 79 23 100 88 21 100 0 0 0 0 0 0 0 0 0 0 0 0 0 0 0 0 0 0; 100 92 91 100 27 9 5 100 100 100 12 88 99 0 0 0 0 0 0 0 0 0 0 0 0 0 0 0 0 0; 94 81 100 4 100 95 100 5 37 37 6 13 91 100 0 0 0 0 0 0 0 0 0 0 0 0 0 0 0 0; 100 8 17 85 18 100 9 2 13 30 91 31 15 99 8 0 0 0 0 0 0 0 0 0 0 0 0 0 0 0; 95 100 0 100 2 100 23 32 97 91 92 1 76 23 100 23 0 0 0 0 0 0 0 0 0 0 0 0 0 0; 90 99 3 61 92 100 100 89 94 15 0 8 100 95 100 64 14 0 0 0 0 0 0 0 0 0 0 0 0 0; 33 100 28 100 4 100 14 81 4 95 100 100 0 43 89 100 5 88 0 0 0 0 0 0 0 0 0 0 0 0; 19 10 11 80 79 11 98 100 8 67 100 10 100 99 100 88 100 91 33 0 0 0 0 0 0 0 0 0 0 0; 100 25 100 98 76 84 97 34 0 21 9 71 100 100 100 96 84 100 94 16 0 0 0 0 0 0 0 0 0 0; 6 6 93 100 100 88 100 100 100 100 98 3 70 7 7 100 99 98 45 37 66 0 0 0 0 0 0 0 0 0; 73 64 70 100 74 100 100 5 81 0 10 14 94 91 26 0 96 100 99 100 100 11 0 0 0 0 0 0 0 0; 43 95 95 100 15 3 90 7 94 100 100 100 96 91 83 24 92 100 98 100 71 69 100 0 0 0 0 0 0 0; 14 100 9 66 7 98 90 100 0 96 30 100 0 61 95 20 15 95 96 100 100 100 5 12 0 0 0 0 0 0; 66 15 0 93 100 75 81 95 100 0 0 3 0 93 85 92 100 100 85 4 85 20 91 80 94 0 0 0 0 0; 99 100 99 83 21 1 13 91 16 0 97 100 83 8 84 100 24 91 24 100 98 100 100 100 97 100 0 0 0 0; 79 5 91 0 100 16 0 100 0 21 100 66 100 99 98 1 92 88 2 8 72 100 1 95 29 95 86 0 0 0; 74 98 99 100 82 85 16 100 8 1 0 99 100 100 33 34 100 6 98 3 100 100 99 100 100 100 100 100 0 0; 95 100 75 0 100 85 17 11 99 76 100 89 23 62 100 100 96 19 98 100 66 100 2 100 98 20 100 100 100 0; 8 100 17 100 15 100 100 72 100 70 100 100 83 21 95 100 0 82 88 8 100 100 95 1 100 100 100 2 5 91]
