n=30
density=25
Q1=[40 0 0 0 0 0 0 0 0 0 0 0 0 0 0 0 0 0 0 0 0 0 0 0 0 0 0 0 0 0 ;
12 45 0 0 0 0 0 0 0 0 0 0 0 0 0 0 0 0 0 0 0 0 0 0 0 0 0 0 0 0 ;
0 0 0 0 0 0 0 0 0 0 0 0 0 0 0 0 0 0 0 0 0 0 0 0 0 0 0 0 0 0 ;
0 0 0 0 0 0 0 0 0 0 0 0 0 0 0 0 0 0 0 0 0 0 0 0 0 0 0 0 0 0 ;
172 0 0 0 0 0 0 0 0 0 0 0 0 0 0 0 0 0 0 0 0 0 0 0 0 0 0 0 0 0 ;
0 174 87 0 0 0 0 0 0 0 0 0 0 0 0 0 0 0 0 0 0 0 0 0 0 0 0 0 0 0 ;
194 0 13 0 0 0 0 0 0 0 0 0 0 0 0 0 0 0 0 0 0 0 0 0 0 0 0 0 0 0 ;
0 0 33 0 0 0 0 0 0 0 0 0 0 0 0 0 0 0 0 0 0 0 0 0 0 0 0 0 0 0 ;
186 0 180 0 0 31 0 102 39 0 0 0 0 0 0 0 0 0 0 0 0 0 0 0 0 0 0 0 0 0 ;
190 0 0 0 31 0 97 0 0 0 0 0 0 0 0 0 0 0 0 0 0 0 0 0 0 0 0 0 0 0 ;
104 0 0 0 0 125 0 0 0 0 0 0 0 0 0 0 0 0 0 0 0 0 0 0 0 0 0 0 0 0 ;
0 0 180 0 0 0 191 102 0 0 0 20 0 0 0 0 0 0 0 0 0 0 0 0 0 0 0 0 0 0 ;
141 0 0 0 125 0 125 0 0 0 200 0 190 0 0 0 0 0 0 0 0 0 0 0 0 0 0 0 0 0 ;
0 0 56 0 0 0 0 83 0 192 0 0 0 145 0 0 0 0 0 0 0 0 0 0 0 0 0 0 0 0 ;
133 0 55 0 0 170 0 48 0 0 0 100 0 36 0 0 0 0 0 0 0 0 0 0 0 0 0 0 0 0 ;
166 0 0 0 89 0 0 0 63 162 18 0 0 0 107 0 0 0 0 0 0 0 0 0 0 0 0 0 0 0 ;
19 0 0 0 0 64 0 98 0 0 116 129 0 0 0 0 0 0 0 0 0 0 0 0 0 0 0 0 0 0 ;
61 0 0 0 0 131 0 0 0 0 0 0 51 179 119 0 0 43 0 0 0 0 0 0 0 0 0 0 0 0 ;
0 81 55 0 0 0 15 132 0 0 0 172 0 0 0 0 0 0 0 0 0 0 0 0 0 0 0 0 0 0 ;
0 0 0 0 0 24 97 0 181 0 0 0 0 1 0 0 0 0 0 0 0 0 0 0 0 0 0 0 0 0 ;
0 51 52 0 0 171 0 0 0 0 4 0 0 0 100 0 0 0 0 3 0 0 0 0 0 0 0 0 0 0 ;
192 0 0 0 99 0 0 0 153 54 0 171 0 21 0 0 0 0 0 105 0 0 0 0 0 0 0 0 0 0 ;
0 0 180 0 134 0 0 135 22 0 0 83 0 0 0 0 35 0 66 0 0 0 133 0 0 0 0 0 0 0 ;
0 0 138 30 112 0 0 0 0 0 159 0 0 0 108 0 0 0 0 0 167 0 0 0 0 0 0 0 0 0 ;
0 168 85 0 0 0 0 0 0 0 0 0 0 0 0 0 0 183 0 0 0 0 0 0 0 0 0 0 0 0 ;
0 0 0 78 0 0 0 166 108 0 0 0 175 0 0 0 0 0 0 0 170 139 0 47 0 88 0 0 0 0 ;
143 0 195 40 0 0 0 0 0 0 190 0 126 0 0 0 0 0 0 0 0 0 0 0 0 0 0 0 0 0 ;
0 0 0 0 0 0 0 0 147 0 121 0 0 0 0 0 0 0 0 0 0 0 0 0 0 0 0 0 0 0 ;
0 0 41 0 0 0 0 0 84 131 145 0 0 0 0 0 0 0 0 0 0 0 0 0 0 0 0 0 0 0 ;
93 0 0 6 0 0 0 183 0 0 0 184 0 0 36 170 0 0 0 0 0 94 96 0 0 0 0 0 0 0 ]
w=[98, 18, 39, 7, 65, 35, 30, 84, 61, 18, 19, 43, 11, 39, 42, 62, 83, 13, 23, 39, 53, 86, 66, 96, 77, 95, 23, 41, 11, 91]
W=122 
k=6 
inst_name = "QKP_30_200_25" 
feasible = true 
Q2=[161 0 0 0 0 0 0 0 0 0 0 0 0 0 0 0 0 0 0 0 0 0 0 0 0 0 0 0 0 0; 196 190 0 0 0 0 0 0 0 0 0 0 0 0 0 0 0 0 0 0 0 0 0 0 0 0 0 0 0 0; 200 200 200 0 0 0 0 0 0 0 0 0 0 0 0 0 0 0 0 0 0 0 0 0 0 0 0 0 0 0; 200 200 200 200 0 0 0 0 0 0 0 0 0 0 0 0 0 0 0 0 0 0 0 0 0 0 0 0 0 0; 3 200 200 200 200 0 0 0 0 0 0 0 0 0 0 0 0 0 0 0 0 0 0 0 0 0 0 0 0 0; 200 21 162 200 200 200 0 0 0 0 0 0 0 0 0 0 0 0 0 0 0 0 0 0 0 0 0 0 0 0; 1 200 199 200 200 200 200 0 0 0 0 0 0 0 0 0 0 0 0 0 0 0 0 0 0 0 0 0 0 0; 200 200 182 200 200 200 200 200 0 0 0 0 0 0 0 0 0 0 0 0 0 0 0 0 0 0 0 0 0 0; 8 200 16 200 200 187 200 2 198 0 0 0 0 0 0 0 0 0 0 0 0 0 0 0 0 0 0 0 0 0; 0 200 200 200 169 200 116 200 200 200 0 0 0 0 0 0 0 0 0 0 0 0 0 0 0 0 0 0 0 0; 91 200 200 200 200 14 200 200 200 200 200 0 0 0 0 0 0 0 0 0 0 0 0 0 0 0 0 0 0 0; 200 200 8 200 200 200 9 71 200 200 200 193 0 0 0 0 0 0 0 0 0 0 0 0 0 0 0 0 0 0; 31 200 200 200 22 200 41 200 200 200 0 200 9 0 0 0 0 0 0 0 0 0 0 0 0 0 0 0 0 0; 200 200 192 200 200 200 200 169 200 3 200 200 200 44 0 0 0 0 0 0 0 0 0 0 0 0 0 0 0 0; 3 200 198 200 200 21 200 154 200 200 200 28 200 169 200 0 0 0 0 0 0 0 0 0 0 0 0 0 0 0; 20 200 200 200 112 200 200 200 138 2 188 200 200 200 24 200 0 0 0 0 0 0 0 0 0 0 0 0 0 0; 195 200 200 200 200 200 200 116 200 200 39 65 200 200 200 200 200 0 0 0 0 0 0 0 0 0 0 0 0 0; 188 200 200 200 200 54 200 200 200 200 200 200 200 12 42 200 200 197 0 0 0 0 0 0 0 0 0 0 0 0; 200 126 167 200 200 200 187 32 200 200 200 7 200 200 200 200 200 200 200 0 0 0 0 0 0 0 0 0 0 0; 200 200 200 200 200 176 140 200 17 200 200 200 200 200 200 200 200 200 200 200 0 0 0 0 0 0 0 0 0 0; 200 149 157 200 200 16 200 200 200 200 199 200 200 200 66 200 200 200 200 197 200 0 0 0 0 0 0 0 0 0; 3 200 200 200 151 200 200 200 31 169 200 18 200 192 200 200 200 200 200 95 200 200 0 0 0 0 0 0 0 0; 200 200 3 200 46 200 200 58 189 200 200 184 200 200 200 200 183 200 178 200 200 200 38 0 0 0 0 0 0 0; 200 200 8 173 3 200 200 200 200 200 25 200 200 200 34 200 200 200 200 200 21 200 200 200 0 0 0 0 0 0; 200 22 158 200 200 200 200 200 200 200 200 200 200 200 200 200 200 8 200 200 200 200 200 200 200 0 0 0 0 0; 200 200 200 189 200 200 200 9 44 200 200 200 25 200 200 200 200 200 200 200 1 60 200 181 200 172 0 0 0 0; 54 200 5 196 200 200 200 200 200 200 1 200 15 200 200 200 200 200 200 200 200 200 200 200 200 200 200 0 0 0; 200 200 200 200 200 200 200 200 5 200 77 200 200 200 200 200 200 200 200 200 200 200 200 200 200 200 200 200 0 0; 200 200 185 200 200 200 200 200 171 45 37 200 200 200 200 200 200 200 200 200 200 200 200 200 200 200 200 200 200 0; 124 200 200 197 200 200 200 13 200 200 200 10 200 200 188 7 200 200 200 200 200 200 167 200 200 200 200 200 200 200]
