n=35
density=100
Q1=[179 0 0 0 0 0 0 0 0 0 0 0 0 0 0 0 0 0 0 0 0 0 0 0 0 0 0 0 0 0 0 0 0 0 0 ;
137 6 0 0 0 0 0 0 0 0 0 0 0 0 0 0 0 0 0 0 0 0 0 0 0 0 0 0 0 0 0 0 0 0 0 ;
22 130 182 0 0 0 0 0 0 0 0 0 0 0 0 0 0 0 0 0 0 0 0 0 0 0 0 0 0 0 0 0 0 0 0 ;
132 37 50 102 0 0 0 0 0 0 0 0 0 0 0 0 0 0 0 0 0 0 0 0 0 0 0 0 0 0 0 0 0 0 0 ;
136 83 28 133 171 0 0 0 0 0 0 0 0 0 0 0 0 0 0 0 0 0 0 0 0 0 0 0 0 0 0 0 0 0 0 ;
88 161 92 122 27 169 0 0 0 0 0 0 0 0 0 0 0 0 0 0 0 0 0 0 0 0 0 0 0 0 0 0 0 0 0 ;
118 127 101 168 31 1 98 0 0 0 0 0 0 0 0 0 0 0 0 0 0 0 0 0 0 0 0 0 0 0 0 0 0 0 0 ;
154 184 107 84 155 183 67 41 0 0 0 0 0 0 0 0 0 0 0 0 0 0 0 0 0 0 0 0 0 0 0 0 0 0 0 ;
161 190 190 156 31 124 89 61 177 0 0 0 0 0 0 0 0 0 0 0 0 0 0 0 0 0 0 0 0 0 0 0 0 0 0 ;
93 155 84 7 23 122 72 37 99 69 0 0 0 0 0 0 0 0 0 0 0 0 0 0 0 0 0 0 0 0 0 0 0 0 0 ;
45 199 142 46 143 62 182 190 73 86 14 0 0 0 0 0 0 0 0 0 0 0 0 0 0 0 0 0 0 0 0 0 0 0 0 ;
173 26 6 187 137 134 135 173 60 16 81 76 0 0 0 0 0 0 0 0 0 0 0 0 0 0 0 0 0 0 0 0 0 0 0 ;
198 141 191 88 185 183 183 126 182 29 169 23 158 0 0 0 0 0 0 0 0 0 0 0 0 0 0 0 0 0 0 0 0 0 0 ;
43 183 84 107 1 43 168 21 70 69 133 184 9 58 0 0 0 0 0 0 0 0 0 0 0 0 0 0 0 0 0 0 0 0 0 ;
190 24 83 42 72 6 11 16 66 47 171 112 68 109 129 0 0 0 0 0 0 0 0 0 0 0 0 0 0 0 0 0 0 0 0 ;
73 118 72 172 101 51 175 137 24 157 12 111 2 91 102 194 0 0 0 0 0 0 0 0 0 0 0 0 0 0 0 0 0 0 0 ;
117 55 134 136 197 95 45 51 188 12 57 25 6 14 112 178 51 0 0 0 0 0 0 0 0 0 0 0 0 0 0 0 0 0 0 ;
157 56 96 157 49 42 84 124 65 8 191 56 117 133 61 196 45 46 0 0 0 0 0 0 0 0 0 0 0 0 0 0 0 0 0 ;
24 162 182 82 190 102 26 105 28 144 109 172 66 121 185 38 121 197 31 0 0 0 0 0 0 0 0 0 0 0 0 0 0 0 0 ;
53 63 197 137 5 7 39 196 22 200 3 46 101 187 84 54 99 198 176 125 0 0 0 0 0 0 0 0 0 0 0 0 0 0 0 ;
182 3 56 9 121 120 81 10 177 105 177 96 171 44 28 73 187 177 2 183 98 0 0 0 0 0 0 0 0 0 0 0 0 0 0 ;
40 30 33 185 176 68 27 83 57 45 83 12 146 171 47 31 122 163 42 180 13 197 0 0 0 0 0 0 0 0 0 0 0 0 0 ;
57 3 22 35 120 194 162 125 137 125 174 48 39 25 180 23 100 140 160 132 31 77 161 0 0 0 0 0 0 0 0 0 0 0 0 ;
151 125 137 54 191 132 49 165 61 45 104 10 163 37 116 40 38 150 38 156 34 146 56 157 0 0 0 0 0 0 0 0 0 0 0 ;
87 42 129 112 110 179 142 180 199 182 22 177 147 117 74 68 30 200 152 172 93 31 77 18 88 0 0 0 0 0 0 0 0 0 0 ;
159 26 120 29 116 31 47 169 46 52 8 126 83 175 127 131 19 43 82 26 9 9 32 111 139 25 0 0 0 0 0 0 0 0 0 ;
62 75 192 2 151 54 21 98 83 2 65 137 132 103 33 111 64 12 91 99 46 59 161 129 49 152 141 0 0 0 0 0 0 0 0 ;
173 21 39 192 94 138 121 84 143 112 188 6 45 119 68 5 129 45 61 98 11 23 126 17 89 151 23 70 0 0 0 0 0 0 0 ;
162 115 67 124 90 75 143 103 188 167 15 42 119 74 134 31 173 48 109 101 137 192 66 81 178 57 129 6 22 0 0 0 0 0 0 ;
95 64 63 182 117 109 189 97 74 172 196 128 132 137 183 148 181 144 125 112 31 41 197 110 102 70 33 95 3 137 0 0 0 0 0 ;
110 85 134 114 192 69 18 49 176 187 14 119 162 55 80 22 127 19 88 25 95 171 179 45 127 110 155 9 60 146 63 0 0 0 0 ;
63 71 59 17 33 196 95 132 191 51 71 151 131 149 185 100 25 32 143 169 87 111 123 108 84 119 162 16 138 69 171 32 0 0 0 ;
190 165 55 25 119 179 74 130 86 88 45 132 169 20 136 39 143 1 115 128 82 139 80 130 94 176 109 173 119 200 14 50 39 0 0 ;
162 144 133 40 108 170 84 173 143 24 38 24 17 94 86 74 44 112 131 117 27 110 173 189 105 18 125 186 86 190 86 162 91 40 0 ;
175 30 34 168 29 66 149 189 169 125 81 181 96 27 142 66 54 135 135 163 109 182 39 189 19 178 126 82 24 125 91 6 188 17 131 ]
w=[75, 17, 30, 40, 7, 97, 98, 36, 43, 100, 16, 83, 51, 15, 30, 84, 37, 29, 88, 32, 58, 94, 3, 10, 49, 55, 64, 83, 97, 28, 3, 14, 23, 57, 7]
W=72 
k=4 
inst_name = "QKP_35_200_100" 
feasible = true 
Q2=[12 0 0 0 0 0 0 0 0 0 0 0 0 0 0 0 0 0 0 0 0 0 0 0 0 0 0 0 0 0 0 0 0 0 0; 21 198 0 0 0 0 0 0 0 0 0 0 0 0 0 0 0 0 0 0 0 0 0 0 0 0 0 0 0 0 0 0 0 0 0; 183 60 4 0 0 0 0 0 0 0 0 0 0 0 0 0 0 0 0 0 0 0 0 0 0 0 0 0 0 0 0 0 0 0 0; 7 200 180 30 0 0 0 0 0 0 0 0 0 0 0 0 0 0 0 0 0 0 0 0 0 0 0 0 0 0 0 0 0 0 0; 17 118 189 47 27 0 0 0 0 0 0 0 0 0 0 0 0 0 0 0 0 0 0 0 0 0 0 0 0 0 0 0 0 0 0; 168 29 190 9 180 7 0 0 0 0 0 0 0 0 0 0 0 0 0 0 0 0 0 0 0 0 0 0 0 0 0 0 0 0 0; 47 44 51 15 180 200 196 0 0 0 0 0 0 0 0 0 0 0 0 0 0 0 0 0 0 0 0 0 0 0 0 0 0 0 0; 14 5 16 185 38 1 138 180 0 0 0 0 0 0 0 0 0 0 0 0 0 0 0 0 0 0 0 0 0 0 0 0 0 0 0; 32 9 0 4 185 52 198 189 1 0 0 0 0 0 0 0 0 0 0 0 0 0 0 0 0 0 0 0 0 0 0 0 0 0 0; 123 3 124 198 190 19 169 184 127 172 0 0 0 0 0 0 0 0 0 0 0 0 0 0 0 0 0 0 0 0 0 0 0 0 0; 168 1 37 176 31 175 12 7 138 150 186 0 0 0 0 0 0 0 0 0 0 0 0 0 0 0 0 0 0 0 0 0 0 0 0; 6 177 198 12 1 25 38 2 148 186 153 187 0 0 0 0 0 0 0 0 0 0 0 0 0 0 0 0 0 0 0 0 0 0 0; 2 55 1 114 0 14 12 5 14 189 13 187 37 0 0 0 0 0 0 0 0 0 0 0 0 0 0 0 0 0 0 0 0 0 0; 160 6 147 10 200 184 3 196 153 153 40 15 195 173 0 0 0 0 0 0 0 0 0 0 0 0 0 0 0 0 0 0 0 0 0; 7 194 185 180 162 195 194 184 182 158 29 69 146 62 48 0 0 0 0 0 0 0 0 0 0 0 0 0 0 0 0 0 0 0 0; 176 63 160 17 68 165 19 43 179 40 189 54 199 193 6 3 0 0 0 0 0 0 0 0 0 0 0 0 0 0 0 0 0 0 0; 46 171 40 58 1 190 185 157 12 195 194 190 196 187 57 5 163 0 0 0 0 0 0 0 0 0 0 0 0 0 0 0 0 0 0; 14 193 175 6 198 177 141 22 173 199 2 152 2 19 192 4 155 180 0 0 0 0 0 0 0 0 0 0 0 0 0 0 0 0 0; 184 23 11 180 7 9 184 41 196 44 78 17 152 27 5 178 46 3 184 0 0 0 0 0 0 0 0 0 0 0 0 0 0 0 0; 194 168 2 57 195 196 175 2 180 0 200 158 40 4 146 176 138 2 15 52 0 0 0 0 0 0 0 0 0 0 0 0 0 0 0; 17 199 153 192 12 46 168 200 12 24 2 108 13 165 193 145 5 19 199 9 166 0 0 0 0 0 0 0 0 0 0 0 0 0 0; 186 171 190 4 11 177 193 200 148 181 139 193 22 20 168 200 73 29 184 10 188 2 0 0 0 0 0 0 0 0 0 0 0 0 0; 192 197 189 172 74 2 28 74 30 60 8 163 188 193 16 186 69 47 26 65 194 172 33 0 0 0 0 0 0 0 0 0 0 0 0; 47 61 28 180 0 43 173 1 194 185 28 190 9 184 23 194 172 34 175 13 172 47 154 34 0 0 0 0 0 0 0 0 0 0 0; 149 195 32 82 3 5 35 1 1 0 186 7 44 57 184 186 184 0 11 9 130 177 197 192 181 0 0 0 0 0 0 0 0 0 0; 1 197 19 198 6 172 165 26 159 198 200 39 158 13 14 4 196 171 176 175 197 194 194 32 22 183 0 0 0 0 0 0 0 0 0; 155 139 3 200 1 178 188 146 130 199 149 4 60 25 169 55 162 194 144 168 175 165 12 71 179 4 46 0 0 0 0 0 0 0 0; 23 191 180 5 181 20 37 147 18 82 2 196 166 26 159 198 56 169 141 113 191 186 37 193 153 2 186 184 0 0 0 0 0 0 0; 13 28 142 1 198 152 5 14 1 1 200 161 36 147 17 198 10 183 75 50 43 6 179 167 15 168 54 198 198 0 0 0 0 0 0; 182 191 145 0 5 0 8 164 128 24 3 57 48 33 13 19 11 21 41 64 180 200 2 1 32 145 167 151 198 28 0 0 0 0 0; 72 120 39 12 6 179 186 192 17 9 189 55 2 156 156 199 72 183 138 200 144 25 20 162 3 52 14 195 148 25 146 0 0 0 0; 141 196 151 188 191 1 152 7 1 158 182 7 63 21 14 41 197 183 11 3 118 31 41 68 166 14 20 185 42 172 10 172 0 0 0; 1 30 164 197 33 16 130 70 122 117 188 64 5 184 15 165 55 199 31 12 190 41 150 63 144 15 8 18 38 0 196 177 165 0 0; 36 26 52 174 18 15 146 24 23 198 196 192 196 118 171 127 164 55 20 79 188 90 7 0 67 193 11 2 181 1 136 13 162 199 0; 7 188 166 7 177 190 25 0 29 75 190 15 125 190 25 191 179 8 50 22 22 1 167 1 200 20 73 142 196 14 183 195 1 191 26]
