n=35
density=25
Q1=[185 0 0 0 0 0 0 0 0 0 0 0 0 0 0 0 0 0 0 0 0 0 0 0 0 0 0 0 0 0 0 0 0 0 0 ;
0 131 0 0 0 0 0 0 0 0 0 0 0 0 0 0 0 0 0 0 0 0 0 0 0 0 0 0 0 0 0 0 0 0 0 ;
0 0 0 0 0 0 0 0 0 0 0 0 0 0 0 0 0 0 0 0 0 0 0 0 0 0 0 0 0 0 0 0 0 0 0 ;
180 11 0 0 0 0 0 0 0 0 0 0 0 0 0 0 0 0 0 0 0 0 0 0 0 0 0 0 0 0 0 0 0 0 0 ;
0 0 0 0 0 0 0 0 0 0 0 0 0 0 0 0 0 0 0 0 0 0 0 0 0 0 0 0 0 0 0 0 0 0 0 ;
0 0 0 0 194 0 0 0 0 0 0 0 0 0 0 0 0 0 0 0 0 0 0 0 0 0 0 0 0 0 0 0 0 0 0 ;
0 0 37 0 37 20 0 0 0 0 0 0 0 0 0 0 0 0 0 0 0 0 0 0 0 0 0 0 0 0 0 0 0 0 0 ;
0 0 30 60 0 0 0 147 0 0 0 0 0 0 0 0 0 0 0 0 0 0 0 0 0 0 0 0 0 0 0 0 0 0 0 ;
0 0 0 20 0 195 107 52 0 0 0 0 0 0 0 0 0 0 0 0 0 0 0 0 0 0 0 0 0 0 0 0 0 0 0 ;
120 0 0 76 187 0 0 86 0 17 0 0 0 0 0 0 0 0 0 0 0 0 0 0 0 0 0 0 0 0 0 0 0 0 0 ;
0 38 0 0 0 0 192 0 78 15 0 0 0 0 0 0 0 0 0 0 0 0 0 0 0 0 0 0 0 0 0 0 0 0 0 ;
0 86 0 0 0 0 119 0 104 0 0 0 0 0 0 0 0 0 0 0 0 0 0 0 0 0 0 0 0 0 0 0 0 0 0 ;
0 6 0 42 143 0 0 0 0 179 0 0 0 0 0 0 0 0 0 0 0 0 0 0 0 0 0 0 0 0 0 0 0 0 0 ;
195 0 145 108 0 0 0 0 0 0 34 0 74 194 0 0 0 0 0 0 0 0 0 0 0 0 0 0 0 0 0 0 0 0 0 ;
0 0 0 0 0 0 0 138 0 13 0 73 0 61 0 0 0 0 0 0 0 0 0 0 0 0 0 0 0 0 0 0 0 0 0 ;
71 0 0 133 0 0 0 0 0 0 0 0 0 40 0 0 0 0 0 0 0 0 0 0 0 0 0 0 0 0 0 0 0 0 0 ;
0 0 0 0 0 0 0 0 0 0 0 0 0 0 0 110 26 0 0 0 0 0 0 0 0 0 0 0 0 0 0 0 0 0 0 ;
0 0 0 0 197 0 72 128 0 0 0 0 0 110 0 0 0 0 0 0 0 0 0 0 0 0 0 0 0 0 0 0 0 0 0 ;
0 0 176 59 0 42 3 0 0 48 0 0 0 0 0 49 0 0 0 0 0 0 0 0 0 0 0 0 0 0 0 0 0 0 0 ;
143 0 0 0 0 0 0 0 121 0 0 129 0 0 0 134 0 0 0 83 0 0 0 0 0 0 0 0 0 0 0 0 0 0 0 ;
0 0 0 0 200 0 0 0 0 0 110 0 0 0 0 136 0 0 0 0 0 0 0 0 0 0 0 0 0 0 0 0 0 0 0 ;
0 0 0 0 0 0 0 0 0 0 0 0 12 0 0 106 0 0 0 0 64 0 0 0 0 0 0 0 0 0 0 0 0 0 0 ;
0 24 0 197 0 0 0 157 0 0 133 75 34 0 0 0 0 0 0 160 0 65 0 0 0 0 0 0 0 0 0 0 0 0 0 ;
171 0 0 0 0 4 0 0 0 0 0 0 0 0 0 0 0 0 87 0 20 0 0 172 0 0 0 0 0 0 0 0 0 0 0 ;
0 70 0 185 0 0 0 0 111 0 0 0 75 0 0 0 0 0 0 0 0 0 0 171 0 0 0 0 0 0 0 0 0 0 0 ;
0 0 0 0 9 0 0 0 0 0 0 0 0 0 27 87 0 190 0 0 0 47 0 0 0 0 0 0 0 0 0 0 0 0 0 ;
0 0 0 148 0 0 0 148 0 0 0 24 0 0 0 0 0 0 0 0 141 119 2 0 0 0 170 0 0 0 0 0 0 0 0 ;
0 0 0 0 26 48 0 103 0 0 0 0 152 42 0 0 78 0 0 182 173 0 0 0 0 0 0 62 0 0 0 0 0 0 0 ;
0 0 0 103 78 0 77 162 0 0 0 0 186 0 0 0 0 0 0 0 138 0 0 0 0 0 0 0 0 0 0 0 0 0 0 ;
0 0 0 0 158 0 199 0 56 0 0 130 0 0 0 0 0 119 67 0 0 0 0 196 158 171 0 0 0 0 0 0 0 0 0 ;
0 0 0 0 0 0 173 69 0 0 0 0 171 84 0 0 61 0 0 0 70 0 196 0 0 162 0 0 0 78 0 0 0 0 0 ;
0 0 119 0 0 0 0 87 0 0 0 0 34 0 0 23 0 0 0 0 0 0 37 0 3 0 0 0 0 0 153 0 0 0 0 ;
0 0 0 0 0 0 0 189 0 179 0 180 162 113 0 181 0 0 0 0 0 134 0 0 0 0 0 0 0 0 188 0 0 0 0 ;
0 139 0 0 0 21 27 0 0 0 0 0 0 0 0 0 0 0 118 0 0 0 0 0 174 0 0 0 0 0 0 0 159 0 0 ;
0 0 169 114 173 0 0 0 191 0 0 0 0 0 0 0 149 0 0 0 66 0 0 0 0 0 59 0 0 0 0 0 0 0 0 ]
w=[75, 94, 57, 42, 74, 27, 51, 91, 59, 25, 82, 91, 18, 68, 86, 91, 68, 84, 26, 53, 12, 26, 20, 45, 15, 5, 47, 4, 16, 76, 53, 20, 38, 91, 78]
W=53 
k=3 
inst_name = "QKP_35_200_25" 
feasible = true 
Q2=[11 0 0 0 0 0 0 0 0 0 0 0 0 0 0 0 0 0 0 0 0 0 0 0 0 0 0 0 0 0 0 0 0 0 0; 200 3 0 0 0 0 0 0 0 0 0 0 0 0 0 0 0 0 0 0 0 0 0 0 0 0 0 0 0 0 0 0 0 0 0; 200 200 200 0 0 0 0 0 0 0 0 0 0 0 0 0 0 0 0 0 0 0 0 0 0 0 0 0 0 0 0 0 0 0 0; 1 193 200 200 0 0 0 0 0 0 0 0 0 0 0 0 0 0 0 0 0 0 0 0 0 0 0 0 0 0 0 0 0 0 0; 200 200 200 200 200 0 0 0 0 0 0 0 0 0 0 0 0 0 0 0 0 0 0 0 0 0 0 0 0 0 0 0 0 0 0; 200 200 200 200 2 200 0 0 0 0 0 0 0 0 0 0 0 0 0 0 0 0 0 0 0 0 0 0 0 0 0 0 0 0 0; 200 200 193 200 166 186 200 0 0 0 0 0 0 0 0 0 0 0 0 0 0 0 0 0 0 0 0 0 0 0 0 0 0 0 0; 200 200 190 165 200 200 200 24 0 0 0 0 0 0 0 0 0 0 0 0 0 0 0 0 0 0 0 0 0 0 0 0 0 0 0; 200 200 200 182 200 4 50 200 200 0 0 0 0 0 0 0 0 0 0 0 0 0 0 0 0 0 0 0 0 0 0 0 0 0 0; 1 200 200 138 6 200 200 181 200 189 0 0 0 0 0 0 0 0 0 0 0 0 0 0 0 0 0 0 0 0 0 0 0 0 0; 200 199 200 200 200 200 5 200 128 195 200 0 0 0 0 0 0 0 0 0 0 0 0 0 0 0 0 0 0 0 0 0 0 0 0; 200 165 200 200 200 200 6 200 46 200 200 200 0 0 0 0 0 0 0 0 0 0 0 0 0 0 0 0 0 0 0 0 0 0 0; 200 198 200 198 52 200 200 200 200 11 200 200 200 0 0 0 0 0 0 0 0 0 0 0 0 0 0 0 0 0 0 0 0 0 0; 5 200 28 32 200 200 200 200 200 200 172 200 189 0 0 0 0 0 0 0 0 0 0 0 0 0 0 0 0 0 0 0 0 0 0; 200 200 200 200 200 200 200 39 200 198 200 169 200 169 200 0 0 0 0 0 0 0 0 0 0 0 0 0 0 0 0 0 0 0 0; 142 200 200 25 200 200 200 200 200 200 200 200 200 170 200 200 0 0 0 0 0 0 0 0 0 0 0 0 0 0 0 0 0 0 0; 200 200 200 200 200 200 200 200 200 200 200 200 200 200 200 87 193 0 0 0 0 0 0 0 0 0 0 0 0 0 0 0 0 0 0; 200 200 200 200 0 200 186 4 200 200 200 200 200 44 200 200 200 200 0 0 0 0 0 0 0 0 0 0 0 0 0 0 0 0 0; 200 200 14 192 200 161 199 200 200 152 200 200 200 200 200 159 200 200 200 0 0 0 0 0 0 0 0 0 0 0 0 0 0 0 0; 6 200 200 200 200 200 200 200 73 200 200 30 200 200 200 53 200 200 200 148 0 0 0 0 0 0 0 0 0 0 0 0 0 0 0; 200 200 200 200 0 200 200 200 200 200 85 200 200 200 200 52 200 200 200 200 200 0 0 0 0 0 0 0 0 0 0 0 0 0 0; 200 200 200 200 200 200 200 200 200 200 200 200 199 200 200 57 200 200 200 200 158 200 0 0 0 0 0 0 0 0 0 0 0 0 0; 200 179 200 3 200 200 200 32 200 200 26 194 197 200 200 200 200 200 200 26 200 177 200 0 0 0 0 0 0 0 0 0 0 0 0; 14 200 200 200 200 199 200 200 200 200 200 200 200 200 200 200 200 200 141 200 195 200 200 28 0 0 0 0 0 0 0 0 0 0 0; 200 183 200 10 200 200 200 200 24 200 200 200 146 200 200 200 200 200 200 200 200 200 200 13 200 0 0 0 0 0 0 0 0 0 0; 200 200 200 200 192 200 200 200 200 200 200 200 200 200 181 151 200 8 200 200 200 176 200 200 200 200 0 0 0 0 0 0 0 0 0; 200 200 200 25 200 200 200 24 200 200 200 177 200 200 200 200 200 200 200 200 46 21 198 200 200 200 2 0 0 0 0 0 0 0 0; 200 200 200 200 175 169 200 75 200 200 200 200 25 160 200 200 128 200 200 3 15 200 200 200 200 200 200 147 0 0 0 0 0 0 0; 200 200 200 34 145 200 149 15 200 200 200 200 3 200 200 200 200 200 200 200 46 200 200 200 200 200 200 200 200 0 0 0 0 0 0; 200 200 200 200 15 200 0 200 158 200 200 26 200 200 200 200 200 29 177 200 200 200 200 2 33 29 200 200 200 200 0 0 0 0 0; 200 200 200 200 200 200 22 195 200 200 200 200 20 184 200 200 194 200 200 200 132 200 3 200 200 7 200 200 200 167 200 0 0 0 0; 200 200 44 200 200 200 200 145 200 200 200 200 194 200 200 188 200 200 200 200 200 200 173 200 199 200 200 200 200 200 42 200 0 0 0; 200 200 200 200 200 200 200 8 200 9 200 4 33 50 200 15 200 200 200 200 200 54 200 200 200 200 200 200 200 200 10 200 200 0 0; 200 47 200 200 200 186 195 200 200 200 200 200 200 200 200 200 200 200 43 200 200 200 200 200 19 200 200 200 200 200 200 200 28 200 0; 200 200 30 26 21 200 200 200 9 200 200 200 200 200 200 200 4 200 200 200 187 200 200 200 200 200 200 200 200 200 200 200 200 200 200]
