n=50
density=50
Q1=[27 0 0 0 0 0 0 0 0 0 0 0 0 0 0 0 0 0 0 0 0 0 0 0 0 0 0 0 0 0 0 0 0 0 0 0 0 0 0 0 0 0 0 0 0 0 0 0 0 0 ;
0 0 0 0 0 0 0 0 0 0 0 0 0 0 0 0 0 0 0 0 0 0 0 0 0 0 0 0 0 0 0 0 0 0 0 0 0 0 0 0 0 0 0 0 0 0 0 0 0 0 ;
117 0 0 0 0 0 0 0 0 0 0 0 0 0 0 0 0 0 0 0 0 0 0 0 0 0 0 0 0 0 0 0 0 0 0 0 0 0 0 0 0 0 0 0 0 0 0 0 0 0 ;
0 0 0 0 0 0 0 0 0 0 0 0 0 0 0 0 0 0 0 0 0 0 0 0 0 0 0 0 0 0 0 0 0 0 0 0 0 0 0 0 0 0 0 0 0 0 0 0 0 0 ;
155 123 68 0 147 0 0 0 0 0 0 0 0 0 0 0 0 0 0 0 0 0 0 0 0 0 0 0 0 0 0 0 0 0 0 0 0 0 0 0 0 0 0 0 0 0 0 0 0 0 ;
27 0 0 0 52 99 0 0 0 0 0 0 0 0 0 0 0 0 0 0 0 0 0 0 0 0 0 0 0 0 0 0 0 0 0 0 0 0 0 0 0 0 0 0 0 0 0 0 0 0 ;
0 9 100 0 168 0 0 0 0 0 0 0 0 0 0 0 0 0 0 0 0 0 0 0 0 0 0 0 0 0 0 0 0 0 0 0 0 0 0 0 0 0 0 0 0 0 0 0 0 0 ;
0 0 0 15 0 0 0 172 0 0 0 0 0 0 0 0 0 0 0 0 0 0 0 0 0 0 0 0 0 0 0 0 0 0 0 0 0 0 0 0 0 0 0 0 0 0 0 0 0 0 ;
0 48 86 170 168 0 136 0 0 0 0 0 0 0 0 0 0 0 0 0 0 0 0 0 0 0 0 0 0 0 0 0 0 0 0 0 0 0 0 0 0 0 0 0 0 0 0 0 0 0 ;
0 0 107 49 0 25 0 53 0 0 0 0 0 0 0 0 0 0 0 0 0 0 0 0 0 0 0 0 0 0 0 0 0 0 0 0 0 0 0 0 0 0 0 0 0 0 0 0 0 0 ;
0 0 0 80 108 0 169 138 92 0 0 0 0 0 0 0 0 0 0 0 0 0 0 0 0 0 0 0 0 0 0 0 0 0 0 0 0 0 0 0 0 0 0 0 0 0 0 0 0 0 ;
0 0 0 0 0 171 0 45 0 0 45 0 0 0 0 0 0 0 0 0 0 0 0 0 0 0 0 0 0 0 0 0 0 0 0 0 0 0 0 0 0 0 0 0 0 0 0 0 0 0 ;
0 7 38 0 34 15 0 0 0 0 107 188 108 0 0 0 0 0 0 0 0 0 0 0 0 0 0 0 0 0 0 0 0 0 0 0 0 0 0 0 0 0 0 0 0 0 0 0 0 0 ;
0 141 0 22 0 0 179 0 0 166 197 56 192 0 0 0 0 0 0 0 0 0 0 0 0 0 0 0 0 0 0 0 0 0 0 0 0 0 0 0 0 0 0 0 0 0 0 0 0 0 ;
66 0 84 0 0 0 0 0 0 0 25 0 0 0 71 0 0 0 0 0 0 0 0 0 0 0 0 0 0 0 0 0 0 0 0 0 0 0 0 0 0 0 0 0 0 0 0 0 0 0 ;
110 0 191 64 0 94 0 0 0 71 188 0 118 0 187 88 0 0 0 0 0 0 0 0 0 0 0 0 0 0 0 0 0 0 0 0 0 0 0 0 0 0 0 0 0 0 0 0 0 0 ;
0 0 0 0 0 61 168 65 0 87 38 0 0 3 10 0 164 0 0 0 0 0 0 0 0 0 0 0 0 0 0 0 0 0 0 0 0 0 0 0 0 0 0 0 0 0 0 0 0 0 ;
0 0 192 58 39 67 0 156 81 106 0 0 0 0 0 0 0 55 0 0 0 0 0 0 0 0 0 0 0 0 0 0 0 0 0 0 0 0 0 0 0 0 0 0 0 0 0 0 0 0 ;
0 69 0 0 0 0 0 0 145 0 92 0 0 0 111 181 70 168 0 0 0 0 0 0 0 0 0 0 0 0 0 0 0 0 0 0 0 0 0 0 0 0 0 0 0 0 0 0 0 0 ;
0 0 46 152 77 0 0 125 0 16 0 140 0 187 0 0 0 126 0 192 0 0 0 0 0 0 0 0 0 0 0 0 0 0 0 0 0 0 0 0 0 0 0 0 0 0 0 0 0 0 ;
83 0 0 187 0 32 0 130 0 0 133 0 108 145 0 83 0 0 0 0 92 0 0 0 0 0 0 0 0 0 0 0 0 0 0 0 0 0 0 0 0 0 0 0 0 0 0 0 0 0 ;
173 0 179 0 166 98 0 194 0 35 111 200 0 0 132 118 172 0 0 149 35 0 0 0 0 0 0 0 0 0 0 0 0 0 0 0 0 0 0 0 0 0 0 0 0 0 0 0 0 0 ;
72 0 86 0 184 0 0 120 0 0 0 0 29 0 0 0 115 0 7 0 0 0 0 0 0 0 0 0 0 0 0 0 0 0 0 0 0 0 0 0 0 0 0 0 0 0 0 0 0 0 ;
0 0 0 46 165 0 102 172 0 0 0 0 22 0 0 0 0 0 143 0 40 0 186 86 0 0 0 0 0 0 0 0 0 0 0 0 0 0 0 0 0 0 0 0 0 0 0 0 0 0 ;
0 0 90 1 0 28 0 0 0 59 0 88 0 0 36 0 73 66 0 0 0 10 0 0 0 0 0 0 0 0 0 0 0 0 0 0 0 0 0 0 0 0 0 0 0 0 0 0 0 0 ;
129 41 0 41 0 131 0 130 0 0 198 61 0 0 0 0 0 87 143 114 147 0 94 0 0 40 0 0 0 0 0 0 0 0 0 0 0 0 0 0 0 0 0 0 0 0 0 0 0 0 ;
30 0 123 118 0 0 24 0 0 0 0 0 0 17 157 86 56 175 0 159 0 103 116 0 98 61 0 0 0 0 0 0 0 0 0 0 0 0 0 0 0 0 0 0 0 0 0 0 0 0 ;
179 42 155 127 109 0 119 0 15 52 41 0 0 69 0 0 200 0 148 48 0 0 0 80 78 22 0 107 0 0 0 0 0 0 0 0 0 0 0 0 0 0 0 0 0 0 0 0 0 0 ;
0 0 26 0 0 117 25 44 48 29 3 28 0 0 95 173 137 94 41 116 22 0 114 124 190 96 0 0 60 0 0 0 0 0 0 0 0 0 0 0 0 0 0 0 0 0 0 0 0 0 ;
11 160 174 49 0 75 3 26 0 0 0 28 0 0 103 121 6 84 0 0 0 75 66 0 95 147 163 27 0 180 0 0 0 0 0 0 0 0 0 0 0 0 0 0 0 0 0 0 0 0 ;
0 0 9 200 0 23 0 0 0 0 0 26 111 0 42 0 0 158 0 0 0 38 0 0 187 188 113 148 0 9 0 0 0 0 0 0 0 0 0 0 0 0 0 0 0 0 0 0 0 0 ;
0 0 116 0 0 0 0 54 0 14 117 0 0 0 0 0 165 0 0 0 125 0 10 10 155 0 73 0 68 119 0 20 0 0 0 0 0 0 0 0 0 0 0 0 0 0 0 0 0 0 ;
25 0 0 0 44 45 169 133 173 66 115 0 0 0 0 169 65 0 49 126 191 186 0 28 0 36 106 0 0 87 143 44 151 0 0 0 0 0 0 0 0 0 0 0 0 0 0 0 0 0 ;
0 114 0 0 0 0 102 167 21 0 0 117 149 0 0 200 0 0 169 0 0 193 0 0 0 0 70 0 159 128 0 0 0 0 0 0 0 0 0 0 0 0 0 0 0 0 0 0 0 0 ;
23 133 0 9 0 0 0 188 1 0 28 169 7 0 0 0 198 141 76 69 157 0 149 54 0 0 94 0 197 165 109 108 0 0 0 0 0 0 0 0 0 0 0 0 0 0 0 0 0 0 ;
14 18 64 0 121 0 0 0 136 0 0 0 0 47 0 0 0 85 0 38 0 0 115 0 0 0 0 0 0 0 0 3 0 0 0 176 0 0 0 0 0 0 0 0 0 0 0 0 0 0 ;
0 0 0 89 0 0 30 0 93 0 0 0 51 121 0 150 180 0 172 95 0 59 136 0 0 56 0 0 0 44 0 143 0 0 189 0 71 0 0 0 0 0 0 0 0 0 0 0 0 0 ;
0 0 126 110 0 0 0 0 0 192 50 61 0 0 48 21 74 71 0 97 39 115 18 0 0 190 64 0 0 44 113 0 136 0 0 0 0 0 0 0 0 0 0 0 0 0 0 0 0 0 ;
95 77 0 0 0 0 0 48 74 0 131 0 45 45 0 18 3 33 151 91 58 136 0 0 0 0 180 0 0 0 0 0 0 159 0 0 0 191 0 0 0 0 0 0 0 0 0 0 0 0 ;
0 0 13 136 7 36 97 162 0 0 0 0 0 21 45 57 0 0 53 0 0 0 0 0 12 15 82 0 96 152 112 178 0 200 53 130 0 85 0 113 0 0 0 0 0 0 0 0 0 0 ;
0 0 4 76 199 49 19 0 0 0 0 174 64 116 173 50 78 0 51 0 115 0 2 152 0 0 0 158 147 186 99 103 0 133 0 129 0 0 122 73 68 0 0 0 0 0 0 0 0 0 ;
0 0 0 0 12 187 147 70 0 77 86 0 0 3 26 89 42 157 0 0 130 0 64 172 9 0 80 134 103 147 57 0 168 0 100 18 192 0 0 196 0 0 0 0 0 0 0 0 0 0 ;
0 94 56 15 118 0 0 32 0 117 0 0 105 0 0 31 145 29 192 185 0 0 41 0 0 0 0 59 0 0 133 0 26 0 109 177 0 0 188 0 0 0 112 0 0 0 0 0 0 0 ;
12 43 0 0 0 0 133 0 181 15 0 19 0 0 0 0 0 38 51 0 23 194 0 0 0 33 82 0 0 0 0 0 0 28 150 0 0 0 197 1 173 109 190 140 0 0 0 0 0 0 ;
141 116 58 188 0 156 0 9 141 0 0 0 0 39 0 0 0 0 0 177 83 0 0 0 0 0 0 0 0 0 0 101 154 13 179 59 0 0 0 0 88 0 10 0 0 0 0 0 0 0 ;
34 0 0 66 0 5 0 0 178 0 193 0 0 0 0 0 0 32 0 0 199 0 58 47 0 94 3 0 0 0 0 0 150 74 0 0 0 0 0 4 58 0 0 200 161 182 0 0 0 0 ;
87 0 0 0 140 0 0 140 129 0 0 141 0 0 0 0 0 0 21 14 191 0 125 0 150 0 0 102 0 0 179 0 151 66 63 167 0 0 197 0 0 118 0 24 44 0 0 0 0 0 ;
0 180 0 137 46 0 0 0 155 0 79 145 0 174 0 84 0 8 107 169 9 185 0 0 199 0 50 84 0 0 160 0 68 135 0 0 56 0 13 0 192 51 33 0 0 156 84 0 0 0 ;
102 165 0 0 159 49 0 10 110 146 64 32 166 14 57 146 129 0 194 0 17 0 171 0 0 0 121 0 187 0 44 126 112 11 0 0 64 57 8 111 0 56 76 0 65 0 92 107 23 0 ;
3 0 0 199 113 91 164 73 0 77 0 0 0 180 85 67 0 85 9 0 0 156 0 21 67 70 103 0 67 0 0 0 0 0 0 58 0 0 57 37 0 125 0 0 0 82 0 0 0 119 ]
w=[87, 37, 52, 68, 44, 35, 85, 23, 99, 8, 44, 11, 26, 3, 62, 8, 30, 40, 17, 22, 93, 27, 55, 60, 34, 53, 75, 12, 39, 86, 35, 92, 33, 36, 93, 98, 63, 94, 56, 96, 35, 38, 51, 49, 17, 54, 2, 10, 79, 25]
W=121 
k=10 
inst_name = "QKP_50_200_50" 
feasible = true 
Q2=[189 0 0 0 0 0 0 0 0 0 0 0 0 0 0 0 0 0 0 0 0 0 0 0 0 0 0 0 0 0 0 0 0 0 0 0 0 0 0 0 0 0 0 0 0 0 0 0 0 0; 200 200 0 0 0 0 0 0 0 0 0 0 0 0 0 0 0 0 0 0 0 0 0 0 0 0 0 0 0 0 0 0 0 0 0 0 0 0 0 0 0 0 0 0 0 0 0 0 0 0; 7 200 200 0 0 0 0 0 0 0 0 0 0 0 0 0 0 0 0 0 0 0 0 0 0 0 0 0 0 0 0 0 0 0 0 0 0 0 0 0 0 0 0 0 0 0 0 0 0 0; 200 200 200 200 0 0 0 0 0 0 0 0 0 0 0 0 0 0 0 0 0 0 0 0 0 0 0 0 0 0 0 0 0 0 0 0 0 0 0 0 0 0 0 0 0 0 0 0 0 0; 6 1 158 200 29 0 0 0 0 0 0 0 0 0 0 0 0 0 0 0 0 0 0 0 0 0 0 0 0 0 0 0 0 0 0 0 0 0 0 0 0 0 0 0 0 0 0 0 0 0; 184 200 200 200 165 163 0 0 0 0 0 0 0 0 0 0 0 0 0 0 0 0 0 0 0 0 0 0 0 0 0 0 0 0 0 0 0 0 0 0 0 0 0 0 0 0 0 0 0 0; 200 195 13 200 29 200 200 0 0 0 0 0 0 0 0 0 0 0 0 0 0 0 0 0 0 0 0 0 0 0 0 0 0 0 0 0 0 0 0 0 0 0 0 0 0 0 0 0 0 0; 200 200 200 195 200 200 200 21 0 0 0 0 0 0 0 0 0 0 0 0 0 0 0 0 0 0 0 0 0 0 0 0 0 0 0 0 0 0 0 0 0 0 0 0 0 0 0 0 0 0; 200 181 154 0 13 200 63 200 200 0 0 0 0 0 0 0 0 0 0 0 0 0 0 0 0 0 0 0 0 0 0 0 0 0 0 0 0 0 0 0 0 0 0 0 0 0 0 0 0 0; 200 200 60 188 200 183 200 153 200 200 0 0 0 0 0 0 0 0 0 0 0 0 0 0 0 0 0 0 0 0 0 0 0 0 0 0 0 0 0 0 0 0 0 0 0 0 0 0 0 0; 200 200 200 194 23 200 5 35 109 200 200 0 0 0 0 0 0 0 0 0 0 0 0 0 0 0 0 0 0 0 0 0 0 0 0 0 0 0 0 0 0 0 0 0 0 0 0 0 0 0; 200 200 200 200 200 11 200 186 200 200 168 200 0 0 0 0 0 0 0 0 0 0 0 0 0 0 0 0 0 0 0 0 0 0 0 0 0 0 0 0 0 0 0 0 0 0 0 0 0 0; 200 196 180 200 173 191 200 200 200 200 77 3 41 0 0 0 0 0 0 0 0 0 0 0 0 0 0 0 0 0 0 0 0 0 0 0 0 0 0 0 0 0 0 0 0 0 0 0 0 0; 200 37 200 195 200 200 16 200 200 11 2 170 3 200 0 0 0 0 0 0 0 0 0 0 0 0 0 0 0 0 0 0 0 0 0 0 0 0 0 0 0 0 0 0 0 0 0 0 0 0; 171 200 173 200 200 200 200 200 200 200 197 200 200 200 180 0 0 0 0 0 0 0 0 0 0 0 0 0 0 0 0 0 0 0 0 0 0 0 0 0 0 0 0 0 0 0 0 0 0 0; 64 200 5 175 200 181 200 200 200 156 7 200 41 200 2 133 0 0 0 0 0 0 0 0 0 0 0 0 0 0 0 0 0 0 0 0 0 0 0 0 0 0 0 0 0 0 0 0 0 0; 200 200 200 200 200 151 22 155 200 174 182 200 200 197 198 200 0 0 0 0 0 0 0 0 0 0 0 0 0 0 0 0 0 0 0 0 0 0 0 0 0 0 0 0 0 0 0 0 0 0; 200 200 4 155 195 182 200 37 199 55 200 200 200 200 200 200 200 174 0 0 0 0 0 0 0 0 0 0 0 0 0 0 0 0 0 0 0 0 0 0 0 0 0 0 0 0 0 0 0 0; 200 134 200 200 200 200 200 200 45 200 113 200 200 200 69 2 156 25 200 0 0 0 0 0 0 0 0 0 0 0 0 0 0 0 0 0 0 0 0 0 0 0 0 0 0 0 0 0 0 0; 200 200 184 46 181 200 200 45 200 187 200 44 200 1 200 200 200 72 200 1 0 0 0 0 0 0 0 0 0 0 0 0 0 0 0 0 0 0 0 0 0 0 0 0 0 0 0 0 0 0; 146 200 200 13 200 168 200 52 200 200 55 200 75 20 200 121 200 200 200 200 188 0 0 0 0 0 0 0 0 0 0 0 0 0 0 0 0 0 0 0 0 0 0 0 0 0 0 0 0 0; 22 200 17 200 10 182 200 6 200 166 29 0 200 200 28 75 13 200 200 50 191 200 0 0 0 0 0 0 0 0 0 0 0 0 0 0 0 0 0 0 0 0 0 0 0 0 0 0 0 0; 159 200 128 200 7 200 200 75 200 200 200 200 191 200 200 200 81 200 197 200 200 200 200 0 0 0 0 0 0 0 0 0 0 0 0 0 0 0 0 0 0 0 0 0 0 0 0 0 0 0; 200 200 200 184 3 200 19 8 200 200 200 200 181 200 200 200 200 200 45 200 180 200 12 121 0 0 0 0 0 0 0 0 0 0 0 0 0 0 0 0 0 0 0 0 0 0 0 0 0 0; 200 200 134 199 200 186 200 200 200 195 200 146 200 200 172 200 164 140 200 200 200 195 200 200 200 0 0 0 0 0 0 0 0 0 0 0 0 0 0 0 0 0 0 0 0 0 0 0 0 0; 70 167 200 195 200 23 200 67 200 200 0 171 200 200 200 200 200 152 12 43 48 200 153 200 200 176 0 0 0 0 0 0 0 0 0 0 0 0 0 0 0 0 0 0 0 0 0 0 0 0; 189 200 60 31 200 200 200 200 200 200 200 200 200 190 9 119 175 17 200 34 200 10 6 200 171 198 200 0 0 0 0 0 0 0 0 0 0 0 0 0 0 0 0 0 0 0 0 0 0 0; 8 195 4 35 59 200 17 200 191 198 177 200 200 150 200 200 0 200 50 180 200 200 200 140 125 185 200 52 0 0 0 0 0 0 0 0 0 0 0 0 0 0 0 0 0 0 0 0 0 0; 200 200 180 200 200 61 191 156 195 191 199 177 200 200 167 24 13 142 174 26 197 200 57 69 10 111 200 200 192 0 0 0 0 0 0 0 0 0 0 0 0 0 0 0 0 0 0 0 0 0; 197 35 24 155 200 171 198 189 200 200 200 184 200 200 85 36 199 175 200 200 200 193 171 200 135 14 12 189 200 1 0 0 0 0 0 0 0 0 0 0 0 0 0 0 0 0 0 0 0 0; 200 200 194 0 200 199 200 200 200 200 200 200 38 200 166 200 200 12 200 200 200 171 200 200 3 9 2 42 200 195 200 0 0 0 0 0 0 0 0 0 0 0 0 0 0 0 0 0 0 0; 200 200 34 200 200 200 200 158 200 198 39 200 200 200 200 200 22 200 200 200 57 200 192 196 31 200 193 200 160 40 200 181 0 0 0 0 0 0 0 0 0 0 0 0 0 0 0 0 0 0; 192 200 200 200 198 181 5 28 16 198 27 200 200 200 200 6 173 200 191 72 8 6 200 198 200 186 49 200 200 193 38 165 48 0 0 0 0 0 0 0 0 0 0 0 0 0 0 0 0 0; 200 75 200 200 200 200 9 12 186 200 200 5 10 200 200 0 200 200 2 200 200 2 200 200 200 200 168 200 20 30 200 200 200 200 0 0 0 0 0 0 0 0 0 0 0 0 0 0 0 0; 198 49 200 194 200 200 200 10 200 200 176 20 196 200 200 200 1 25 144 181 14 200 42 164 200 200 149 200 0 33 90 53 200 200 200 0 0 0 0 0 0 0 0 0 0 0 0 0 0 0; 199 189 157 200 73 200 200 200 40 200 200 200 200 179 200 200 200 128 200 191 200 200 3 200 200 200 200 200 200 200 200 200 200 200 200 5 0 0 0 0 0 0 0 0 0 0 0 0 0 0; 200 200 200 128 200 200 185 200 172 200 200 200 198 50 200 26 18 200 24 112 200 175 7 200 200 171 200 200 200 190 200 47 200 200 4 200 137 0 0 0 0 0 0 0 0 0 0 0 0 0; 200 200 72 53 200 200 200 200 200 1 181 194 200 200 195 200 188 196 200 170 194 41 192 200 200 9 175 200 200 159 24 200 26 200 200 200 200 200 0 0 0 0 0 0 0 0 0 0 0 0; 180 124 200 200 200 200 200 185 153 200 1 200 196 198 200 185 200 181 26 166 167 30 200 200 200 200 8 200 200 200 200 200 200 28 200 200 200 1 200 0 0 0 0 0 0 0 0 0 0 0; 200 200 192 45 198 194 103 17 200 200 200 200 200 194 195 145 200 200 147 200 200 200 200 200 198 197 126 200 140 20 24 7 200 0 168 12 200 147 200 68 0 0 0 0 0 0 0 0 0 0; 200 200 200 182 0 177 199 200 200 200 200 2 191 41 27 170 175 200 159 200 4 200 199 38 200 200 200 41 19 4 155 7 200 56 200 46 200 200 48 161 199 0 0 0 0 0 0 0 0 0; 200 200 200 200 195 9 3 134 200 198 159 200 200 200 179 125 178 18 200 200 43 200 142 17 191 200 171 21 47 17 166 200 26 200 52 200 4 200 200 3 200 200 0 0 0 0 0 0 0 0; 200 165 173 198 52 200 200 184 200 41 200 200 31 200 200 187 53 189 8 7 200 200 197 200 200 200 200 172 200 200 19 200 194 200 59 12 200 200 8 200 200 200 77 0 0 0 0 0 0 0; 194 161 200 200 200 200 58 200 8 194 200 192 200 200 200 200 200 175 199 200 184 1 200 200 200 192 179 200 200 200 200 200 200 196 18 200 200 200 3 199 22 65 4 53 0 0 0 0 0 0; 15 51 170 7 200 3 200 196 26 200 200 200 200 198 200 200 200 200 200 3 179 200 200 200 200 200 200 200 200 200 200 80 23 191 21 179 200 200 200 200 114 200 193 200 200 0 0 0 0 0; 166 200 200 151 200 199 200 200 8 200 7 200 200 200 200 200 200 195 200 200 0 200 170 153 200 168 197 200 200 200 200 200 22 149 200 200 200 200 200 198 172 200 200 0 1 11 0 0 0 0; 176 200 200 200 28 200 200 35 6 200 200 24 200 200 200 200 200 200 185 186 1 200 41 200 3 200 200 55 200 200 16 200 47 187 175 28 200 200 0 200 200 23 200 194 184 200 200 0 0 0; 200 5 200 16 156 200 200 200 31 200 194 23 200 25 200 188 200 194 52 1 197 1 200 200 1 200 200 192 200 200 22 200 191 10 200 200 146 200 188 200 6 192 185 200 200 32 185 200 0 0; 38 11 200 200 40 156 200 192 54 54 187 188 10 200 170 16 39 200 6 200 187 200 12 200 200 200 31 200 10 200 158 50 74 198 200 200 156 195 194 21 200 200 162 200 200 200 144 37 184 0; 198 200 200 1 56 189 5 193 200 165 200 200 200 2 163 157 200 135 192 200 200 25 200 180 156 195 91 200 133 200 200 200 200 200 200 161 200 200 193 183 200 73 200 200 200 148 200 200 200 9]
