n=45
density=75
Q1=[0 0 0 0 0 0 0 0 0 0 0 0 0 0 0 0 0 0 0 0 0 0 0 0 0 0 0 0 0 0 0 0 0 0 0 0 0 0 0 0 0 0 0 0 0 ;
73 82 0 0 0 0 0 0 0 0 0 0 0 0 0 0 0 0 0 0 0 0 0 0 0 0 0 0 0 0 0 0 0 0 0 0 0 0 0 0 0 0 0 0 0 ;
0 188 59 0 0 0 0 0 0 0 0 0 0 0 0 0 0 0 0 0 0 0 0 0 0 0 0 0 0 0 0 0 0 0 0 0 0 0 0 0 0 0 0 0 0 ;
0 46 177 165 0 0 0 0 0 0 0 0 0 0 0 0 0 0 0 0 0 0 0 0 0 0 0 0 0 0 0 0 0 0 0 0 0 0 0 0 0 0 0 0 0 ;
181 38 0 156 0 0 0 0 0 0 0 0 0 0 0 0 0 0 0 0 0 0 0 0 0 0 0 0 0 0 0 0 0 0 0 0 0 0 0 0 0 0 0 0 0 ;
118 144 132 101 0 15 0 0 0 0 0 0 0 0 0 0 0 0 0 0 0 0 0 0 0 0 0 0 0 0 0 0 0 0 0 0 0 0 0 0 0 0 0 0 0 ;
121 110 90 0 0 153 26 0 0 0 0 0 0 0 0 0 0 0 0 0 0 0 0 0 0 0 0 0 0 0 0 0 0 0 0 0 0 0 0 0 0 0 0 0 0 ;
32 33 172 86 0 46 169 0 0 0 0 0 0 0 0 0 0 0 0 0 0 0 0 0 0 0 0 0 0 0 0 0 0 0 0 0 0 0 0 0 0 0 0 0 0 ;
199 195 0 70 0 62 110 200 0 0 0 0 0 0 0 0 0 0 0 0 0 0 0 0 0 0 0 0 0 0 0 0 0 0 0 0 0 0 0 0 0 0 0 0 0 ;
0 0 85 173 119 7 119 0 49 122 0 0 0 0 0 0 0 0 0 0 0 0 0 0 0 0 0 0 0 0 0 0 0 0 0 0 0 0 0 0 0 0 0 0 0 ;
85 7 118 68 117 102 90 117 26 56 0 0 0 0 0 0 0 0 0 0 0 0 0 0 0 0 0 0 0 0 0 0 0 0 0 0 0 0 0 0 0 0 0 0 0 ;
152 61 0 23 153 78 140 128 0 0 192 161 0 0 0 0 0 0 0 0 0 0 0 0 0 0 0 0 0 0 0 0 0 0 0 0 0 0 0 0 0 0 0 0 0 ;
113 100 0 37 0 138 162 0 32 69 116 144 92 0 0 0 0 0 0 0 0 0 0 0 0 0 0 0 0 0 0 0 0 0 0 0 0 0 0 0 0 0 0 0 0 ;
132 0 156 197 95 183 39 74 34 199 163 0 74 43 0 0 0 0 0 0 0 0 0 0 0 0 0 0 0 0 0 0 0 0 0 0 0 0 0 0 0 0 0 0 0 ;
167 178 196 58 163 196 81 117 0 0 0 0 101 0 168 0 0 0 0 0 0 0 0 0 0 0 0 0 0 0 0 0 0 0 0 0 0 0 0 0 0 0 0 0 0 ;
0 106 0 0 75 117 39 120 0 122 0 161 40 113 90 143 0 0 0 0 0 0 0 0 0 0 0 0 0 0 0 0 0 0 0 0 0 0 0 0 0 0 0 0 0 ;
94 77 69 4 27 9 146 11 0 0 11 21 184 0 16 76 71 0 0 0 0 0 0 0 0 0 0 0 0 0 0 0 0 0 0 0 0 0 0 0 0 0 0 0 0 ;
0 154 170 49 0 109 0 3 0 167 67 164 38 0 0 0 66 52 0 0 0 0 0 0 0 0 0 0 0 0 0 0 0 0 0 0 0 0 0 0 0 0 0 0 0 ;
132 135 19 0 72 72 91 0 196 173 106 184 131 0 37 0 59 16 57 0 0 0 0 0 0 0 0 0 0 0 0 0 0 0 0 0 0 0 0 0 0 0 0 0 0 ;
118 41 148 56 0 157 0 0 30 146 0 131 192 199 0 82 0 0 0 171 0 0 0 0 0 0 0 0 0 0 0 0 0 0 0 0 0 0 0 0 0 0 0 0 0 ;
70 0 106 86 56 71 142 21 0 81 0 0 57 0 0 153 119 90 4 0 200 0 0 0 0 0 0 0 0 0 0 0 0 0 0 0 0 0 0 0 0 0 0 0 0 ;
142 102 41 187 0 114 0 0 0 0 143 0 0 121 140 45 0 62 38 118 77 63 0 0 0 0 0 0 0 0 0 0 0 0 0 0 0 0 0 0 0 0 0 0 0 ;
47 0 55 24 31 184 67 0 83 9 75 192 121 47 0 139 93 188 0 180 0 76 0 0 0 0 0 0 0 0 0 0 0 0 0 0 0 0 0 0 0 0 0 0 0 ;
50 5 0 48 2 137 7 163 150 62 193 119 83 0 1 165 129 88 0 0 0 45 197 3 0 0 0 0 0 0 0 0 0 0 0 0 0 0 0 0 0 0 0 0 0 ;
0 175 182 119 0 52 0 196 0 59 0 113 2 53 109 45 21 0 0 174 47 0 125 68 174 0 0 0 0 0 0 0 0 0 0 0 0 0 0 0 0 0 0 0 0 ;
0 124 0 4 113 181 0 68 42 158 173 32 0 144 78 0 161 51 158 49 0 42 20 76 36 62 0 0 0 0 0 0 0 0 0 0 0 0 0 0 0 0 0 0 0 ;
15 99 152 0 101 12 175 0 72 111 189 0 152 21 115 74 173 70 0 138 36 85 0 0 1 0 192 0 0 0 0 0 0 0 0 0 0 0 0 0 0 0 0 0 0 ;
0 85 122 0 134 50 9 66 28 11 37 166 0 127 12 0 46 0 115 0 1 0 0 128 180 199 7 200 0 0 0 0 0 0 0 0 0 0 0 0 0 0 0 0 0 ;
0 169 0 125 147 29 0 90 72 2 24 118 179 165 196 126 107 73 49 94 49 0 196 116 0 92 52 30 113 0 0 0 0 0 0 0 0 0 0 0 0 0 0 0 0 ;
104 17 196 72 0 26 130 28 0 94 132 95 134 27 0 0 198 26 71 132 38 22 18 40 103 0 128 0 0 142 0 0 0 0 0 0 0 0 0 0 0 0 0 0 0 ;
140 169 87 165 200 93 103 164 44 169 161 192 197 123 60 0 0 148 113 154 122 123 158 167 9 39 123 95 0 0 95 0 0 0 0 0 0 0 0 0 0 0 0 0 0 ;
0 115 142 0 0 127 68 129 157 0 0 46 0 149 180 0 182 120 26 0 154 0 30 0 200 0 122 0 90 145 112 190 0 0 0 0 0 0 0 0 0 0 0 0 0 ;
155 59 138 46 187 0 161 137 25 0 0 187 0 63 192 178 0 15 0 147 105 96 185 117 136 188 157 0 0 91 0 42 155 0 0 0 0 0 0 0 0 0 0 0 0 ;
135 37 167 184 50 34 0 146 98 0 131 0 0 95 88 155 197 128 154 0 35 170 118 127 116 141 60 109 0 0 83 0 14 84 0 0 0 0 0 0 0 0 0 0 0 ;
127 76 143 70 78 24 0 149 10 189 172 12 0 0 124 35 5 0 92 25 0 0 181 103 0 86 0 0 94 30 0 49 0 0 194 0 0 0 0 0 0 0 0 0 0 ;
0 52 149 61 0 179 195 129 0 197 94 0 33 76 171 4 183 0 0 133 42 0 199 0 33 107 0 194 64 0 84 90 67 118 21 97 0 0 0 0 0 0 0 0 0 ;
0 187 88 142 78 0 0 191 150 0 0 0 104 145 90 45 194 17 174 103 131 16 70 182 29 129 0 0 52 95 0 87 0 196 23 0 116 0 0 0 0 0 0 0 0 ;
75 146 0 0 18 0 0 0 83 0 0 116 0 0 0 34 63 101 0 149 0 86 102 7 154 0 24 0 0 178 0 0 70 150 116 0 0 0 0 0 0 0 0 0 0 ;
130 183 5 0 37 78 169 40 134 36 170 197 17 30 28 0 20 165 126 69 55 79 116 0 18 26 0 10 41 0 195 85 184 57 51 40 98 0 159 0 0 0 0 0 0 ;
66 5 169 23 5 37 0 39 195 165 163 163 121 0 0 34 47 126 0 131 80 89 192 186 0 59 0 5 185 148 0 98 176 78 176 122 0 51 44 0 0 0 0 0 0 ;
0 54 0 0 100 197 0 0 184 96 136 48 179 153 27 52 0 17 0 0 168 197 94 81 158 107 75 65 155 148 49 171 189 187 130 53 53 92 101 121 162 0 0 0 0 ;
0 182 170 0 0 39 128 0 57 0 19 36 35 108 78 49 187 63 127 196 0 143 67 0 118 124 0 53 0 171 98 163 32 167 67 120 0 190 0 0 0 142 0 0 0 ;
126 195 0 18 133 35 0 191 43 0 155 0 94 0 197 0 133 66 0 37 0 24 191 185 79 0 0 0 0 0 50 192 69 38 32 94 0 161 0 117 112 0 16 0 0 ;
0 0 0 128 125 171 126 86 104 102 0 0 140 144 157 77 2 34 0 181 0 187 0 0 7 76 51 16 171 16 0 0 165 69 0 151 172 113 111 0 196 15 60 0 0 ;
184 25 177 73 104 0 105 108 159 22 147 131 0 0 20 99 174 6 119 36 130 175 0 0 170 122 11 0 84 134 68 199 3 100 124 0 0 185 120 144 171 86 105 3 195 ]
w=[76, 49, 23, 78, 61, 24, 70, 34, 20, 41, 68, 92, 55, 30, 83, 90, 25, 37, 1, 61, 19, 100, 62, 66, 45, 44, 42, 73, 18, 47, 95, 70, 32, 79, 45, 36, 40, 1, 64, 48, 33, 34, 61, 90, 5]
W=118 
k=4 
inst_name = "QKP_45_200_75" 
feasible = true 
Q2=[200 0 0 0 0 0 0 0 0 0 0 0 0 0 0 0 0 0 0 0 0 0 0 0 0 0 0 0 0 0 0 0 0 0 0 0 0 0 0 0 0 0 0 0 0; 168 156 0 0 0 0 0 0 0 0 0 0 0 0 0 0 0 0 0 0 0 0 0 0 0 0 0 0 0 0 0 0 0 0 0 0 0 0 0 0 0 0 0 0 0; 200 2 165 0 0 0 0 0 0 0 0 0 0 0 0 0 0 0 0 0 0 0 0 0 0 0 0 0 0 0 0 0 0 0 0 0 0 0 0 0 0 0 0 0 0; 200 162 15 15 0 0 0 0 0 0 0 0 0 0 0 0 0 0 0 0 0 0 0 0 0 0 0 0 0 0 0 0 0 0 0 0 0 0 0 0 0 0 0 0 0; 4 164 200 14 200 0 0 0 0 0 0 0 0 0 0 0 0 0 0 0 0 0 0 0 0 0 0 0 0 0 0 0 0 0 0 0 0 0 0 0 0 0 0 0 0; 68 42 14 41 200 185 0 0 0 0 0 0 0 0 0 0 0 0 0 0 0 0 0 0 0 0 0 0 0 0 0 0 0 0 0 0 0 0 0 0 0 0 0 0 0; 42 28 198 200 200 30 177 0 0 0 0 0 0 0 0 0 0 0 0 0 0 0 0 0 0 0 0 0 0 0 0 0 0 0 0 0 0 0 0 0 0 0 0 0 0; 178 200 16 191 200 180 30 200 0 0 0 0 0 0 0 0 0 0 0 0 0 0 0 0 0 0 0 0 0 0 0 0 0 0 0 0 0 0 0 0 0 0 0 0 0; 0 2 200 182 200 176 4 0 200 0 0 0 0 0 0 0 0 0 0 0 0 0 0 0 0 0 0 0 0 0 0 0 0 0 0 0 0 0 0 0 0 0 0 0 0; 200 200 143 6 30 196 41 200 169 20 0 0 0 0 0 0 0 0 0 0 0 0 0 0 0 0 0 0 0 0 0 0 0 0 0 0 0 0 0 0 0 0 0 0 0; 196 196 77 166 26 57 174 36 175 179 200 0 0 0 0 0 0 0 0 0 0 0 0 0 0 0 0 0 0 0 0 0 0 0 0 0 0 0 0 0 0 0 0 0 0; 0 155 200 178 8 148 33 29 200 200 2 0 0 0 0 0 0 0 0 0 0 0 0 0 0 0 0 0 0 0 0 0 0 0 0 0 0 0 0 0 0 0 0 0 0; 15 1 200 180 200 32 16 200 189 181 72 54 198 0 0 0 0 0 0 0 0 0 0 0 0 0 0 0 0 0 0 0 0 0 0 0 0 0 0 0 0 0 0 0 0; 57 200 23 1 109 17 169 145 186 0 8 200 177 190 0 0 0 0 0 0 0 0 0 0 0 0 0 0 0 0 0 0 0 0 0 0 0 0 0 0 0 0 0 0 0; 16 21 2 151 11 1 167 61 200 200 200 200 85 200 9 0 0 0 0 0 0 0 0 0 0 0 0 0 0 0 0 0 0 0 0 0 0 0 0 0 0 0 0 0 0; 200 32 200 200 147 43 169 59 200 76 200 9 178 74 134 26 0 0 0 0 0 0 0 0 0 0 0 0 0 0 0 0 0 0 0 0 0 0 0 0 0 0 0 0 0; 163 177 131 197 177 192 3 196 200 200 200 200 14 200 198 184 155 0 0 0 0 0 0 0 0 0 0 0 0 0 0 0 0 0 0 0 0 0 0 0 0 0 0 0 0; 200 45 20 162 200 70 200 197 200 30 161 33 173 200 200 200 176 153 0 0 0 0 0 0 0 0 0 0 0 0 0 0 0 0 0 0 0 0 0 0 0 0 0 0 0; 52 43 185 200 137 200 115 200 3 9 41 3 20 200 172 200 164 184 199 0 0 0 0 0 0 0 0 0 0 0 0 0 0 0 0 0 0 0 0 0 0 0 0 0 0; 18 189 20 196 200 25 200 200 194 32 200 10 3 1 200 173 200 200 200 10 0 0 0 0 0 0 0 0 0 0 0 0 0 0 0 0 0 0 0 0 0 0 0 0 0; 131 200 80 124 194 188 14 191 200 182 200 200 193 200 200 30 66 117 198 200 0 0 0 0 0 0 0 0 0 0 0 0 0 0 0 0 0 0 0 0 0 0 0 0 0; 5 61 187 3 200 35 200 200 200 200 23 200 200 5 49 172 200 139 177 33 157 152 0 0 0 0 0 0 0 0 0 0 0 0 0 0 0 0 0 0 0 0 0 0 0; 200 200 152 187 169 10 146 200 122 197 196 1 48 184 200 25 174 8 200 6 200 163 200 0 0 0 0 0 0 0 0 0 0 0 0 0 0 0 0 0 0 0 0 0 0; 190 195 200 190 199 13 199 29 7 198 5 35 129 200 200 0 64 156 200 200 200 174 1 199 0 0 0 0 0 0 0 0 0 0 0 0 0 0 0 0 0 0 0 0 0; 200 14 13 8 200 148 200 0 200 165 200 86 198 193 38 184 183 200 200 0 153 200 16 174 5 0 0 0 0 0 0 0 0 0 0 0 0 0 0 0 0 0 0 0 0; 200 58 200 200 79 14 200 200 182 40 9 190 200 4 156 200 29 155 4 196 200 163 200 174 198 157 0 0 0 0 0 0 0 0 0 0 0 0 0 0 0 0 0 0 0; 186 187 6 200 35 190 18 200 141 72 0 200 6 196 58 150 6 145 200 11 171 138 200 200 200 200 2 0 0 0 0 0 0 0 0 0 0 0 0 0 0 0 0 0 0; 200 150 6 200 25 150 200 147 176 198 181 8 200 6 189 200 181 200 76 200 200 200 200 13 15 0 198 0 0 0 0 0 0 0 0 0 0 0 0 0 0 0 0 0 0; 200 5 200 59 35 186 200 130 175 200 187 15 16 2 0 22 44 197 163 177 154 200 4 65 200 158 190 193 60 0 0 0 0 0 0 0 0 0 0 0 0 0 0 0 0; 16 183 2 172 200 188 17 191 200 173 54 106 34 177 200 200 0 194 157 7 169 178 188 189 44 200 50 200 200 19 0 0 0 0 0 0 0 0 0 0 0 0 0 0 0; 42 12 154 29 0 182 71 5 181 2 28 6 0 23 192 200 200 44 23 44 40 27 38 7 193 161 19 176 200 200 188 0 0 0 0 0 0 0 0 0 0 0 0 0 0; 200 71 7 200 200 54 193 39 29 200 200 185 200 47 16 200 7 25 193 200 0 200 177 200 0 200 57 200 121 22 49 2 0 0 0 0 0 0 0 0 0 0 0 0 0; 5 179 54 192 8 200 7 51 178 200 200 8 200 182 0 1 200 195 200 14 42 145 0 77 35 1 28 200 200 192 200 186 29 0 0 0 0 0 0 0 0 0 0 0 0; 13 171 23 1 193 172 200 2 171 200 40 200 200 134 187 27 0 16 9 200 197 12 63 40 50 26 166 73 200 200 188 200 188 138 0 0 0 0 0 0 0 0 0 0 0; 65 192 43 196 192 199 200 26 200 5 10 197 200 200 12 200 197 200 179 184 200 200 4 19 200 139 200 200 173 184 200 155 200 200 3 0 0 0 0 0 0 0 0 0 0; 200 152 22 185 200 13 0 45 200 0 110 200 182 185 5 198 5 200 200 45 191 200 0 200 169 61 200 2 160 200 170 114 144 67 185 164 0 0 0 0 0 0 0 0 0; 200 10 115 33 153 200 200 0 48 200 200 200 54 50 134 161 5 184 12 38 3 194 196 9 195 34 200 200 190 108 200 198 200 4 196 200 19 0 0 0 0 0 0 0 0; 175 53 200 200 200 200 200 200 166 200 200 14 200 200 200 167 164 58 200 50 200 190 53 198 31 200 189 200 200 18 200 200 176 41 76 200 200 200 0 0 0 0 0 0 0; 14 16 195 200 176 123 3 182 24 167 3 3 189 174 200 200 186 30 49 191 156 132 37 200 199 198 200 200 172 200 1 181 3 177 180 177 105 200 21 0 0 0 0 0 0; 171 195 13 191 196 196 200 180 5 31 15 21 44 200 200 196 190 62 200 62 135 190 3 8 200 182 200 196 5 14 200 156 16 149 6 50 200 199 193 200 0 0 0 0 0; 200 176 200 200 53 0 200 200 4 137 45 159 7 10 198 173 200 184 200 200 17 2 156 176 19 83 194 168 40 26 198 10 2 10 0 192 160 120 57 46 29 0 0 0 0; 200 2 14 200 200 175 5 200 152 200 189 171 177 9 138 153 0 188 39 2 200 38 196 200 77 9 200 173 200 20 140 22 196 31 188 49 200 6 200 200 200 19 0 0 0; 28 5 200 196 46 193 200 8 170 200 21 200 149 200 0 200 39 141 200 185 200 184 5 4 181 200 200 200 200 200 181 3 166 198 191 146 200 0 200 20 13 200 197 0 0; 200 200 200 51 5 1 31 180 86 40 200 200 18 41 22 194 199 179 200 19 200 8 200 200 199 148 180 199 21 195 200 200 25 179 200 2 16 60 3 200 2 191 155 200 0; 5 190 21 138 7 200 26 51 9 196 3 58 200 200 186 113 20 200 60 195 52 6 200 200 11 39 200 200 122 5 194 0 197 54 37 200 200 3 63 52 23 150 43 198 5]
