n=50
density=100
Q1=[183 0 0 0 0 0 0 0 0 0 0 0 0 0 0 0 0 0 0 0 0 0 0 0 0 0 0 0 0 0 0 0 0 0 0 0 0 0 0 0 0 0 0 0 0 0 0 0 0 0 ;
95 104 0 0 0 0 0 0 0 0 0 0 0 0 0 0 0 0 0 0 0 0 0 0 0 0 0 0 0 0 0 0 0 0 0 0 0 0 0 0 0 0 0 0 0 0 0 0 0 0 ;
171 106 163 0 0 0 0 0 0 0 0 0 0 0 0 0 0 0 0 0 0 0 0 0 0 0 0 0 0 0 0 0 0 0 0 0 0 0 0 0 0 0 0 0 0 0 0 0 0 0 ;
186 119 193 184 0 0 0 0 0 0 0 0 0 0 0 0 0 0 0 0 0 0 0 0 0 0 0 0 0 0 0 0 0 0 0 0 0 0 0 0 0 0 0 0 0 0 0 0 0 0 ;
4 107 24 109 183 0 0 0 0 0 0 0 0 0 0 0 0 0 0 0 0 0 0 0 0 0 0 0 0 0 0 0 0 0 0 0 0 0 0 0 0 0 0 0 0 0 0 0 0 0 ;
86 75 114 197 25 196 0 0 0 0 0 0 0 0 0 0 0 0 0 0 0 0 0 0 0 0 0 0 0 0 0 0 0 0 0 0 0 0 0 0 0 0 0 0 0 0 0 0 0 0 ;
130 152 17 65 35 90 166 0 0 0 0 0 0 0 0 0 0 0 0 0 0 0 0 0 0 0 0 0 0 0 0 0 0 0 0 0 0 0 0 0 0 0 0 0 0 0 0 0 0 0 ;
81 162 137 70 113 42 161 124 0 0 0 0 0 0 0 0 0 0 0 0 0 0 0 0 0 0 0 0 0 0 0 0 0 0 0 0 0 0 0 0 0 0 0 0 0 0 0 0 0 0 ;
165 159 91 28 196 180 158 182 94 0 0 0 0 0 0 0 0 0 0 0 0 0 0 0 0 0 0 0 0 0 0 0 0 0 0 0 0 0 0 0 0 0 0 0 0 0 0 0 0 0 ;
124 157 26 169 190 5 198 160 97 55 0 0 0 0 0 0 0 0 0 0 0 0 0 0 0 0 0 0 0 0 0 0 0 0 0 0 0 0 0 0 0 0 0 0 0 0 0 0 0 0 ;
129 71 187 175 164 30 18 151 46 7 194 0 0 0 0 0 0 0 0 0 0 0 0 0 0 0 0 0 0 0 0 0 0 0 0 0 0 0 0 0 0 0 0 0 0 0 0 0 0 0 ;
107 20 93 6 200 104 6 64 171 3 56 127 0 0 0 0 0 0 0 0 0 0 0 0 0 0 0 0 0 0 0 0 0 0 0 0 0 0 0 0 0 0 0 0 0 0 0 0 0 0 ;
26 198 83 192 117 192 51 95 171 30 37 192 74 0 0 0 0 0 0 0 0 0 0 0 0 0 0 0 0 0 0 0 0 0 0 0 0 0 0 0 0 0 0 0 0 0 0 0 0 0 ;
41 89 186 37 183 133 166 151 84 104 68 106 88 4 0 0 0 0 0 0 0 0 0 0 0 0 0 0 0 0 0 0 0 0 0 0 0 0 0 0 0 0 0 0 0 0 0 0 0 0 ;
27 137 143 162 20 134 143 168 135 112 39 32 177 86 190 0 0 0 0 0 0 0 0 0 0 0 0 0 0 0 0 0 0 0 0 0 0 0 0 0 0 0 0 0 0 0 0 0 0 0 ;
96 16 175 142 28 109 142 43 14 64 179 185 192 14 12 156 0 0 0 0 0 0 0 0 0 0 0 0 0 0 0 0 0 0 0 0 0 0 0 0 0 0 0 0 0 0 0 0 0 0 ;
113 80 122 16 162 112 106 100 153 85 150 57 147 158 101 186 184 0 0 0 0 0 0 0 0 0 0 0 0 0 0 0 0 0 0 0 0 0 0 0 0 0 0 0 0 0 0 0 0 0 ;
59 195 22 63 176 21 75 54 72 75 126 123 132 80 35 102 91 17 0 0 0 0 0 0 0 0 0 0 0 0 0 0 0 0 0 0 0 0 0 0 0 0 0 0 0 0 0 0 0 0 ;
28 67 18 114 154 127 22 153 1 200 82 189 15 25 181 7 6 37 196 0 0 0 0 0 0 0 0 0 0 0 0 0 0 0 0 0 0 0 0 0 0 0 0 0 0 0 0 0 0 0 ;
124 186 100 124 180 154 21 7 12 2 113 121 84 150 19 72 185 25 198 135 0 0 0 0 0 0 0 0 0 0 0 0 0 0 0 0 0 0 0 0 0 0 0 0 0 0 0 0 0 0 ;
131 68 45 130 38 49 93 155 198 138 77 144 95 93 57 114 96 98 95 184 166 0 0 0 0 0 0 0 0 0 0 0 0 0 0 0 0 0 0 0 0 0 0 0 0 0 0 0 0 0 ;
14 24 31 148 55 159 97 109 80 64 26 31 88 14 93 177 48 126 8 30 44 200 0 0 0 0 0 0 0 0 0 0 0 0 0 0 0 0 0 0 0 0 0 0 0 0 0 0 0 0 ;
198 140 171 132 172 18 15 142 53 46 43 8 155 146 64 88 25 36 68 132 140 197 45 0 0 0 0 0 0 0 0 0 0 0 0 0 0 0 0 0 0 0 0 0 0 0 0 0 0 0 ;
22 104 87 185 45 87 120 40 139 71 111 29 177 200 171 122 116 73 148 166 41 148 159 39 0 0 0 0 0 0 0 0 0 0 0 0 0 0 0 0 0 0 0 0 0 0 0 0 0 0 ;
123 11 21 121 82 196 99 124 27 102 82 153 48 126 135 28 154 57 156 125 161 159 18 11 108 0 0 0 0 0 0 0 0 0 0 0 0 0 0 0 0 0 0 0 0 0 0 0 0 0 ;
45 61 110 39 19 129 29 4 189 199 174 168 129 17 61 165 153 198 128 68 168 107 199 146 194 131 0 0 0 0 0 0 0 0 0 0 0 0 0 0 0 0 0 0 0 0 0 0 0 0 ;
34 4 52 162 172 174 113 83 159 19 117 138 168 111 21 55 52 108 48 99 107 139 22 57 85 169 33 0 0 0 0 0 0 0 0 0 0 0 0 0 0 0 0 0 0 0 0 0 0 0 ;
108 23 77 58 197 165 119 22 77 194 131 184 43 193 139 39 7 79 12 172 114 122 108 3 176 17 109 193 0 0 0 0 0 0 0 0 0 0 0 0 0 0 0 0 0 0 0 0 0 0 ;
62 108 111 196 174 19 179 64 152 63 140 42 59 155 179 40 105 1 2 141 142 48 38 2 126 17 190 78 146 0 0 0 0 0 0 0 0 0 0 0 0 0 0 0 0 0 0 0 0 0 ;
38 122 198 184 43 167 44 75 120 191 154 43 186 155 21 15 139 187 179 106 37 36 51 185 149 192 144 113 2 68 0 0 0 0 0 0 0 0 0 0 0 0 0 0 0 0 0 0 0 0 ;
130 190 179 11 45 134 55 169 188 196 10 96 95 184 20 23 83 12 101 154 108 76 39 94 148 182 159 121 153 10 100 0 0 0 0 0 0 0 0 0 0 0 0 0 0 0 0 0 0 0 ;
5 17 42 35 191 182 14 191 62 102 29 137 74 15 32 87 48 98 94 179 189 186 2 119 34 81 121 187 72 183 90 91 0 0 0 0 0 0 0 0 0 0 0 0 0 0 0 0 0 0 ;
75 46 27 138 4 84 158 139 171 65 10 197 182 45 13 24 52 57 176 104 39 19 5 130 74 176 57 69 180 56 11 114 187 0 0 0 0 0 0 0 0 0 0 0 0 0 0 0 0 0 ;
104 99 43 42 186 93 66 151 93 131 140 10 56 72 117 12 35 74 122 191 33 25 187 48 103 68 147 132 197 96 5 68 185 66 0 0 0 0 0 0 0 0 0 0 0 0 0 0 0 0 ;
3 47 182 177 18 114 106 190 165 158 126 13 133 51 195 195 154 159 83 139 130 79 59 38 160 67 178 19 60 93 144 86 41 50 71 0 0 0 0 0 0 0 0 0 0 0 0 0 0 0 ;
73 55 56 139 121 180 50 1 180 141 3 40 57 52 43 17 63 61 120 124 57 143 82 140 33 66 200 167 190 17 101 21 200 87 103 6 0 0 0 0 0 0 0 0 0 0 0 0 0 0 ;
173 36 48 48 14 10 110 90 191 199 186 153 105 122 174 194 92 74 122 56 142 65 182 133 17 67 84 5 57 23 10 41 75 124 46 185 135 0 0 0 0 0 0 0 0 0 0 0 0 0 ;
13 36 11 182 71 87 93 9 180 106 48 161 17 111 64 23 152 163 120 93 92 87 195 80 97 180 145 134 134 180 110 135 92 182 152 62 93 80 0 0 0 0 0 0 0 0 0 0 0 0 ;
73 42 113 20 88 173 138 122 128 185 100 144 98 153 90 139 113 156 47 162 36 49 12 30 130 178 112 187 180 196 118 77 85 101 154 59 173 85 171 0 0 0 0 0 0 0 0 0 0 0 ;
105 186 4 198 5 176 22 72 8 48 190 16 12 24 51 25 52 8 78 168 166 83 194 21 18 189 59 40 177 107 161 157 152 48 27 154 76 60 30 110 0 0 0 0 0 0 0 0 0 0 ;
42 77 109 175 125 18 163 7 188 188 129 33 65 88 10 186 142 187 42 103 82 95 168 92 12 52 53 105 182 175 59 118 163 157 175 40 152 192 71 129 46 0 0 0 0 0 0 0 0 0 ;
90 169 22 86 88 151 118 9 129 130 63 149 178 12 173 117 142 90 61 25 103 132 199 158 146 188 5 3 134 179 131 111 10 64 158 54 131 2 151 163 149 43 0 0 0 0 0 0 0 0 ;
128 197 62 93 120 95 153 156 168 136 22 18 76 5 66 152 130 192 179 85 25 105 106 133 36 166 145 172 12 187 174 3 25 74 38 34 129 85 178 107 71 86 76 0 0 0 0 0 0 0 ;
195 94 169 180 118 93 181 60 199 80 110 102 66 107 82 131 136 57 27 147 41 8 57 25 51 170 61 164 186 32 129 105 152 79 90 156 156 196 16 118 68 97 10 125 0 0 0 0 0 0 ;
178 141 147 16 103 5 163 62 192 160 40 5 102 39 18 64 26 142 76 172 15 36 2 73 148 192 114 182 56 92 175 184 92 14 8 187 76 98 37 143 133 56 146 92 192 0 0 0 0 0 ;
34 128 89 165 52 92 119 152 145 50 121 96 7 84 108 140 134 161 108 54 43 175 139 75 193 192 129 178 151 119 18 186 63 138 117 62 146 159 114 10 46 16 97 92 106 97 0 0 0 0 ;
124 112 177 81 51 43 86 98 151 50 127 45 101 180 73 42 125 116 62 197 176 94 169 35 19 88 197 66 75 90 137 164 39 38 126 60 121 168 15 118 196 86 127 27 63 80 46 0 0 0 ;
169 129 12 108 168 108 157 8 77 197 37 28 161 10 33 85 154 42 66 112 140 96 36 68 143 113 154 170 110 186 5 94 44 93 100 140 110 162 99 93 117 72 38 10 171 139 44 157 0 0 ;
45 152 6 47 9 100 81 184 176 61 38 188 119 83 130 131 85 200 190 2 157 177 53 181 137 83 107 19 39 174 47 78 96 189 169 127 43 124 28 85 134 88 4 167 197 170 1 173 120 0 ;
113 188 76 91 30 139 20 101 60 99 95 154 170 7 122 91 81 164 169 49 28 185 46 33 119 25 9 17 10 53 62 170 5 188 124 133 27 108 171 160 153 168 43 80 141 98 144 166 193 31 ]
w=[25, 13, 77, 8, 93, 77, 25, 53, 9, 24, 99, 71, 54, 27, 93, 1, 8, 86, 90, 48, 28, 51, 26, 15, 8, 48, 62, 48, 4, 41, 69, 95, 6, 42, 45, 72, 40, 35, 19, 36, 3, 100, 89, 22, 7, 94, 72, 86, 37, 37]
W=53 
k=2 
inst_name = "QKP_50_200_100" 
feasible = true 
Q2=[7 0 0 0 0 0 0 0 0 0 0 0 0 0 0 0 0 0 0 0 0 0 0 0 0 0 0 0 0 0 0 0 0 0 0 0 0 0 0 0 0 0 0 0 0 0 0 0 0 0; 187 49 0 0 0 0 0 0 0 0 0 0 0 0 0 0 0 0 0 0 0 0 0 0 0 0 0 0 0 0 0 0 0 0 0 0 0 0 0 0 0 0 0 0 0 0 0 0 0 0; 13 87 2 0 0 0 0 0 0 0 0 0 0 0 0 0 0 0 0 0 0 0 0 0 0 0 0 0 0 0 0 0 0 0 0 0 0 0 0 0 0 0 0 0 0 0 0 0 0 0; 8 26 7 1 0 0 0 0 0 0 0 0 0 0 0 0 0 0 0 0 0 0 0 0 0 0 0 0 0 0 0 0 0 0 0 0 0 0 0 0 0 0 0 0 0 0 0 0 0 0; 200 30 185 75 6 0 0 0 0 0 0 0 0 0 0 0 0 0 0 0 0 0 0 0 0 0 0 0 0 0 0 0 0 0 0 0 0 0 0 0 0 0 0 0 0 0 0 0 0 0; 157 173 29 1 181 0 0 0 0 0 0 0 0 0 0 0 0 0 0 0 0 0 0 0 0 0 0 0 0 0 0 0 0 0 0 0 0 0 0 0 0 0 0 0 0 0 0 0 0 0; 23 16 195 150 196 165 15 0 0 0 0 0 0 0 0 0 0 0 0 0 0 0 0 0 0 0 0 0 0 0 0 0 0 0 0 0 0 0 0 0 0 0 0 0 0 0 0 0 0 0; 186 16 48 157 68 192 30 28 0 0 0 0 0 0 0 0 0 0 0 0 0 0 0 0 0 0 0 0 0 0 0 0 0 0 0 0 0 0 0 0 0 0 0 0 0 0 0 0 0 0; 9 2 180 184 3 13 40 10 172 0 0 0 0 0 0 0 0 0 0 0 0 0 0 0 0 0 0 0 0 0 0 0 0 0 0 0 0 0 0 0 0 0 0 0 0 0 0 0 0 0; 52 13 186 19 10 200 1 37 145 199 0 0 0 0 0 0 0 0 0 0 0 0 0 0 0 0 0 0 0 0 0 0 0 0 0 0 0 0 0 0 0 0 0 0 0 0 0 0 0 0; 43 130 7 2 2 178 192 8 179 193 3 0 0 0 0 0 0 0 0 0 0 0 0 0 0 0 0 0 0 0 0 0 0 0 0 0 0 0 0 0 0 0 0 0 0 0 0 0 0 0; 25 187 152 197 0 23 199 143 1 197 192 27 0 0 0 0 0 0 0 0 0 0 0 0 0 0 0 0 0 0 0 0 0 0 0 0 0 0 0 0 0 0 0 0 0 0 0 0 0 0; 188 0 128 7 29 5 188 157 9 191 198 7 137 0 0 0 0 0 0 0 0 0 0 0 0 0 0 0 0 0 0 0 0 0 0 0 0 0 0 0 0 0 0 0 0 0 0 0 0 0; 184 150 12 166 4 39 32 4 145 14 137 74 123 200 0 0 0 0 0 0 0 0 0 0 0 0 0 0 0 0 0 0 0 0 0 0 0 0 0 0 0 0 0 0 0 0 0 0 0 0; 193 31 11 38 183 22 18 3 42 82 178 179 2 188 9 0 0 0 0 0 0 0 0 0 0 0 0 0 0 0 0 0 0 0 0 0 0 0 0 0 0 0 0 0 0 0 0 0 0 0; 167 185 6 33 188 60 46 191 186 161 18 8 8 186 189 15 0 0 0 0 0 0 0 0 0 0 0 0 0 0 0 0 0 0 0 0 0 0 0 0 0 0 0 0 0 0 0 0 0 0; 56 176 66 193 36 30 41 2 39 189 13 196 9 10 69 4 8 0 0 0 0 0 0 0 0 0 0 0 0 0 0 0 0 0 0 0 0 0 0 0 0 0 0 0 0 0 0 0 0 0; 191 4 196 200 16 182 142 177 186 170 69 9 49 158 180 15 119 194 0 0 0 0 0 0 0 0 0 0 0 0 0 0 0 0 0 0 0 0 0 0 0 0 0 0 0 0 0 0 0 0; 196 150 197 27 15 4 198 24 199 0 159 7 192 178 5 194 200 190 2 0 0 0 0 0 0 0 0 0 0 0 0 0 0 0 0 0 0 0 0 0 0 0 0 0 0 0 0 0 0 0; 76 13 8 62 16 22 188 199 194 199 13 37 189 42 193 183 6 195 1 49 0 0 0 0 0 0 0 0 0 0 0 0 0 0 0 0 0 0 0 0 0 0 0 0 0 0 0 0 0 0; 25 177 169 19 175 157 175 28 0 30 166 53 196 117 184 45 129 190 174 10 33 0 0 0 0 0 0 0 0 0 0 0 0 0 0 0 0 0 0 0 0 0 0 0 0 0 0 0 0 0; 198 186 180 34 145 5 104 58 130 170 180 196 151 188 178 8 153 12 197 193 162 0 0 0 0 0 0 0 0 0 0 0 0 0 0 0 0 0 0 0 0 0 0 0 0 0 0 0 0 0; 0 12 21 54 23 196 198 26 169 159 165 200 14 6 185 114 188 187 172 3 43 1 181 0 0 0 0 0 0 0 0 0 0 0 0 0 0 0 0 0 0 0 0 0 0 0 0 0 0 0; 188 67 194 9 199 132 43 172 10 148 30 196 3 0 19 78 0 139 32 8 200 1 30 199 0 0 0 0 0 0 0 0 0 0 0 0 0 0 0 0 0 0 0 0 0 0 0 0 0 0; 20 192 180 69 170 0 140 58 175 94 176 35 192 6 43 185 7 189 13 12 13 4 192 194 47 0 0 0 0 0 0 0 0 0 0 0 0 0 0 0 0 0 0 0 0 0 0 0 0 0; 157 145 29 174 197 33 200 197 4 1 5 8 42 190 189 25 17 1 27 183 31 57 0 34 6 35 0 0 0 0 0 0 0 0 0 0 0 0 0 0 0 0 0 0 0 0 0 0 0 0; 169 197 186 30 14 14 65 176 3 182 19 31 9 28 199 163 169 47 178 145 77 22 200 177 126 0 197 0 0 0 0 0 0 0 0 0 0 0 0 0 0 0 0 0 0 0 0 0 0 0; 85 177 162 167 2 3 21 198 177 1 53 12 167 7 5 171 193 121 190 12 6 0 41 197 10 185 30 1 0 0 0 0 0 0 0 0 0 0 0 0 0 0 0 0 0 0 0 0 0 0; 193 74 79 1 18 192 8 153 23 195 56 168 153 0 10 188 60 199 199 8 46 184 194 200 4 193 0 140 18 0 0 0 0 0 0 0 0 0 0 0 0 0 0 0 0 0 0 0 0 0; 185 44 2 6 160 11 157 164 34 6 11 180 7 30 186 192 22 9 0 77 198 183 191 14 37 7 2 50 200 176 0 0 0 0 0 0 0 0 0 0 0 0 0 0 0 0 0 0 0 0; 54 8 11 199 164 49 162 14 5 3 192 166 129 3 199 194 136 188 14 41 61 130 166 120 49 4 27 70 0 194 19 0 0 0 0 0 0 0 0 0 0 0 0 0 0 0 0 0 0 0; 195 187 185 177 8 1 192 6 181 19 180 56 164 198 176 165 182 193 107 15 6 6 198 77 166 151 79 4 165 0 194 166 0 0 0 0 0 0 0 0 0 0 0 0 0 0 0 0 0 0; 175 188 179 39 200 134 28 31 18 185 199 2 14 185 199 186 166 148 3 27 189 188 197 62 132 2 163 173 18 187 198 70 11 0 0 0 0 0 0 0 0 0 0 0 0 0 0 0 0 0; 12 143 160 158 6 139 174 6 116 65 55 197 179 138 62 196 190 189 25 1 189 191 3 152 71 149 28 58 2 140 200 137 7 185 0 0 0 0 0 0 0 0 0 0 0 0 0 0 0 0; 198 155 6 8 192 44 79 7 33 18 48 193 28 172 5 4 33 1 138 53 67 173 156 198 5 177 11 189 170 111 26 149 183 184 197 0 0 0 0 0 0 0 0 0 0 0 0 0 0 0; 177 175 163 54 32 10 157 199 4 57 199 180 197 191 183 196 138 169 56 60 183 29 183 41 175 190 0 20 4 193 18 179 0 180 5 194 0 0 0 0 0 0 0 0 0 0 0 0 0 0; 27 170 178 194 188 200 19 175 0 0 9 34 34 27 0 4 130 194 0 156 3 180 1 14 199 193 127 200 148 180 199 173 150 51 164 5 53 0 0 0 0 0 0 0 0 0 0 0 0 0; 197 196 194 2 197 147 112 198 12 15 182 32 196 64 198 198 41 26 52 186 128 123 2 130 120 20 52 6 61 7 68 61 110 5 10 182 184 179 0 0 0 0 0 0 0 0 0 0 0 0; 187 193 75 188 159 0 38 44 56 9 1 43 149 38 184 23 11 32 178 5 177 185 197 184 11 18 58 3 19 2 15 187 190 32 35 174 20 138 6 0 0 0 0 0 0 0 0 0 0 0; 45 4 197 2 196 23 185 132 197 167 6 200 200 178 189 185 163 196 145 29 10 168 1 180 196 11 163 171 19 93 38 37 34 184 177 13 136 174 197 83 0 0 0 0 0 0 0 0 0 0; 177 165 65 23 16 195 18 195 6 1 36 171 167 176 198 9 51 4 171 64 133 128 12 171 194 182 195 81 15 21 141 74 13 32 17 198 5 7 198 68 196 0 0 0 0 0 0 0 0 0; 189 7 183 195 191 12 81 200 64 10 148 51 19 189 9 73 47 119 199 187 30 42 0 1 12 7 195 200 36 19 52 57 197 139 34 166 44 198 14 25 4 196 0 0 0 0 0 0 0 0; 20 1 175 160 61 130 1 12 16 7 197 197 138 198 159 39 26 4 13 123 194 21 23 46 193 9 23 19 196 4 14 198 190 176 194 175 60 141 6 3 155 145 138 0 0 0 0 0 0 0; 2 111 11 5 34 178 1 178 1 194 67 9 184 31 200 69 6 155 194 31 161 195 194 182 190 22 197 15 13 184 12 71 23 149 182 8 4 4 194 8 136 151 196 14 0 0 0 0 0 0; 21 37 52 194 15 199 26 184 2 15 189 196 14 192 199 172 186 7 132 12 193 185 200 178 14 6 28 0 145 188 10 5 131 199 199 2 177 172 182 7 4 176 43 136 2 0 0 0 0 0; 183 46 167 29 200 127 23 30 28 151 53 192 200 157 92 12 29 21 4 167 170 7 53 140 5 5 55 4 6 5 197 2 163 39 0 162 18 24 84 192 181 185 149 128 14 132 0 0 0 0; 15 33 8 183 152 184 145 135 26 154 13 163 54 9 188 175 4 80 198 0 10 143 22 165 194 152 1 161 129 138 9 34 178 165 24 144 28 28 192 54 3 130 45 186 182 198 190 0 0 0; 16 42 198 10 12 49 42 196 164 1 169 182 18 190 186 188 39 172 166 55 42 161 176 172 40 41 29 8 90 11 197 124 167 177 99 12 15 10 136 158 52 182 178 192 24 10 178 25 0 0; 165 8 200 171 191 47 179 14 15 144 191 6 5 191 19 20 133 0 7 198 42 15 197 1 4 130 93 185 177 26 190 187 176 5 20 33 175 4 173 176 15 114 197 3 0 26 200 22 74 0; 3 3 132 192 200 43 197 25 196 176 198 15 30 198 32 122 141 22 20 189 176 5 197 192 58 176 194 185 200 166 178 1 196 12 72 32 193 73 19 9 5 30 163 188 17 181 5 19 6 197]
