n=40
density=75
Q1=[18 0 0 0 0 0 0 0 0 0 0 0 0 0 0 0 0 0 0 0 0 0 0 0 0 0 0 0 0 0 0 0 0 0 0 0 0 0 0 0 ;
20 81 0 0 0 0 0 0 0 0 0 0 0 0 0 0 0 0 0 0 0 0 0 0 0 0 0 0 0 0 0 0 0 0 0 0 0 0 0 0 ;
149 185 117 0 0 0 0 0 0 0 0 0 0 0 0 0 0 0 0 0 0 0 0 0 0 0 0 0 0 0 0 0 0 0 0 0 0 0 0 0 ;
199 0 10 11 0 0 0 0 0 0 0 0 0 0 0 0 0 0 0 0 0 0 0 0 0 0 0 0 0 0 0 0 0 0 0 0 0 0 0 0 ;
174 0 90 43 0 0 0 0 0 0 0 0 0 0 0 0 0 0 0 0 0 0 0 0 0 0 0 0 0 0 0 0 0 0 0 0 0 0 0 0 ;
114 50 142 49 45 199 0 0 0 0 0 0 0 0 0 0 0 0 0 0 0 0 0 0 0 0 0 0 0 0 0 0 0 0 0 0 0 0 0 0 ;
0 168 0 102 100 69 159 0 0 0 0 0 0 0 0 0 0 0 0 0 0 0 0 0 0 0 0 0 0 0 0 0 0 0 0 0 0 0 0 0 ;
0 27 177 0 0 67 0 127 0 0 0 0 0 0 0 0 0 0 0 0 0 0 0 0 0 0 0 0 0 0 0 0 0 0 0 0 0 0 0 0 ;
70 18 54 124 1 0 165 0 51 0 0 0 0 0 0 0 0 0 0 0 0 0 0 0 0 0 0 0 0 0 0 0 0 0 0 0 0 0 0 0 ;
6 163 80 28 80 49 67 162 0 178 0 0 0 0 0 0 0 0 0 0 0 0 0 0 0 0 0 0 0 0 0 0 0 0 0 0 0 0 0 0 ;
88 42 38 0 150 144 0 36 6 0 0 0 0 0 0 0 0 0 0 0 0 0 0 0 0 0 0 0 0 0 0 0 0 0 0 0 0 0 0 0 ;
69 162 54 0 29 144 157 157 111 173 53 106 0 0 0 0 0 0 0 0 0 0 0 0 0 0 0 0 0 0 0 0 0 0 0 0 0 0 0 0 ;
0 66 93 4 79 183 0 12 55 199 143 49 58 0 0 0 0 0 0 0 0 0 0 0 0 0 0 0 0 0 0 0 0 0 0 0 0 0 0 0 ;
8 14 0 66 14 13 98 3 0 0 118 158 138 39 0 0 0 0 0 0 0 0 0 0 0 0 0 0 0 0 0 0 0 0 0 0 0 0 0 0 ;
0 0 158 0 3 72 0 0 0 168 0 0 32 85 126 0 0 0 0 0 0 0 0 0 0 0 0 0 0 0 0 0 0 0 0 0 0 0 0 0 ;
55 95 120 89 0 149 42 159 49 70 106 87 75 76 40 98 0 0 0 0 0 0 0 0 0 0 0 0 0 0 0 0 0 0 0 0 0 0 0 0 ;
129 27 0 0 64 0 142 0 172 19 0 61 171 93 0 0 92 0 0 0 0 0 0 0 0 0 0 0 0 0 0 0 0 0 0 0 0 0 0 0 ;
133 0 188 0 72 1 0 0 136 143 94 163 154 115 166 0 29 165 0 0 0 0 0 0 0 0 0 0 0 0 0 0 0 0 0 0 0 0 0 0 ;
27 0 0 168 152 0 105 0 192 0 107 52 174 69 126 2 0 107 0 0 0 0 0 0 0 0 0 0 0 0 0 0 0 0 0 0 0 0 0 0 ;
200 80 151 64 0 0 13 2 86 126 0 61 53 0 23 57 15 0 60 195 0 0 0 0 0 0 0 0 0 0 0 0 0 0 0 0 0 0 0 0 ;
22 171 39 85 131 152 99 0 4 0 184 52 56 186 178 111 169 131 198 49 192 0 0 0 0 0 0 0 0 0 0 0 0 0 0 0 0 0 0 0 ;
0 191 65 62 89 59 56 0 149 34 143 16 144 119 0 115 33 64 0 48 191 186 0 0 0 0 0 0 0 0 0 0 0 0 0 0 0 0 0 0 ;
19 37 175 107 182 178 15 0 145 58 0 164 132 163 143 0 97 0 0 0 112 86 0 0 0 0 0 0 0 0 0 0 0 0 0 0 0 0 0 0 ;
13 0 0 170 0 124 26 28 45 174 175 93 104 90 45 122 143 17 121 132 88 4 0 0 0 0 0 0 0 0 0 0 0 0 0 0 0 0 0 0 ;
8 0 48 187 102 147 155 199 0 114 6 85 0 108 0 128 124 129 26 47 0 0 0 174 46 0 0 0 0 0 0 0 0 0 0 0 0 0 0 0 ;
27 69 0 127 187 0 0 197 159 0 73 7 45 149 0 124 137 0 79 0 120 135 173 90 69 91 0 0 0 0 0 0 0 0 0 0 0 0 0 0 ;
44 193 68 0 0 1 187 196 115 194 161 69 0 172 174 140 17 0 140 106 45 171 184 199 26 0 8 0 0 0 0 0 0 0 0 0 0 0 0 0 ;
177 175 0 144 0 0 129 29 141 185 62 104 43 141 107 82 11 110 119 2 173 34 95 0 5 92 177 59 0 0 0 0 0 0 0 0 0 0 0 0 ;
0 148 0 104 16 195 198 152 158 71 0 0 0 0 34 69 154 144 112 40 79 92 0 56 16 130 0 25 0 0 0 0 0 0 0 0 0 0 0 0 ;
167 112 131 198 76 0 49 112 138 63 0 117 45 180 0 77 46 122 193 0 114 0 130 0 149 30 41 50 98 27 0 0 0 0 0 0 0 0 0 0 ;
0 106 182 0 172 0 30 198 153 86 41 77 0 143 49 163 60 23 182 1 0 192 0 161 62 70 92 188 178 3 26 0 0 0 0 0 0 0 0 0 ;
127 190 0 168 44 0 0 103 199 0 110 107 0 162 79 88 51 32 51 0 0 0 0 64 89 0 188 145 0 0 164 4 0 0 0 0 0 0 0 0 ;
0 165 0 41 0 0 43 0 0 0 0 70 35 82 60 85 66 121 136 4 117 166 50 88 64 62 0 0 0 68 126 149 106 0 0 0 0 0 0 0 ;
0 139 33 46 172 0 106 0 104 21 0 183 0 0 135 34 6 26 50 86 176 84 71 0 70 94 196 4 150 0 6 135 63 0 0 0 0 0 0 0 ;
0 26 0 0 23 127 55 33 0 197 114 0 168 22 130 169 177 77 0 95 87 75 24 19 0 54 38 8 0 120 92 64 141 106 93 0 0 0 0 0 ;
0 0 108 20 126 55 0 0 105 198 100 0 99 104 0 75 118 103 0 152 170 11 25 43 0 0 177 41 149 95 0 40 57 0 0 183 0 0 0 0 ;
88 176 140 125 48 21 65 185 49 109 190 0 100 174 197 137 0 76 165 28 152 0 168 0 192 135 103 50 0 197 129 189 22 46 146 0 80 0 0 0 ;
150 0 194 0 25 133 97 15 0 62 33 70 0 104 66 75 4 141 144 0 0 54 0 103 9 0 200 139 170 74 45 1 146 175 104 148 0 156 0 0 ;
150 28 77 0 61 67 36 56 0 53 188 49 26 28 0 187 135 173 3 8 7 31 54 161 83 154 185 152 0 23 180 120 176 153 142 0 145 84 0 0 ;
170 161 166 95 0 50 39 0 104 189 145 194 61 180 172 112 147 196 121 125 15 71 0 173 3 192 186 125 106 26 0 0 153 78 0 135 0 2 161 0 ]
w=[6, 44, 21, 65, 28, 14, 42, 67, 7, 17, 88, 42, 15, 48, 23, 40, 61, 19, 52, 26, 49, 60, 63, 16, 28, 88, 24, 85, 78, 18, 58, 28, 26, 86, 73, 29, 69, 75, 30, 6]
W=51 
k=2 
inst_name = "QKP_40_200_75" 
feasible = true 
Q2=[183 0 0 0 0 0 0 0 0 0 0 0 0 0 0 0 0 0 0 0 0 0 0 0 0 0 0 0 0 0 0 0 0 0 0 0 0 0 0 0; 198 185 0 0 0 0 0 0 0 0 0 0 0 0 0 0 0 0 0 0 0 0 0 0 0 0 0 0 0 0 0 0 0 0 0 0 0 0 0 0; 23 7 69 0 0 0 0 0 0 0 0 0 0 0 0 0 0 0 0 0 0 0 0 0 0 0 0 0 0 0 0 0 0 0 0 0 0 0 0 0; 1 200 190 200 0 0 0 0 0 0 0 0 0 0 0 0 0 0 0 0 0 0 0 0 0 0 0 0 0 0 0 0 0 0 0 0 0 0 0 0; 11 200 155 162 200 0 0 0 0 0 0 0 0 0 0 0 0 0 0 0 0 0 0 0 0 0 0 0 0 0 0 0 0 0 0 0 0 0 0 0; 79 195 30 159 170 1 0 0 0 0 0 0 0 0 0 0 0 0 0 0 0 0 0 0 0 0 0 0 0 0 0 0 0 0 0 0 0 0 0 0; 200 4 200 16 83 136 15 0 0 0 0 0 0 0 0 0 0 0 0 0 0 0 0 0 0 0 0 0 0 0 0 0 0 0 0 0 0 0 0 0; 200 176 9 200 200 166 200 29 0 0 0 0 0 0 0 0 0 0 0 0 0 0 0 0 0 0 0 0 0 0 0 0 0 0 0 0 0 0 0 0; 136 199 199 61 200 200 6 200 200 0 0 0 0 0 0 0 0 0 0 0 0 0 0 0 0 0 0 0 0 0 0 0 0 0 0 0 0 0 0 0; 199 19 155 188 147 200 163 8 200 20 0 0 0 0 0 0 0 0 0 0 0 0 0 0 0 0 0 0 0 0 0 0 0 0 0 0 0 0 0 0; 142 177 169 200 6 27 200 193 194 200 200 0 0 0 0 0 0 0 0 0 0 0 0 0 0 0 0 0 0 0 0 0 0 0 0 0 0 0 0 0; 167 19 181 200 185 36 32 23 28 25 193 15 0 0 0 0 0 0 0 0 0 0 0 0 0 0 0 0 0 0 0 0 0 0 0 0 0 0 0 0; 200 178 129 200 188 15 200 194 176 0 4 151 187 0 0 0 0 0 0 0 0 0 0 0 0 0 0 0 0 0 0 0 0 0 0 0 0 0 0 0; 199 191 200 143 197 189 174 200 200 200 68 28 29 196 0 0 0 0 0 0 0 0 0 0 0 0 0 0 0 0 0 0 0 0 0 0 0 0 0 0; 200 200 32 200 198 171 200 200 200 27 200 200 190 168 46 0 0 0 0 0 0 0 0 0 0 0 0 0 0 0 0 0 0 0 0 0 0 0 0 0; 146 193 5 113 200 41 165 15 152 130 0 151 142 131 181 122 0 0 0 0 0 0 0 0 0 0 0 0 0 0 0 0 0 0 0 0 0 0 0 0; 58 190 200 200 184 200 2 200 3 195 200 170 28 139 200 200 154 0 0 0 0 0 0 0 0 0 0 0 0 0 0 0 0 0 0 0 0 0 0 0; 30 200 11 200 186 199 200 200 35 51 141 8 43 26 31 200 173 7 0 0 0 0 0 0 0 0 0 0 0 0 0 0 0 0 0 0 0 0 0 0; 174 200 200 22 16 200 70 200 3 200 23 171 4 170 34 199 200 65 200 0 0 0 0 0 0 0 0 0 0 0 0 0 0 0 0 0 0 0 0 0; 0 127 36 176 200 200 187 198 122 70 200 167 187 200 196 153 196 200 178 3 0 0 0 0 0 0 0 0 0 0 0 0 0 0 0 0 0 0 0 0; 189 28 187 188 22 20 187 200 196 200 7 177 168 2 18 41 12 49 0 181 4 0 0 0 0 0 0 0 0 0 0 0 0 0 0 0 0 0 0 0; 200 0 198 167 153 144 186 200 34 197 11 189 18 10 200 36 178 154 200 153 9 13 0 0 0 0 0 0 0 0 0 0 0 0 0 0 0 0 0 0; 191 167 9 39 18 15 187 200 39 174 200 31 3 37 28 200 188 200 200 200 51 180 200 0 0 0 0 0 0 0 0 0 0 0 0 0 0 0 0 0; 193 200 200 17 200 24 198 186 159 12 20 153 1 178 188 69 29 193 30 16 135 196 200 200 0 0 0 0 0 0 0 0 0 0 0 0 0 0 0 0; 200 200 154 0 58 2 26 1 200 28 200 143 200 67 200 69 59 53 194 185 200 200 200 3 178 0 0 0 0 0 0 0 0 0 0 0 0 0 0 0; 189 158 200 44 7 200 200 1 38 200 145 200 170 36 200 72 63 200 145 200 63 50 14 191 192 125 0 0 0 0 0 0 0 0 0 0 0 0 0 0; 199 5 178 200 200 199 9 2 74 4 33 196 200 25 10 49 184 200 21 87 190 8 13 0 180 200 200 0 0 0 0 0 0 0 0 0 0 0 0 0; 8 7 200 0 200 200 9 174 17 7 185 47 170 26 13 155 194 68 71 199 1 171 177 200 195 111 9 168 0 0 0 0 0 0 0 0 0 0 0 0; 200 7 200 0 187 4 1 8 29 196 200 200 200 200 167 194 44 6 24 168 175 150 200 177 184 6 200 196 200 0 0 0 0 0 0 0 0 0 0 0; 16 71 3 0 125 200 172 40 61 170 200 74 196 10 200 152 167 33 3 200 79 200 64 200 50 186 178 166 152 174 0 0 0 0 0 0 0 0 0 0; 200 82 6 200 28 200 174 2 17 157 195 171 200 29 185 37 155 192 5 200 200 2 200 38 190 130 143 12 0 200 181 0 0 0 0 0 0 0 0 0; 35 9 200 24 172 200 200 76 0 200 27 16 200 31 145 195 164 185 166 200 200 200 200 146 152 200 4 51 200 200 25 200 0 0 0 0 0 0 0 0; 200 18 200 193 200 200 176 200 200 200 200 156 181 178 186 168 146 42 16 197 20 14 179 174 141 190 200 200 200 199 30 50 71 0 0 0 0 0 0 0; 200 48 200 163 10 200 42 200 2 194 200 4 200 200 14 188 195 191 179 132 11 137 172 200 163 188 2 198 12 200 196 10 176 200 0 0 0 0 0 0; 200 191 200 200 179 50 173 188 200 1 50 200 12 183 54 24 20 173 200 165 138 171 187 182 200 171 179 192 200 2 172 149 6 8 197 0 0 0 0 0; 200 200 28 190 30 193 200 200 28 0 89 200 124 69 200 181 4 92 200 14 16 193 179 166 200 200 16 195 16 111 200 177 165 200 200 4 0 0 0 0; 161 15 52 31 164 191 190 13 180 9 8 200 65 9 2 34 200 136 2 191 5 200 20 200 6 28 91 166 200 2 3 2 200 193 30 200 155 0 0 0; 7 200 2 200 192 50 124 189 200 176 191 185 200 71 141 149 197 50 16 200 200 173 200 75 200 200 0 7 26 191 199 199 54 2 26 9 200 21 0 0; 44 195 157 200 147 199 184 179 200 184 12 172 192 180 200 11 23 10 200 193 197 199 146 8 139 27 4 43 200 190 0 63 2 42 26 200 46 133 200 0; 18 36 1 190 200 154 196 200 33 8 10 5 187 6 23 4 15 1 15 34 187 186 200 12 200 0 11 38 9 178 200 200 18 181 200 64 200 198 34 200]
