n=35
density=75
Q1=[107 0 0 0 0 0 0 0 0 0 0 0 0 0 0 0 0 0 0 0 0 0 0 0 0 0 0 0 0 0 0 0 0 0 0 ;
0 0 0 0 0 0 0 0 0 0 0 0 0 0 0 0 0 0 0 0 0 0 0 0 0 0 0 0 0 0 0 0 0 0 0 ;
105 0 147 0 0 0 0 0 0 0 0 0 0 0 0 0 0 0 0 0 0 0 0 0 0 0 0 0 0 0 0 0 0 0 0 ;
47 145 0 0 0 0 0 0 0 0 0 0 0 0 0 0 0 0 0 0 0 0 0 0 0 0 0 0 0 0 0 0 0 0 0 ;
189 196 0 112 23 0 0 0 0 0 0 0 0 0 0 0 0 0 0 0 0 0 0 0 0 0 0 0 0 0 0 0 0 0 0 ;
54 198 161 58 0 191 0 0 0 0 0 0 0 0 0 0 0 0 0 0 0 0 0 0 0 0 0 0 0 0 0 0 0 0 0 ;
185 197 184 182 81 35 17 0 0 0 0 0 0 0 0 0 0 0 0 0 0 0 0 0 0 0 0 0 0 0 0 0 0 0 0 ;
0 0 110 154 181 0 126 85 0 0 0 0 0 0 0 0 0 0 0 0 0 0 0 0 0 0 0 0 0 0 0 0 0 0 0 ;
26 150 108 0 32 16 187 143 167 0 0 0 0 0 0 0 0 0 0 0 0 0 0 0 0 0 0 0 0 0 0 0 0 0 0 ;
80 104 90 98 194 71 180 184 0 29 0 0 0 0 0 0 0 0 0 0 0 0 0 0 0 0 0 0 0 0 0 0 0 0 0 ;
9 0 170 196 37 107 134 0 3 95 195 0 0 0 0 0 0 0 0 0 0 0 0 0 0 0 0 0 0 0 0 0 0 0 0 ;
93 134 136 45 91 143 0 36 22 163 52 63 0 0 0 0 0 0 0 0 0 0 0 0 0 0 0 0 0 0 0 0 0 0 0 ;
0 2 69 197 24 123 155 0 55 195 89 133 123 0 0 0 0 0 0 0 0 0 0 0 0 0 0 0 0 0 0 0 0 0 0 ;
68 151 99 0 153 161 6 0 158 5 110 0 110 9 0 0 0 0 0 0 0 0 0 0 0 0 0 0 0 0 0 0 0 0 0 ;
200 91 0 0 0 0 0 188 184 198 156 192 114 66 158 0 0 0 0 0 0 0 0 0 0 0 0 0 0 0 0 0 0 0 0 ;
30 32 58 0 78 73 138 53 80 6 112 197 61 4 36 0 0 0 0 0 0 0 0 0 0 0 0 0 0 0 0 0 0 0 0 ;
106 0 77 188 87 61 170 51 148 171 87 0 96 16 0 5 0 0 0 0 0 0 0 0 0 0 0 0 0 0 0 0 0 0 0 ;
110 0 0 150 196 46 200 157 49 0 121 191 8 107 118 0 180 0 0 0 0 0 0 0 0 0 0 0 0 0 0 0 0 0 0 ;
35 70 70 142 12 97 111 146 16 191 79 47 68 177 0 0 0 159 165 0 0 0 0 0 0 0 0 0 0 0 0 0 0 0 0 ;
128 47 0 153 0 190 163 42 157 197 0 0 0 180 0 27 0 186 75 141 0 0 0 0 0 0 0 0 0 0 0 0 0 0 0 ;
0 168 0 177 117 167 141 59 67 86 200 25 59 0 53 45 144 0 130 37 0 0 0 0 0 0 0 0 0 0 0 0 0 0 0 ;
0 77 90 131 0 159 72 0 53 197 0 37 121 15 0 36 54 23 70 183 122 169 0 0 0 0 0 0 0 0 0 0 0 0 0 ;
164 0 0 75 0 118 104 114 100 139 144 187 163 133 0 0 148 4 166 155 172 0 46 0 0 0 0 0 0 0 0 0 0 0 0 ;
45 196 66 0 6 187 193 163 0 71 99 105 134 0 30 107 138 41 42 159 0 0 175 22 0 0 0 0 0 0 0 0 0 0 0 ;
13 114 0 8 0 0 184 80 41 33 170 56 139 0 0 132 135 178 159 36 112 188 0 97 101 0 0 0 0 0 0 0 0 0 0 ;
144 169 0 40 181 32 162 181 0 69 157 55 127 127 0 123 86 34 55 198 191 72 0 86 77 0 0 0 0 0 0 0 0 0 0 ;
42 91 0 123 70 169 64 190 0 155 22 0 140 32 49 1 178 3 111 117 41 0 0 41 123 138 76 0 0 0 0 0 0 0 0 ;
122 82 71 30 0 0 142 124 51 157 8 149 187 0 39 167 48 18 133 84 144 0 173 71 155 47 9 70 0 0 0 0 0 0 0 ;
107 37 178 0 136 0 29 56 176 104 0 0 3 195 0 45 165 0 56 179 1 78 0 99 117 41 169 15 10 0 0 0 0 0 0 ;
180 143 93 23 19 123 3 32 200 0 43 98 44 0 44 117 97 21 106 180 62 49 145 126 75 141 147 0 19 200 0 0 0 0 0 ;
43 114 4 42 111 117 0 14 97 0 113 153 0 62 50 157 98 138 22 105 125 122 199 0 15 35 0 0 111 92 27 0 0 0 0 ;
169 99 141 0 17 59 87 103 0 0 0 42 101 196 77 165 22 30 109 81 0 80 0 62 146 7 143 0 0 138 3 181 0 0 0 ;
150 148 72 0 115 0 152 0 123 0 170 1 0 86 56 136 147 0 36 86 24 98 0 45 0 65 0 162 198 0 54 199 155 0 0 ;
176 131 117 87 136 97 47 136 0 28 83 148 54 130 0 145 63 0 86 195 0 19 197 0 0 164 48 45 0 191 143 0 34 23 0 ;
149 47 123 8 150 180 86 74 67 0 161 121 52 128 101 84 0 0 0 132 172 38 12 42 129 60 37 17 134 96 0 143 0 44 135 ]
w=[45, 33, 10, 23, 10, 82, 5, 73, 32, 26, 97, 12, 13, 3, 99, 99, 88, 47, 50, 26, 64, 90, 25, 34, 97, 56, 99, 32, 99, 79, 8, 18, 2, 63, 88]
W=166 
k=7 
inst_name = "QKP_35_200_75" 
feasible = true 
Q2=[69 0 0 0 0 0 0 0 0 0 0 0 0 0 0 0 0 0 0 0 0 0 0 0 0 0 0 0 0 0 0 0 0 0 0; 200 200 0 0 0 0 0 0 0 0 0 0 0 0 0 0 0 0 0 0 0 0 0 0 0 0 0 0 0 0 0 0 0 0 0; 68 200 36 0 0 0 0 0 0 0 0 0 0 0 0 0 0 0 0 0 0 0 0 0 0 0 0 0 0 0 0 0 0 0 0; 155 22 200 200 0 0 0 0 0 0 0 0 0 0 0 0 0 0 0 0 0 0 0 0 0 0 0 0 0 0 0 0 0 0 0; 4 2 200 44 183 0 0 0 0 0 0 0 0 0 0 0 0 0 0 0 0 0 0 0 0 0 0 0 0 0 0 0 0 0 0; 186 1 13 185 200 3 0 0 0 0 0 0 0 0 0 0 0 0 0 0 0 0 0 0 0 0 0 0 0 0 0 0 0 0 0; 9 2 8 2 146 178 186 0 0 0 0 0 0 0 0 0 0 0 0 0 0 0 0 0 0 0 0 0 0 0 0 0 0 0 0; 200 200 19 7 1 200 57 182 0 0 0 0 0 0 0 0 0 0 0 0 0 0 0 0 0 0 0 0 0 0 0 0 0 0 0; 200 38 46 200 178 198 10 48 33 0 0 0 0 0 0 0 0 0 0 0 0 0 0 0 0 0 0 0 0 0 0 0 0 0 0; 152 25 145 143 6 143 11 8 200 177 0 0 0 0 0 0 0 0 0 0 0 0 0 0 0 0 0 0 0 0 0 0 0 0 0; 193 200 5 3 181 89 61 200 198 132 5 0 0 0 0 0 0 0 0 0 0 0 0 0 0 0 0 0 0 0 0 0 0 0 0; 108 45 40 171 180 47 200 182 180 8 195 158 0 0 0 0 0 0 0 0 0 0 0 0 0 0 0 0 0 0 0 0 0 0 0; 200 198 162 3 194 40 45 200 169 2 163 3 68 0 0 0 0 0 0 0 0 0 0 0 0 0 0 0 0 0 0 0 0 0 0; 138 37 138 200 34 29 198 200 2 198 42 200 13 199 0 0 0 0 0 0 0 0 0 0 0 0 0 0 0 0 0 0 0 0 0; 0 155 200 200 200 200 200 12 15 0 31 4 29 143 37 0 0 0 0 0 0 0 0 0 0 0 0 0 0 0 0 0 0 0 0; 176 170 181 200 185 140 1 190 128 194 31 2 157 198 177 200 0 0 0 0 0 0 0 0 0 0 0 0 0 0 0 0 0 0 0; 19 200 177 2 178 190 16 197 44 29 130 200 160 200 200 195 200 0 0 0 0 0 0 0 0 0 0 0 0 0 0 0 0 0 0; 80 200 200 34 0 154 0 36 191 200 27 2 192 46 75 200 12 200 0 0 0 0 0 0 0 0 0 0 0 0 0 0 0 0 0; 191 148 136 58 188 126 9 20 198 5 194 185 156 8 200 200 200 29 23 0 0 0 0 0 0 0 0 0 0 0 0 0 0 0 0; 10 186 200 8 200 0 13 196 24 3 200 200 200 5 200 173 200 7 176 42 0 0 0 0 0 0 0 0 0 0 0 0 0 0 0; 200 19 200 9 76 23 59 167 200 177 0 189 165 200 177 190 37 200 46 176 200 0 0 0 0 0 0 0 0 0 0 0 0 0 0; 200 130 193 56 200 6 145 200 194 0 200 195 62 199 200 199 146 186 191 6 2 10 0 0 0 0 0 0 0 0 0 0 0 0 0; 28 200 200 198 200 80 13 1 60 40 10 10 15 48 200 200 29 198 29 12 17 200 195 0 0 0 0 0 0 0 0 0 0 0 0; 189 4 155 200 199 5 0 9 200 141 113 33 20 200 190 57 54 170 184 23 200 200 19 185 0 0 0 0 0 0 0 0 0 0 0; 200 24 200 194 200 200 16 197 198 196 25 200 61 200 200 25 64 11 38 185 47 0 200 117 50 0 0 0 0 0 0 0 0 0 0; 55 2 200 187 16 171 2 11 200 146 29 174 71 0 200 2 128 185 199 2 1 160 200 119 160 200 0 0 0 0 0 0 0 0 0; 159 150 200 59 140 30 138 4 200 30 178 200 7 180 168 200 9 199 11 24 168 200 200 168 69 10 180 0 0 0 0 0 0 0 0; 33 192 167 176 200 200 48 1 195 33 198 25 6 200 180 30 171 185 33 166 2 200 2 161 30 168 191 135 0 0 0 0 0 0 0; 38 171 3 200 39 200 195 157 23 91 200 200 197 1 200 170 2 200 160 4 199 141 200 152 72 163 21 185 199 0 0 0 0 0 0; 8 32 185 180 197 56 198 177 0 200 182 150 185 200 170 14 140 179 85 7 194 200 19 9 155 6 24 200 196 0 0 0 0 0 0; 177 3 198 183 5 6 200 195 154 200 62 18 200 174 174 29 191 33 184 33 69 24 0 200 192 188 200 200 30 186 173 0 0 0 0; 10 189 34 200 194 141 113 65 200 200 200 176 78 3 190 8 191 173 12 193 200 158 200 179 31 198 22 200 200 0 198 13 0 0 0; 2 20 140 200 20 200 39 200 64 200 8 199 200 172 199 15 20 200 184 157 179 153 200 164 200 176 200 17 0 200 200 1 12 0 0; 11 49 51 148 29 123 177 59 200 193 155 45 187 4 200 38 199 200 126 4 200 181 3 200 200 29 174 157 200 9 48 200 169 181 0; 36 184 61 199 40 13 142 161 174 200 37 32 175 8 54 134 200 200 200 16 17 173 197 175 13 175 179 190 24 166 200 43 200 171 57]
