n=35
density=75
Q1=[40 0 0 0 0 0 0 0 0 0 0 0 0 0 0 0 0 0 0 0 0 0 0 0 0 0 0 0 0 0 0 0 0 0 0 ;
0 0 0 0 0 0 0 0 0 0 0 0 0 0 0 0 0 0 0 0 0 0 0 0 0 0 0 0 0 0 0 0 0 0 0 ;
98 4 0 0 0 0 0 0 0 0 0 0 0 0 0 0 0 0 0 0 0 0 0 0 0 0 0 0 0 0 0 0 0 0 0 ;
20 66 0 52 0 0 0 0 0 0 0 0 0 0 0 0 0 0 0 0 0 0 0 0 0 0 0 0 0 0 0 0 0 0 0 ;
0 25 0 0 18 0 0 0 0 0 0 0 0 0 0 0 0 0 0 0 0 0 0 0 0 0 0 0 0 0 0 0 0 0 0 ;
5 22 36 0 51 20 0 0 0 0 0 0 0 0 0 0 0 0 0 0 0 0 0 0 0 0 0 0 0 0 0 0 0 0 0 ;
28 5 38 0 23 90 16 0 0 0 0 0 0 0 0 0 0 0 0 0 0 0 0 0 0 0 0 0 0 0 0 0 0 0 0 ;
0 0 100 83 31 0 26 31 0 0 0 0 0 0 0 0 0 0 0 0 0 0 0 0 0 0 0 0 0 0 0 0 0 0 0 ;
0 43 0 95 49 13 70 0 100 0 0 0 0 0 0 0 0 0 0 0 0 0 0 0 0 0 0 0 0 0 0 0 0 0 0 ;
24 41 0 97 0 43 31 0 0 100 0 0 0 0 0 0 0 0 0 0 0 0 0 0 0 0 0 0 0 0 0 0 0 0 0 ;
78 51 38 87 0 32 33 74 62 0 0 0 0 0 0 0 0 0 0 0 0 0 0 0 0 0 0 0 0 0 0 0 0 0 0 ;
45 54 13 0 21 0 51 37 82 0 68 87 0 0 0 0 0 0 0 0 0 0 0 0 0 0 0 0 0 0 0 0 0 0 0 ;
0 99 0 0 29 32 32 67 90 0 32 40 77 0 0 0 0 0 0 0 0 0 0 0 0 0 0 0 0 0 0 0 0 0 0 ;
32 55 3 8 69 30 17 0 83 99 0 15 2 61 0 0 0 0 0 0 0 0 0 0 0 0 0 0 0 0 0 0 0 0 0 ;
0 0 90 6 79 38 68 0 100 65 0 5 81 77 83 0 0 0 0 0 0 0 0 0 0 0 0 0 0 0 0 0 0 0 0 ;
16 36 44 0 0 52 23 37 0 95 19 2 51 42 81 7 0 0 0 0 0 0 0 0 0 0 0 0 0 0 0 0 0 0 0 ;
71 43 4 38 0 0 21 5 0 6 35 24 67 81 40 0 96 0 0 0 0 0 0 0 0 0 0 0 0 0 0 0 0 0 0 ;
91 41 0 90 62 0 64 69 95 88 51 67 32 0 0 52 86 0 0 0 0 0 0 0 0 0 0 0 0 0 0 0 0 0 0 ;
1 0 66 79 13 20 52 43 0 0 11 45 54 4 95 21 64 0 24 0 0 0 0 0 0 0 0 0 0 0 0 0 0 0 0 ;
89 0 0 33 0 40 62 37 95 0 87 11 79 0 100 63 34 11 52 21 0 0 0 0 0 0 0 0 0 0 0 0 0 0 0 ;
44 94 90 0 46 68 0 0 0 54 6 64 34 0 5 83 2 0 50 16 45 0 0 0 0 0 0 0 0 0 0 0 0 0 0 ;
66 33 91 16 73 54 94 27 40 60 23 63 6 26 0 98 0 47 0 0 0 75 0 0 0 0 0 0 0 0 0 0 0 0 0 ;
32 51 92 95 0 0 27 0 0 99 59 87 21 79 5 84 33 44 0 85 47 4 46 0 0 0 0 0 0 0 0 0 0 0 0 ;
35 20 13 0 71 34 54 61 67 0 43 5 53 33 32 88 10 51 53 0 76 0 22 89 0 0 0 0 0 0 0 0 0 0 0 ;
44 73 0 0 0 3 42 95 48 17 1 34 0 86 0 87 99 65 20 0 5 32 7 72 45 0 0 0 0 0 0 0 0 0 0 ;
92 44 0 77 0 97 72 67 37 0 39 29 91 71 82 0 80 100 20 0 50 78 99 97 76 81 0 0 0 0 0 0 0 0 0 ;
41 94 44 79 9 28 45 0 0 27 62 33 23 58 0 0 41 41 57 18 50 0 0 92 52 86 6 0 0 0 0 0 0 0 0 ;
71 77 33 2 0 70 0 51 92 59 0 23 65 45 0 46 49 0 99 7 96 56 33 0 49 79 65 79 0 0 0 0 0 0 0 ;
96 54 0 40 0 0 35 77 0 78 3 77 0 29 21 88 28 52 59 46 14 0 0 58 4 1 64 0 19 0 0 0 0 0 0 ;
40 26 0 0 22 20 0 52 21 28 0 0 0 6 7 0 0 54 54 78 80 95 41 92 11 43 48 33 0 89 0 0 0 0 0 ;
0 22 0 47 48 40 5 0 28 69 0 47 52 84 0 31 68 26 52 53 80 0 37 23 83 83 6 75 59 3 66 0 0 0 0 ;
35 0 40 93 0 12 57 68 37 52 0 42 4 82 88 20 74 8 34 38 43 74 21 0 26 74 25 33 30 55 0 18 0 0 0 ;
45 25 24 0 90 71 0 18 19 75 13 61 7 0 89 85 44 0 75 82 0 0 1 0 41 0 49 49 7 0 32 70 0 0 0 ;
39 69 3 15 0 47 0 0 52 0 65 68 62 68 49 14 96 33 39 98 0 69 67 23 0 90 72 36 56 0 43 38 0 64 0 ;
41 84 43 24 84 0 95 16 0 0 45 9 63 44 32 90 71 14 71 6 30 0 49 93 0 5 61 36 40 30 35 55 49 14 26 ]
w=[28, 36, 11, 3, 12, 42, 46, 15, 20, 7, 27, 50, 16, 35, 31, 10, 29, 30, 38, 46, 24, 1, 7, 49, 26, 40, 23, 48, 5, 31, 29, 37, 44, 18, 2]
W=103 
k=5 
inst_name = "QKP_35_100_75" 
feasible = true 
Q2=[90 0 0 0 0 0 0 0 0 0 0 0 0 0 0 0 0 0 0 0 0 0 0 0 0 0 0 0 0 0 0 0 0 0 0; 100 100 0 0 0 0 0 0 0 0 0 0 0 0 0 0 0 0 0 0 0 0 0 0 0 0 0 0 0 0 0 0 0 0 0; 2 96 100 0 0 0 0 0 0 0 0 0 0 0 0 0 0 0 0 0 0 0 0 0 0 0 0 0 0 0 0 0 0 0 0; 80 14 100 38 0 0 0 0 0 0 0 0 0 0 0 0 0 0 0 0 0 0 0 0 0 0 0 0 0 0 0 0 0 0 0; 100 88 100 100 86 0 0 0 0 0 0 0 0 0 0 0 0 0 0 0 0 0 0 0 0 0 0 0 0 0 0 0 0 0 0; 99 92 76 100 19 86 0 0 0 0 0 0 0 0 0 0 0 0 0 0 0 0 0 0 0 0 0 0 0 0 0 0 0 0 0; 88 98 81 100 85 4 87 0 0 0 0 0 0 0 0 0 0 0 0 0 0 0 0 0 0 0 0 0 0 0 0 0 0 0 0; 100 100 0 2 70 100 94 94 0 0 0 0 0 0 0 0 0 0 0 0 0 0 0 0 0 0 0 0 0 0 0 0 0 0 0; 100 89 100 2 67 99 22 100 0 0 0 0 0 0 0 0 0 0 0 0 0 0 0 0 0 0 0 0 0 0 0 0 0 0 0; 85 70 100 1 100 66 86 100 100 0 0 0 0 0 0 0 0 0 0 0 0 0 0 0 0 0 0 0 0 0 0 0 0 0 0; 6 29 69 9 100 99 98 6 16 100 100 0 0 0 0 0 0 0 0 0 0 0 0 0 0 0 0 0 0 0 0 0 0 0 0; 55 32 95 100 95 100 31 82 2 100 29 4 0 0 0 0 0 0 0 0 0 0 0 0 0 0 0 0 0 0 0 0 0 0 0; 100 0 100 100 93 85 100 3 4 100 87 61 21 0 0 0 0 0 0 0 0 0 0 0 0 0 0 0 0 0 0 0 0 0 0; 71 34 98 95 22 92 93 100 0 1 100 85 98 35 0 0 0 0 0 0 0 0 0 0 0 0 0 0 0 0 0 0 0 0 0; 100 100 0 96 8 92 7 100 0 4 100 98 6 3 15 0 0 0 0 0 0 0 0 0 0 0 0 0 0 0 0 0 0 0 0; 87 66 85 100 100 8 77 93 100 0 88 99 14 79 7 96 0 0 0 0 0 0 0 0 0 0 0 0 0 0 0 0 0 0 0; 6 88 99 70 100 100 90 100 100 100 72 76 19 19 63 100 1 0 0 0 0 0 0 0 0 0 0 0 0 0 0 0 0 0 0; 8 84 100 7 1 100 23 26 4 7 17 7 69 100 100 16 9 100 0 0 0 0 0 0 0 0 0 0 0 0 0 0 0 0 0; 100 100 3 21 87 85 5 73 100 100 99 86 16 97 1 91 12 100 92 0 0 0 0 0 0 0 0 0 0 0 0 0 0 0 0; 1 100 100 73 100 62 13 96 3 100 3 91 18 100 0 0 97 94 32 94 0 0 0 0 0 0 0 0 0 0 0 0 0 0 0; 63 4 4 100 96 23 100 100 100 34 100 20 80 100 98 14 99 100 33 90 92 0 0 0 0 0 0 0 0 0 0 0 0 0 0; 19 70 9 97 17 7 1 87 96 4 100 32 99 98 100 2 100 71 100 100 100 8 0 0 0 0 0 0 0 0 0 0 0 0 0; 92 11 6 5 100 100 76 100 100 1 7 10 87 15 100 3 86 76 100 4 81 96 95 0 0 0 0 0 0 0 0 0 0 0 0; 92 100 91 100 24 78 2 10 20 100 62 97 14 72 90 8 99 13 29 100 2 100 95 3 0 0 0 0 0 0 0 0 0 0 0; 98 7 100 100 100 99 99 5 97 98 100 100 100 9 100 5 1 17 99 100 98 68 93 4 78 0 0 0 0 0 0 0 0 0 0; 8 59 100 15 100 0 2 20 73 100 87 86 9 0 3 100 3 0 100 100 5 10 0 0 12 4 0 0 0 0 0 0 0 0 0; 60 3 60 16 92 99 56 100 100 91 1 82 80 16 100 100 75 84 5 87 11 100 100 2 43 2 99 0 0 0 0 0 0 0 0; 12 21 85 98 100 12 100 1 7 32 100 88 16 94 100 96 71 100 0 97 0 8 70 100 84 6 0 1 0 0 0 0 0 0 0; 2 9 100 60 100 100 94 5 100 21 97 14 100 79 87 4 74 2 12 64 91 100 100 22 100 99 24 100 97 0 0 0 0 0 0; 76 89 100 100 97 95 100 14 100 96 100 100 100 99 95 100 100 1 42 8 18 5 73 1 93 61 74 68 100 2 0 0 0 0 0; 100 78 100 81 55 63 99 100 87 21 100 71 40 9 100 90 29 88 13 16 19 100 72 93 7 11 97 8 14 100 1 0 0 0 0; 77 100 83 4 100 88 0 22 78 13 100 76 99 12 11 85 16 93 70 97 60 12 84 100 89 17 85 70 93 0 100 94 0 0 0; 57 85 80 100 2 12 100 100 97 23 90 13 93 100 11 3 72 100 14 9 100 100 100 100 87 100 97 73 93 100 100 27 100 0 0; 79 22 99 91 100 62 100 100 27 100 16 28 29 1 90 96 4 71 66 2 100 0 29 94 100 8 13 66 26 100 94 69 100 6 0; 88 11 91 96 13 100 1 92 100 100 97 95 19 60 86 2 10 100 4 95 88 100 85 3 100 98 17 80 74 90 77 34 55 91 97]
