n=50
density=50
Q1=[0 0 0 0 0 0 0 0 0 0 0 0 0 0 0 0 0 0 0 0 0 0 0 0 0 0 0 0 0 0 0 0 0 0 0 0 0 0 0 0 0 0 0 0 0 0 0 0 0 0 ;
0 122 0 0 0 0 0 0 0 0 0 0 0 0 0 0 0 0 0 0 0 0 0 0 0 0 0 0 0 0 0 0 0 0 0 0 0 0 0 0 0 0 0 0 0 0 0 0 0 0 ;
0 0 0 0 0 0 0 0 0 0 0 0 0 0 0 0 0 0 0 0 0 0 0 0 0 0 0 0 0 0 0 0 0 0 0 0 0 0 0 0 0 0 0 0 0 0 0 0 0 0 ;
9 106 0 0 0 0 0 0 0 0 0 0 0 0 0 0 0 0 0 0 0 0 0 0 0 0 0 0 0 0 0 0 0 0 0 0 0 0 0 0 0 0 0 0 0 0 0 0 0 0 ;
0 0 52 163 124 0 0 0 0 0 0 0 0 0 0 0 0 0 0 0 0 0 0 0 0 0 0 0 0 0 0 0 0 0 0 0 0 0 0 0 0 0 0 0 0 0 0 0 0 0 ;
0 133 93 0 118 154 0 0 0 0 0 0 0 0 0 0 0 0 0 0 0 0 0 0 0 0 0 0 0 0 0 0 0 0 0 0 0 0 0 0 0 0 0 0 0 0 0 0 0 0 ;
0 0 149 0 175 172 0 0 0 0 0 0 0 0 0 0 0 0 0 0 0 0 0 0 0 0 0 0 0 0 0 0 0 0 0 0 0 0 0 0 0 0 0 0 0 0 0 0 0 0 ;
0 0 103 16 152 0 0 153 0 0 0 0 0 0 0 0 0 0 0 0 0 0 0 0 0 0 0 0 0 0 0 0 0 0 0 0 0 0 0 0 0 0 0 0 0 0 0 0 0 0 ;
0 136 0 0 159 0 145 0 57 0 0 0 0 0 0 0 0 0 0 0 0 0 0 0 0 0 0 0 0 0 0 0 0 0 0 0 0 0 0 0 0 0 0 0 0 0 0 0 0 0 ;
108 0 116 0 34 158 0 0 0 0 0 0 0 0 0 0 0 0 0 0 0 0 0 0 0 0 0 0 0 0 0 0 0 0 0 0 0 0 0 0 0 0 0 0 0 0 0 0 0 0 ;
83 109 141 117 114 0 16 13 0 45 0 0 0 0 0 0 0 0 0 0 0 0 0 0 0 0 0 0 0 0 0 0 0 0 0 0 0 0 0 0 0 0 0 0 0 0 0 0 0 0 ;
0 0 51 0 108 82 0 0 147 0 122 0 0 0 0 0 0 0 0 0 0 0 0 0 0 0 0 0 0 0 0 0 0 0 0 0 0 0 0 0 0 0 0 0 0 0 0 0 0 0 ;
0 0 173 0 0 158 117 30 25 0 14 0 134 0 0 0 0 0 0 0 0 0 0 0 0 0 0 0 0 0 0 0 0 0 0 0 0 0 0 0 0 0 0 0 0 0 0 0 0 0 ;
0 0 91 0 173 0 0 184 0 0 174 166 90 169 0 0 0 0 0 0 0 0 0 0 0 0 0 0 0 0 0 0 0 0 0 0 0 0 0 0 0 0 0 0 0 0 0 0 0 0 ;
0 82 0 138 0 175 50 0 93 80 0 180 0 41 81 0 0 0 0 0 0 0 0 0 0 0 0 0 0 0 0 0 0 0 0 0 0 0 0 0 0 0 0 0 0 0 0 0 0 0 ;
0 108 53 0 46 0 24 177 194 79 59 0 0 0 73 10 0 0 0 0 0 0 0 0 0 0 0 0 0 0 0 0 0 0 0 0 0 0 0 0 0 0 0 0 0 0 0 0 0 0 ;
193 0 136 0 0 33 0 17 0 6 0 176 113 0 0 135 0 0 0 0 0 0 0 0 0 0 0 0 0 0 0 0 0 0 0 0 0 0 0 0 0 0 0 0 0 0 0 0 0 0 ;
0 0 0 85 74 200 41 11 3 0 120 57 198 41 0 30 0 0 0 0 0 0 0 0 0 0 0 0 0 0 0 0 0 0 0 0 0 0 0 0 0 0 0 0 0 0 0 0 0 0 ;
0 146 0 167 0 72 0 0 127 121 183 49 31 81 139 0 52 0 69 0 0 0 0 0 0 0 0 0 0 0 0 0 0 0 0 0 0 0 0 0 0 0 0 0 0 0 0 0 0 0 ;
0 106 0 82 101 57 0 0 14 46 41 0 121 0 80 0 0 97 0 195 0 0 0 0 0 0 0 0 0 0 0 0 0 0 0 0 0 0 0 0 0 0 0 0 0 0 0 0 0 0 ;
0 0 0 106 0 0 36 135 154 158 29 0 173 156 160 177 69 86 0 0 0 0 0 0 0 0 0 0 0 0 0 0 0 0 0 0 0 0 0 0 0 0 0 0 0 0 0 0 0 0 ;
153 0 0 99 44 152 169 0 0 0 181 180 0 0 188 0 93 63 79 119 93 136 0 0 0 0 0 0 0 0 0 0 0 0 0 0 0 0 0 0 0 0 0 0 0 0 0 0 0 0 ;
124 0 0 91 29 0 47 129 0 160 147 195 0 0 40 119 178 0 141 0 0 156 116 0 0 0 0 0 0 0 0 0 0 0 0 0 0 0 0 0 0 0 0 0 0 0 0 0 0 0 ;
164 82 29 137 0 0 39 110 76 112 97 119 0 37 0 0 0 0 23 0 190 0 0 76 0 0 0 0 0 0 0 0 0 0 0 0 0 0 0 0 0 0 0 0 0 0 0 0 0 0 ;
82 2 0 165 34 140 30 0 186 0 0 0 177 84 0 19 0 0 59 185 71 123 0 165 83 0 0 0 0 0 0 0 0 0 0 0 0 0 0 0 0 0 0 0 0 0 0 0 0 0 ;
0 0 5 0 0 196 147 48 0 117 0 0 0 103 46 0 0 116 81 122 0 19 0 0 0 0 0 0 0 0 0 0 0 0 0 0 0 0 0 0 0 0 0 0 0 0 0 0 0 0 ;
115 169 161 91 90 148 16 66 67 0 0 0 91 103 0 152 0 0 123 0 0 0 0 0 0 0 149 0 0 0 0 0 0 0 0 0 0 0 0 0 0 0 0 0 0 0 0 0 0 0 ;
0 0 0 45 112 72 0 0 0 0 18 0 2 109 0 0 110 165 150 0 173 49 32 159 0 186 135 0 0 0 0 0 0 0 0 0 0 0 0 0 0 0 0 0 0 0 0 0 0 0 ;
69 0 0 0 84 48 166 0 0 106 0 0 171 0 0 0 145 0 0 0 47 0 0 117 133 175 0 17 0 0 0 0 0 0 0 0 0 0 0 0 0 0 0 0 0 0 0 0 0 0 ;
124 0 0 0 0 0 121 0 0 121 39 0 0 104 0 0 24 142 0 78 0 17 0 0 155 153 0 199 144 174 0 0 0 0 0 0 0 0 0 0 0 0 0 0 0 0 0 0 0 0 ;
0 118 0 0 89 0 0 170 0 92 94 171 195 119 0 39 0 0 87 114 0 140 0 0 0 0 38 0 154 0 0 0 0 0 0 0 0 0 0 0 0 0 0 0 0 0 0 0 0 0 ;
185 46 168 148 0 136 93 78 0 0 0 77 0 94 2 26 0 52 0 143 125 0 93 0 94 59 0 161 0 28 0 53 0 0 0 0 0 0 0 0 0 0 0 0 0 0 0 0 0 0 ;
0 142 75 0 0 0 0 0 132 194 0 94 3 0 0 162 130 162 95 0 4 138 0 188 101 167 141 153 0 0 0 0 0 0 0 0 0 0 0 0 0 0 0 0 0 0 0 0 0 0 ;
29 0 95 1 149 0 178 0 158 90 0 0 94 0 81 123 0 0 0 5 0 0 128 0 0 86 0 0 126 0 117 128 0 118 0 0 0 0 0 0 0 0 0 0 0 0 0 0 0 0 ;
0 0 89 0 3 28 0 161 148 0 143 183 0 2 0 101 0 14 184 0 0 43 105 0 0 182 0 0 0 0 0 0 0 25 0 0 0 0 0 0 0 0 0 0 0 0 0 0 0 0 ;
186 0 0 0 115 0 0 13 195 0 151 0 136 0 0 0 0 0 152 64 0 0 157 0 0 10 17 0 0 0 80 114 0 96 140 0 0 0 0 0 0 0 0 0 0 0 0 0 0 0 ;
50 115 58 35 181 177 78 8 0 0 0 42 157 134 0 116 0 0 0 147 80 155 0 14 184 0 122 17 123 187 0 143 69 0 176 0 97 0 0 0 0 0 0 0 0 0 0 0 0 0 ;
133 28 0 0 0 183 55 0 23 0 162 163 83 149 0 0 129 16 0 0 180 0 0 0 0 47 185 0 109 0 6 174 117 0 178 0 141 0 0 0 0 0 0 0 0 0 0 0 0 0 ;
96 102 0 0 141 0 0 123 0 0 55 0 0 0 153 0 130 196 132 38 3 0 0 0 73 0 103 136 59 168 183 84 61 0 0 0 0 0 133 0 0 0 0 0 0 0 0 0 0 0 ;
19 0 137 0 2 189 169 31 10 0 132 10 0 33 192 0 0 0 194 42 1 150 2 0 0 167 0 69 195 116 0 12 0 0 149 0 152 125 0 4 0 0 0 0 0 0 0 0 0 0 ;
0 14 0 0 0 76 0 131 0 92 0 53 91 31 0 0 65 0 70 12 18 192 0 75 0 0 0 2 189 143 52 109 0 117 53 0 20 0 0 80 0 0 0 0 0 0 0 0 0 0 ;
130 74 0 35 0 14 0 0 25 110 0 0 167 190 120 0 0 0 161 160 160 0 34 0 177 0 0 41 0 0 0 1 5 0 189 4 0 145 14 135 134 0 0 0 0 0 0 0 0 0 ;
0 0 156 179 167 90 43 89 0 0 96 63 0 78 172 65 83 0 0 154 0 197 0 127 0 0 126 150 14 0 99 110 187 40 0 0 0 81 104 0 0 0 0 0 0 0 0 0 0 0 ;
0 53 0 0 0 71 0 87 92 162 197 146 0 56 0 0 0 0 0 0 0 104 0 48 139 0 9 0 161 69 0 147 15 0 0 120 0 0 0 0 0 0 171 6 0 0 0 0 0 0 ;
133 0 96 43 0 118 116 196 0 90 187 0 0 0 0 108 0 0 68 0 169 0 20 0 0 42 0 0 200 52 25 179 59 0 145 0 189 0 179 0 156 0 0 0 195 0 0 0 0 0 ;
187 24 42 100 150 173 159 125 40 0 0 0 0 0 14 171 0 0 134 0 106 55 50 0 102 181 135 0 0 0 78 35 41 0 33 0 0 0 0 66 108 0 0 0 0 0 0 0 0 0 ;
0 32 168 152 135 105 0 180 7 13 140 51 0 30 0 106 55 0 0 0 116 168 101 0 0 154 197 42 0 32 0 0 132 35 0 0 199 95 0 144 195 34 0 0 186 0 0 0 0 0 ;
105 0 181 0 13 0 106 0 0 139 194 93 0 41 109 0 0 0 0 66 191 98 0 114 0 167 104 142 0 113 84 183 0 181 0 0 0 0 41 0 93 0 66 62 56 0 143 0 0 0 ;
0 114 112 61 0 0 0 0 193 41 101 51 0 0 0 0 0 0 81 0 7 105 0 0 170 0 0 128 0 76 0 12 0 0 45 160 43 0 0 0 156 22 147 97 0 13 0 55 0 0 ;
71 156 51 0 0 0 11 0 0 0 193 0 0 0 0 49 0 8 105 94 2 0 0 51 123 124 0 5 182 0 0 0 149 0 0 0 0 157 0 4 172 6 0 150 164 0 0 25 0 0 ]
w=[38, 84, 34, 37, 39, 1, 48, 98, 37, 27, 52, 38, 44, 98, 36, 27, 57, 76, 84, 86, 36, 27, 20, 67, 70, 89, 3, 38, 15, 42, 22, 39, 49, 92, 56, 13, 28, 46, 32, 76, 91, 56, 99, 5, 100, 40, 98, 83, 83, 76]
W=209 
k=8 
inst_name = "QKP_50_200_50" 
feasible = true 
Q2=[200 0 0 0 0 0 0 0 0 0 0 0 0 0 0 0 0 0 0 0 0 0 0 0 0 0 0 0 0 0 0 0 0 0 0 0 0 0 0 0 0 0 0 0 0 0 0 0 0 0; 200 25 0 0 0 0 0 0 0 0 0 0 0 0 0 0 0 0 0 0 0 0 0 0 0 0 0 0 0 0 0 0 0 0 0 0 0 0 0 0 0 0 0 0 0 0 0 0 0 0; 200 200 200 0 0 0 0 0 0 0 0 0 0 0 0 0 0 0 0 0 0 0 0 0 0 0 0 0 0 0 0 0 0 0 0 0 0 0 0 0 0 0 0 0 0 0 0 0 0 0; 198 67 200 200 0 0 0 0 0 0 0 0 0 0 0 0 0 0 0 0 0 0 0 0 0 0 0 0 0 0 0 0 0 0 0 0 0 0 0 0 0 0 0 0 0 0 0 0 0 0; 200 200 168 15 42 0 0 0 0 0 0 0 0 0 0 0 0 0 0 0 0 0 0 0 0 0 0 0 0 0 0 0 0 0 0 0 0 0 0 0 0 0 0 0 0 0 0 0 0 0; 200 37 166 200 27 29 0 0 0 0 0 0 0 0 0 0 0 0 0 0 0 0 0 0 0 0 0 0 0 0 0 0 0 0 0 0 0 0 0 0 0 0 0 0 0 0 0 0 0 0; 200 200 7 200 23 18 200 0 0 0 0 0 0 0 0 0 0 0 0 0 0 0 0 0 0 0 0 0 0 0 0 0 0 0 0 0 0 0 0 0 0 0 0 0 0 0 0 0 0 0; 200 200 92 194 9 200 200 34 0 0 0 0 0 0 0 0 0 0 0 0 0 0 0 0 0 0 0 0 0 0 0 0 0 0 0 0 0 0 0 0 0 0 0 0 0 0 0 0 0 0; 200 39 200 200 16 200 54 200 164 0 0 0 0 0 0 0 0 0 0 0 0 0 0 0 0 0 0 0 0 0 0 0 0 0 0 0 0 0 0 0 0 0 0 0 0 0 0 0 0 0; 23 200 54 200 182 14 200 200 200 200 0 0 0 0 0 0 0 0 0 0 0 0 0 0 0 0 0 0 0 0 0 0 0 0 0 0 0 0 0 0 0 0 0 0 0 0 0 0 0 0; 184 35 0 77 22 200 187 194 200 196 200 0 0 0 0 0 0 0 0 0 0 0 0 0 0 0 0 0 0 0 0 0 0 0 0 0 0 0 0 0 0 0 0 0 0 0 0 0 0 0; 200 200 158 200 15 151 200 200 11 200 23 200 0 0 0 0 0 0 0 0 0 0 0 0 0 0 0 0 0 0 0 0 0 0 0 0 0 0 0 0 0 0 0 0 0 0 0 0 0 0; 200 200 13 200 200 16 48 180 188 200 198 200 29 0 0 0 0 0 0 0 0 0 0 0 0 0 0 0 0 0 0 0 0 0 0 0 0 0 0 0 0 0 0 0 0 0 0 0 0 0; 200 200 130 200 17 200 200 0 200 200 19 16 146 18 0 0 0 0 0 0 0 0 0 0 0 0 0 0 0 0 0 0 0 0 0 0 0 0 0 0 0 0 0 0 0 0 0 0 0 0; 200 119 200 14 200 8 197 200 199 180 200 18 200 169 178 0 0 0 0 0 0 0 0 0 0 0 0 0 0 0 0 0 0 0 0 0 0 0 0 0 0 0 0 0 0 0 0 0 0 0; 200 51 175 200 185 200 186 23 3 151 175 200 200 200 139 192 0 0 0 0 0 0 0 0 0 0 0 0 0 0 0 0 0 0 0 0 0 0 0 0 0 0 0 0 0 0 0 0 0 0; 4 200 28 200 200 174 200 188 200 198 200 21 53 200 200 14 200 0 0 0 0 0 0 0 0 0 0 0 0 0 0 0 0 0 0 0 0 0 0 0 0 0 0 0 0 0 0 0 0 0; 200 200 200 134 191 0 171 198 200 200 22 171 2 199 200 188 200 200 0 0 0 0 0 0 0 0 0 0 0 0 0 0 0 0 0 0 0 0 0 0 0 0 0 0 0 0 0 0 0 0; 200 3 200 19 200 128 200 200 60 5 1 163 196 191 47 200 167 200 143 0 0 0 0 0 0 0 0 0 0 0 0 0 0 0 0 0 0 0 0 0 0 0 0 0 0 0 0 0 0 0; 200 68 200 196 74 181 200 200 195 162 167 200 3 200 149 200 200 197 200 0 0 0 0 0 0 0 0 0 0 0 0 0 0 0 0 0 0 0 0 0 0 0 0 0 0 0 0 0 0 0; 200 200 200 93 200 200 172 48 10 14 195 200 22 16 3 1 172 156 200 200 200 0 0 0 0 0 0 0 0 0 0 0 0 0 0 0 0 0 0 0 0 0 0 0 0 0 0 0 0 0; 38 200 200 188 169 40 0 200 200 200 6 0 200 200 5 200 152 139 132 79 176 58 0 0 0 0 0 0 0 0 0 0 0 0 0 0 0 0 0 0 0 0 0 0 0 0 0 0 0 0; 33 200 200 128 184 200 191 67 200 7 32 2 200 200 165 67 21 200 35 200 200 29 26 0 0 0 0 0 0 0 0 0 0 0 0 0 0 0 0 0 0 0 0 0 0 0 0 0 0 0; 16 176 193 42 200 200 169 26 173 72 108 30 200 188 200 200 200 200 195 200 5 200 200 130 0 0 0 0 0 0 0 0 0 0 0 0 0 0 0 0 0 0 0 0 0 0 0 0 0 0; 125 200 200 3 182 29 200 200 7 200 200 200 19 139 200 195 200 200 152 12 173 38 200 23 154 0 0 0 0 0 0 0 0 0 0 0 0 0 0 0 0 0 0 0 0 0 0 0 0 0; 200 200 197 200 200 1 18 198 200 42 200 200 200 32 183 200 200 37 135 39 200 182 200 200 200 200 0 0 0 0 0 0 0 0 0 0 0 0 0 0 0 0 0 0 0 0 0 0 0 0; 55 25 30 143 190 47 200 200 141 200 200 200 165 40 200 3 200 200 49 200 200 200 200 200 200 200 13 0 0 0 0 0 0 0 0 0 0 0 0 0 0 0 0 0 0 0 0 0 0 0; 200 200 200 177 57 171 200 200 200 200 190 200 200 25 200 200 31 32 48 200 22 194 195 10 200 5 23 200 0 0 0 0 0 0 0 0 0 0 0 0 0 0 0 0 0 0 0 0 0 0; 143 200 200 200 178 187 22 200 200 65 200 200 1 200 200 200 11 200 200 200 194 200 200 76 65 1 200 195 200 0 0 0 0 0 0 0 0 0 0 0 0 0 0 0 0 0 0 0 0 0; 56 200 200 200 200 200 35 200 200 68 189 200 200 14 200 200 195 41 200 132 200 199 200 200 14 13 200 1 2 2 0 0 0 0 0 0 0 0 0 0 0 0 0 0 0 0 0 0 0 0; 200 36 200 200 113 200 200 20 200 111 190 29 2 61 200 185 200 200 147 83 200 15 200 200 200 200 163 200 32 200 200 0 0 0 0 0 0 0 0 0 0 0 0 0 0 0 0 0 0 0; 5 171 13 41 200 59 178 140 200 200 200 194 200 171 199 195 200 150 200 2 57 200 130 200 170 198 200 34 200 186 200 150 0 0 0 0 0 0 0 0 0 0 0 0 0 0 0 0 0 0; 200 45 195 200 200 200 200 200 40 6 200 140 198 200 200 8 41 25 181 200 200 26 200 11 33 20 30 9 200 200 200 200 200 0 0 0 0 0 0 0 0 0 0 0 0 0 0 0 0 0; 197 200 151 200 42 200 2 200 14 159 200 200 124 200 184 47 200 200 200 195 200 200 50 200 200 172 200 200 36 200 58 8 200 48 0 0 0 0 0 0 0 0 0 0 0 0 0 0 0 0; 200 200 147 200 197 189 200 31 49 200 8 11 200 198 200 39 200 192 4 200 200 195 77 200 200 18 200 200 200 200 200 200 200 187 200 0 0 0 0 0 0 0 0 0 0 0 0 0 0 0; 13 200 200 200 78 200 200 197 3 200 32 200 6 200 200 200 200 200 46 185 200 200 1 200 200 192 200 200 200 200 156 66 200 163 17 200 0 0 0 0 0 0 0 0 0 0 0 0 0 0; 175 44 171 172 12 3 162 192 200 200 200 171 41 42 200 44 200 200 200 4 162 26 200 188 11 200 43 184 7 10 200 47 170 200 9 200 114 0 0 0 0 0 0 0 0 0 0 0 0 0; 51 177 200 200 200 15 151 200 198 200 23 34 140 12 200 200 60 199 200 200 17 200 200 200 200 193 9 200 65 200 195 9 34 200 13 200 1 200 0 0 0 0 0 0 0 0 0 0 0 0; 179 2 200 200 40 200 200 52 200 200 145 200 200 200 4 200 59 2 35 186 198 200 200 200 197 200 40 17 167 3 5 120 141 200 200 200 200 200 63 0 0 0 0 0 0 0 0 0 0 0; 196 200 25 200 199 9 0 183 199 200 54 199 200 190 8 200 200 200 0 182 199 25 199 200 200 26 200 173 2 35 200 192 200 200 20 200 5 28 200 199 0 0 0 0 0 0 0 0 0 0; 200 190 200 200 200 164 200 21 200 134 200 151 187 184 200 200 179 200 144 196 182 8 200 184 200 200 200 200 4 16 177 6 200 69 170 200 181 200 200 157 200 0 0 0 0 0 0 0 0 0; 11 135 200 191 200 196 200 200 196 87 200 200 31 9 15 200 200 200 15 10 25 200 169 200 2 200 200 172 200 200 200 199 199 200 6 200 200 1 193 51 4 200 0 0 0 0 0 0 0 0; 200 200 23 19 21 142 184 154 200 200 155 148 200 195 8 173 196 200 200 21 200 3 200 67 200 200 39 26 186 200 129 56 10 177 200 200 200 151 62 200 200 200 200 0 0 0 0 0 0 0; 200 152 200 200 200 163 200 154 146 23 1 30 200 163 200 200 200 200 200 200 200 17 200 181 59 200 198 200 0 150 200 21 188 200 200 70 200 200 200 200 200 200 13 200 0 0 0 0 0 0; 17 200 150 183 200 6 48 2 200 153 10 200 200 200 200 45 200 200 182 200 23 200 191 200 200 174 200 200 0 193 185 17 170 200 54 200 3 200 15 200 1 200 200 200 0 0 0 0 0 0; 0 177 188 27 33 21 12 31 175 200 200 200 200 200 196 1 200 200 11 200 29 198 174 200 35 13 7 200 200 200 161 179 177 200 167 200 200 200 200 165 48 200 200 200 200 200 0 0 0 0; 200 177 30 22 31 61 200 12 193 187 27 169 200 194 200 77 199 200 200 200 10 29 55 200 200 1 2 182 200 184 200 200 65 193 200 200 0 168 200 33 3 175 200 200 9 200 200 0 0 0; 76 200 5 200 187 200 68 200 200 46 6 147 200 198 77 200 200 200 200 138 6 110 200 54 200 21 96 53 200 77 162 0 200 3 200 200 200 200 164 200 176 200 170 159 169 200 47 200 0 0; 200 27 78 188 200 200 200 200 4 200 78 181 200 200 200 200 200 200 191 200 195 29 200 200 25 200 200 13 200 166 200 196 200 200 155 10 170 200 200 200 3 200 26 166 200 190 200 167 200 0; 149 10 191 200 200 200 190 200 200 200 2 200 200 200 200 169 200 194 13 124 199 200 200 153 26 70 200 195 0 200 200 200 7 200 200 200 200 41 200 198 27 200 200 37 35 200 200 195 200 200]
