n=25
density=100
Q1=[43 0 0 0 0 0 0 0 0 0 0 0 0 0 0 0 0 0 0 0 0 0 0 0 0 ;
13 78 0 0 0 0 0 0 0 0 0 0 0 0 0 0 0 0 0 0 0 0 0 0 0 ;
90 34 62 0 0 0 0 0 0 0 0 0 0 0 0 0 0 0 0 0 0 0 0 0 0 ;
96 29 70 46 0 0 0 0 0 0 0 0 0 0 0 0 0 0 0 0 0 0 0 0 0 ;
80 39 20 89 63 0 0 0 0 0 0 0 0 0 0 0 0 0 0 0 0 0 0 0 0 ;
24 37 80 22 23 45 0 0 0 0 0 0 0 0 0 0 0 0 0 0 0 0 0 0 0 ;
82 55 21 96 91 65 10 0 0 0 0 0 0 0 0 0 0 0 0 0 0 0 0 0 0 ;
26 56 3 52 67 27 31 97 0 0 0 0 0 0 0 0 0 0 0 0 0 0 0 0 0 ;
57 58 94 16 55 80 13 85 93 0 0 0 0 0 0 0 0 0 0 0 0 0 0 0 0 ;
1 11 28 67 7 98 64 17 87 25 0 0 0 0 0 0 0 0 0 0 0 0 0 0 0 ;
13 31 2 70 3 58 78 66 33 2 18 0 0 0 0 0 0 0 0 0 0 0 0 0 0 ;
45 62 10 27 69 30 35 13 60 24 89 84 0 0 0 0 0 0 0 0 0 0 0 0 0 ;
2 41 67 96 13 39 15 54 38 41 97 27 94 0 0 0 0 0 0 0 0 0 0 0 0 ;
99 7 96 15 73 3 100 53 94 33 17 68 49 14 0 0 0 0 0 0 0 0 0 0 0 ;
58 16 99 90 92 2 35 8 14 91 67 60 88 89 45 0 0 0 0 0 0 0 0 0 0 ;
61 34 36 24 69 11 99 65 80 17 68 11 10 91 18 98 0 0 0 0 0 0 0 0 0 ;
9 75 86 88 57 27 93 87 60 24 73 89 62 66 80 50 83 0 0 0 0 0 0 0 0 ;
41 76 4 93 89 78 16 48 1 68 75 16 29 77 57 16 69 30 0 0 0 0 0 0 0 ;
96 38 30 46 38 82 58 1 40 96 89 72 62 9 89 30 85 37 3 0 0 0 0 0 0 ;
45 99 97 37 5 23 51 32 50 56 83 10 41 91 28 46 59 90 24 33 0 0 0 0 0 ;
66 55 60 97 1 16 65 10 13 53 73 88 83 48 28 21 75 21 46 19 10 0 0 0 0 ;
28 42 81 49 28 44 59 71 81 81 11 8 58 11 23 31 50 7 66 40 69 37 0 0 0 ;
9 91 82 99 36 86 2 17 61 57 66 36 31 73 44 27 100 48 12 40 47 21 69 0 0 ;
55 13 37 94 83 60 13 13 85 53 28 10 43 61 56 4 42 78 30 8 14 38 8 29 0 ;
87 90 17 36 78 7 78 60 87 14 14 81 63 21 86 28 30 36 16 24 89 35 37 38 28 ]
w=[37, 35, 32, 20, 37, 31, 40, 46, 11, 26, 40, 43, 17, 33, 30, 18, 1, 19, 30, 46, 44, 26, 19, 38, 7]
W=54 
k=2 
inst_name = "QKP_25_100_100" 
feasible = true 
Q2=[68 0 0 0 0 0 0 0 0 0 0 0 0 0 0 0 0 0 0 0 0 0 0 0 0; 92 8 0 0 0 0 0 0 0 0 0 0 0 0 0 0 0 0 0 0 0 0 0 0 0; 6 89 2 0 0 0 0 0 0 0 0 0 0 0 0 0 0 0 0 0 0 0 0 0 0; 4 71 27 64 0 0 0 0 0 0 0 0 0 0 0 0 0 0 0 0 0 0 0 0 0; 0 67 87 4 6 0 0 0 0 0 0 0 0 0 0 0 0 0 0 0 0 0 0 0 0; 92 74 2 97 85 74 0 0 0 0 0 0 0 0 0 0 0 0 0 0 0 0 0 0 0; 5 17 96 2 4 24 98 0 0 0 0 0 0 0 0 0 0 0 0 0 0 0 0 0 0; 82 11 98 28 18 88 94 0 0 0 0 0 0 0 0 0 0 0 0 0 0 0 0 0 0; 29 3 0 94 11 6 95 4 0 0 0 0 0 0 0 0 0 0 0 0 0 0 0 0 0; 99 99 98 15 96 0 26 85 1 81 0 0 0 0 0 0 0 0 0 0 0 0 0 0 0; 88 74 98 30 98 27 4 12 96 98 97 0 0 0 0 0 0 0 0 0 0 0 0 0 0; 71 37 97 80 22 87 82 97 2 97 6 16 0 0 0 0 0 0 0 0 0 0 0 0 0; 98 75 15 0 90 86 96 7 62 69 0 76 5 0 0 0 0 0 0 0 0 0 0 0 0; 1 99 0 93 15 100 0 31 2 77 100 18 96 94 0 0 0 0 0 0 0 0 0 0 0; 33 100 0 7 8 100 74 94 91 1 27 24 1 10 63 0 0 0 0 0 0 0 0 0 0; 31 92 88 99 6 100 1 28 5 85 8 96 97 2 87 0 0 0 0 0 0 0 0 0 0; 99 16 14 3 18 77 1 13 39 90 20 7 12 19 16 0 16 0 0 0 0 0 0 0 0; 86 21 99 1 2 2 90 60 99 2 16 98 91 21 31 88 14 73 0 0 0 0 0 0 0; 2 79 76 99 95 11 32 100 86 4 6 6 22 98 6 88 4 68 100 0 0 0 0 0 0; 70 1 2 86 97 93 30 100 18 9 0 94 65 9 90 99 3 8 89 77 0 0 0 0 0; 10 36 3 3 100 85 15 95 91 10 0 7 4 96 93 83 17 89 83 97 90 0 0 0 0; 79 96 7 91 77 84 12 18 1 5 90 92 35 89 80 70 37 95 25 65 15 66 0 0 0; 96 3 1 0 67 11 99 88 31 42 33 68 99 7 63 100 0 54 95 89 86 89 22 0 0; 32 88 94 0 7 21 99 88 10 13 81 99 83 31 42 97 76 10 80 93 90 94 100 88 0; 13 1 91 72 19 94 9 26 7 91 93 3 13 98 8 78 84 96 92 82 6 98 92 86 75]
