n=30
density=25
Q1=[0 0 0 0 0 0 0 0 0 0 0 0 0 0 0 0 0 0 0 0 0 0 0 0 0 0 0 0 0 0 ;
0 0 0 0 0 0 0 0 0 0 0 0 0 0 0 0 0 0 0 0 0 0 0 0 0 0 0 0 0 0 ;
0 0 0 0 0 0 0 0 0 0 0 0 0 0 0 0 0 0 0 0 0 0 0 0 0 0 0 0 0 0 ;
116 0 0 0 0 0 0 0 0 0 0 0 0 0 0 0 0 0 0 0 0 0 0 0 0 0 0 0 0 0 ;
0 43 0 0 0 0 0 0 0 0 0 0 0 0 0 0 0 0 0 0 0 0 0 0 0 0 0 0 0 0 ;
0 0 0 0 0 107 0 0 0 0 0 0 0 0 0 0 0 0 0 0 0 0 0 0 0 0 0 0 0 0 ;
0 0 0 43 0 0 0 0 0 0 0 0 0 0 0 0 0 0 0 0 0 0 0 0 0 0 0 0 0 0 ;
28 0 0 171 0 0 0 0 0 0 0 0 0 0 0 0 0 0 0 0 0 0 0 0 0 0 0 0 0 0 ;
0 0 0 0 0 0 143 41 0 0 0 0 0 0 0 0 0 0 0 0 0 0 0 0 0 0 0 0 0 0 ;
0 194 160 0 16 22 0 0 72 0 0 0 0 0 0 0 0 0 0 0 0 0 0 0 0 0 0 0 0 0 ;
0 102 140 0 0 0 0 0 199 0 0 0 0 0 0 0 0 0 0 0 0 0 0 0 0 0 0 0 0 0 ;
132 0 0 0 0 0 0 0 0 4 0 0 0 0 0 0 0 0 0 0 0 0 0 0 0 0 0 0 0 0 ;
89 0 0 0 0 0 0 0 0 0 0 0 0 0 0 0 0 0 0 0 0 0 0 0 0 0 0 0 0 0 ;
134 109 0 0 0 102 0 0 0 0 0 0 0 12 0 0 0 0 0 0 0 0 0 0 0 0 0 0 0 0 ;
72 94 0 0 179 51 19 0 0 0 0 0 0 200 0 0 0 0 0 0 0 0 0 0 0 0 0 0 0 0 ;
0 0 0 0 118 93 0 0 0 0 0 0 87 0 0 0 0 0 0 0 0 0 0 0 0 0 0 0 0 0 ;
0 0 133 0 0 0 0 0 0 0 0 0 0 0 0 0 0 0 0 0 0 0 0 0 0 0 0 0 0 0 ;
0 0 0 46 172 0 0 27 0 0 0 168 0 0 0 0 0 0 0 0 0 0 0 0 0 0 0 0 0 0 ;
0 0 0 0 0 0 0 0 54 0 151 0 0 0 0 0 187 0 0 0 0 0 0 0 0 0 0 0 0 0 ;
0 0 0 161 0 0 0 0 0 0 71 0 0 0 51 0 6 0 0 0 0 0 0 0 0 0 0 0 0 0 ;
0 108 0 0 162 27 0 30 8 101 0 0 110 0 0 125 0 0 0 3 24 0 0 0 0 0 0 0 0 0 ;
0 0 0 0 0 101 0 0 0 0 0 0 0 0 0 0 0 0 0 0 0 0 0 0 0 0 0 0 0 0 ;
82 0 0 0 0 0 92 0 0 96 95 8 53 0 0 0 172 155 0 0 0 0 0 0 0 0 0 0 0 0 ;
0 0 6 0 79 200 0 0 0 65 0 140 0 0 0 0 0 42 0 0 33 0 42 0 0 0 0 0 0 0 ;
0 0 0 0 0 133 0 0 0 0 0 69 0 121 200 84 0 176 0 0 94 0 6 118 0 0 0 0 0 0 ;
51 0 0 102 0 0 0 0 0 0 0 108 174 186 0 144 0 0 0 0 0 157 0 129 0 0 0 0 0 0 ;
0 0 0 0 154 0 75 0 0 0 87 0 162 0 0 0 0 0 0 88 115 0 0 0 0 0 0 0 0 0 ;
0 0 0 94 0 108 18 0 0 0 0 0 0 0 0 0 0 0 0 0 0 0 0 133 0 41 0 0 0 0 ;
0 0 0 0 0 0 0 146 0 190 89 20 0 0 0 79 0 0 0 0 0 0 0 0 36 200 0 0 63 0 ;
106 0 0 0 0 181 0 0 0 40 0 0 0 0 70 0 0 127 0 0 0 0 0 0 136 0 0 129 0 0 ]
w=[27, 69, 87, 2, 72, 24, 65, 86, 26, 71, 68, 42, 57, 82, 67, 86, 51, 70, 8, 93, 92, 9, 24, 68, 8, 75, 27, 21, 55, 86]
W=135 
k=7 
inst_name = "QKP_30_200_25" 
feasible = true 
Q2=[200 0 0 0 0 0 0 0 0 0 0 0 0 0 0 0 0 0 0 0 0 0 0 0 0 0 0 0 0 0; 200 200 0 0 0 0 0 0 0 0 0 0 0 0 0 0 0 0 0 0 0 0 0 0 0 0 0 0 0 0; 200 200 200 0 0 0 0 0 0 0 0 0 0 0 0 0 0 0 0 0 0 0 0 0 0 0 0 0 0 0; 2 200 200 200 0 0 0 0 0 0 0 0 0 0 0 0 0 0 0 0 0 0 0 0 0 0 0 0 0 0; 200 168 200 200 200 0 0 0 0 0 0 0 0 0 0 0 0 0 0 0 0 0 0 0 0 0 0 0 0 0; 200 200 200 200 200 46 0 0 0 0 0 0 0 0 0 0 0 0 0 0 0 0 0 0 0 0 0 0 0 0; 200 200 200 165 200 200 200 0 0 0 0 0 0 0 0 0 0 0 0 0 0 0 0 0 0 0 0 0 0 0; 192 200 200 2 200 200 200 200 0 0 0 0 0 0 0 0 0 0 0 0 0 0 0 0 0 0 0 0 0 0; 200 200 200 200 200 200 5 159 200 0 0 0 0 0 0 0 0 0 0 0 0 0 0 0 0 0 0 0 0 0; 200 5 37 200 184 199 200 200 154 200 0 0 0 0 0 0 0 0 0 0 0 0 0 0 0 0 0 0 0 0; 200 5 58 200 200 200 200 200 0 200 200 0 0 0 0 0 0 0 0 0 0 0 0 0 0 0 0 0 0 0; 54 200 200 200 200 200 200 200 200 198 200 200 0 0 0 0 0 0 0 0 0 0 0 0 0 0 0 0 0 0; 158 200 200 200 200 200 200 200 200 200 200 200 200 0 0 0 0 0 0 0 0 0 0 0 0 0 0 0 0 0; 30 82 200 200 200 78 200 200 200 200 200 200 200 198 0 0 0 0 0 0 0 0 0 0 0 0 0 0 0 0; 131 123 200 200 15 185 194 200 200 200 200 200 200 0 200 0 0 0 0 0 0 0 0 0 0 0 0 0 0 0; 200 200 200 200 1 158 200 200 200 200 200 200 119 200 200 200 0 0 0 0 0 0 0 0 0 0 0 0 0 0; 200 200 22 200 200 200 200 200 200 200 200 200 200 200 200 200 200 0 0 0 0 0 0 0 0 0 0 0 0 0; 200 200 200 164 20 200 200 199 200 200 200 20 200 200 200 200 200 200 0 0 0 0 0 0 0 0 0 0 0 0; 200 200 200 200 200 200 200 200 148 200 42 200 200 200 200 200 8 200 200 0 0 0 0 0 0 0 0 0 0 0; 200 200 200 36 200 200 200 200 200 200 191 200 200 200 185 200 194 200 200 200 0 0 0 0 0 0 0 0 0 0; 200 1 200 200 10 188 200 197 194 11 200 200 31 200 200 31 200 200 200 197 200 0 0 0 0 0 0 0 0 0; 200 200 200 200 200 87 200 200 200 200 200 200 200 200 200 200 200 200 200 200 200 200 0 0 0 0 0 0 0 0; 149 200 200 200 200 200 150 200 200 162 151 199 177 200 200 200 14 18 200 200 200 200 200 0 0 0 0 0 0 0; 200 200 194 200 123 0 200 200 200 158 200 45 200 200 200 200 200 159 200 200 188 200 197 200 0 0 0 0 0 0; 200 200 200 200 200 51 200 200 200 200 200 173 200 17 0 130 200 12 200 200 188 200 198 34 200 0 0 0 0 0; 172 200 200 84 200 200 200 200 200 200 200 40 26 13 200 39 200 200 200 200 200 43 200 42 200 200 0 0 0 0; 200 200 200 200 31 200 177 200 200 200 127 200 7 200 200 200 200 200 200 182 11 200 200 200 200 200 200 0 0 0; 200 200 200 115 200 35 185 200 200 200 200 200 200 200 200 200 200 200 200 200 200 200 200 8 200 175 200 200 0 0; 200 200 200 200 200 200 200 39 200 7 171 184 200 200 200 167 200 200 200 200 200 200 200 200 200 0 200 200 186 0; 17 200 200 200 200 10 200 200 200 177 200 200 200 200 177 200 200 42 200 200 200 200 200 200 5 200 200 21 200 200]
