n=50
density=25
Q1=[0 0 0 0 0 0 0 0 0 0 0 0 0 0 0 0 0 0 0 0 0 0 0 0 0 0 0 0 0 0 0 0 0 0 0 0 0 0 0 0 0 0 0 0 0 0 0 0 0 0 ;
0 0 0 0 0 0 0 0 0 0 0 0 0 0 0 0 0 0 0 0 0 0 0 0 0 0 0 0 0 0 0 0 0 0 0 0 0 0 0 0 0 0 0 0 0 0 0 0 0 0 ;
96 13 182 0 0 0 0 0 0 0 0 0 0 0 0 0 0 0 0 0 0 0 0 0 0 0 0 0 0 0 0 0 0 0 0 0 0 0 0 0 0 0 0 0 0 0 0 0 0 0 ;
0 0 0 142 0 0 0 0 0 0 0 0 0 0 0 0 0 0 0 0 0 0 0 0 0 0 0 0 0 0 0 0 0 0 0 0 0 0 0 0 0 0 0 0 0 0 0 0 0 0 ;
0 0 166 0 0 0 0 0 0 0 0 0 0 0 0 0 0 0 0 0 0 0 0 0 0 0 0 0 0 0 0 0 0 0 0 0 0 0 0 0 0 0 0 0 0 0 0 0 0 0 ;
33 0 0 0 0 0 0 0 0 0 0 0 0 0 0 0 0 0 0 0 0 0 0 0 0 0 0 0 0 0 0 0 0 0 0 0 0 0 0 0 0 0 0 0 0 0 0 0 0 0 ;
0 0 0 0 0 188 0 0 0 0 0 0 0 0 0 0 0 0 0 0 0 0 0 0 0 0 0 0 0 0 0 0 0 0 0 0 0 0 0 0 0 0 0 0 0 0 0 0 0 0 ;
0 0 0 147 85 0 177 0 0 0 0 0 0 0 0 0 0 0 0 0 0 0 0 0 0 0 0 0 0 0 0 0 0 0 0 0 0 0 0 0 0 0 0 0 0 0 0 0 0 0 ;
0 62 0 0 82 0 67 0 0 0 0 0 0 0 0 0 0 0 0 0 0 0 0 0 0 0 0 0 0 0 0 0 0 0 0 0 0 0 0 0 0 0 0 0 0 0 0 0 0 0 ;
0 0 0 0 21 0 0 0 0 27 0 0 0 0 0 0 0 0 0 0 0 0 0 0 0 0 0 0 0 0 0 0 0 0 0 0 0 0 0 0 0 0 0 0 0 0 0 0 0 0 ;
0 0 0 0 0 0 0 0 0 0 0 0 0 0 0 0 0 0 0 0 0 0 0 0 0 0 0 0 0 0 0 0 0 0 0 0 0 0 0 0 0 0 0 0 0 0 0 0 0 0 ;
0 158 112 0 0 0 0 0 0 150 0 104 0 0 0 0 0 0 0 0 0 0 0 0 0 0 0 0 0 0 0 0 0 0 0 0 0 0 0 0 0 0 0 0 0 0 0 0 0 0 ;
0 93 0 0 151 0 23 0 0 0 0 168 0 0 0 0 0 0 0 0 0 0 0 0 0 0 0 0 0 0 0 0 0 0 0 0 0 0 0 0 0 0 0 0 0 0 0 0 0 0 ;
0 0 0 0 61 0 0 0 0 102 0 0 0 122 0 0 0 0 0 0 0 0 0 0 0 0 0 0 0 0 0 0 0 0 0 0 0 0 0 0 0 0 0 0 0 0 0 0 0 0 ;
0 8 0 109 0 197 0 0 0 0 0 0 0 0 0 0 0 0 0 0 0 0 0 0 0 0 0 0 0 0 0 0 0 0 0 0 0 0 0 0 0 0 0 0 0 0 0 0 0 0 ;
68 0 0 0 0 0 0 137 0 0 0 0 0 0 0 0 0 0 0 0 0 0 0 0 0 0 0 0 0 0 0 0 0 0 0 0 0 0 0 0 0 0 0 0 0 0 0 0 0 0 ;
0 0 0 119 0 0 0 0 0 5 29 65 0 0 0 0 179 0 0 0 0 0 0 0 0 0 0 0 0 0 0 0 0 0 0 0 0 0 0 0 0 0 0 0 0 0 0 0 0 0 ;
0 0 86 0 0 93 0 0 0 0 59 0 0 0 0 88 0 150 0 0 0 0 0 0 0 0 0 0 0 0 0 0 0 0 0 0 0 0 0 0 0 0 0 0 0 0 0 0 0 0 ;
0 32 14 194 129 0 0 37 0 21 26 0 0 0 188 32 0 0 0 0 0 0 0 0 0 0 0 0 0 0 0 0 0 0 0 0 0 0 0 0 0 0 0 0 0 0 0 0 0 0 ;
0 0 0 0 0 183 97 0 0 0 0 0 23 0 14 48 0 0 0 128 0 0 0 0 0 0 0 0 0 0 0 0 0 0 0 0 0 0 0 0 0 0 0 0 0 0 0 0 0 0 ;
0 0 0 0 0 0 192 106 0 0 49 0 0 0 0 0 0 0 0 0 0 0 0 0 0 0 0 0 0 0 0 0 0 0 0 0 0 0 0 0 0 0 0 0 0 0 0 0 0 0 ;
0 0 140 82 26 0 0 0 184 0 0 0 18 0 0 43 0 0 0 0 174 0 0 0 0 0 0 0 0 0 0 0 0 0 0 0 0 0 0 0 0 0 0 0 0 0 0 0 0 0 ;
0 149 0 0 0 0 198 15 0 0 0 95 0 151 0 0 0 0 0 101 0 0 0 0 0 0 0 0 0 0 0 0 0 0 0 0 0 0 0 0 0 0 0 0 0 0 0 0 0 0 ;
0 0 0 0 0 0 0 0 0 0 0 0 0 0 0 0 0 0 0 0 0 0 0 0 0 0 0 0 0 0 0 0 0 0 0 0 0 0 0 0 0 0 0 0 0 0 0 0 0 0 ;
0 0 0 71 0 0 0 71 0 0 21 0 0 0 0 0 0 0 0 0 61 0 92 120 0 0 0 0 0 0 0 0 0 0 0 0 0 0 0 0 0 0 0 0 0 0 0 0 0 0 ;
0 0 0 0 74 0 0 0 71 0 0 0 157 0 0 0 0 0 120 0 0 0 52 75 83 0 0 0 0 0 0 0 0 0 0 0 0 0 0 0 0 0 0 0 0 0 0 0 0 0 ;
0 0 0 0 0 0 0 0 0 0 0 106 0 0 0 153 0 124 0 0 0 135 0 0 0 0 0 0 0 0 0 0 0 0 0 0 0 0 0 0 0 0 0 0 0 0 0 0 0 0 ;
0 5 0 0 0 75 0 0 0 0 0 0 67 0 0 0 0 0 0 0 0 0 0 104 0 0 0 0 0 0 0 0 0 0 0 0 0 0 0 0 0 0 0 0 0 0 0 0 0 0 ;
0 0 0 0 0 0 0 0 117 156 28 0 0 0 0 0 0 158 0 0 0 0 0 0 0 6 177 0 7 0 0 0 0 0 0 0 0 0 0 0 0 0 0 0 0 0 0 0 0 0 ;
0 0 0 113 0 0 148 45 0 0 0 0 0 0 80 0 0 0 136 56 0 0 0 71 18 0 0 0 0 0 0 0 0 0 0 0 0 0 0 0 0 0 0 0 0 0 0 0 0 0 ;
134 0 160 10 0 0 85 0 0 0 0 0 58 143 83 0 0 0 0 23 0 160 0 0 168 86 0 139 0 0 0 0 0 0 0 0 0 0 0 0 0 0 0 0 0 0 0 0 0 0 ;
0 0 64 0 0 187 0 0 0 82 0 0 0 125 0 0 0 0 176 131 0 0 41 0 0 0 0 0 0 0 0 137 0 0 0 0 0 0 0 0 0 0 0 0 0 0 0 0 0 0 ;
0 0 0 96 0 0 0 0 0 45 0 0 24 0 0 0 0 0 0 0 44 0 0 0 0 147 146 0 17 138 0 0 40 0 0 0 0 0 0 0 0 0 0 0 0 0 0 0 0 0 ;
0 0 0 0 0 0 0 0 0 0 0 0 0 53 0 0 0 0 0 0 46 0 0 0 0 0 0 18 0 0 77 101 24 61 0 0 0 0 0 0 0 0 0 0 0 0 0 0 0 0 ;
0 0 0 0 113 0 0 0 0 0 21 0 0 60 0 0 0 0 0 0 0 0 0 0 0 0 0 0 0 0 179 0 145 0 0 0 0 0 0 0 0 0 0 0 0 0 0 0 0 0 ;
0 0 0 0 0 0 0 0 130 173 56 0 0 77 0 0 0 0 176 177 0 31 0 0 0 0 49 0 0 0 0 0 0 0 0 0 0 0 0 0 0 0 0 0 0 0 0 0 0 0 ;
0 0 0 0 130 0 0 0 24 129 0 0 0 0 0 0 0 0 139 0 96 0 171 0 16 0 0 0 0 0 0 75 41 0 0 0 121 0 0 0 0 0 0 0 0 0 0 0 0 0 ;
0 0 135 0 0 0 0 0 0 150 174 0 41 0 179 1 0 158 0 18 0 0 42 0 0 0 0 119 0 0 0 0 0 0 0 191 15 0 0 0 0 0 0 0 0 0 0 0 0 0 ;
54 0 0 0 0 0 0 12 0 0 0 0 188 67 42 0 91 0 0 0 0 144 103 0 0 0 89 0 0 82 0 0 0 0 0 0 0 0 31 0 0 0 0 0 0 0 0 0 0 0 ;
0 0 0 0 13 0 0 0 0 0 0 13 0 0 0 0 0 0 0 0 155 0 0 145 0 178 0 0 0 0 0 0 164 0 0 0 0 0 0 0 0 0 0 0 0 0 0 0 0 0 ;
0 194 121 0 0 0 0 0 0 0 160 0 0 0 0 0 0 0 138 44 71 0 0 0 164 0 12 0 0 0 171 0 0 101 0 0 0 197 23 0 63 0 0 0 0 0 0 0 0 0 ;
0 0 183 154 173 15 0 19 0 63 0 0 0 0 0 0 0 0 0 0 0 0 0 0 0 175 0 52 0 0 0 116 0 0 199 152 0 0 127 0 86 0 0 0 0 0 0 0 0 0 ;
0 0 47 0 0 0 0 0 0 0 0 35 0 151 0 0 0 0 0 0 131 0 143 0 0 120 0 75 0 0 0 0 0 0 0 0 27 141 0 0 129 0 69 0 0 0 0 0 0 0 ;
0 0 0 0 0 0 164 0 0 0 0 0 27 87 0 179 0 0 179 0 0 194 0 43 93 0 0 0 0 0 129 0 0 0 0 0 0 0 48 25 0 0 0 0 0 0 0 0 0 0 ;
0 0 0 192 0 117 0 0 0 20 0 0 0 158 0 0 0 0 0 0 0 0 121 0 0 0 0 0 0 0 0 22 0 0 0 0 0 131 23 0 138 59 0 0 0 0 0 0 0 0 ;
50 0 0 0 85 0 0 172 0 142 0 0 0 0 0 0 0 0 0 0 0 0 0 150 0 0 0 0 0 0 0 0 0 0 118 0 0 0 0 0 0 0 0 0 0 0 0 0 0 0 ;
175 0 0 0 0 96 0 0 0 0 0 0 51 0 79 0 193 0 0 0 0 0 0 0 0 0 0 0 0 0 63 0 0 0 168 0 0 0 0 195 59 0 27 0 0 0 0 0 0 0 ;
0 0 14 0 103 0 39 1 8 87 9 0 101 0 0 156 0 0 0 0 0 0 0 0 0 132 0 0 0 0 0 28 167 36 0 123 0 0 0 0 0 0 0 0 98 0 0 0 0 0 ;
0 0 0 0 86 0 0 0 0 0 0 0 0 0 151 0 0 0 0 0 0 0 0 0 153 185 0 0 128 0 0 0 0 0 0 0 0 0 0 0 0 0 0 0 0 0 0 178 34 0 ;
0 0 0 0 196 0 0 0 0 0 0 78 0 0 0 0 83 0 173 0 45 0 128 0 0 0 0 108 0 0 0 0 0 13 0 0 0 0 0 0 0 0 63 0 161 0 0 0 188 0 ]
w=[65, 99, 84, 89, 1, 26, 100, 19, 78, 2, 6, 5, 91, 91, 17, 37, 13, 65, 72, 48, 9, 95, 42, 11, 56, 55, 3, 75, 74, 35, 55, 78, 24, 88, 50, 26, 52, 55, 20, 71, 14, 56, 62, 60, 89, 88, 12, 11, 85, 18]
W=81 
k=10 
inst_name = "QKP_50_200_25" 
feasible = true 
Q2=[199 0 0 0 0 0 0 0 0 0 0 0 0 0 0 0 0 0 0 0 0 0 0 0 0 0 0 0 0 0 0 0 0 0 0 0 0 0 0 0 0 0 0 0 0 0 0 0 0 0; 199 199 0 0 0 0 0 0 0 0 0 0 0 0 0 0 0 0 0 0 0 0 0 0 0 0 0 0 0 0 0 0 0 0 0 0 0 0 0 0 0 0 0 0 0 0 0 0 0 0; 171 195 7 0 0 0 0 0 0 0 0 0 0 0 0 0 0 0 0 0 0 0 0 0 0 0 0 0 0 0 0 0 0 0 0 0 0 0 0 0 0 0 0 0 0 0 0 0 0 0; 199 199 199 6 0 0 0 0 0 0 0 0 0 0 0 0 0 0 0 0 0 0 0 0 0 0 0 0 0 0 0 0 0 0 0 0 0 0 0 0 0 0 0 0 0 0 0 0 0 0; 199 199 7 199 199 0 0 0 0 0 0 0 0 0 0 0 0 0 0 0 0 0 0 0 0 0 0 0 0 0 0 0 0 0 0 0 0 0 0 0 0 0 0 0 0 0 0 0 0 0; 183 199 199 199 199 199 0 0 0 0 0 0 0 0 0 0 0 0 0 0 0 0 0 0 0 0 0 0 0 0 0 0 0 0 0 0 0 0 0 0 0 0 0 0 0 0 0 0 0 0; 199 199 199 199 199 2 199 0 0 0 0 0 0 0 0 0 0 0 0 0 0 0 0 0 0 0 0 0 0 0 0 0 0 0 0 0 0 0 0 0 0 0 0 0 0 0 0 0 0 0; 199 199 199 24 158 199 10 199 0 0 0 0 0 0 0 0 0 0 0 0 0 0 0 0 0 0 0 0 0 0 0 0 0 0 0 0 0 0 0 0 0 0 0 0 0 0 0 0 0 0; 199 170 199 199 137 199 193 199 199 0 0 0 0 0 0 0 0 0 0 0 0 0 0 0 0 0 0 0 0 0 0 0 0 0 0 0 0 0 0 0 0 0 0 0 0 0 0 0 0 0; 199 199 199 199 190 199 199 199 199 172 0 0 0 0 0 0 0 0 0 0 0 0 0 0 0 0 0 0 0 0 0 0 0 0 0 0 0 0 0 0 0 0 0 0 0 0 0 0 0 0; 199 199 199 199 199 199 199 199 199 199 199 0 0 0 0 0 0 0 0 0 0 0 0 0 0 0 0 0 0 0 0 0 0 0 0 0 0 0 0 0 0 0 0 0 0 0 0 0 0 0; 199 21 75 199 199 199 199 199 199 34 199 27 0 0 0 0 0 0 0 0 0 0 0 0 0 0 0 0 0 0 0 0 0 0 0 0 0 0 0 0 0 0 0 0 0 0 0 0 0 0; 199 174 199 199 46 199 185 199 199 199 199 15 199 0 0 0 0 0 0 0 0 0 0 0 0 0 0 0 0 0 0 0 0 0 0 0 0 0 0 0 0 0 0 0 0 0 0 0 0 0; 199 199 199 199 169 199 199 199 199 68 199 199 199 47 0 0 0 0 0 0 0 0 0 0 0 0 0 0 0 0 0 0 0 0 0 0 0 0 0 0 0 0 0 0 0 0 0 0 0 0; 199 195 199 75 199 2 199 199 199 199 199 199 199 199 199 0 0 0 0 0 0 0 0 0 0 0 0 0 0 0 0 0 0 0 0 0 0 0 0 0 0 0 0 0 0 0 0 0 0 0; 176 199 199 199 199 199 199 36 199 199 199 199 199 199 199 199 0 0 0 0 0 0 0 0 0 0 0 0 0 0 0 0 0 0 0 0 0 0 0 0 0 0 0 0 0 0 0 0 0 0; 199 199 199 2 199 199 199 199 199 197 190 144 199 199 199 199 19 0 0 0 0 0 0 0 0 0 0 0 0 0 0 0 0 0 0 0 0 0 0 0 0 0 0 0 0 0 0 0 0 0; 199 199 176 199 199 139 199 199 199 199 141 199 199 199 199 112 199 24 0 0 0 0 0 0 0 0 0 0 0 0 0 0 0 0 0 0 0 0 0 0 0 0 0 0 0 0 0 0 0 0; 199 191 198 0 30 199 199 180 199 192 185 199 199 199 4 192 199 199 199 0 0 0 0 0 0 0 0 0 0 0 0 0 0 0 0 0 0 0 0 0 0 0 0 0 0 0 0 0 0 0; 199 199 199 199 199 15 159 199 199 199 199 199 183 199 189 151 199 199 199 30 0 0 0 0 0 0 0 0 0 0 0 0 0 0 0 0 0 0 0 0 0 0 0 0 0 0 0 0 0 0; 199 199 199 199 199 199 3 60 199 199 185 199 199 199 199 199 199 199 199 199 199 0 0 0 0 0 0 0 0 0 0 0 0 0 0 0 0 0 0 0 0 0 0 0 0 0 0 0 0 0; 199 199 40 156 179 199 199 199 9 199 199 199 190 199 199 177 199 199 199 199 22 199 0 0 0 0 0 0 0 0 0 0 0 0 0 0 0 0 0 0 0 0 0 0 0 0 0 0 0 0; 199 1 199 199 199 199 1 184 199 199 199 187 199 33 199 199 199 199 199 35 199 199 199 0 0 0 0 0 0 0 0 0 0 0 0 0 0 0 0 0 0 0 0 0 0 0 0 0 0 0; 199 199 199 199 199 199 199 199 199 199 199 199 199 199 199 199 199 199 199 199 199 199 199 199 0 0 0 0 0 0 0 0 0 0 0 0 0 0 0 0 0 0 0 0 0 0 0 0 0 0; 199 199 199 160 199 199 199 195 199 199 178 199 199 199 199 199 199 199 199 199 153 199 173 76 199 0 0 0 0 0 0 0 0 0 0 0 0 0 0 0 0 0 0 0 0 0 0 0 0 0; 199 199 199 199 145 199 199 199 147 199 199 199 36 199 199 199 199 199 3 199 199 199 168 124 151 199 0 0 0 0 0 0 0 0 0 0 0 0 0 0 0 0 0 0 0 0 0 0 0 0; 199 199 199 199 199 199 199 199 199 199 199 23 199 199 199 4 199 52 199 199 199 11 199 199 199 199 199 0 0 0 0 0 0 0 0 0 0 0 0 0 0 0 0 0 0 0 0 0 0 0; 199 195 199 199 199 131 199 199 199 199 199 199 178 199 199 199 199 199 199 199 199 199 199 75 199 199 199 199 0 0 0 0 0 0 0 0 0 0 0 0 0 0 0 0 0 0 0 0 0 0; 199 199 199 199 199 199 199 199 39 14 185 199 199 199 199 199 199 9 199 199 199 199 199 199 199 197 9 199 196 0 0 0 0 0 0 0 0 0 0 0 0 0 0 0 0 0 0 0 0 0; 199 199 199 59 199 199 34 198 199 199 199 199 199 199 138 199 199 199 51 147 199 199 199 148 186 199 199 199 199 199 0 0 0 0 0 0 0 0 0 0 0 0 0 0 0 0 0 0 0 0; 9 199 6 191 199 199 174 199 199 199 199 199 196 5 120 199 199 199 199 196 199 26 199 199 19 116 199 52 199 199 199 0 0 0 0 0 0 0 0 0 0 0 0 0 0 0 0 0 0 0; 199 199 187 199 199 10 199 199 199 184 199 199 199 26 199 199 199 199 2 35 199 199 183 199 199 199 199 199 199 199 199 0 0 0 0 0 0 0 0 0 0 0 0 0 0 0 0 0 0 0; 199 199 199 153 199 199 199 199 199 177 199 199 178 199 199 199 199 199 199 199 196 199 199 199 199 7 42 199 198 50 199 199 195 0 0 0 0 0 0 0 0 0 0 0 0 0 0 0 0 0; 199 199 199 199 199 199 199 199 199 199 199 199 199 194 199 199 199 199 199 199 168 199 199 199 199 199 199 188 199 199 138 93 198 155 0 0 0 0 0 0 0 0 0 0 0 0 0 0 0 0; 199 199 199 199 1 199 199 199 199 199 194 199 199 158 199 199 199 199 199 199 199 199 199 199 199 199 199 199 199 199 4 199 39 199 199 0 0 0 0 0 0 0 0 0 0 0 0 0 0 0; 199 199 199 199 199 199 199 199 45 0 158 199 199 185 199 199 199 199 12 20 199 184 199 199 199 199 186 199 199 199 199 199 199 199 199 199 0 0 0 0 0 0 0 0 0 0 0 0 0 0; 199 199 199 199 16 199 199 199 178 14 199 199 199 199 199 199 199 199 55 199 125 199 25 199 195 199 199 199 199 199 199 182 182 199 199 199 43 0 0 0 0 0 0 0 0 0 0 0 0 0; 199 199 25 199 199 199 199 199 199 33 18 199 177 199 13 198 199 10 199 199 199 199 182 199 199 199 199 37 199 199 199 199 199 199 199 4 188 199 0 0 0 0 0 0 0 0 0 0 0 0; 148 199 199 199 199 199 199 191 199 199 199 199 3 159 190 199 123 199 199 199 199 43 48 199 199 199 140 199 199 198 199 199 199 199 199 199 199 199 182 0 0 0 0 0 0 0 0 0 0 0; 199 199 199 199 192 199 199 199 199 199 199 197 199 199 199 199 199 199 199 199 17 199 199 13 199 3 199 199 199 199 199 199 27 199 199 199 199 199 199 199 0 0 0 0 0 0 0 0 0 0; 199 1 10 199 199 199 199 199 199 199 12 199 199 199 199 199 199 199 36 159 182 199 199 199 26 199 197 199 199 199 0 199 199 86 199 199 199 0 183 199 186 0 0 0 0 0 0 0 0 0; 199 199 13 25 18 186 199 195 199 167 199 199 199 199 199 199 199 199 199 199 199 199 199 199 199 3 199 193 199 199 199 39 199 199 0 0 199 199 9 199 197 199 0 0 0 0 0 0 0 0; 199 199 159 199 199 199 199 199 199 199 199 174 199 1 199 199 199 199 199 199 67 199 44 199 199 58 199 144 199 199 199 199 199 199 199 199 185 45 199 199 33 199 167 0 0 0 0 0 0 0; 199 199 199 199 199 199 6 199 199 199 199 199 196 176 199 13 199 199 12 199 199 4 199 156 135 199 199 199 199 199 33 199 199 199 199 199 199 199 182 199 199 199 199 199 0 0 0 0 0 0; 199 199 199 4 199 3 199 199 199 191 199 199 199 14 199 199 199 199 199 199 199 199 22 199 199 199 199 199 199 199 199 187 199 199 199 199 199 38 192 199 28 143 199 199 199 0 0 0 0 0; 184 199 199 199 144 199 199 18 199 37 199 199 199 199 199 199 199 199 199 199 199 199 199 2 199 199 199 199 199 199 199 199 199 199 14 199 199 199 199 199 199 199 199 199 199 199 0 0 0 0; 7 199 199 199 199 109 199 199 199 199 199 199 163 199 194 199 5 199 199 199 199 199 199 199 199 199 199 199 199 199 153 199 199 199 20 199 199 199 199 0 161 199 181 199 199 199 199 0 0 0; 199 199 192 199 28 199 173 199 192 120 194 199 26 199 199 11 199 199 199 199 199 199 199 199 199 0 199 199 199 199 199 197 24 174 199 19 199 199 199 199 199 199 199 199 149 199 199 199 0 0; 199 199 199 199 187 199 199 199 199 199 199 199 199 199 12 199 199 199 199 199 199 199 199 199 22 8 199 199 8 199 199 199 199 199 199 199 199 199 199 199 199 199 199 199 199 199 199 12 170 0; 199 199 199 199 2 199 199 199 199 199 199 125 199 199 199 199 134 199 0 199 157 199 63 199 199 199 199 30 199 199 199 199 199 189 199 199 199 199 199 199 199 199 175 199 36 199 199 199 0 199]
