n=35
density=100
Q1=[25 0 0 0 0 0 0 0 0 0 0 0 0 0 0 0 0 0 0 0 0 0 0 0 0 0 0 0 0 0 0 0 0 0 0 ;
69 30 0 0 0 0 0 0 0 0 0 0 0 0 0 0 0 0 0 0 0 0 0 0 0 0 0 0 0 0 0 0 0 0 0 ;
89 88 5 0 0 0 0 0 0 0 0 0 0 0 0 0 0 0 0 0 0 0 0 0 0 0 0 0 0 0 0 0 0 0 0 ;
80 45 47 50 0 0 0 0 0 0 0 0 0 0 0 0 0 0 0 0 0 0 0 0 0 0 0 0 0 0 0 0 0 0 0 ;
14 33 70 27 77 0 0 0 0 0 0 0 0 0 0 0 0 0 0 0 0 0 0 0 0 0 0 0 0 0 0 0 0 0 0 ;
12 77 12 55 83 66 0 0 0 0 0 0 0 0 0 0 0 0 0 0 0 0 0 0 0 0 0 0 0 0 0 0 0 0 0 ;
24 42 95 15 25 28 80 0 0 0 0 0 0 0 0 0 0 0 0 0 0 0 0 0 0 0 0 0 0 0 0 0 0 0 0 ;
11 68 31 64 11 64 59 90 0 0 0 0 0 0 0 0 0 0 0 0 0 0 0 0 0 0 0 0 0 0 0 0 0 0 0 ;
27 1 49 38 34 94 16 68 24 0 0 0 0 0 0 0 0 0 0 0 0 0 0 0 0 0 0 0 0 0 0 0 0 0 0 ;
54 15 88 39 12 67 76 30 75 85 0 0 0 0 0 0 0 0 0 0 0 0 0 0 0 0 0 0 0 0 0 0 0 0 0 ;
35 9 29 93 38 68 56 21 12 53 24 0 0 0 0 0 0 0 0 0 0 0 0 0 0 0 0 0 0 0 0 0 0 0 0 ;
13 46 91 48 10 94 100 38 45 17 10 9 0 0 0 0 0 0 0 0 0 0 0 0 0 0 0 0 0 0 0 0 0 0 0 ;
80 36 93 34 51 34 41 89 69 4 99 70 68 0 0 0 0 0 0 0 0 0 0 0 0 0 0 0 0 0 0 0 0 0 0 ;
31 35 4 99 21 87 48 9 14 14 34 84 10 38 0 0 0 0 0 0 0 0 0 0 0 0 0 0 0 0 0 0 0 0 0 ;
33 23 9 12 46 92 9 18 57 58 13 70 15 64 72 0 0 0 0 0 0 0 0 0 0 0 0 0 0 0 0 0 0 0 0 ;
26 54 41 12 22 63 92 13 60 58 17 59 54 40 70 22 0 0 0 0 0 0 0 0 0 0 0 0 0 0 0 0 0 0 0 ;
47 26 56 38 100 6 40 94 19 35 64 31 37 48 7 12 94 0 0 0 0 0 0 0 0 0 0 0 0 0 0 0 0 0 0 ;
45 37 24 21 66 35 9 68 22 81 84 65 38 98 61 40 29 31 0 0 0 0 0 0 0 0 0 0 0 0 0 0 0 0 0 ;
38 1 84 16 8 97 68 7 75 46 24 51 57 31 19 53 68 43 6 0 0 0 0 0 0 0 0 0 0 0 0 0 0 0 0 ;
10 88 90 54 2 40 91 93 62 12 87 39 46 28 73 10 59 75 32 33 0 0 0 0 0 0 0 0 0 0 0 0 0 0 0 ;
89 50 87 100 68 3 51 21 64 40 3 34 49 3 23 76 18 52 37 50 56 0 0 0 0 0 0 0 0 0 0 0 0 0 0 ;
84 18 41 98 53 5 67 11 18 18 100 65 46 28 27 55 58 60 66 92 58 22 0 0 0 0 0 0 0 0 0 0 0 0 0 ;
88 82 29 14 78 60 25 56 47 56 85 54 57 32 22 18 3 98 50 38 34 87 59 0 0 0 0 0 0 0 0 0 0 0 0 ;
96 66 1 31 83 25 18 26 25 77 89 31 3 58 37 68 78 99 46 60 91 18 13 13 0 0 0 0 0 0 0 0 0 0 0 ;
53 9 47 75 16 82 45 94 89 12 8 15 70 76 1 70 100 83 22 67 39 5 4 25 18 0 0 0 0 0 0 0 0 0 0 ;
79 75 76 25 89 63 75 58 39 5 96 34 79 39 67 71 35 36 6 30 10 41 69 76 20 17 0 0 0 0 0 0 0 0 0 ;
84 86 58 72 30 36 43 13 73 61 3 72 34 1 39 29 46 6 74 45 77 61 76 7 55 51 51 0 0 0 0 0 0 0 0 ;
58 53 3 100 79 51 41 84 39 52 73 78 17 67 77 21 9 65 74 10 24 8 78 25 62 87 87 95 0 0 0 0 0 0 0 ;
76 6 49 42 4 1 9 94 6 33 30 16 9 5 41 66 35 71 28 7 28 10 8 48 8 31 40 24 28 0 0 0 0 0 0 ;
32 48 8 74 81 9 22 49 98 29 88 17 92 93 75 89 29 9 41 100 95 94 13 87 19 2 62 35 68 38 0 0 0 0 0 ;
48 20 17 13 71 44 1 79 46 58 72 74 41 14 74 29 41 34 43 52 34 58 65 60 90 36 85 39 47 36 14 0 0 0 0 ;
15 19 84 45 13 76 44 69 64 100 15 43 20 41 66 77 2 28 92 93 35 52 44 45 28 43 59 33 86 73 44 77 0 0 0 ;
37 100 17 64 26 62 100 77 45 99 92 15 52 51 99 22 26 31 42 42 33 89 83 56 96 90 39 99 2 82 69 100 93 0 0 ;
18 37 61 88 40 79 52 73 63 89 26 28 78 54 51 58 73 16 68 97 51 35 57 38 41 78 61 42 7 30 31 82 7 16 0 ;
57 41 4 51 44 4 88 36 83 52 8 59 23 49 69 33 32 41 5 81 4 61 37 68 70 81 8 37 62 91 66 64 15 36 85 ]
w=[37, 33, 31, 12, 35, 19, 41, 25, 31, 24, 15, 3, 14, 43, 19, 25, 16, 28, 22, 28, 36, 37, 26, 39, 20, 30, 20, 48, 10, 1, 9, 25, 44, 6, 29]
W=64 
k=3 
