n=50
density=75
Q1=[56 0 0 0 0 0 0 0 0 0 0 0 0 0 0 0 0 0 0 0 0 0 0 0 0 0 0 0 0 0 0 0 0 0 0 0 0 0 0 0 0 0 0 0 0 0 0 0 0 0 ;
4 45 0 0 0 0 0 0 0 0 0 0 0 0 0 0 0 0 0 0 0 0 0 0 0 0 0 0 0 0 0 0 0 0 0 0 0 0 0 0 0 0 0 0 0 0 0 0 0 0 ;
12 87 64 0 0 0 0 0 0 0 0 0 0 0 0 0 0 0 0 0 0 0 0 0 0 0 0 0 0 0 0 0 0 0 0 0 0 0 0 0 0 0 0 0 0 0 0 0 0 0 ;
91 8 0 9 0 0 0 0 0 0 0 0 0 0 0 0 0 0 0 0 0 0 0 0 0 0 0 0 0 0 0 0 0 0 0 0 0 0 0 0 0 0 0 0 0 0 0 0 0 0 ;
0 41 100 81 46 0 0 0 0 0 0 0 0 0 0 0 0 0 0 0 0 0 0 0 0 0 0 0 0 0 0 0 0 0 0 0 0 0 0 0 0 0 0 0 0 0 0 0 0 0 ;
90 55 84 79 0 69 0 0 0 0 0 0 0 0 0 0 0 0 0 0 0 0 0 0 0 0 0 0 0 0 0 0 0 0 0 0 0 0 0 0 0 0 0 0 0 0 0 0 0 0 ;
37 67 82 72 14 16 93 0 0 0 0 0 0 0 0 0 0 0 0 0 0 0 0 0 0 0 0 0 0 0 0 0 0 0 0 0 0 0 0 0 0 0 0 0 0 0 0 0 0 0 ;
0 26 86 0 0 0 10 0 0 0 0 0 0 0 0 0 0 0 0 0 0 0 0 0 0 0 0 0 0 0 0 0 0 0 0 0 0 0 0 0 0 0 0 0 0 0 0 0 0 0 ;
67 65 0 5 1 56 68 0 0 0 0 0 0 0 0 0 0 0 0 0 0 0 0 0 0 0 0 0 0 0 0 0 0 0 0 0 0 0 0 0 0 0 0 0 0 0 0 0 0 0 ;
81 73 87 0 13 0 60 21 21 73 0 0 0 0 0 0 0 0 0 0 0 0 0 0 0 0 0 0 0 0 0 0 0 0 0 0 0 0 0 0 0 0 0 0 0 0 0 0 0 0 ;
67 0 28 41 90 0 12 83 37 2 29 0 0 0 0 0 0 0 0 0 0 0 0 0 0 0 0 0 0 0 0 0 0 0 0 0 0 0 0 0 0 0 0 0 0 0 0 0 0 0 ;
69 67 75 72 75 68 19 37 39 100 1 40 0 0 0 0 0 0 0 0 0 0 0 0 0 0 0 0 0 0 0 0 0 0 0 0 0 0 0 0 0 0 0 0 0 0 0 0 0 0 ;
73 87 53 84 0 0 0 76 0 0 39 55 44 0 0 0 0 0 0 0 0 0 0 0 0 0 0 0 0 0 0 0 0 0 0 0 0 0 0 0 0 0 0 0 0 0 0 0 0 0 ;
20 89 15 0 0 55 30 98 51 79 39 78 98 47 0 0 0 0 0 0 0 0 0 0 0 0 0 0 0 0 0 0 0 0 0 0 0 0 0 0 0 0 0 0 0 0 0 0 0 0 ;
100 0 94 31 0 57 12 0 0 32 0 65 0 56 100 0 0 0 0 0 0 0 0 0 0 0 0 0 0 0 0 0 0 0 0 0 0 0 0 0 0 0 0 0 0 0 0 0 0 0 ;
15 57 21 47 23 51 0 40 25 96 0 7 0 83 0 0 0 0 0 0 0 0 0 0 0 0 0 0 0 0 0 0 0 0 0 0 0 0 0 0 0 0 0 0 0 0 0 0 0 0 ;
53 0 83 81 0 33 0 17 12 66 47 0 84 66 29 83 93 0 0 0 0 0 0 0 0 0 0 0 0 0 0 0 0 0 0 0 0 0 0 0 0 0 0 0 0 0 0 0 0 0 ;
10 34 65 15 41 47 89 0 51 80 66 0 79 18 40 71 74 3 0 0 0 0 0 0 0 0 0 0 0 0 0 0 0 0 0 0 0 0 0 0 0 0 0 0 0 0 0 0 0 0 ;
0 44 68 35 55 27 81 54 0 27 0 21 56 0 96 0 41 94 77 0 0 0 0 0 0 0 0 0 0 0 0 0 0 0 0 0 0 0 0 0 0 0 0 0 0 0 0 0 0 0 ;
20 0 7 37 84 0 6 79 95 80 19 90 0 0 56 41 50 0 0 11 0 0 0 0 0 0 0 0 0 0 0 0 0 0 0 0 0 0 0 0 0 0 0 0 0 0 0 0 0 0 ;
20 23 62 81 6 0 39 93 0 28 4 11 69 30 16 0 98 0 0 97 23 0 0 0 0 0 0 0 0 0 0 0 0 0 0 0 0 0 0 0 0 0 0 0 0 0 0 0 0 0 ;
38 9 13 55 54 1 8 25 94 95 0 0 38 46 36 0 0 19 66 33 32 30 0 0 0 0 0 0 0 0 0 0 0 0 0 0 0 0 0 0 0 0 0 0 0 0 0 0 0 0 ;
0 83 0 11 55 55 23 0 59 44 2 38 8 42 57 91 48 42 60 70 5 47 71 0 0 0 0 0 0 0 0 0 0 0 0 0 0 0 0 0 0 0 0 0 0 0 0 0 0 0 ;
46 0 73 0 0 35 44 30 0 37 88 16 0 69 0 49 0 48 67 0 89 0 88 97 0 0 0 0 0 0 0 0 0 0 0 0 0 0 0 0 0 0 0 0 0 0 0 0 0 0 ;
0 27 0 0 93 94 53 81 25 0 0 86 0 75 3 25 12 94 0 4 99 64 97 93 21 0 0 0 0 0 0 0 0 0 0 0 0 0 0 0 0 0 0 0 0 0 0 0 0 0 ;
86 98 33 24 63 85 38 17 71 62 69 72 68 48 60 0 10 0 0 0 0 73 8 21 16 87 0 0 0 0 0 0 0 0 0 0 0 0 0 0 0 0 0 0 0 0 0 0 0 0 ;
96 71 13 80 69 76 71 82 89 71 6 8 21 0 65 61 12 0 43 16 12 98 66 93 14 48 75 0 0 0 0 0 0 0 0 0 0 0 0 0 0 0 0 0 0 0 0 0 0 0 ;
28 31 31 0 14 66 59 0 77 100 94 5 0 27 7 56 0 79 97 49 51 49 0 26 12 0 84 0 0 0 0 0 0 0 0 0 0 0 0 0 0 0 0 0 0 0 0 0 0 0 ;
0 91 0 69 76 34 36 0 61 10 0 0 9 49 77 0 10 6 82 0 39 0 93 0 0 0 31 54 0 0 0 0 0 0 0 0 0 0 0 0 0 0 0 0 0 0 0 0 0 0 ;
0 90 34 36 91 10 0 80 30 48 4 0 12 98 62 54 40 3 9 0 29 62 10 2 39 65 19 0 9 31 0 0 0 0 0 0 0 0 0 0 0 0 0 0 0 0 0 0 0 0 ;
0 80 97 93 60 33 27 60 0 0 48 57 34 94 19 46 71 0 66 12 25 82 59 71 73 49 63 63 59 0 17 0 0 0 0 0 0 0 0 0 0 0 0 0 0 0 0 0 0 0 ;
64 45 0 74 31 0 51 48 87 92 86 100 28 64 20 63 62 13 16 38 14 0 55 0 38 3 0 22 95 47 0 4 0 0 0 0 0 0 0 0 0 0 0 0 0 0 0 0 0 0 ;
82 71 12 82 89 37 51 93 0 93 61 28 97 67 82 8 17 38 0 80 23 69 99 28 82 58 0 0 0 86 86 22 87 0 0 0 0 0 0 0 0 0 0 0 0 0 0 0 0 0 ;
12 39 0 95 88 91 95 78 2 0 29 43 34 11 0 55 0 38 74 96 32 68 51 48 10 0 44 21 48 7 64 0 16 35 0 0 0 0 0 0 0 0 0 0 0 0 0 0 0 0 ;
12 0 0 4 92 49 95 85 11 63 12 85 32 79 93 29 42 0 0 84 9 0 74 0 69 27 38 97 94 66 23 45 51 91 77 0 0 0 0 0 0 0 0 0 0 0 0 0 0 0 ;
37 38 70 0 18 67 52 14 84 65 43 57 85 0 33 0 40 0 15 16 0 94 86 56 89 88 1 48 97 54 0 66 0 0 48 13 0 0 0 0 0 0 0 0 0 0 0 0 0 0 ;
59 0 76 0 30 0 0 33 0 67 3 26 11 91 0 23 43 48 99 18 38 74 0 12 87 0 10 57 91 54 47 85 0 0 0 0 0 0 0 0 0 0 0 0 0 0 0 0 0 0 ;
46 75 26 95 10 6 0 40 18 0 10 41 51 0 50 55 85 0 0 20 7 0 0 28 0 60 2 37 0 0 22 60 71 85 74 87 85 32 0 0 0 0 0 0 0 0 0 0 0 0 ;
0 86 0 100 4 38 85 83 89 0 88 41 51 0 99 71 7 95 52 12 39 50 0 25 36 52 53 12 1 0 0 0 0 43 38 3 0 18 40 0 0 0 0 0 0 0 0 0 0 0 ;
33 0 30 52 43 26 56 0 0 23 38 92 22 72 0 72 87 44 32 22 90 0 0 67 53 18 42 60 41 88 45 60 0 0 54 0 97 23 2 56 0 0 0 0 0 0 0 0 0 0 ;
97 62 99 39 69 27 92 0 84 7 0 11 90 17 0 0 96 13 33 54 85 86 50 51 95 4 70 75 3 44 43 44 58 97 0 75 0 39 44 90 64 0 0 0 0 0 0 0 0 0 ;
51 9 0 100 49 87 0 30 90 6 0 35 64 78 4 92 62 7 97 67 34 1 19 61 0 55 7 70 82 84 10 29 70 28 0 47 65 59 0 23 0 74 0 0 0 0 0 0 0 0 ;
0 34 64 37 6 32 90 58 85 0 23 0 0 40 20 85 56 97 75 26 38 68 58 99 56 20 45 93 66 0 0 0 0 85 3 67 19 16 59 60 0 41 69 0 0 0 0 0 0 0 ;
37 0 0 37 6 18 47 0 90 0 0 0 0 0 0 0 0 0 57 33 89 76 22 7 26 81 60 11 40 42 0 67 86 74 35 68 42 19 57 22 70 87 91 0 0 0 0 0 0 0 ;
82 96 21 64 91 99 0 29 84 84 0 44 0 73 27 59 49 12 33 27 52 0 16 66 0 93 25 0 60 2 83 24 95 3 23 47 25 74 12 4 39 33 55 32 57 0 0 0 0 0 ;
66 0 82 2 36 81 53 0 10 0 66 80 22 76 57 59 40 0 39 70 86 63 68 0 0 63 49 18 6 0 42 45 87 6 50 13 76 93 0 13 13 0 72 0 4 94 0 0 0 0 ;
22 0 76 6 3 0 0 61 0 84 35 58 33 0 0 53 0 74 0 33 0 39 22 0 9 0 29 100 62 59 67 49 0 50 9 42 50 0 20 2 8 0 52 38 47 90 0 0 0 0 ;
67 37 87 70 0 95 17 9 20 1 19 0 35 74 0 0 76 0 73 41 92 57 93 0 55 95 0 85 0 4 22 0 0 0 0 34 49 59 80 3 0 0 0 0 2 0 0 49 0 0 ;
0 0 24 42 0 66 81 100 45 0 51 1 0 74 89 0 0 92 96 12 12 58 9 6 0 0 60 72 43 0 0 20 0 95 70 31 9 1 0 87 87 21 0 64 16 52 0 91 71 0 ;
18 70 76 52 7 59 36 91 80 82 74 0 73 35 41 56 0 47 58 17 47 0 98 62 6 51 23 70 0 67 50 1 80 55 0 72 0 26 85 20 0 70 70 17 0 28 0 0 57 67 ]
w=[18, 6, 14, 15, 35, 50, 21, 27, 39, 42, 34, 39, 2, 3, 43, 36, 26, 19, 11, 36, 1, 49, 34, 37, 8, 2, 2, 18, 40, 31, 24, 22, 17, 45, 16, 47, 14, 9, 24, 46, 27, 15, 3, 28, 28, 37, 13, 46, 33, 39]
W=55 
k=7 
