n=45
density=50
Q1=[103 0 0 0 0 0 0 0 0 0 0 0 0 0 0 0 0 0 0 0 0 0 0 0 0 0 0 0 0 0 0 0 0 0 0 0 0 0 0 0 0 0 0 0 0 ;
0 0 0 0 0 0 0 0 0 0 0 0 0 0 0 0 0 0 0 0 0 0 0 0 0 0 0 0 0 0 0 0 0 0 0 0 0 0 0 0 0 0 0 0 0 ;
0 0 0 0 0 0 0 0 0 0 0 0 0 0 0 0 0 0 0 0 0 0 0 0 0 0 0 0 0 0 0 0 0 0 0 0 0 0 0 0 0 0 0 0 0 ;
182 0 66 72 0 0 0 0 0 0 0 0 0 0 0 0 0 0 0 0 0 0 0 0 0 0 0 0 0 0 0 0 0 0 0 0 0 0 0 0 0 0 0 0 0 ;
0 0 0 0 0 0 0 0 0 0 0 0 0 0 0 0 0 0 0 0 0 0 0 0 0 0 0 0 0 0 0 0 0 0 0 0 0 0 0 0 0 0 0 0 0 ;
196 199 0 0 161 0 0 0 0 0 0 0 0 0 0 0 0 0 0 0 0 0 0 0 0 0 0 0 0 0 0 0 0 0 0 0 0 0 0 0 0 0 0 0 0 ;
0 60 189 160 0 68 0 0 0 0 0 0 0 0 0 0 0 0 0 0 0 0 0 0 0 0 0 0 0 0 0 0 0 0 0 0 0 0 0 0 0 0 0 0 0 ;
13 26 0 117 150 104 0 0 0 0 0 0 0 0 0 0 0 0 0 0 0 0 0 0 0 0 0 0 0 0 0 0 0 0 0 0 0 0 0 0 0 0 0 0 0 ;
0 194 198 148 0 0 72 0 74 0 0 0 0 0 0 0 0 0 0 0 0 0 0 0 0 0 0 0 0 0 0 0 0 0 0 0 0 0 0 0 0 0 0 0 0 ;
95 149 186 104 177 172 0 0 105 0 0 0 0 0 0 0 0 0 0 0 0 0 0 0 0 0 0 0 0 0 0 0 0 0 0 0 0 0 0 0 0 0 0 0 0 ;
136 0 0 119 0 0 0 183 148 0 0 0 0 0 0 0 0 0 0 0 0 0 0 0 0 0 0 0 0 0 0 0 0 0 0 0 0 0 0 0 0 0 0 0 0 ;
6 0 0 73 0 81 40 9 0 0 0 73 0 0 0 0 0 0 0 0 0 0 0 0 0 0 0 0 0 0 0 0 0 0 0 0 0 0 0 0 0 0 0 0 0 ;
171 106 0 0 146 29 0 0 98 124 90 66 0 0 0 0 0 0 0 0 0 0 0 0 0 0 0 0 0 0 0 0 0 0 0 0 0 0 0 0 0 0 0 0 0 ;
0 101 0 98 25 0 112 156 181 0 119 0 8 98 0 0 0 0 0 0 0 0 0 0 0 0 0 0 0 0 0 0 0 0 0 0 0 0 0 0 0 0 0 0 0 ;
0 0 0 0 0 95 0 0 0 130 105 0 108 4 0 0 0 0 0 0 0 0 0 0 0 0 0 0 0 0 0 0 0 0 0 0 0 0 0 0 0 0 0 0 0 ;
0 185 0 8 79 0 99 0 196 0 0 114 153 0 199 0 0 0 0 0 0 0 0 0 0 0 0 0 0 0 0 0 0 0 0 0 0 0 0 0 0 0 0 0 0 ;
0 0 19 0 192 0 0 0 110 84 130 0 155 0 0 87 0 0 0 0 0 0 0 0 0 0 0 0 0 0 0 0 0 0 0 0 0 0 0 0 0 0 0 0 0 ;
13 0 104 0 0 0 98 0 48 149 0 0 192 105 0 0 0 141 0 0 0 0 0 0 0 0 0 0 0 0 0 0 0 0 0 0 0 0 0 0 0 0 0 0 0 ;
85 194 0 0 90 75 0 0 0 54 0 9 0 57 50 0 137 0 24 0 0 0 0 0 0 0 0 0 0 0 0 0 0 0 0 0 0 0 0 0 0 0 0 0 0 ;
0 0 40 176 0 135 1 0 0 0 28 0 116 169 0 0 0 0 60 33 0 0 0 0 0 0 0 0 0 0 0 0 0 0 0 0 0 0 0 0 0 0 0 0 0 ;
128 0 0 0 0 170 99 0 67 0 71 0 113 0 0 80 0 0 0 0 0 0 0 0 0 0 0 0 0 0 0 0 0 0 0 0 0 0 0 0 0 0 0 0 0 ;
195 199 0 46 26 0 97 88 0 0 200 157 0 80 30 0 0 0 40 94 132 0 0 0 0 0 0 0 0 0 0 0 0 0 0 0 0 0 0 0 0 0 0 0 0 ;
12 81 67 0 193 11 103 0 131 0 192 119 0 191 170 0 0 23 0 0 0 0 0 0 0 0 0 0 0 0 0 0 0 0 0 0 0 0 0 0 0 0 0 0 0 ;
0 2 168 28 0 187 0 0 0 141 0 0 156 0 148 114 0 0 0 0 45 0 0 189 0 0 0 0 0 0 0 0 0 0 0 0 0 0 0 0 0 0 0 0 0 ;
72 0 152 140 0 0 123 0 6 118 191 0 0 4 0 0 165 0 0 0 0 0 173 185 0 0 0 0 0 0 0 0 0 0 0 0 0 0 0 0 0 0 0 0 0 ;
0 0 182 167 0 4 0 0 183 25 58 0 0 20 0 186 12 189 22 0 0 30 198 0 0 194 0 0 0 0 0 0 0 0 0 0 0 0 0 0 0 0 0 0 0 ;
121 0 0 0 73 0 101 64 0 0 0 0 64 180 184 123 73 0 199 83 153 0 27 44 162 0 77 0 0 0 0 0 0 0 0 0 0 0 0 0 0 0 0 0 0 ;
0 161 97 180 0 0 39 0 176 181 0 162 58 0 0 152 0 77 0 0 73 0 85 0 158 0 113 0 0 0 0 0 0 0 0 0 0 0 0 0 0 0 0 0 0 ;
168 0 0 187 0 11 0 0 26 101 0 0 0 52 101 0 0 0 0 2 166 0 113 0 196 122 77 173 163 0 0 0 0 0 0 0 0 0 0 0 0 0 0 0 0 ;
0 140 0 0 8 0 76 149 0 0 192 0 172 0 191 0 147 0 26 0 0 147 0 6 0 0 181 0 0 92 0 0 0 0 0 0 0 0 0 0 0 0 0 0 0 ;
107 44 0 136 118 163 51 166 173 0 0 0 134 79 0 127 184 0 24 3 0 111 0 0 0 152 0 0 167 82 111 0 0 0 0 0 0 0 0 0 0 0 0 0 0 ;
161 4 99 0 73 34 0 0 0 115 164 0 0 0 124 101 32 0 0 105 100 77 0 19 0 0 0 0 0 58 161 0 0 0 0 0 0 0 0 0 0 0 0 0 0 ;
0 0 71 0 74 0 175 50 0 0 138 0 0 0 113 0 0 62 187 148 45 130 85 96 0 75 0 148 0 0 125 0 147 0 0 0 0 0 0 0 0 0 0 0 0 ;
18 12 101 72 95 0 0 28 102 0 197 0 0 18 98 25 0 28 19 0 36 0 25 0 109 92 33 176 181 83 0 181 179 192 0 0 0 0 0 0 0 0 0 0 0 ;
162 0 0 0 0 0 51 0 51 144 68 97 126 153 193 81 112 194 0 0 162 0 28 108 0 14 61 0 35 0 0 6 0 0 0 0 0 0 0 0 0 0 0 0 0 ;
41 0 74 0 0 47 68 0 0 0 0 0 84 0 153 195 0 0 0 79 0 152 150 0 0 0 99 35 0 0 181 0 0 0 144 0 0 0 0 0 0 0 0 0 0 ;
0 0 0 0 63 164 0 103 0 13 197 0 125 0 75 0 0 57 0 0 0 0 130 58 0 0 0 0 167 0 126 0 0 167 132 161 0 0 0 0 0 0 0 0 0 ;
91 0 0 0 0 0 0 180 134 111 0 0 48 0 168 69 88 44 67 0 46 43 0 0 37 0 199 0 11 158 119 18 0 0 87 70 0 0 0 0 0 0 0 0 0 ;
78 0 0 121 0 28 169 100 0 0 0 0 96 89 195 100 0 0 0 0 29 114 0 180 0 112 116 135 17 199 66 73 41 0 93 173 0 0 0 0 0 0 0 0 0 ;
0 170 0 0 94 159 0 0 92 0 74 0 0 0 0 0 0 0 157 0 153 93 0 0 13 41 0 35 29 0 150 186 0 0 163 87 0 0 98 0 0 0 0 0 0 ;
0 123 0 102 0 0 0 0 92 49 0 0 74 0 0 45 119 152 41 146 69 0 0 171 56 0 26 0 0 0 136 39 31 178 0 193 0 0 0 37 0 0 0 0 0 ;
115 0 0 0 0 73 162 175 92 0 101 0 0 0 58 17 0 0 0 0 33 156 0 152 190 0 23 79 0 8 0 53 0 28 0 102 163 0 0 68 161 0 0 0 0 ;
0 0 14 0 0 0 122 0 0 83 0 124 0 63 0 65 159 60 0 49 0 58 0 0 133 0 61 0 0 161 76 0 8 103 0 0 0 0 0 101 81 0 117 0 0 ;
81 43 166 0 186 126 43 0 184 78 0 78 0 119 186 193 56 146 190 0 185 77 25 0 0 0 52 0 0 89 112 110 104 0 0 90 0 185 0 37 0 0 0 0 0 ;
89 0 143 0 0 0 0 24 138 196 143 197 159 13 115 0 7 0 24 0 52 83 0 120 66 0 175 0 0 0 0 104 125 144 13 0 23 120 104 0 200 83 75 33 0 ]
w=[95, 5, 62, 35, 16, 19, 9, 21, 99, 72, 95, 66, 23, 39, 3, 5, 18, 52, 85, 18, 98, 25, 95, 100, 23, 25, 94, 31, 11, 36, 34, 32, 100, 84, 26, 39, 14, 50, 73, 63, 69, 85, 42, 20, 44]
W=75 
k=3 
inst_name = "QKP_45_200_50" 
feasible = true 
Q2=[45 0 0 0 0 0 0 0 0 0 0 0 0 0 0 0 0 0 0 0 0 0 0 0 0 0 0 0 0 0 0 0 0 0 0 0 0 0 0 0 0 0 0 0 0; 200 200 0 0 0 0 0 0 0 0 0 0 0 0 0 0 0 0 0 0 0 0 0 0 0 0 0 0 0 0 0 0 0 0 0 0 0 0 0 0 0 0 0 0 0; 200 200 200 0 0 0 0 0 0 0 0 0 0 0 0 0 0 0 0 0 0 0 0 0 0 0 0 0 0 0 0 0 0 0 0 0 0 0 0 0 0 0 0 0 0; 9 200 180 162 0 0 0 0 0 0 0 0 0 0 0 0 0 0 0 0 0 0 0 0 0 0 0 0 0 0 0 0 0 0 0 0 0 0 0 0 0 0 0 0 0; 200 200 200 200 200 0 0 0 0 0 0 0 0 0 0 0 0 0 0 0 0 0 0 0 0 0 0 0 0 0 0 0 0 0 0 0 0 0 0 0 0 0 0 0 0; 0 1 200 200 34 200 0 0 0 0 0 0 0 0 0 0 0 0 0 0 0 0 0 0 0 0 0 0 0 0 0 0 0 0 0 0 0 0 0 0 0 0 0 0 0; 200 193 4 18 200 193 200 0 0 0 0 0 0 0 0 0 0 0 0 0 0 0 0 0 0 0 0 0 0 0 0 0 0 0 0 0 0 0 0 0 0 0 0 0 0; 189 196 200 27 44 26 200 200 0 0 0 0 0 0 0 0 0 0 0 0 0 0 0 0 0 0 0 0 0 0 0 0 0 0 0 0 0 0 0 0 0 0 0 0 0; 200 5 1 10 200 200 196 200 167 0 0 0 0 0 0 0 0 0 0 0 0 0 0 0 0 0 0 0 0 0 0 0 0 0 0 0 0 0 0 0 0 0 0 0 0; 172 16 8 62 21 6 200 200 31 200 0 0 0 0 0 0 0 0 0 0 0 0 0 0 0 0 0 0 0 0 0 0 0 0 0 0 0 0 0 0 0 0 0 0 0; 49 200 200 67 200 200 200 2 49 200 200 0 0 0 0 0 0 0 0 0 0 0 0 0 0 0 0 0 0 0 0 0 0 0 0 0 0 0 0 0 0 0 0 0 0; 196 200 200 167 200 150 162 198 200 200 200 150 0 0 0 0 0 0 0 0 0 0 0 0 0 0 0 0 0 0 0 0 0 0 0 0 0 0 0 0 0 0 0 0 0; 2 72 200 200 48 199 200 200 121 23 150 154 200 0 0 0 0 0 0 0 0 0 0 0 0 0 0 0 0 0 0 0 0 0 0 0 0 0 0 0 0 0 0 0 0; 200 38 200 118 188 200 35 35 17 200 81 200 197 110 0 0 0 0 0 0 0 0 0 0 0 0 0 0 0 0 0 0 0 0 0 0 0 0 0 0 0 0 0 0 0; 200 200 200 200 200 186 200 200 200 62 87 200 71 200 200 0 0 0 0 0 0 0 0 0 0 0 0 0 0 0 0 0 0 0 0 0 0 0 0 0 0 0 0 0 0; 200 9 200 194 177 200 150 200 1 200 200 66 35 200 0 200 0 0 0 0 0 0 0 0 0 0 0 0 0 0 0 0 0 0 0 0 0 0 0 0 0 0 0 0 0; 200 200 182 200 5 200 200 200 54 156 15 200 5 200 200 159 200 0 0 0 0 0 0 0 0 0 0 0 0 0 0 0 0 0 0 0 0 0 0 0 0 0 0 0 0; 193 200 26 200 200 200 127 200 189 39 200 200 4 88 200 200 200 44 0 0 0 0 0 0 0 0 0 0 0 0 0 0 0 0 0 0 0 0 0 0 0 0 0 0 0; 146 5 200 200 112 140 200 200 200 179 200 196 200 187 197 200 23 200 197 0 0 0 0 0 0 0 0 0 0 0 0 0 0 0 0 0 0 0 0 0 0 0 0 0 0; 200 200 178 1 200 64 199 200 200 200 176 200 57 23 200 200 200 200 168 198 0 0 0 0 0 0 0 0 0 0 0 0 0 0 0 0 0 0 0 0 0 0 0 0 0; 13 200 200 200 200 5 162 200 133 200 193 200 55 200 200 191 200 200 200 200 200 0 0 0 0 0 0 0 0 0 0 0 0 0 0 0 0 0 0 0 0 0 0 0 0; 0 0 200 181 196 200 179 172 200 200 0 33 200 157 178 200 200 200 197 124 26 200 0 0 0 0 0 0 0 0 0 0 0 0 0 0 0 0 0 0 0 0 0 0 0; 189 191 153 200 1 193 19 200 29 200 0 0 200 8 30 200 200 179 200 200 200 200 200 0 0 0 0 0 0 0 0 0 0 0 0 0 0 0 0 0 0 0 0 0 0; 200 199 0 179 200 12 200 200 200 23 200 200 33 200 2 36 200 200 200 200 168 200 200 10 0 0 0 0 0 0 0 0 0 0 0 0 0 0 0 0 0 0 0 0 0; 193 200 28 1 200 200 14 200 195 43 2 200 200 198 200 200 4 200 200 200 200 200 15 12 200 0 0 0 0 0 0 0 0 0 0 0 0 0 0 0 0 0 0 0 0; 200 200 15 1 200 197 200 200 2 186 153 200 200 182 200 3 193 4 198 200 200 185 0 200 200 2 0 0 0 0 0 0 0 0 0 0 0 0 0 0 0 0 0 0 0; 29 200 200 200 142 200 67 140 200 200 200 200 138 1 5 31 162 200 0 148 0 200 176 183 32 200 171 0 0 0 0 0 0 0 0 0 0 0 0 0 0 0 0 0 0; 200 31 128 18 200 200 172 200 20 8 200 14 168 200 200 38 200 143 200 200 160 200 122 200 23 200 53 200 0 0 0 0 0 0 0 0 0 0 0 0 0 0 0 0 0; 26 200 200 8 200 195 200 200 179 2 200 200 200 173 0 200 200 200 200 198 22 200 30 200 3 15 144 12 11 0 0 0 0 0 0 0 0 0 0 0 0 0 0 0 0; 200 46 200 200 194 200 181 47 200 200 1 200 23 200 8 200 50 200 185 200 200 13 200 200 200 200 7 200 200 109 0 0 0 0 0 0 0 0 0 0 0 0 0 0 0; 83 164 200 33 76 12 165 4 12 200 200 200 65 166 200 44 13 200 184 197 200 28 200 200 200 43 200 200 1 163 88 0 0 0 0 0 0 0 0 0 0 0 0 0 0; 31 197 113 200 171 177 200 200 200 76 22 200 200 200 11 36 188 200 200 44 54 184 200 186 200 200 200 200 200 155 36 200 0 0 0 0 0 0 0 0 0 0 0 0 0; 200 200 185 200 178 200 13 174 200 200 26 200 200 200 83 200 200 148 6 27 165 15 126 129 200 140 200 33 200 200 17 200 30 0 0 0 0 0 0 0 0 0 0 0 0; 198 197 18 136 150 200 200 193 37 200 3 200 200 185 152 195 200 187 188 200 180 200 185 200 46 111 179 5 12 122 200 0 11 7 0 0 0 0 0 0 0 0 0 0 0; 15 200 200 200 200 200 175 200 179 9 177 198 59 17 0 163 53 3 200 200 10 200 181 90 200 188 171 200 178 200 200 194 200 200 200 0 0 0 0 0 0 0 0 0 0; 187 200 143 200 200 173 149 200 200 200 200 200 147 200 35 5 200 200 200 159 200 40 31 200 200 200 115 195 200 200 9 200 200 200 3 200 0 0 0 0 0 0 0 0 0; 200 200 200 200 172 7 200 71 200 189 3 200 0 200 129 200 200 167 200 200 200 200 18 142 200 200 200 200 1 200 43 200 200 21 37 28 200 0 0 0 0 0 0 0 0; 198 200 200 200 200 200 200 0 28 9 200 200 193 200 26 197 162 171 135 200 161 193 200 200 184 200 0 200 199 36 45 192 200 200 196 181 200 200 0 0 0 0 0 0 0; 154 200 200 55 200 189 0 45 200 200 200 200 172 128 5 71 200 200 200 200 192 43 200 2 200 40 47 35 186 0 178 191 197 200 168 4 200 200 200 0 0 0 0 0 0; 200 4 200 200 139 34 200 200 187 200 186 200 200 200 200 200 200 200 27 200 41 169 200 200 195 199 200 171 196 200 18 11 200 200 0 140 200 200 131 200 0 0 0 0 0; 200 47 200 14 200 200 200 200 138 165 200 200 182 200 200 182 18 6 200 38 173 200 200 24 173 200 192 200 200 200 61 175 184 4 200 7 200 200 200 183 200 0 0 0 0; 15 200 200 200 200 135 25 10 121 200 73 200 200 200 180 185 200 200 200 200 183 18 200 27 9 200 192 143 200 196 200 176 200 182 200 50 15 200 200 152 10 200 0 0 0; 200 200 190 200 200 200 31 200 200 149 200 34 200 174 200 184 13 165 200 175 200 165 200 200 2 200 156 200 200 16 177 200 192 7 200 200 200 200 200 98 192 200 64 0 0; 198 192 8 200 13 1 164 200 8 186 200 125 200 1 4 6 146 12 6 200 9 125 188 200 200 200 174 200 200 129 67 40 39 200 200 165 200 11 200 182 200 200 200 200 0; 171 200 25 200 200 200 200 184 10 0 10 1 33 198 7 200 193 200 187 200 183 155 200 18 184 200 18 200 200 200 200 57 47 13 193 200 177 1 29 200 0 122 142 171 200]
