n=45
density=75
Q1=[98 0 0 0 0 0 0 0 0 0 0 0 0 0 0 0 0 0 0 0 0 0 0 0 0 0 0 0 0 0 0 0 0 0 0 0 0 0 0 0 0 0 0 0 0 ;
24 0 0 0 0 0 0 0 0 0 0 0 0 0 0 0 0 0 0 0 0 0 0 0 0 0 0 0 0 0 0 0 0 0 0 0 0 0 0 0 0 0 0 0 0 ;
74 63 75 0 0 0 0 0 0 0 0 0 0 0 0 0 0 0 0 0 0 0 0 0 0 0 0 0 0 0 0 0 0 0 0 0 0 0 0 0 0 0 0 0 0 ;
95 74 30 35 0 0 0 0 0 0 0 0 0 0 0 0 0 0 0 0 0 0 0 0 0 0 0 0 0 0 0 0 0 0 0 0 0 0 0 0 0 0 0 0 0 ;
94 90 38 50 11 0 0 0 0 0 0 0 0 0 0 0 0 0 0 0 0 0 0 0 0 0 0 0 0 0 0 0 0 0 0 0 0 0 0 0 0 0 0 0 0 ;
62 10 33 0 1 0 0 0 0 0 0 0 0 0 0 0 0 0 0 0 0 0 0 0 0 0 0 0 0 0 0 0 0 0 0 0 0 0 0 0 0 0 0 0 0 ;
48 58 0 42 24 59 0 0 0 0 0 0 0 0 0 0 0 0 0 0 0 0 0 0 0 0 0 0 0 0 0 0 0 0 0 0 0 0 0 0 0 0 0 0 0 ;
92 33 4 20 7 55 0 78 0 0 0 0 0 0 0 0 0 0 0 0 0 0 0 0 0 0 0 0 0 0 0 0 0 0 0 0 0 0 0 0 0 0 0 0 0 ;
0 14 12 65 0 0 0 0 47 0 0 0 0 0 0 0 0 0 0 0 0 0 0 0 0 0 0 0 0 0 0 0 0 0 0 0 0 0 0 0 0 0 0 0 0 ;
54 15 96 80 12 81 0 50 55 94 0 0 0 0 0 0 0 0 0 0 0 0 0 0 0 0 0 0 0 0 0 0 0 0 0 0 0 0 0 0 0 0 0 0 0 ;
12 50 62 100 32 95 0 52 93 44 53 0 0 0 0 0 0 0 0 0 0 0 0 0 0 0 0 0 0 0 0 0 0 0 0 0 0 0 0 0 0 0 0 0 0 ;
93 85 97 32 25 93 0 80 17 21 0 0 0 0 0 0 0 0 0 0 0 0 0 0 0 0 0 0 0 0 0 0 0 0 0 0 0 0 0 0 0 0 0 0 0 ;
78 41 4 51 23 50 0 27 23 0 40 18 0 0 0 0 0 0 0 0 0 0 0 0 0 0 0 0 0 0 0 0 0 0 0 0 0 0 0 0 0 0 0 0 0 ;
0 13 0 42 73 69 64 16 26 0 26 0 76 56 0 0 0 0 0 0 0 0 0 0 0 0 0 0 0 0 0 0 0 0 0 0 0 0 0 0 0 0 0 0 0 ;
46 4 74 23 0 0 0 34 56 66 20 0 0 14 57 0 0 0 0 0 0 0 0 0 0 0 0 0 0 0 0 0 0 0 0 0 0 0 0 0 0 0 0 0 0 ;
27 48 97 0 69 74 7 0 94 0 14 35 71 0 5 93 0 0 0 0 0 0 0 0 0 0 0 0 0 0 0 0 0 0 0 0 0 0 0 0 0 0 0 0 0 ;
91 0 7 55 0 0 82 50 40 0 92 25 11 97 0 78 29 0 0 0 0 0 0 0 0 0 0 0 0 0 0 0 0 0 0 0 0 0 0 0 0 0 0 0 0 ;
51 52 10 21 43 96 0 11 30 31 34 0 60 0 60 89 39 23 0 0 0 0 0 0 0 0 0 0 0 0 0 0 0 0 0 0 0 0 0 0 0 0 0 0 0 ;
0 84 0 26 49 52 41 0 53 39 7 40 19 50 87 76 28 80 47 0 0 0 0 0 0 0 0 0 0 0 0 0 0 0 0 0 0 0 0 0 0 0 0 0 0 ;
34 96 0 98 6 86 98 0 77 57 92 67 63 0 0 0 6 90 27 75 0 0 0 0 0 0 0 0 0 0 0 0 0 0 0 0 0 0 0 0 0 0 0 0 0 ;
24 72 94 88 20 29 68 0 64 46 50 15 65 95 2 29 48 22 75 65 14 0 0 0 0 0 0 0 0 0 0 0 0 0 0 0 0 0 0 0 0 0 0 0 0 ;
17 15 15 0 42 7 89 0 0 0 3 92 93 88 84 96 0 0 74 43 63 0 0 0 0 0 0 0 0 0 0 0 0 0 0 0 0 0 0 0 0 0 0 0 0 ;
74 40 61 42 73 0 47 77 20 0 0 0 16 51 0 0 0 0 0 96 0 0 35 0 0 0 0 0 0 0 0 0 0 0 0 0 0 0 0 0 0 0 0 0 0 ;
40 13 79 96 58 44 0 0 58 47 97 48 74 61 46 67 1 33 0 69 100 87 72 84 0 0 0 0 0 0 0 0 0 0 0 0 0 0 0 0 0 0 0 0 0 ;
48 3 0 98 0 7 71 0 0 74 60 24 12 75 70 78 15 13 41 0 84 80 8 67 61 0 0 0 0 0 0 0 0 0 0 0 0 0 0 0 0 0 0 0 0 ;
0 96 0 0 11 13 33 29 79 49 69 51 0 41 30 45 68 67 0 83 0 89 59 30 73 53 0 0 0 0 0 0 0 0 0 0 0 0 0 0 0 0 0 0 0 ;
0 0 25 95 16 0 29 15 31 0 50 38 15 73 96 0 0 14 0 0 3 88 23 90 0 0 60 0 0 0 0 0 0 0 0 0 0 0 0 0 0 0 0 0 0 ;
0 95 39 69 98 62 34 34 58 70 85 97 44 0 0 35 2 26 52 99 53 50 22 49 44 0 48 0 0 0 0 0 0 0 0 0 0 0 0 0 0 0 0 0 0 ;
0 24 98 31 24 0 0 49 82 4 57 2 69 17 65 29 92 3 18 16 99 8 44 0 85 0 17 33 20 0 0 0 0 0 0 0 0 0 0 0 0 0 0 0 0 ;
71 54 72 3 44 93 72 91 29 73 40 83 0 2 0 0 65 88 88 50 46 81 0 89 10 94 0 0 0 87 0 0 0 0 0 0 0 0 0 0 0 0 0 0 0 ;
66 22 11 0 0 0 51 51 0 93 77 0 63 41 27 8 55 14 17 3 73 0 0 62 46 0 89 92 80 80 90 0 0 0 0 0 0 0 0 0 0 0 0 0 0 ;
20 16 4 100 0 24 0 59 39 0 95 66 66 43 29 100 67 20 24 98 63 19 32 41 68 0 22 44 17 0 0 5 0 0 0 0 0 0 0 0 0 0 0 0 0 ;
1 87 8 93 60 87 0 44 1 86 97 0 0 48 0 94 82 91 20 62 74 38 4 10 29 98 28 11 81 90 76 0 0 0 0 0 0 0 0 0 0 0 0 0 0 ;
38 0 45 37 11 14 39 38 30 0 34 98 68 96 63 84 19 62 84 6 22 82 75 83 38 61 99 13 0 91 0 7 20 81 0 0 0 0 0 0 0 0 0 0 0 ;
0 0 12 78 0 7 41 2 84 3 51 3 48 91 62 76 0 0 78 20 24 0 0 93 78 0 0 70 0 32 100 86 47 1 5 0 0 0 0 0 0 0 0 0 0 ;
14 33 95 80 0 0 23 37 99 16 90 0 0 85 27 96 49 61 17 0 95 0 38 0 23 0 37 0 12 11 28 0 40 25 0 0 0 0 0 0 0 0 0 0 0 ;
51 10 5 71 100 0 71 29 94 44 21 12 0 60 48 0 72 75 51 14 0 49 25 25 90 54 0 0 80 0 69 0 36 98 77 0 33 0 0 0 0 0 0 0 0 ;
0 93 90 29 38 13 22 78 46 59 0 40 48 74 51 26 55 24 19 46 86 81 0 88 0 75 48 80 38 67 62 64 0 41 21 51 68 24 0 0 0 0 0 0 0 ;
17 24 25 50 8 7 0 47 0 64 14 0 7 15 94 49 31 42 9 4 15 28 0 0 75 43 0 30 44 0 4 34 0 43 8 0 59 79 20 0 0 0 0 0 0 ;
8 0 0 5 100 28 10 23 0 0 0 67 96 0 42 75 0 7 8 60 74 0 86 93 86 94 0 0 0 0 78 49 25 70 0 29 94 0 34 29 0 0 0 0 0 ;
65 69 0 52 0 0 80 40 25 35 19 53 57 74 95 27 22 0 4 0 56 70 79 96 93 0 70 2 15 0 0 0 0 94 20 34 36 34 0 50 92 0 0 0 0 ;
0 0 51 0 61 8 17 10 17 82 0 95 25 39 15 74 99 0 15 0 72 68 0 56 0 72 22 70 0 28 60 4 8 48 64 95 49 0 31 5 96 85 0 0 0 ;
0 0 1 79 96 0 37 90 61 0 0 0 72 36 16 25 98 29 44 41 13 45 38 82 63 0 17 82 94 11 4 1 17 86 9 65 33 30 92 0 0 25 0 0 0 ;
12 39 58 60 28 0 99 74 11 14 84 96 100 81 90 88 57 76 94 0 58 0 78 6 83 36 59 15 74 68 38 95 0 55 89 13 59 0 58 44 67 0 0 8 0 ;
0 0 39 57 13 0 32 93 50 0 23 76 18 0 0 74 88 80 20 0 0 0 83 0 0 27 0 51 0 58 45 21 47 0 85 24 97 7 28 10 0 30 0 0 0 ]
w=[8, 27, 43, 49, 34, 34, 28, 45, 15, 27, 10, 22, 43, 19, 5, 38, 9, 23, 4, 27, 27, 12, 34, 28, 11, 42, 5, 19, 20, 24, 43, 45, 50, 2, 10, 22, 27, 26, 29, 1, 17, 31, 18, 21, 20]
W=50 
k=8 
