n=35
density=100
Q1=[12 0 0 0 0 0 0 0 0 0 0 0 0 0 0 0 0 0 0 0 0 0 0 0 0 0 0 0 0 0 0 0 0 0 0 ;
26 63 0 0 0 0 0 0 0 0 0 0 0 0 0 0 0 0 0 0 0 0 0 0 0 0 0 0 0 0 0 0 0 0 0 ;
67 83 3 0 0 0 0 0 0 0 0 0 0 0 0 0 0 0 0 0 0 0 0 0 0 0 0 0 0 0 0 0 0 0 0 ;
37 66 59 31 0 0 0 0 0 0 0 0 0 0 0 0 0 0 0 0 0 0 0 0 0 0 0 0 0 0 0 0 0 0 0 ;
53 24 57 70 76 0 0 0 0 0 0 0 0 0 0 0 0 0 0 0 0 0 0 0 0 0 0 0 0 0 0 0 0 0 0 ;
81 30 13 23 56 74 0 0 0 0 0 0 0 0 0 0 0 0 0 0 0 0 0 0 0 0 0 0 0 0 0 0 0 0 0 ;
43 4 50 49 40 74 75 0 0 0 0 0 0 0 0 0 0 0 0 0 0 0 0 0 0 0 0 0 0 0 0 0 0 0 0 ;
3 89 16 17 72 96 12 82 0 0 0 0 0 0 0 0 0 0 0 0 0 0 0 0 0 0 0 0 0 0 0 0 0 0 0 ;
74 79 51 65 8 1 42 94 18 0 0 0 0 0 0 0 0 0 0 0 0 0 0 0 0 0 0 0 0 0 0 0 0 0 0 ;
26 88 1 64 52 39 45 46 16 50 0 0 0 0 0 0 0 0 0 0 0 0 0 0 0 0 0 0 0 0 0 0 0 0 0 ;
98 84 75 27 20 59 59 15 70 87 71 0 0 0 0 0 0 0 0 0 0 0 0 0 0 0 0 0 0 0 0 0 0 0 0 ;
34 99 91 24 42 51 48 98 21 13 2 53 0 0 0 0 0 0 0 0 0 0 0 0 0 0 0 0 0 0 0 0 0 0 0 ;
95 22 68 89 2 32 64 15 39 34 18 56 35 0 0 0 0 0 0 0 0 0 0 0 0 0 0 0 0 0 0 0 0 0 0 ;
100 44 53 36 2 96 17 54 95 62 26 69 94 79 0 0 0 0 0 0 0 0 0 0 0 0 0 0 0 0 0 0 0 0 0 ;
43 77 36 87 77 83 92 81 31 24 84 17 65 70 66 0 0 0 0 0 0 0 0 0 0 0 0 0 0 0 0 0 0 0 0 ;
34 67 41 45 10 48 76 14 13 82 49 4 83 100 47 83 0 0 0 0 0 0 0 0 0 0 0 0 0 0 0 0 0 0 0 ;
74 36 27 33 10 92 58 48 21 21 10 2 11 43 13 59 36 0 0 0 0 0 0 0 0 0 0 0 0 0 0 0 0 0 0 ;
50 97 1 50 90 15 29 89 54 25 32 33 86 58 94 45 26 91 0 0 0 0 0 0 0 0 0 0 0 0 0 0 0 0 0 ;
45 7 39 67 79 11 15 62 29 33 10 21 83 66 70 63 30 18 28 0 0 0 0 0 0 0 0 0 0 0 0 0 0 0 0 ;
26 48 94 86 98 84 28 17 99 33 24 67 38 44 93 27 72 15 13 34 0 0 0 0 0 0 0 0 0 0 0 0 0 0 0 ;
47 80 53 2 78 81 70 95 98 74 62 89 100 21 17 14 20 62 63 56 83 0 0 0 0 0 0 0 0 0 0 0 0 0 0 ;
53 35 78 26 33 5 36 92 38 46 100 29 87 100 64 40 75 72 95 89 82 82 0 0 0 0 0 0 0 0 0 0 0 0 0 ;
86 12 59 96 45 59 79 6 50 34 11 93 52 78 73 52 9 93 33 53 36 22 10 0 0 0 0 0 0 0 0 0 0 0 0 ;
48 6 26 31 88 65 94 74 98 14 9 7 48 86 21 61 35 39 59 45 91 39 1 74 0 0 0 0 0 0 0 0 0 0 0 ;
36 99 2 73 95 16 67 33 60 91 51 26 12 18 95 97 43 97 77 93 22 24 22 79 29 0 0 0 0 0 0 0 0 0 0 ;
28 27 29 70 57 100 12 78 67 49 33 43 8 68 88 52 76 80 43 43 70 38 73 8 52 82 0 0 0 0 0 0 0 0 0 ;
7 24 77 7 68 87 50 71 8 95 98 2 45 8 94 56 13 45 56 68 31 68 94 62 74 57 86 0 0 0 0 0 0 0 0 ;
30 42 24 33 63 63 74 93 56 21 93 99 30 52 73 46 82 54 42 47 52 4 51 54 94 20 48 35 0 0 0 0 0 0 0 ;
31 60 92 9 7 76 16 36 77 16 64 55 60 3 23 100 86 25 86 22 66 65 99 50 59 54 58 27 3 0 0 0 0 0 0 ;
56 65 16 95 82 86 18 6 19 97 49 57 25 82 92 1 18 85 70 81 72 94 74 95 43 47 34 52 60 86 0 0 0 0 0 ;
3 54 55 63 89 2 55 30 65 28 63 16 27 56 65 43 52 48 1 82 16 24 40 94 80 15 60 86 9 71 44 0 0 0 0 ;
52 80 52 18 30 41 52 25 32 24 72 76 40 78 78 17 46 45 36 70 100 8 44 13 45 56 91 49 19 18 76 65 0 0 0 ;
31 74 48 22 76 72 67 99 47 85 94 65 58 65 45 56 28 78 88 61 99 4 37 19 47 13 2 30 36 53 51 27 96 0 0 ;
59 93 18 89 77 31 9 90 24 65 59 49 42 19 63 63 45 33 52 86 8 11 10 10 26 87 34 3 83 83 23 59 48 13 0 ;
88 47 39 53 26 75 38 74 42 94 18 78 81 40 19 51 67 32 60 48 58 43 52 86 68 51 39 95 89 2 24 59 89 66 60 ]
w=[6, 12, 47, 37, 32, 26, 3, 43, 6, 29, 47, 10, 42, 18, 13, 35, 6, 40, 49, 23, 25, 35, 20, 3, 26, 10, 27, 22, 12, 19, 38, 45, 40, 32, 48]
W=57 
k=2 
inst_name = "QKP_35_100_100" 
feasible = true 
Q2=[95 0 0 0 0 0 0 0 0 0 0 0 0 0 0 0 0 0 0 0 0 0 0 0 0 0 0 0 0 0 0 0 0 0 0; 82 22 0 0 0 0 0 0 0 0 0 0 0 0 0 0 0 0 0 0 0 0 0 0 0 0 0 0 0 0 0 0 0 0 0; 8 15 97 0 0 0 0 0 0 0 0 0 0 0 0 0 0 0 0 0 0 0 0 0 0 0 0 0 0 0 0 0 0 0 0; 66 34 25 78 0 0 0 0 0 0 0 0 0 0 0 0 0 0 0 0 0 0 0 0 0 0 0 0 0 0 0 0 0 0 0; 13 76 26 21 22 0 0 0 0 0 0 0 0 0 0 0 0 0 0 0 0 0 0 0 0 0 0 0 0 0 0 0 0 0 0; 12 92 99 79 11 6 0 0 0 0 0 0 0 0 0 0 0 0 0 0 0 0 0 0 0 0 0 0 0 0 0 0 0 0 0; 82 98 26 74 74 16 24 0 0 0 0 0 0 0 0 0 0 0 0 0 0 0 0 0 0 0 0 0 0 0 0 0 0 0 0; 98 3 86 97 24 0 88 9 0 0 0 0 0 0 0 0 0 0 0 0 0 0 0 0 0 0 0 0 0 0 0 0 0 0 0; 21 19 2 3 96 100 99 5 82 0 0 0 0 0 0 0 0 0 0 0 0 0 0 0 0 0 0 0 0 0 0 0 0 0 0; 78 1 99 26 27 70 80 80 88 30 0 0 0 0 0 0 0 0 0 0 0 0 0 0 0 0 0 0 0 0 0 0 0 0 0; 0 12 16 86 91 25 27 95 4 5 1 0 0 0 0 0 0 0 0 0 0 0 0 0 0 0 0 0 0 0 0 0 0 0 0; 74 0 6 98 58 18 80 0 82 88 99 39 0 0 0 0 0 0 0 0 0 0 0 0 0 0 0 0 0 0 0 0 0 0 0; 4 99 4 0 98 93 26 86 91 87 90 20 96 0 0 0 0 0 0 0 0 0 0 0 0 0 0 0 0 0 0 0 0 0 0; 0 73 17 68 99 3 84 36 1 12 89 29 3 11 0 0 0 0 0 0 0 0 0 0 0 0 0 0 0 0 0 0 0 0 0; 86 17 94 7 11 3 4 0 92 78 16 97 7 21 23 0 0 0 0 0 0 0 0 0 0 0 0 0 0 0 0 0 0 0 0; 89 25 77 83 97 67 18 96 89 17 55 99 6 0 56 8 0 0 0 0 0 0 0 0 0 0 0 0 0 0 0 0 0 0 0; 14 81 90 97 95 8 28 59 100 91 99 99 92 61 96 10 74 0 0 0 0 0 0 0 0 0 0 0 0 0 0 0 0 0 0; 16 3 100 7 10 92 80 3 27 96 77 72 0 12 6 96 74 5 0 0 0 0 0 0 0 0 0 0 0 0 0 0 0 0 0; 71 97 84 25 14 90 91 16 96 93 99 92 4 11 11 15 87 98 86 0 0 0 0 0 0 0 0 0 0 0 0 0 0 0 0; 97 76 3 13 0 6 82 93 0 82 99 3 77 70 2 88 10 99 95 89 0 0 0 0 0 0 0 0 0 0 0 0 0 0 0; 98 11 8 98 3 11 18 5 1 6 4 0 0 83 96 89 87 31 16 24 11 0 0 0 0 0 0 0 0 0 0 0 0 0 0; 30 66 15 82 82 98 91 8 65 81 0 83 5 0 12 99 24 22 3 6 2 12 0 0 0 0 0 0 0 0 0 0 0 0 0; 12 89 21 1 97 12 16 100 24 93 92 1 33 16 21 19 97 6 88 45 93 92 99 0 0 0 0 0 0 0 0 0 0 0 0; 98 99 86 89 0 22 3 1 2 95 93 93 64 8 85 33 74 87 14 68 1 95 99 20 0 0 0 0 0 0 0 0 0 0 0; 79 1 99 25 0 87 20 68 27 0 17 82 98 94 4 3 77 0 5 2 83 82 100 12 94 0 0 0 0 0 0 0 0 0 0; 72 97 78 28 3 0 91 18 3 98 99 79 96 17 2 3 19 6 87 60 21 74 22 95 17 6 0 0 0 0 0 0 0 0 0; 95 80 9 99 1 8 21 13 93 2 0 98 95 94 0 27 92 79 17 22 83 13 2 38 15 4 11 0 0 0 0 0 0 0 0; 95 83 88 87 30 12 12 2 14 99 1 0 77 15 10 83 14 15 59 58 12 97 25 28 3 80 71 92 0 0 0 0 0 0 0; 80 13 1 91 100 9 85 69 1 84 36 3 18 98 83 0 5 91 12 89 23 26 1 30 27 20 32 89 100 0 0 0 0 0 0; 36 30 86 0 1 0 95 98 81 3 82 34 93 9 6 99 93 6 16 14 10 6 15 0 71 63 66 23 13 6 0 0 0 0 0; 100 3 26 5 8 100 10 95 25 90 9 95 74 9 16 98 47 58 99 18 90 97 97 1 1 94 12 6 92 14 62 0 0 0 0; 3 19 8 87 92 67 24 77 73 80 21 3 97 9 21 90 93 76 71 3 0 95 79 97 82 7 5 56 94 93 8 4 0 0 0; 73 23 69 97 10 21 2 1 57 0 5 33 7 8 66 5 99 7 4 7 1 99 77 98 72 95 98 90 81 23 35 87 0 0 0; 39 3 96 4 4 84 94 9 85 32 36 84 90 83 25 0 64 88 14 14 97 100 92 90 92 8 71 97 13 2 83 14 80 100 0; 3 82 61 10 79 21 81 0 98 6 98 18 4 85 89 42 21 72 31 80 10 60 8 2 32 44 100 1 9 98 96 10 1 16 15]
