n=10
density=75
Q1=[80 0 0 0 0 0 0 0 0 0 ;
96 5 0 0 0 0 0 0 0 0 ;
52 91 0 0 0 0 0 0 0 0 ;
10 33 9 21 0 0 0 0 0 0 ;
82 50 43 0 74 0 0 0 0 0 ;
6 0 0 12 0 16 0 0 0 0 ;
22 73 0 0 10 0 94 0 0 0 ;
32 0 0 0 3 18 66 77 0 0 ;
39 0 39 73 29 38 86 0 24 0 ;
0 0 0 93 0 0 48 57 62 29 ]
w=[38, 46, 50, 29, 41, 42, 4, 16, 12, 27]
W=54 
k=2 
inst_name = "QKP_10_100_75" 
feasible = true 
Q2=[6 0 0 0 0 0 0 0 0 0; 0 92 0 0 0 0 0 0 0 0; 21 1 96 0 0 0 0 0 0 0; 88 75 90 86 0 0 0 0 0 0; 11 3 71 96 19 0 0 0 0 0; 90 96 96 88 96 81 0 0 0 0; 89 0 96 96 92 96 0 0 0 0; 88 96 96 96 94 86 2 14 0 0; 85 96 90 3 75 62 1 96 86 0; 96 96 96 3 96 96 48 1 13 81]
