n=45
density=75
Q1=[0 0 0 0 0 0 0 0 0 0 0 0 0 0 0 0 0 0 0 0 0 0 0 0 0 0 0 0 0 0 0 0 0 0 0 0 0 0 0 0 0 0 0 0 0 ;
0 0 0 0 0 0 0 0 0 0 0 0 0 0 0 0 0 0 0 0 0 0 0 0 0 0 0 0 0 0 0 0 0 0 0 0 0 0 0 0 0 0 0 0 0 ;
72 61 118 0 0 0 0 0 0 0 0 0 0 0 0 0 0 0 0 0 0 0 0 0 0 0 0 0 0 0 0 0 0 0 0 0 0 0 0 0 0 0 0 0 0 ;
72 174 101 85 0 0 0 0 0 0 0 0 0 0 0 0 0 0 0 0 0 0 0 0 0 0 0 0 0 0 0 0 0 0 0 0 0 0 0 0 0 0 0 0 0 ;
72 61 0 0 0 0 0 0 0 0 0 0 0 0 0 0 0 0 0 0 0 0 0 0 0 0 0 0 0 0 0 0 0 0 0 0 0 0 0 0 0 0 0 0 0 ;
0 71 29 13 73 0 0 0 0 0 0 0 0 0 0 0 0 0 0 0 0 0 0 0 0 0 0 0 0 0 0 0 0 0 0 0 0 0 0 0 0 0 0 0 0 ;
104 114 155 0 117 53 27 0 0 0 0 0 0 0 0 0 0 0 0 0 0 0 0 0 0 0 0 0 0 0 0 0 0 0 0 0 0 0 0 0 0 0 0 0 0 ;
178 169 19 156 43 195 0 0 0 0 0 0 0 0 0 0 0 0 0 0 0 0 0 0 0 0 0 0 0 0 0 0 0 0 0 0 0 0 0 0 0 0 0 0 0 ;
158 0 152 194 101 70 163 56 152 0 0 0 0 0 0 0 0 0 0 0 0 0 0 0 0 0 0 0 0 0 0 0 0 0 0 0 0 0 0 0 0 0 0 0 0 ;
112 135 106 134 96 53 159 165 38 185 0 0 0 0 0 0 0 0 0 0 0 0 0 0 0 0 0 0 0 0 0 0 0 0 0 0 0 0 0 0 0 0 0 0 0 ;
43 0 178 103 0 175 0 45 175 16 39 0 0 0 0 0 0 0 0 0 0 0 0 0 0 0 0 0 0 0 0 0 0 0 0 0 0 0 0 0 0 0 0 0 0 ;
0 193 0 0 195 173 86 182 0 106 64 80 0 0 0 0 0 0 0 0 0 0 0 0 0 0 0 0 0 0 0 0 0 0 0 0 0 0 0 0 0 0 0 0 0 ;
141 123 120 0 135 0 190 82 171 150 14 62 88 0 0 0 0 0 0 0 0 0 0 0 0 0 0 0 0 0 0 0 0 0 0 0 0 0 0 0 0 0 0 0 0 ;
0 147 128 37 33 0 112 7 0 154 0 128 35 167 0 0 0 0 0 0 0 0 0 0 0 0 0 0 0 0 0 0 0 0 0 0 0 0 0 0 0 0 0 0 0 ;
102 117 155 21 74 199 88 151 127 122 107 44 154 174 30 0 0 0 0 0 0 0 0 0 0 0 0 0 0 0 0 0 0 0 0 0 0 0 0 0 0 0 0 0 0 ;
0 96 0 192 93 90 92 0 20 75 0 174 0 92 112 107 0 0 0 0 0 0 0 0 0 0 0 0 0 0 0 0 0 0 0 0 0 0 0 0 0 0 0 0 0 ;
3 193 190 0 0 0 49 163 194 63 6 129 12 69 184 0 0 0 0 0 0 0 0 0 0 0 0 0 0 0 0 0 0 0 0 0 0 0 0 0 0 0 0 0 0 ;
95 177 0 168 193 0 0 78 189 0 166 182 59 59 160 0 0 130 0 0 0 0 0 0 0 0 0 0 0 0 0 0 0 0 0 0 0 0 0 0 0 0 0 0 0 ;
0 0 0 8 109 76 39 172 102 95 0 190 51 2 9 10 7 103 47 0 0 0 0 0 0 0 0 0 0 0 0 0 0 0 0 0 0 0 0 0 0 0 0 0 0 ;
0 135 192 0 42 28 88 100 0 42 31 198 16 102 43 0 54 156 179 187 0 0 0 0 0 0 0 0 0 0 0 0 0 0 0 0 0 0 0 0 0 0 0 0 0 ;
12 90 31 0 111 31 84 175 0 71 0 107 10 0 40 0 54 0 8 0 88 0 0 0 0 0 0 0 0 0 0 0 0 0 0 0 0 0 0 0 0 0 0 0 0 ;
0 78 0 0 0 120 186 199 178 65 0 26 99 171 0 20 178 152 47 30 139 0 0 0 0 0 0 0 0 0 0 0 0 0 0 0 0 0 0 0 0 0 0 0 0 ;
0 166 0 12 78 106 157 0 0 6 0 180 53 191 42 189 51 138 0 173 147 143 173 0 0 0 0 0 0 0 0 0 0 0 0 0 0 0 0 0 0 0 0 0 0 ;
65 0 141 0 186 79 157 0 44 86 0 170 56 19 0 163 20 181 44 124 72 120 0 159 0 0 0 0 0 0 0 0 0 0 0 0 0 0 0 0 0 0 0 0 0 ;
111 199 83 0 110 1 182 0 180 0 174 169 15 0 157 161 95 27 72 177 110 3 175 143 39 0 0 0 0 0 0 0 0 0 0 0 0 0 0 0 0 0 0 0 0 ;
180 38 170 126 0 90 0 130 112 37 0 92 76 106 0 148 33 0 0 0 71 109 110 79 161 55 0 0 0 0 0 0 0 0 0 0 0 0 0 0 0 0 0 0 0 ;
0 64 0 51 157 0 122 115 130 89 48 116 117 0 105 103 4 0 115 0 117 116 0 0 0 182 121 0 0 0 0 0 0 0 0 0 0 0 0 0 0 0 0 0 0 ;
83 88 102 118 179 0 173 0 64 104 28 137 91 102 0 131 195 0 134 113 154 0 62 0 101 186 36 17 0 0 0 0 0 0 0 0 0 0 0 0 0 0 0 0 0 ;
32 50 0 0 91 37 78 179 22 108 157 135 0 22 29 0 48 28 8 47 178 0 194 175 48 0 23 0 0 0 0 0 0 0 0 0 0 0 0 0 0 0 0 0 0 ;
44 165 138 171 0 1 98 62 128 127 153 0 150 0 0 152 55 146 0 61 49 192 3 131 81 121 0 193 20 13 0 0 0 0 0 0 0 0 0 0 0 0 0 0 0 ;
124 161 138 139 0 0 0 22 49 185 44 193 164 88 185 71 154 87 71 139 42 76 187 12 123 139 64 8 31 151 0 0 0 0 0 0 0 0 0 0 0 0 0 0 0 ;
0 0 194 145 167 83 0 0 0 174 6 0 89 0 171 33 0 86 0 74 191 2 81 195 191 152 96 40 0 7 143 135 0 0 0 0 0 0 0 0 0 0 0 0 0 ;
112 0 191 24 52 90 127 0 157 0 98 61 0 12 137 0 137 138 64 169 101 178 163 89 0 10 95 196 34 191 197 43 75 0 0 0 0 0 0 0 0 0 0 0 0 ;
9 0 0 160 61 91 96 104 22 29 0 0 0 93 185 9 0 10 187 195 95 73 73 151 119 0 177 61 0 184 181 34 45 129 0 0 0 0 0 0 0 0 0 0 0 ;
111 181 74 0 64 0 0 97 0 77 83 186 100 141 55 134 86 42 15 50 0 145 113 83 29 138 12 5 0 185 0 128 106 39 95 0 0 0 0 0 0 0 0 0 0 ;
36 13 131 0 169 0 188 0 0 47 138 0 81 122 16 0 0 54 111 9 66 120 55 0 28 94 0 131 84 190 90 195 179 70 171 115 0 0 0 0 0 0 0 0 0 ;
108 32 160 112 60 45 138 114 0 152 0 0 138 71 132 191 175 75 71 0 190 0 114 21 120 92 0 128 0 129 93 0 111 0 177 0 169 0 0 0 0 0 0 0 0 ;
52 104 164 42 55 0 0 0 0 0 0 0 45 137 0 135 120 3 47 0 171 38 144 0 0 44 70 152 28 99 95 8 0 131 0 124 27 0 0 0 0 0 0 0 0 ;
183 85 108 196 138 163 79 170 192 9 0 0 11 0 186 144 0 124 162 0 37 73 124 83 148 0 161 0 41 127 0 187 40 122 158 56 155 64 99 0 0 0 0 0 0 ;
35 106 0 0 118 151 69 2 119 135 40 0 185 132 59 171 23 138 139 24 84 30 0 0 171 23 153 176 79 97 0 165 0 173 54 91 150 180 195 0 0 0 0 0 0 ;
61 184 31 0 87 44 137 0 20 78 129 52 194 191 71 190 132 6 0 78 0 67 7 147 188 153 80 77 125 137 25 158 0 169 127 0 171 197 59 0 133 0 0 0 0 ;
0 0 0 66 130 0 60 78 96 101 71 130 0 78 131 198 171 95 135 133 0 0 0 23 111 84 17 119 181 33 144 193 200 132 112 0 59 102 148 38 194 51 0 0 0 ;
0 134 0 48 0 166 143 0 140 101 172 150 175 45 51 180 149 0 8 183 152 40 200 37 29 190 32 94 0 0 104 0 0 0 180 24 197 124 140 96 33 55 163 0 0 ;
0 165 187 22 65 43 119 148 0 101 186 101 163 155 0 25 197 55 180 62 48 0 49 0 168 0 61 106 131 170 114 149 0 0 197 0 87 0 200 144 151 0 11 141 0 ;
0 0 0 112 0 0 0 96 0 0 82 0 11 12 0 97 0 150 115 49 0 121 200 79 0 23 166 32 114 45 55 58 131 138 0 0 82 0 94 127 187 190 157 145 70 ]
w=[65, 83, 12, 8, 13, 32, 75, 53, 6, 28, 24, 36, 41, 45, 77, 74, 50, 26, 6, 50, 65, 85, 19, 86, 17, 21, 94, 27, 60, 18, 59, 95, 56, 32, 1, 31, 97, 44, 66, 84, 71, 15, 83, 59, 41]
W=103 
k=9 
inst_name = "QKP_45_200_75" 
feasible = true 
Q2=[200 0 0 0 0 0 0 0 0 0 0 0 0 0 0 0 0 0 0 0 0 0 0 0 0 0 0 0 0 0 0 0 0 0 0 0 0 0 0 0 0 0 0 0 0; 200 200 0 0 0 0 0 0 0 0 0 0 0 0 0 0 0 0 0 0 0 0 0 0 0 0 0 0 0 0 0 0 0 0 0 0 0 0 0 0 0 0 0 0 0; 174 152 34 0 0 0 0 0 0 0 0 0 0 0 0 0 0 0 0 0 0 0 0 0 0 0 0 0 0 0 0 0 0 0 0 0 0 0 0 0 0 0 0 0 0; 161 4 66 151 0 0 0 0 0 0 0 0 0 0 0 0 0 0 0 0 0 0 0 0 0 0 0 0 0 0 0 0 0 0 0 0 0 0 0 0 0 0 0 0 0; 145 142 200 200 200 0 0 0 0 0 0 0 0 0 0 0 0 0 0 0 0 0 0 0 0 0 0 0 0 0 0 0 0 0 0 0 0 0 0 0 0 0 0 0 0; 200 182 177 192 199 200 0 0 0 0 0 0 0 0 0 0 0 0 0 0 0 0 0 0 0 0 0 0 0 0 0 0 0 0 0 0 0 0 0 0 0 0 0 0 0; 51 27 44 200 64 180 176 0 0 0 0 0 0 0 0 0 0 0 0 0 0 0 0 0 0 0 0 0 0 0 0 0 0 0 0 0 0 0 0 0 0 0 0 0 0; 7 31 192 39 190 3 200 200 0 0 0 0 0 0 0 0 0 0 0 0 0 0 0 0 0 0 0 0 0 0 0 0 0 0 0 0 0 0 0 0 0 0 0 0 0; 11 200 24 5 56 173 1 148 18 0 0 0 0 0 0 0 0 0 0 0 0 0 0 0 0 0 0 0 0 0 0 0 0 0 0 0 0 0 0 0 0 0 0 0 0; 11 30 31 15 140 169 21 6 176 4 0 0 0 0 0 0 0 0 0 0 0 0 0 0 0 0 0 0 0 0 0 0 0 0 0 0 0 0 0 0 0 0 0 0 0; 198 200 21 49 200 15 200 174 1 194 173 0 0 0 0 0 0 0 0 0 0 0 0 0 0 0 0 0 0 0 0 0 0 0 0 0 0 0 0 0 0 0 0 0 0; 200 2 200 200 1 9 161 7 200 31 154 121 0 0 0 0 0 0 0 0 0 0 0 0 0 0 0 0 0 0 0 0 0 0 0 0 0 0 0 0 0 0 0 0 0; 10 0 27 200 44 200 4 128 19 36 198 198 198 0 0 0 0 0 0 0 0 0 0 0 0 0 0 0 0 0 0 0 0 0 0 0 0 0 0 0 0 0 0 0 0; 200 46 37 173 168 200 18 195 200 2 200 53 189 26 0 0 0 0 0 0 0 0 0 0 0 0 0 0 0 0 0 0 0 0 0 0 0 0 0 0 0 0 0 0 0; 47 78 27 182 149 0 164 36 2 57 36 199 40 25 179 0 0 0 0 0 0 0 0 0 0 0 0 0 0 0 0 0 0 0 0 0 0 0 0 0 0 0 0 0 0; 200 137 200 6 135 157 126 200 190 198 200 6 200 186 23 43 0 0 0 0 0 0 0 0 0 0 0 0 0 0 0 0 0 0 0 0 0 0 0 0 0 0 0 0 0; 199 5 0 200 200 200 154 25 6 143 200 69 199 158 14 200 200 0 0 0 0 0 0 0 0 0 0 0 0 0 0 0 0 0 0 0 0 0 0 0 0 0 0 0 0; 141 23 200 7 7 200 200 123 2 200 14 17 158 156 3 200 200 7 0 0 0 0 0 0 0 0 0 0 0 0 0 0 0 0 0 0 0 0 0 0 0 0 0 0 0; 200 200 200 197 12 200 163 3 77 137 200 2 164 199 193 192 196 3 200 0 0 0 0 0 0 0 0 0 0 0 0 0 0 0 0 0 0 0 0 0 0 0 0 0 0; 200 47 3 200 176 188 197 50 200 183 190 0 190 74 189 200 178 29 7 4 0 0 0 0 0 0 0 0 0 0 0 0 0 0 0 0 0 0 0 0 0 0 0 0 0; 188 115 196 200 79 195 136 14 200 184 200 30 199 200 189 200 190 200 197 200 137 0 0 0 0 0 0 0 0 0 0 0 0 0 0 0 0 0 0 0 0 0 0 0 0; 200 171 200 200 200 33 0 1 0 191 200 187 105 1 200 188 7 0 171 182 27 200 0 0 0 0 0 0 0 0 0 0 0 0 0 0 0 0 0 0 0 0 0 0 0; 200 10 200 193 123 57 8 200 200 198 200 2 179 6 158 4 186 39 200 8 36 29 12 0 0 0 0 0 0 0 0 0 0 0 0 0 0 0 0 0 0 0 0 0 0; 187 200 11 200 9 137 37 200 162 197 200 13 152 183 200 0 198 9 165 53 144 34 200 28 0 0 0 0 0 0 0 0 0 0 0 0 0 0 0 0 0 0 0 0 0; 77 1 177 200 65 199 13 200 4 200 14 31 188 200 18 25 126 194 194 0 1 198 5 35 168 0 0 0 0 0 0 0 0 0 0 0 0 0 0 0 0 0 0 0 0; 11 191 25 66 200 174 200 70 50 199 200 170 138 8 200 26 192 200 200 200 137 11 90 173 36 162 0 0 0 0 0 0 0 0 0 0 0 0 0 0 0 0 0 0 0; 200 192 200 200 15 200 57 65 13 183 153 49 11 200 65 32 197 200 72 200 17 23 200 200 200 15 24 0 0 0 0 0 0 0 0 0 0 0 0 0 0 0 0 0 0; 125 148 8 4 8 200 26 200 145 74 186 16 126 8 200 10 3 200 59 27 36 200 142 200 74 5 191 199 0 0 0 0 0 0 0 0 0 0 0 0 0 0 0 0 0; 198 158 200 200 169 182 154 4 192 71 20 12 200 179 172 200 175 199 194 188 1 200 6 19 169 200 196 200 200 0 0 0 0 0 0 0 0 0 0 0 0 0 0 0 0; 163 1 34 18 200 200 126 179 49 52 37 200 26 200 200 7 146 42 200 145 161 0 198 51 156 1 200 3 183 191 0 0 0 0 0 0 0 0 0 0 0 0 0 0 0; 53 15 30 50 200 200 200 181 179 1 188 5 7 139 13 182 26 186 147 58 179 151 12 190 20 1 152 198 170 23 200 0 0 0 0 0 0 0 0 0 0 0 0 0 0; 200 200 0 15 23 179 200 200 200 23 200 200 182 200 23 199 200 140 200 167 0 200 137 0 2 26 174 161 200 196 32 16 0 0 0 0 0 0 0 0 0 0 0 0 0; 11 200 8 196 181 184 14 200 5 200 157 178 200 197 1 200 41 42 186 8 44 9 0 194 200 191 167 2 189 9 1 185 173 0 0 0 0 0 0 0 0 0 0 0 0; 193 200 200 2 191 127 186 4 194 193 200 200 200 135 13 196 200 192 2 1 190 156 183 27 48 200 10 188 200 14 17 183 163 19 0 0 0 0 0 0 0 0 0 0 0; 79 17 181 200 193 200 200 152 200 157 147 10 89 25 153 66 152 171 197 168 200 17 19 134 179 18 197 199 200 7 200 7 62 166 151 0 0 0 0 0 0 0 0 0 0; 181 188 30 200 2 200 1 200 200 158 2 200 157 62 187 200 200 162 17 197 185 35 149 200 173 167 200 21 147 0 168 0 3 187 8 54 0 0 0 0 0 0 0 0 0; 15 193 1 51 164 174 37 4 200 27 200 200 35 194 18 1 20 129 162 200 0 200 81 189 65 152 200 2 200 2 110 200 53 200 19 200 7 0 0 0 0 0 0 0 0; 183 94 9 165 198 200 200 200 200 200 200 200 190 48 200 1 35 199 171 200 15 196 31 200 200 190 168 22 183 180 120 193 200 57 200 30 173 200 0 0 0 0 0 0 0; 3 195 4 2 22 0 128 16 3 192 200 200 193 200 14 32 200 66 25 200 170 137 33 180 47 200 3 200 172 20 200 10 168 46 25 167 1 193 152 0 0 0 0 0 0; 185 1 200 200 18 44 152 199 71 57 176 200 8 25 185 25 195 52 57 198 132 197 200 200 10 193 39 7 149 129 200 19 200 9 160 167 14 20 4 200 0 0 0 0 0; 177 9 186 200 159 166 4 200 185 149 50 155 2 2 195 5 45 194 200 143 200 173 197 38 5 42 194 162 66 31 199 14 200 24 0 200 7 0 175 200 51 0 0 0 0; 200 200 200 154 17 200 144 126 119 33 159 13 200 130 14 0 1 182 34 36 200 200 200 181 83 126 199 40 18 189 21 4 0 63 72 200 177 55 45 195 3 165 0 0 0; 200 61 200 189 200 28 15 200 18 71 13 47 11 170 159 15 30 200 197 10 10 174 0 172 193 9 187 155 200 200 59 200 200 200 15 186 1 1 29 127 172 163 29 0 0; 200 17 13 194 139 159 34 40 200 40 8 45 11 33 200 198 2 165 20 200 190 200 195 200 28 200 176 87 50 20 84 14 200 200 0 200 163 200 0 4 28 200 192 50 0; 200 200 200 14 200 200 200 157 200 200 122 200 191 199 200 115 200 44 63 194 200 21 0 184 200 188 34 177 6 158 195 146 9 33 200 200 195 200 181 67 11 4 19 17 200]
