n=30
density=75
Q1=[172 0 0 0 0 0 0 0 0 0 0 0 0 0 0 0 0 0 0 0 0 0 0 0 0 0 0 0 0 0 ;
142 51 0 0 0 0 0 0 0 0 0 0 0 0 0 0 0 0 0 0 0 0 0 0 0 0 0 0 0 0 ;
0 0 0 0 0 0 0 0 0 0 0 0 0 0 0 0 0 0 0 0 0 0 0 0 0 0 0 0 0 0 ;
159 0 161 26 0 0 0 0 0 0 0 0 0 0 0 0 0 0 0 0 0 0 0 0 0 0 0 0 0 0 ;
157 85 169 132 13 0 0 0 0 0 0 0 0 0 0 0 0 0 0 0 0 0 0 0 0 0 0 0 0 0 ;
121 120 117 182 0 0 0 0 0 0 0 0 0 0 0 0 0 0 0 0 0 0 0 0 0 0 0 0 0 0 ;
65 0 134 88 0 128 110 0 0 0 0 0 0 0 0 0 0 0 0 0 0 0 0 0 0 0 0 0 0 0 ;
49 167 0 3 106 114 0 0 0 0 0 0 0 0 0 0 0 0 0 0 0 0 0 0 0 0 0 0 0 0 ;
137 88 20 0 0 134 107 57 162 0 0 0 0 0 0 0 0 0 0 0 0 0 0 0 0 0 0 0 0 0 ;
109 0 194 61 49 0 0 112 0 125 0 0 0 0 0 0 0 0 0 0 0 0 0 0 0 0 0 0 0 0 ;
17 164 140 199 125 50 16 146 0 0 0 0 0 0 0 0 0 0 0 0 0 0 0 0 0 0 0 0 0 0 ;
0 23 0 55 4 80 118 168 97 0 0 45 0 0 0 0 0 0 0 0 0 0 0 0 0 0 0 0 0 0 ;
39 47 84 140 188 127 94 121 41 64 0 0 36 0 0 0 0 0 0 0 0 0 0 0 0 0 0 0 0 0 ;
105 0 40 0 102 163 120 0 143 0 175 0 154 136 0 0 0 0 0 0 0 0 0 0 0 0 0 0 0 0 ;
0 26 118 54 66 31 16 79 157 5 164 0 106 77 0 0 0 0 0 0 0 0 0 0 0 0 0 0 0 0 ;
111 61 169 0 0 130 179 73 149 68 0 67 48 20 145 181 0 0 0 0 0 0 0 0 0 0 0 0 0 0 ;
167 131 0 21 2 96 37 0 88 44 190 69 66 17 0 0 0 0 0 0 0 0 0 0 0 0 0 0 0 0 ;
16 115 0 137 174 72 0 115 172 186 73 8 165 36 69 24 90 127 0 0 0 0 0 0 0 0 0 0 0 0 ;
161 0 0 148 111 68 115 190 139 21 14 0 49 54 85 124 101 194 0 0 0 0 0 0 0 0 0 0 0 0 ;
98 0 116 116 166 0 100 136 32 188 181 26 121 43 89 118 90 0 51 0 0 0 0 0 0 0 0 0 0 0 ;
0 0 39 0 0 54 0 181 162 0 27 30 0 178 172 108 193 0 12 109 35 0 0 0 0 0 0 0 0 0 ;
58 176 137 163 0 89 127 197 105 0 148 0 177 146 42 73 114 0 43 146 0 66 0 0 0 0 0 0 0 0 ;
0 20 0 53 191 0 52 106 51 168 179 27 20 86 0 6 13 33 40 0 155 0 50 0 0 0 0 0 0 0 ;
190 16 154 139 113 118 0 168 103 33 0 185 167 26 0 118 0 196 145 0 159 107 19 30 0 0 0 0 0 0 ;
135 73 0 102 76 0 200 77 157 1 197 112 0 87 0 0 124 146 0 112 57 191 95 87 24 0 0 0 0 0 ;
0 8 67 157 0 162 25 0 39 17 111 4 114 114 0 181 74 86 49 117 34 8 33 2 0 109 0 0 0 0 ;
0 55 0 134 0 52 78 91 61 191 65 0 175 192 48 29 19 0 33 92 0 7 0 121 154 0 0 0 0 0 ;
20 22 171 81 93 43 120 0 111 15 195 160 178 0 159 174 78 165 164 200 94 0 151 52 0 124 0 8 0 0 ;
67 0 163 68 123 146 10 189 128 66 0 0 65 5 84 100 135 84 2 82 154 0 0 0 0 167 140 91 35 0 ;
0 4 25 194 157 96 190 161 2 123 118 0 2 0 0 74 2 0 0 168 68 99 0 100 0 76 188 91 61 0 ]
w=[16, 34, 31, 12, 4, 23, 51, 68, 19, 20, 54, 25, 21, 65, 22, 26, 31, 35, 94, 2, 27, 46, 11, 46, 22, 54, 84, 18, 33, 54]
W=70 
k=5 
inst_name = "QKP_30_200_75" 
feasible = true 
Q2=[25 0 0 0 0 0 0 0 0 0 0 0 0 0 0 0 0 0 0 0 0 0 0 0 0 0 0 0 0 0; 39 163 0 0 0 0 0 0 0 0 0 0 0 0 0 0 0 0 0 0 0 0 0 0 0 0 0 0 0 0; 200 200 200 0 0 0 0 0 0 0 0 0 0 0 0 0 0 0 0 0 0 0 0 0 0 0 0 0 0 0; 26 200 22 183 0 0 0 0 0 0 0 0 0 0 0 0 0 0 0 0 0 0 0 0 0 0 0 0 0 0; 19 170 9 28 198 0 0 0 0 0 0 0 0 0 0 0 0 0 0 0 0 0 0 0 0 0 0 0 0 0; 30 46 10 3 200 200 0 0 0 0 0 0 0 0 0 0 0 0 0 0 0 0 0 0 0 0 0 0 0 0; 168 200 3 166 200 23 76 0 0 0 0 0 0 0 0 0 0 0 0 0 0 0 0 0 0 0 0 0 0 0; 156 26 200 197 25 84 200 200 0 0 0 0 0 0 0 0 0 0 0 0 0 0 0 0 0 0 0 0 0 0; 45 176 198 200 200 8 37 145 31 0 0 0 0 0 0 0 0 0 0 0 0 0 0 0 0 0 0 0 0 0; 61 200 5 194 198 200 200 68 200 8 0 0 0 0 0 0 0 0 0 0 0 0 0 0 0 0 0 0 0 0; 183 4 59 1 48 158 185 14 200 200 200 0 0 0 0 0 0 0 0 0 0 0 0 0 0 0 0 0 0 0; 200 195 200 195 196 172 17 28 196 200 200 197 0 0 0 0 0 0 0 0 0 0 0 0 0 0 0 0 0 0; 194 186 178 10 9 61 142 32 199 175 200 200 198 0 0 0 0 0 0 0 0 0 0 0 0 0 0 0 0 0; 78 200 199 200 74 22 59 200 47 200 5 200 19 44 0 0 0 0 0 0 0 0 0 0 0 0 0 0 0 0; 200 185 59 149 172 175 192 133 29 200 27 200 35 191 200 0 0 0 0 0 0 0 0 0 0 0 0 0 0 0; 72 200 26 200 200 34 15 183 45 176 200 156 161 198 46 12 0 0 0 0 0 0 0 0 0 0 0 0 0 0; 24 41 200 180 200 124 199 200 187 179 0 151 177 193 200 200 200 0 0 0 0 0 0 0 0 0 0 0 0 0; 200 36 200 27 12 177 200 48 3 9 156 193 1 196 132 190 126 32 0 0 0 0 0 0 0 0 0 0 0 0; 38 200 200 23 43 147 65 10 10 182 197 200 192 164 197 41 85 1 200 0 0 0 0 0 0 0 0 0 0 0; 161 200 3 73 4 200 37 54 168 6 7 183 57 195 163 23 148 200 188 200 0 0 0 0 0 0 0 0 0 0; 200 200 192 200 200 159 200 7 9 200 197 173 200 4 8 76 7 200 199 71 175 0 0 0 0 0 0 0 0 0; 168 2 19 8 200 116 49 3 37 200 23 200 18 30 197 127 71 200 193 51 200 184 0 0 0 0 0 0 0 0; 200 196 200 178 9 200 158 87 175 21 19 179 183 177 200 199 195 196 198 200 3 200 154 0 0 0 0 0 0 0; 9 185 28 5 17 78 200 23 4 191 200 4 8 176 200 59 200 3 48 200 27 49 186 178 0 0 0 0 0 0; 3 157 200 81 180 200 0 161 30 199 0 87 200 164 200 200 74 33 200 28 164 4 175 141 191 0 0 0 0 0; 200 192 185 3 200 15 182 200 187 188 1 200 30 73 200 7 189 183 179 59 190 193 195 198 200 80 0 0 0 0; 200 153 200 1 200 171 124 126 140 8 156 200 11 6 195 172 194 200 175 126 200 194 200 57 44 200 200 0 0 0; 183 198 25 169 130 180 78 200 24 189 5 38 6 200 33 19 168 18 7 0 110 200 15 196 200 54 200 192 0 0; 188 200 2 133 37 6 198 5 29 152 200 200 186 195 162 13 48 193 199 124 1 200 200 200 200 23 20 147 188 0; 200 200 186 5 27 192 1 10 199 2 43 200 198 200 200 145 198 200 200 16 199 112 200 35 200 186 10 154 185 200]
