n=25
density=100
Q1=[20 0 0 0 0 0 0 0 0 0 0 0 0 0 0 0 0 0 0 0 0 0 0 0 0 ;
74 23 0 0 0 0 0 0 0 0 0 0 0 0 0 0 0 0 0 0 0 0 0 0 0 ;
71 87 31 0 0 0 0 0 0 0 0 0 0 0 0 0 0 0 0 0 0 0 0 0 0 ;
93 82 79 27 0 0 0 0 0 0 0 0 0 0 0 0 0 0 0 0 0 0 0 0 0 ;
89 64 61 94 80 0 0 0 0 0 0 0 0 0 0 0 0 0 0 0 0 0 0 0 0 ;
13 86 29 91 76 6 0 0 0 0 0 0 0 0 0 0 0 0 0 0 0 0 0 0 0 ;
55 28 66 89 48 18 31 0 0 0 0 0 0 0 0 0 0 0 0 0 0 0 0 0 0 ;
15 9 64 17 92 4 80 2 0 0 0 0 0 0 0 0 0 0 0 0 0 0 0 0 0 ;
58 23 59 65 88 9 62 18 46 0 0 0 0 0 0 0 0 0 0 0 0 0 0 0 0 ;
70 96 37 84 80 67 17 22 44 50 0 0 0 0 0 0 0 0 0 0 0 0 0 0 0 ;
22 96 87 63 48 47 43 3 78 95 19 0 0 0 0 0 0 0 0 0 0 0 0 0 0 ;
98 27 27 76 98 91 36 22 25 25 46 53 0 0 0 0 0 0 0 0 0 0 0 0 0 ;
43 50 84 9 14 56 32 3 75 54 34 4 99 0 0 0 0 0 0 0 0 0 0 0 0 ;
68 84 13 92 86 32 21 58 7 50 90 61 58 87 0 0 0 0 0 0 0 0 0 0 0 ;
19 13 32 43 89 7 80 49 31 80 36 97 53 18 98 0 0 0 0 0 0 0 0 0 0 ;
22 59 1 85 62 88 76 98 45 2 13 48 39 52 35 7 0 0 0 0 0 0 0 0 0 ;
58 36 39 73 18 68 30 16 57 1 10 74 31 19 41 19 40 0 0 0 0 0 0 0 0 ;
54 37 37 42 90 23 85 17 78 21 28 53 78 54 2 29 54 55 0 0 0 0 0 0 0 ;
73 67 27 95 91 39 43 82 5 21 82 41 27 54 38 23 26 54 56 0 0 0 0 0 0 ;
18 24 78 98 42 76 92 65 43 41 60 75 78 96 65 19 100 79 37 66 0 0 0 0 0 ;
95 84 33 62 78 97 18 27 58 30 18 85 32 85 97 46 40 30 63 64 43 0 0 0 0 ;
17 47 6 98 25 93 12 68 66 30 44 49 31 96 80 92 39 100 63 41 2 46 0 0 0 ;
10 20 11 28 25 55 15 50 42 38 63 61 68 58 61 4 13 53 41 97 44 14 18 0 0 ;
36 54 54 43 80 33 62 98 70 10 65 11 96 58 17 77 3 35 71 33 79 43 1 22 0 ;
48 47 30 85 75 84 31 17 8 95 19 42 68 10 55 61 35 25 29 25 34 56 74 19 69 ]
w=[8, 16, 3, 35, 6, 44, 47, 17, 12, 23, 35, 6, 32, 16, 17, 11, 42, 44, 29, 1, 19, 43, 40, 45, 36]
W=53 
k=2 
inst_name = "QKP_25_100_100" 
feasible = true 
Q2=[85 0 0 0 0 0 0 0 0 0 0 0 0 0 0 0 0 0 0 0 0 0 0 0 0; 11 85 0 0 0 0 0 0 0 0 0 0 0 0 0 0 0 0 0 0 0 0 0 0 0; 16 9 71 0 0 0 0 0 0 0 0 0 0 0 0 0 0 0 0 0 0 0 0 0 0; 7 0 19 79 0 0 0 0 0 0 0 0 0 0 0 0 0 0 0 0 0 0 0 0 0; 0 5 14 2 3 0 0 0 0 0 0 0 0 0 0 0 0 0 0 0 0 0 0 0 0; 96 4 75 8 8 97 0 0 0 0 0 0 0 0 0 0 0 0 0 0 0 0 0 0 0; 14 83 27 5 73 94 93 0 0 0 0 0 0 0 0 0 0 0 0 0 0 0 0 0 0; 89 93 11 93 4 98 16 98 0 0 0 0 0 0 0 0 0 0 0 0 0 0 0 0 0; 28 79 4 22 3 94 24 87 56 0 0 0 0 0 0 0 0 0 0 0 0 0 0 0 0; 9 4 97 7 9 9 96 81 60 12 0 0 0 0 0 0 0 0 0 0 0 0 0 0 0; 80 0 3 37 76 83 65 98 20 1 97 0 0 0 0 0 0 0 0 0 0 0 0 0 0; 1 99 91 6 2 5 82 95 76 97 79 45 0 0 0 0 0 0 0 0 0 0 0 0 0; 68 19 7 92 90 28 92 97 0 11 72 96 1 0 0 0 0 0 0 0 0 0 0 0 0; 25 14 88 5 8 98 95 28 95 15 10 22 38 7 0 0 0 0 0 0 0 0 0 0 0; 96 100 69 86 11 98 5 65 80 2 93 2 4 98 0 0 0 0 0 0 0 0 0 0 0; 95 31 100 15 8 12 19 2 66 98 90 83 87 12 75 93 0 0 0 0 0 0 0 0 0; 37 87 99 8 89 5 76 100 41 100 97 16 79 92 91 81 97 0 0 0 0 0 0 0 0; 31 96 88 63 1 79 6 86 8 80 89 41 15 41 100 79 20 4 0 0 0 0 0 0 0; 11 14 79 5 8 85 90 12 98 96 10 68 88 34 83 91 81 6 40 0 0 0 0 0 0; 88 98 14 1 76 17 5 35 72 67 0 11 3 4 22 100 0 17 83 11 0 0 0 0 0; 1 13 69 34 19 0 90 86 13 76 82 9 76 14 2 63 88 85 23 30 60 0 0 0 0; 87 95 96 2 79 5 91 20 3 78 61 51 95 0 2 0 90 0 27 64 99 57 0 0 0; 96 86 89 85 77 34 94 16 91 99 35 4 31 11 6 100 89 2 82 2 87 93 95 0 0; 90 6 38 59 8 84 35 0 20 93 12 99 2 33 100 6 98 81 10 72 6 94 100 91 0; 99 57 85 3 22 4 81 94 96 2 90 66 11 99 25 8 81 97 86 81 85 41 21 93 3]
