n=30
density=25
Q1=[0 0 0 0 0 0 0 0 0 0 0 0 0 0 0 0 0 0 0 0 0 0 0 0 0 0 0 0 0 0 ;
0 0 0 0 0 0 0 0 0 0 0 0 0 0 0 0 0 0 0 0 0 0 0 0 0 0 0 0 0 0 ;
28 61 0 0 0 0 0 0 0 0 0 0 0 0 0 0 0 0 0 0 0 0 0 0 0 0 0 0 0 0 ;
0 0 0 0 0 0 0 0 0 0 0 0 0 0 0 0 0 0 0 0 0 0 0 0 0 0 0 0 0 0 ;
65 0 0 2 0 0 0 0 0 0 0 0 0 0 0 0 0 0 0 0 0 0 0 0 0 0 0 0 0 0 ;
30 0 0 0 0 0 0 0 0 0 0 0 0 0 0 0 0 0 0 0 0 0 0 0 0 0 0 0 0 0 ;
0 0 0 14 0 0 0 0 0 0 0 0 0 0 0 0 0 0 0 0 0 0 0 0 0 0 0 0 0 0 ;
0 0 0 99 23 0 0 81 0 0 0 0 0 0 0 0 0 0 0 0 0 0 0 0 0 0 0 0 0 0 ;
0 0 62 0 0 94 0 0 32 0 0 0 0 0 0 0 0 0 0 0 0 0 0 0 0 0 0 0 0 0 ;
0 0 0 0 0 0 100 0 0 0 0 0 0 0 0 0 0 0 0 0 0 0 0 0 0 0 0 0 0 0 ;
86 0 0 0 0 0 0 22 61 0 0 0 0 0 0 0 0 0 0 0 0 0 0 0 0 0 0 0 0 0 ;
2 0 0 57 0 0 49 0 0 53 0 0 0 0 0 0 0 0 0 0 0 0 0 0 0 0 0 0 0 0 ;
0 0 0 0 31 55 0 69 0 0 0 24 0 0 0 0 0 0 0 0 0 0 0 0 0 0 0 0 0 0 ;
0 0 0 0 0 0 0 29 0 0 0 0 0 0 0 0 0 0 0 0 0 0 0 0 0 0 0 0 0 0 ;
0 0 0 68 1 47 0 0 0 0 67 38 0 0 0 0 0 0 0 0 0 0 0 0 0 0 0 0 0 0 ;
62 0 4 83 0 0 0 0 0 0 0 0 0 0 0 89 0 0 0 0 0 0 0 0 0 0 0 0 0 0 ;
0 0 0 0 0 0 0 9 0 0 81 0 19 32 0 0 0 0 0 0 0 0 0 0 0 0 0 0 0 0 ;
0 99 0 0 0 0 0 0 0 0 0 0 0 0 0 0 0 0 0 0 0 0 0 0 0 0 0 0 0 0 ;
0 0 0 100 0 0 0 0 0 78 64 0 0 21 0 0 0 0 0 0 0 0 0 0 0 0 0 0 0 0 ;
51 0 0 42 0 0 25 0 0 0 0 57 0 0 0 0 39 0 0 0 0 0 0 0 0 0 0 0 0 0 ;
40 0 0 0 32 0 2 0 43 91 0 0 0 99 0 30 0 0 0 0 0 0 0 0 0 0 0 0 0 0 ;
0 0 53 0 96 0 0 0 22 0 0 0 0 0 0 0 0 62 0 0 83 0 0 0 0 0 0 0 0 0 ;
42 78 0 0 66 37 22 0 14 0 91 0 0 0 0 0 43 0 0 44 0 0 0 0 0 0 0 0 0 0 ;
0 42 0 0 0 0 68 0 0 0 0 0 54 0 97 38 0 0 0 0 86 0 0 0 0 0 0 0 0 0 ;
0 0 0 0 0 0 0 13 0 0 0 0 22 0 56 0 0 0 0 0 0 0 0 0 0 0 0 0 0 0 ;
82 29 0 0 0 0 0 0 22 0 0 0 70 0 31 0 0 0 0 0 0 0 0 0 75 0 0 0 0 0 ;
23 0 13 0 22 0 0 0 73 47 0 0 0 0 0 0 0 0 0 0 0 0 0 63 42 0 62 0 0 0 ;
0 0 0 19 0 13 14 0 0 0 0 33 0 0 0 85 0 0 32 0 0 0 0 0 0 71 21 0 0 0 ;
0 0 0 0 0 0 0 0 31 0 0 0 82 0 0 0 0 0 0 0 0 0 0 0 0 87 0 0 63 0 ;
0 5 0 0 0 0 0 0 55 79 0 0 41 0 0 0 0 0 21 0 0 0 0 0 0 0 0 0 0 0 ]
w=[35, 21, 34, 26, 4, 29, 48, 3, 45, 31, 30, 9, 10, 16, 9, 22, 26, 42, 49, 34, 17, 8, 42, 46, 26, 48, 11, 12, 12, 34]
W=50 
k=2 
inst_name = "QKP_30_100_25" 
feasible = true 
Q2=[100 0 0 0 0 0 0 0 0 0 0 0 0 0 0 0 0 0 0 0 0 0 0 0 0 0 0 0 0 0; 100 100 0 0 0 0 0 0 0 0 0 0 0 0 0 0 0 0 0 0 0 0 0 0 0 0 0 0 0 0; 86 31 100 0 0 0 0 0 0 0 0 0 0 0 0 0 0 0 0 0 0 0 0 0 0 0 0 0 0 0; 100 100 100 100 0 0 0 0 0 0 0 0 0 0 0 0 0 0 0 0 0 0 0 0 0 0 0 0 0 0; 4 100 100 99 100 0 0 0 0 0 0 0 0 0 0 0 0 0 0 0 0 0 0 0 0 0 0 0 0 0; 72 100 100 100 100 100 0 0 0 0 0 0 0 0 0 0 0 0 0 0 0 0 0 0 0 0 0 0 0 0; 100 100 100 89 100 100 100 0 0 0 0 0 0 0 0 0 0 0 0 0 0 0 0 0 0 0 0 0 0 0; 100 100 100 0 88 100 100 11 0 0 0 0 0 0 0 0 0 0 0 0 0 0 0 0 0 0 0 0 0 0; 100 100 31 100 100 4 100 100 98 0 0 0 0 0 0 0 0 0 0 0 0 0 0 0 0 0 0 0 0 0; 100 100 100 100 100 100 0 100 100 100 0 0 0 0 0 0 0 0 0 0 0 0 0 0 0 0 0 0 0 0; 14 100 100 100 100 100 100 90 13 100 100 0 0 0 0 0 0 0 0 0 0 0 0 0 0 0 0 0 0 0; 100 100 100 36 100 100 100 100 100 22 100 100 0 0 0 0 0 0 0 0 0 0 0 0 0 0 0 0 0 0; 100 100 100 100 78 9 100 30 100 100 100 78 100 0 0 0 0 0 0 0 0 0 0 0 0 0 0 0 0 0; 100 100 100 100 100 100 100 89 100 100 100 100 100 100 0 0 0 0 0 0 0 0 0 0 0 0 0 0 0 0; 100 100 100 7 100 86 100 100 100 100 24 72 100 100 100 0 0 0 0 0 0 0 0 0 0 0 0 0 0 0; 22 100 97 4 100 100 100 100 100 100 100 100 100 100 100 8 0 0 0 0 0 0 0 0 0 0 0 0 0 0; 100 100 100 100 100 100 100 92 100 100 9 100 88 95 100 100 100 0 0 0 0 0 0 0 0 0 0 0 0 0; 100 0 100 100 100 100 100 100 100 100 100 100 100 100 100 100 100 100 0 0 0 0 0 0 0 0 0 0 0 0; 100 100 100 0 100 100 100 100 100 20 31 100 100 90 100 100 100 100 100 0 0 0 0 0 0 0 0 0 0 0; 9 100 100 97 100 100 84 100 100 100 100 9 100 100 100 100 62 100 100 100 0 0 0 0 0 0 0 0 0 0; 83 100 100 100 76 100 100 100 69 1 100 100 100 1 100 82 100 100 100 100 100 0 0 0 0 0 0 0 0 0; 100 100 19 100 2 100 100 100 93 100 100 100 100 100 100 100 100 32 100 100 0 100 0 0 0 0 0 0 0 0; 74 0 100 100 24 89 88 100 93 100 4 100 100 100 100 100 79 100 100 69 100 100 100 0 0 0 0 0 0 0; 100 83 100 100 100 100 19 100 100 100 100 100 33 100 1 90 100 100 100 100 9 100 100 100 0 0 0 0 0 0; 100 100 100 100 100 100 100 99 100 100 100 100 88 100 9 100 100 100 100 100 100 100 100 100 100 0 0 0 0 0; 8 89 100 100 100 100 100 100 88 100 100 100 30 100 99 100 100 100 100 100 100 100 100 100 12 100 0 0 0 0; 99 100 99 100 93 100 100 100 6 70 100 100 100 100 100 100 100 100 100 100 100 100 100 26 70 100 35 0 0 0; 100 100 100 82 100 92 88 100 100 100 100 91 100 100 100 12 100 100 98 100 100 100 100 100 100 11 89 100 0 0; 100 100 100 100 100 100 100 100 89 100 100 100 10 100 100 100 100 100 100 100 100 100 100 100 100 5 100 100 29 0; 100 96 100 100 100 100 100 100 4 9 100 100 62 100 100 100 100 100 99 100 100 100 100 100 100 100 100 100 100 100]
