n=40
density=25
Q1=[96 0 0 0 0 0 0 0 0 0 0 0 0 0 0 0 0 0 0 0 0 0 0 0 0 0 0 0 0 0 0 0 0 0 0 0 0 0 0 0 ;
0 0 0 0 0 0 0 0 0 0 0 0 0 0 0 0 0 0 0 0 0 0 0 0 0 0 0 0 0 0 0 0 0 0 0 0 0 0 0 0 ;
26 0 0 0 0 0 0 0 0 0 0 0 0 0 0 0 0 0 0 0 0 0 0 0 0 0 0 0 0 0 0 0 0 0 0 0 0 0 0 0 ;
0 0 0 0 0 0 0 0 0 0 0 0 0 0 0 0 0 0 0 0 0 0 0 0 0 0 0 0 0 0 0 0 0 0 0 0 0 0 0 0 ;
0 0 0 0 0 0 0 0 0 0 0 0 0 0 0 0 0 0 0 0 0 0 0 0 0 0 0 0 0 0 0 0 0 0 0 0 0 0 0 0 ;
0 68 0 48 0 112 0 0 0 0 0 0 0 0 0 0 0 0 0 0 0 0 0 0 0 0 0 0 0 0 0 0 0 0 0 0 0 0 0 0 ;
0 0 0 0 0 0 0 0 0 0 0 0 0 0 0 0 0 0 0 0 0 0 0 0 0 0 0 0 0 0 0 0 0 0 0 0 0 0 0 0 ;
0 0 21 0 0 0 0 0 0 0 0 0 0 0 0 0 0 0 0 0 0 0 0 0 0 0 0 0 0 0 0 0 0 0 0 0 0 0 0 0 ;
0 0 0 0 0 0 92 0 0 0 0 0 0 0 0 0 0 0 0 0 0 0 0 0 0 0 0 0 0 0 0 0 0 0 0 0 0 0 0 0 ;
0 22 182 0 0 77 0 0 139 0 0 0 0 0 0 0 0 0 0 0 0 0 0 0 0 0 0 0 0 0 0 0 0 0 0 0 0 0 0 0 ;
0 0 0 23 0 0 118 0 113 0 38 0 0 0 0 0 0 0 0 0 0 0 0 0 0 0 0 0 0 0 0 0 0 0 0 0 0 0 0 0 ;
0 0 0 23 0 0 118 0 64 0 0 123 0 0 0 0 0 0 0 0 0 0 0 0 0 0 0 0 0 0 0 0 0 0 0 0 0 0 0 0 ;
0 0 0 0 0 0 0 0 0 0 0 0 0 0 0 0 0 0 0 0 0 0 0 0 0 0 0 0 0 0 0 0 0 0 0 0 0 0 0 0 ;
151 0 0 0 68 0 20 0 99 0 53 0 0 0 0 0 0 0 0 0 0 0 0 0 0 0 0 0 0 0 0 0 0 0 0 0 0 0 0 0 ;
102 0 0 0 0 0 40 0 0 0 40 118 125 0 0 0 0 0 0 0 0 0 0 0 0 0 0 0 0 0 0 0 0 0 0 0 0 0 0 0 ;
0 0 0 109 0 0 0 0 0 0 0 166 180 84 0 0 0 0 0 0 0 0 0 0 0 0 0 0 0 0 0 0 0 0 0 0 0 0 0 0 ;
0 0 0 0 0 20 115 0 0 0 0 0 0 0 0 155 196 0 0 0 0 0 0 0 0 0 0 0 0 0 0 0 0 0 0 0 0 0 0 0 ;
193 0 0 0 184 0 0 0 0 0 0 0 0 0 0 0 0 0 0 0 0 0 0 0 0 0 0 0 0 0 0 0 0 0 0 0 0 0 0 0 ;
0 0 0 135 0 0 0 0 0 45 0 0 164 0 178 109 130 0 0 0 0 0 0 0 0 0 0 0 0 0 0 0 0 0 0 0 0 0 0 0 ;
0 0 33 0 0 0 21 22 188 0 0 194 0 0 0 0 0 0 0 51 0 0 0 0 0 0 0 0 0 0 0 0 0 0 0 0 0 0 0 0 ;
0 0 0 0 0 0 65 0 0 0 0 0 0 128 0 132 90 0 73 64 0 0 0 0 0 0 0 0 0 0 0 0 0 0 0 0 0 0 0 0 ;
0 0 0 0 0 27 0 0 159 0 0 0 0 0 0 183 66 0 42 0 0 0 0 0 0 0 0 0 0 0 0 0 0 0 0 0 0 0 0 0 ;
0 0 0 0 0 0 0 0 0 0 0 0 0 0 0 0 45 0 0 0 130 0 136 0 0 0 0 0 0 0 0 0 0 0 0 0 0 0 0 0 ;
0 108 0 0 0 0 110 141 0 0 181 170 166 0 0 0 78 0 5 179 97 0 156 114 0 0 0 0 0 0 0 0 0 0 0 0 0 0 0 0 ;
120 0 0 0 0 0 80 6 0 0 0 0 0 0 0 20 0 0 0 139 0 0 185 0 0 0 0 0 0 0 0 0 0 0 0 0 0 0 0 0 ;
0 0 0 0 0 0 0 67 0 0 0 135 0 0 0 109 142 0 0 0 0 62 0 90 0 0 0 0 0 0 0 0 0 0 0 0 0 0 0 0 ;
0 0 105 0 0 0 89 0 31 116 0 0 0 0 0 23 0 0 0 120 0 0 0 76 196 0 0 0 0 0 0 0 0 0 0 0 0 0 0 0 ;
0 0 122 0 0 0 0 0 200 0 18 0 0 42 0 0 0 110 78 0 0 57 0 0 0 0 188 0 0 0 0 0 0 0 0 0 0 0 0 0 ;
0 0 55 0 54 0 0 0 0 0 0 0 0 182 0 0 52 0 0 129 0 86 0 4 0 51 0 0 0 0 0 0 0 0 0 0 0 0 0 0 ;
174 0 0 143 0 0 0 67 0 0 0 0 196 116 0 43 20 0 121 142 67 0 127 87 0 0 0 0 0 0 0 0 0 0 0 0 0 0 0 0 ;
0 198 0 0 0 31 0 0 141 0 0 0 0 0 0 0 190 0 0 0 115 0 5 0 0 0 0 0 0 0 0 0 0 0 0 0 0 0 0 0 ;
21 0 187 0 0 156 0 0 0 0 0 0 0 48 0 195 41 0 86 9 0 0 0 10 0 145 0 57 151 0 0 0 0 0 0 0 0 0 0 0 ;
0 0 124 0 0 0 0 0 0 0 155 0 0 0 73 0 0 0 0 0 0 0 0 0 88 0 0 0 0 0 0 0 0 0 0 0 0 0 0 0 ;
0 0 0 0 98 0 0 0 0 0 0 0 0 0 0 0 0 0 0 123 0 0 0 168 0 0 0 0 0 0 0 0 0 0 0 0 0 0 0 0 ;
62 149 0 48 63 0 0 0 0 0 0 125 0 0 0 0 132 0 141 135 134 0 194 89 0 0 35 0 22 107 0 0 128 0 0 0 0 0 0 0 ;
0 0 27 182 0 0 100 0 190 0 0 0 0 0 0 0 48 196 0 0 0 0 0 0 84 0 145 148 0 0 0 20 0 0 0 161 0 0 0 0 ;
0 0 0 0 0 47 137 0 0 143 0 190 0 0 0 0 0 0 122 0 72 0 0 118 0 0 0 0 34 0 0 0 0 0 0 0 20 0 0 0 ;
178 0 0 0 145 0 0 0 0 0 105 0 0 82 22 0 5 0 0 0 0 0 16 0 0 0 25 131 18 0 0 0 0 0 193 138 0 0 0 0 ;
0 0 0 0 67 0 0 183 60 0 0 0 0 0 0 0 0 165 142 0 0 0 0 0 0 194 0 0 0 0 0 0 0 138 0 0 0 0 140 0 ;
0 0 0 180 18 0 0 0 0 0 0 0 141 0 60 0 37 0 156 0 110 0 0 0 138 0 0 0 0 0 0 0 0 0 0 84 0 0 0 0 ]
w=[36, 6, 49, 53, 69, 18, 23, 95, 45, 33, 37, 60, 26, 65, 68, 60, 100, 53, 82, 35, 93, 89, 39, 90, 4, 100, 74, 43, 56, 49, 87, 40, 75, 20, 92, 42, 89, 70, 66, 56]
W=50 
k=4 
inst_name = "QKP_40_200_25" 
feasible = true 
Q2=[196 0 0 0 0 0 0 0 0 0 0 0 0 0 0 0 0 0 0 0 0 0 0 0 0 0 0 0 0 0 0 0 0 0 0 0 0 0 0 0; 200 200 0 0 0 0 0 0 0 0 0 0 0 0 0 0 0 0 0 0 0 0 0 0 0 0 0 0 0 0 0 0 0 0 0 0 0 0 0 0; 179 200 200 0 0 0 0 0 0 0 0 0 0 0 0 0 0 0 0 0 0 0 0 0 0 0 0 0 0 0 0 0 0 0 0 0 0 0 0 0; 200 200 200 200 0 0 0 0 0 0 0 0 0 0 0 0 0 0 0 0 0 0 0 0 0 0 0 0 0 0 0 0 0 0 0 0 0 0 0 0; 200 200 200 200 200 0 0 0 0 0 0 0 0 0 0 0 0 0 0 0 0 0 0 0 0 0 0 0 0 0 0 0 0 0 0 0 0 0 0 0; 200 160 200 195 200 61 0 0 0 0 0 0 0 0 0 0 0 0 0 0 0 0 0 0 0 0 0 0 0 0 0 0 0 0 0 0 0 0 0 0; 200 200 200 200 200 200 200 0 0 0 0 0 0 0 0 0 0 0 0 0 0 0 0 0 0 0 0 0 0 0 0 0 0 0 0 0 0 0 0 0; 200 200 199 200 200 200 200 200 0 0 0 0 0 0 0 0 0 0 0 0 0 0 0 0 0 0 0 0 0 0 0 0 0 0 0 0 0 0 0 0; 200 200 200 200 200 200 181 200 200 0 0 0 0 0 0 0 0 0 0 0 0 0 0 0 0 0 0 0 0 0 0 0 0 0 0 0 0 0 0 0; 200 188 14 200 200 150 200 200 46 200 0 0 0 0 0 0 0 0 0 0 0 0 0 0 0 0 0 0 0 0 0 0 0 0 0 0 0 0 0 0; 200 200 200 181 200 200 43 200 64 200 162 0 0 0 0 0 0 0 0 0 0 0 0 0 0 0 0 0 0 0 0 0 0 0 0 0 0 0 0 0; 200 200 200 190 200 200 52 200 187 200 200 6 0 0 0 0 0 0 0 0 0 0 0 0 0 0 0 0 0 0 0 0 0 0 0 0 0 0 0 0; 200 200 200 200 200 200 200 200 200 200 200 200 200 0 0 0 0 0 0 0 0 0 0 0 0 0 0 0 0 0 0 0 0 0 0 0 0 0 0 0; 19 200 200 200 170 200 181 200 199 200 174 200 200 200 0 0 0 0 0 0 0 0 0 0 0 0 0 0 0 0 0 0 0 0 0 0 0 0 0 0; 19 200 200 200 200 200 185 200 200 200 180 60 52 200 200 0 0 0 0 0 0 0 0 0 0 0 0 0 0 0 0 0 0 0 0 0 0 0 0 0; 200 200 200 55 200 200 200 200 200 200 200 3 19 140 200 200 0 0 0 0 0 0 0 0 0 0 0 0 0 0 0 0 0 0 0 0 0 0 0 0; 200 200 200 200 200 180 19 200 200 200 200 200 200 200 200 43 0 0 0 0 0 0 0 0 0 0 0 0 0 0 0 0 0 0 0 0 0 0 0 0; 3 200 200 200 2 200 200 200 200 200 200 200 200 200 200 200 200 200 0 0 0 0 0 0 0 0 0 0 0 0 0 0 0 0 0 0 0 0 0 0; 200 200 200 48 200 200 200 200 200 165 200 200 35 200 18 48 59 200 200 0 0 0 0 0 0 0 0 0 0 0 0 0 0 0 0 0 0 0 0 0; 200 200 184 200 200 200 181 195 11 200 200 4 200 200 200 200 200 200 200 196 0 0 0 0 0 0 0 0 0 0 0 0 0 0 0 0 0 0 0 0; 200 200 200 200 200 200 183 200 200 200 200 200 200 4 200 40 187 200 158 148 200 0 0 0 0 0 0 0 0 0 0 0 0 0 0 0 0 0 0 0; 200 200 200 200 200 199 200 200 12 200 200 200 200 200 200 0 153 200 181 200 200 200 0 0 0 0 0 0 0 0 0 0 0 0 0 0 0 0 0 0; 200 200 200 200 200 200 200 200 200 200 200 200 200 200 200 200 182 200 200 200 68 200 49 0 0 0 0 0 0 0 0 0 0 0 0 0 0 0 0 0; 200 81 200 200 200 200 87 2 200 200 15 2 8 200 200 200 178 200 197 5 149 200 33 10 0 0 0 0 0 0 0 0 0 0 0 0 0 0 0 0; 64 200 200 200 200 200 166 195 200 200 200 200 200 200 200 182 200 200 200 4 200 200 14 200 200 0 0 0 0 0 0 0 0 0 0 0 0 0 0 0; 200 200 200 200 200 200 200 181 200 200 200 50 200 200 200 27 37 200 200 200 200 180 200 171 200 200 0 0 0 0 0 0 0 0 0 0 0 0 0 0; 200 200 7 200 200 200 184 200 182 3 200 200 200 200 200 181 200 200 200 0 200 200 200 132 4 200 200 0 0 0 0 0 0 0 0 0 0 0 0 0; 200 200 63 200 200 200 200 200 0 200 184 200 200 159 200 200 200 15 158 200 200 198 200 200 200 200 7 200 0 0 0 0 0 0 0 0 0 0 0 0; 200 200 185 200 158 200 200 200 200 200 200 200 200 6 200 200 184 200 200 40 200 155 200 199 200 192 200 200 200 0 0 0 0 0 0 0 0 0 0 0; 1 200 200 43 200 200 200 178 200 200 200 200 2 6 200 193 194 200 73 8 156 200 65 135 200 200 200 200 200 200 0 0 0 0 0 0 0 0 0 0; 200 1 200 200 200 192 200 200 8 200 200 200 200 200 200 200 1 200 200 200 13 200 198 200 200 200 200 200 200 200 200 0 0 0 0 0 0 0 0 0; 190 200 9 200 200 44 200 200 200 200 200 200 200 166 200 1 181 200 146 195 200 200 200 192 200 45 200 190 11 200 200 200 0 0 0 0 0 0 0 0; 200 200 16 200 200 200 200 200 200 200 5 200 200 200 148 200 200 200 200 200 200 200 200 200 134 200 200 200 200 200 200 200 200 0 0 0 0 0 0 0; 200 200 200 200 175 200 200 200 200 200 200 200 200 200 200 200 200 200 200 6 200 200 200 28 200 200 200 200 200 200 200 200 200 200 0 0 0 0 0 0; 171 12 200 153 159 200 200 200 200 200 200 55 200 200 200 200 24 200 45 60 56 200 3 160 200 200 186 200 190 57 200 200 41 200 200 0 0 0 0 0; 200 200 196 11 200 200 100 200 10 200 200 200 200 200 200 200 186 0 200 200 200 200 200 200 135 200 49 9 200 200 200 199 200 200 200 8 0 0 0 0; 200 200 200 200 200 169 50 200 200 45 200 10 200 200 200 200 200 200 9 200 155 200 200 35 200 200 200 200 169 200 200 200 200 200 200 200 180 0 0 0; 0 200 200 200 5 200 200 200 200 200 47 200 200 157 197 200 200 200 200 200 200 200 187 200 200 200 197 24 186 200 200 200 200 200 7 60 200 200 0 0; 200 200 200 200 156 200 200 16 187 200 200 200 200 200 200 200 200 29 10 200 200 200 200 200 200 1 200 200 200 200 200 200 200 12 200 200 200 200 52 0; 200 200 200 3 191 200 200 200 200 200 200 200 30 200 175 200 186 200 34 200 62 200 200 200 34 200 200 200 200 200 200 200 200 200 200 176 200 200 200 200]
