n=45
density=100
Q1=[81 0 0 0 0 0 0 0 0 0 0 0 0 0 0 0 0 0 0 0 0 0 0 0 0 0 0 0 0 0 0 0 0 0 0 0 0 0 0 0 0 0 0 0 0 ;
91 96 0 0 0 0 0 0 0 0 0 0 0 0 0 0 0 0 0 0 0 0 0 0 0 0 0 0 0 0 0 0 0 0 0 0 0 0 0 0 0 0 0 0 0 ;
44 32 44 0 0 0 0 0 0 0 0 0 0 0 0 0 0 0 0 0 0 0 0 0 0 0 0 0 0 0 0 0 0 0 0 0 0 0 0 0 0 0 0 0 0 ;
26 3 96 64 0 0 0 0 0 0 0 0 0 0 0 0 0 0 0 0 0 0 0 0 0 0 0 0 0 0 0 0 0 0 0 0 0 0 0 0 0 0 0 0 0 ;
26 57 46 51 37 0 0 0 0 0 0 0 0 0 0 0 0 0 0 0 0 0 0 0 0 0 0 0 0 0 0 0 0 0 0 0 0 0 0 0 0 0 0 0 0 ;
38 23 46 76 37 3 0 0 0 0 0 0 0 0 0 0 0 0 0 0 0 0 0 0 0 0 0 0 0 0 0 0 0 0 0 0 0 0 0 0 0 0 0 0 0 ;
52 53 31 50 37 31 40 0 0 0 0 0 0 0 0 0 0 0 0 0 0 0 0 0 0 0 0 0 0 0 0 0 0 0 0 0 0 0 0 0 0 0 0 0 0 ;
28 74 29 82 77 17 93 67 0 0 0 0 0 0 0 0 0 0 0 0 0 0 0 0 0 0 0 0 0 0 0 0 0 0 0 0 0 0 0 0 0 0 0 0 0 ;
43 48 8 14 13 70 23 3 43 0 0 0 0 0 0 0 0 0 0 0 0 0 0 0 0 0 0 0 0 0 0 0 0 0 0 0 0 0 0 0 0 0 0 0 0 ;
51 17 22 13 97 80 78 23 93 75 0 0 0 0 0 0 0 0 0 0 0 0 0 0 0 0 0 0 0 0 0 0 0 0 0 0 0 0 0 0 0 0 0 0 0 ;
31 89 48 84 89 60 40 64 55 24 76 0 0 0 0 0 0 0 0 0 0 0 0 0 0 0 0 0 0 0 0 0 0 0 0 0 0 0 0 0 0 0 0 0 0 ;
23 84 20 21 63 24 13 35 34 54 15 74 0 0 0 0 0 0 0 0 0 0 0 0 0 0 0 0 0 0 0 0 0 0 0 0 0 0 0 0 0 0 0 0 0 ;
36 3 17 34 39 25 65 76 40 27 39 85 28 0 0 0 0 0 0 0 0 0 0 0 0 0 0 0 0 0 0 0 0 0 0 0 0 0 0 0 0 0 0 0 0 ;
53 29 58 5 31 37 86 55 96 91 83 22 39 44 0 0 0 0 0 0 0 0 0 0 0 0 0 0 0 0 0 0 0 0 0 0 0 0 0 0 0 0 0 0 0 ;
76 86 73 32 62 16 49 6 48 9 1 22 94 51 87 0 0 0 0 0 0 0 0 0 0 0 0 0 0 0 0 0 0 0 0 0 0 0 0 0 0 0 0 0 0 ;
55 100 98 66 99 85 53 63 98 95 82 45 8 9 76 68 0 0 0 0 0 0 0 0 0 0 0 0 0 0 0 0 0 0 0 0 0 0 0 0 0 0 0 0 0 ;
87 97 68 30 63 9 23 61 34 18 95 67 8 20 98 20 37 0 0 0 0 0 0 0 0 0 0 0 0 0 0 0 0 0 0 0 0 0 0 0 0 0 0 0 0 ;
59 66 46 55 91 4 42 30 7 34 37 2 95 87 31 74 35 4 0 0 0 0 0 0 0 0 0 0 0 0 0 0 0 0 0 0 0 0 0 0 0 0 0 0 0 ;
46 24 100 88 20 40 24 23 66 22 31 18 56 71 51 96 75 99 53 0 0 0 0 0 0 0 0 0 0 0 0 0 0 0 0 0 0 0 0 0 0 0 0 0 0 ;
55 97 91 35 39 97 5 2 96 62 13 24 87 97 58 56 37 88 54 35 0 0 0 0 0 0 0 0 0 0 0 0 0 0 0 0 0 0 0 0 0 0 0 0 0 ;
28 53 46 55 55 98 75 80 31 95 99 90 17 94 6 7 17 3 32 45 56 0 0 0 0 0 0 0 0 0 0 0 0 0 0 0 0 0 0 0 0 0 0 0 0 ;
78 80 27 51 38 66 65 61 47 11 41 98 16 89 57 49 52 37 76 38 47 27 0 0 0 0 0 0 0 0 0 0 0 0 0 0 0 0 0 0 0 0 0 0 0 ;
63 85 88 41 54 80 56 95 91 59 8 2 21 35 2 77 66 38 2 66 77 23 99 0 0 0 0 0 0 0 0 0 0 0 0 0 0 0 0 0 0 0 0 0 0 ;
89 99 67 68 45 18 75 35 11 27 90 52 5 11 34 66 80 100 88 34 68 88 42 67 0 0 0 0 0 0 0 0 0 0 0 0 0 0 0 0 0 0 0 0 0 ;
85 8 39 62 12 73 4 6 81 16 88 19 9 63 56 66 56 58 38 10 55 61 59 20 82 0 0 0 0 0 0 0 0 0 0 0 0 0 0 0 0 0 0 0 0 ;
89 16 10 27 34 65 21 43 92 6 54 4 29 37 77 61 45 9 24 16 15 83 46 57 13 43 0 0 0 0 0 0 0 0 0 0 0 0 0 0 0 0 0 0 0 ;
60 65 86 28 49 8 99 100 45 88 87 95 10 33 99 97 30 46 93 1 84 93 79 59 23 26 39 0 0 0 0 0 0 0 0 0 0 0 0 0 0 0 0 0 0 ;
31 67 29 54 36 24 71 10 25 50 62 88 67 89 2 15 79 11 63 4 1 89 76 95 27 45 77 76 0 0 0 0 0 0 0 0 0 0 0 0 0 0 0 0 0 ;
72 41 45 94 80 45 45 33 42 41 61 44 9 28 16 9 87 2 95 83 23 62 48 11 4 95 55 36 48 0 0 0 0 0 0 0 0 0 0 0 0 0 0 0 0 ;
73 98 65 68 39 31 95 71 76 2 86 26 82 83 81 90 19 82 91 18 5 75 71 44 96 20 63 49 25 83 0 0 0 0 0 0 0 0 0 0 0 0 0 0 0 ;
8 27 84 4 78 75 44 27 22 97 36 45 60 5 82 56 85 17 18 87 81 97 25 79 49 52 17 43 98 8 61 0 0 0 0 0 0 0 0 0 0 0 0 0 0 ;
81 25 49 39 27 34 1 54 53 29 9 65 73 11 91 42 59 18 89 59 37 93 85 94 58 77 72 86 36 43 65 78 0 0 0 0 0 0 0 0 0 0 0 0 0 ;
52 91 49 7 41 1 64 52 60 2 67 18 7 98 6 13 45 91 49 42 68 1 94 52 40 30 23 79 29 10 80 8 57 0 0 0 0 0 0 0 0 0 0 0 0 ;
48 22 71 74 90 92 94 11 73 22 20 34 63 88 56 24 78 82 89 99 65 8 59 11 79 64 99 100 84 52 60 76 17 34 0 0 0 0 0 0 0 0 0 0 0 ;
53 60 60 22 11 100 59 7 99 35 35 63 30 17 84 56 20 1 77 69 23 88 33 91 65 20 16 100 10 59 21 16 50 71 25 0 0 0 0 0 0 0 0 0 0 ;
69 70 27 90 28 15 46 8 60 12 86 64 16 35 59 80 63 97 52 83 80 23 53 56 40 74 19 79 30 52 29 53 11 86 98 10 0 0 0 0 0 0 0 0 0 ;
79 81 49 41 92 63 72 76 96 1 31 38 7 71 95 24 25 71 75 82 39 46 23 38 23 1 14 27 63 40 55 71 49 34 59 99 5 0 0 0 0 0 0 0 0 ;
88 16 70 42 19 47 33 96 7 1 60 32 1 30 43 30 76 3 64 5 8 3 6 92 8 63 64 38 29 52 18 7 19 34 88 22 9 56 0 0 0 0 0 0 0 ;
31 67 71 93 86 19 4 23 9 82 65 61 95 83 79 4 91 33 9 23 2 66 93 52 23 28 37 36 57 30 15 78 59 47 79 69 2 66 41 0 0 0 0 0 0 ;
8 17 11 5 5 32 85 76 68 56 61 68 87 43 14 68 39 8 29 68 65 58 21 84 81 8 18 15 45 79 24 89 72 43 95 98 60 80 6 17 0 0 0 0 0 ;
76 18 3 96 39 47 20 17 2 30 62 75 2 57 47 67 4 81 59 57 52 72 94 77 70 17 95 39 91 80 57 87 68 71 9 9 94 57 85 2 7 0 0 0 0 ;
70 100 33 61 56 95 58 52 4 58 99 41 30 32 48 52 90 90 8 76 31 24 99 66 6 15 25 30 29 51 95 63 86 76 18 33 23 46 55 10 25 46 0 0 0 ;
66 79 19 50 49 17 10 37 5 65 44 92 22 55 3 25 80 1 17 34 99 19 64 58 73 75 27 30 86 9 63 37 59 12 3 63 11 26 39 33 88 44 26 0 0 ;
10 82 36 79 46 68 92 63 98 52 98 58 14 50 9 78 95 56 74 98 57 48 76 13 66 97 52 27 26 7 20 77 91 54 54 59 84 64 11 89 15 49 54 20 0 ;
8 42 84 78 40 99 1 44 61 93 54 43 87 92 60 46 39 23 97 54 21 1 35 26 38 49 64 8 21 18 28 42 85 71 86 5 61 87 86 80 19 10 52 9 45 ]
w=[25, 39, 14, 6, 29, 23, 18, 40, 49, 32, 4, 25, 17, 5, 46, 50, 9, 13, 18, 48, 6, 44, 21, 18, 45, 1, 8, 49, 23, 48, 13, 20, 43, 1, 15, 35, 19, 9, 35, 50, 37, 38, 39, 18, 36]
W=134 
k=5 
inst_name = "QKP_45_100_100" 
feasible = true 
Q2=[15 0 0 0 0 0 0 0 0 0 0 0 0 0 0 0 0 0 0 0 0 0 0 0 0 0 0 0 0 0 0 0 0 0 0 0 0 0 0 0 0 0 0 0 0; 0 1 0 0 0 0 0 0 0 0 0 0 0 0 0 0 0 0 0 0 0 0 0 0 0 0 0 0 0 0 0 0 0 0 0 0 0 0 0 0 0 0 0 0 0; 73 100 79 0 0 0 0 0 0 0 0 0 0 0 0 0 0 0 0 0 0 0 0 0 0 0 0 0 0 0 0 0 0 0 0 0 0 0 0 0 0 0 0 0 0; 91 97 0 32 0 0 0 0 0 0 0 0 0 0 0 0 0 0 0 0 0 0 0 0 0 0 0 0 0 0 0 0 0 0 0 0 0 0 0 0 0 0 0 0 0; 87 3 70 3 94 0 0 0 0 0 0 0 0 0 0 0 0 0 0 0 0 0 0 0 0 0 0 0 0 0 0 0 0 0 0 0 0 0 0 0 0 0 0 0 0; 94 82 82 8 94 98 0 0 0 0 0 0 0 0 0 0 0 0 0 0 0 0 0 0 0 0 0 0 0 0 0 0 0 0 0 0 0 0 0 0 0 0 0 0 0; 44 3 82 26 79 96 97 0 0 0 0 0 0 0 0 0 0 0 0 0 0 0 0 0 0 0 0 0 0 0 0 0 0 0 0 0 0 0 0 0 0 0 0 0 0; 72 10 73 15 15 91 3 22 0 0 0 0 0 0 0 0 0 0 0 0 0 0 0 0 0 0 0 0 0 0 0 0 0 0 0 0 0 0 0 0 0 0 0 0 0; 70 85 97 86 93 29 87 98 68 0 0 0 0 0 0 0 0 0 0 0 0 0 0 0 0 0 0 0 0 0 0 0 0 0 0 0 0 0 0 0 0 0 0 0 0; 25 85 88 87 0 6 21 97 0 12 0 0 0 0 0 0 0 0 0 0 0 0 0 0 0 0 0 0 0 0 0 0 0 0 0 0 0 0 0 0 0 0 0 0 0; 100 9 53 10 3 16 83 11 16 81 22 0 0 0 0 0 0 0 0 0 0 0 0 0 0 0 0 0 0 0 0 0 0 0 0 0 0 0 0 0 0 0 0 0 0; 84 6 83 80 26 96 90 76 72 42 87 19 0 0 0 0 0 0 0 0 0 0 0 0 0 0 0 0 0 0 0 0 0 0 0 0 0 0 0 0 0 0 0 0 0; 96 99 93 100 86 82 21 8 73 78 70 3 100 0 0 0 0 0 0 0 0 0 0 0 0 0 0 0 0 0 0 0 0 0 0 0 0 0 0 0 0 0 0 0 0; 8 100 34 100 85 86 7 41 3 2 15 98 66 75 0 0 0 0 0 0 0 0 0 0 0 0 0 0 0 0 0 0 0 0 0 0 0 0 0 0 0 0 0 0 0; 4 3 27 87 27 87 60 100 92 98 99 79 6 21 0 0 0 0 0 0 0 0 0 0 0 0 0 0 0 0 0 0 0 0 0 0 0 0 0 0 0 0 0 0 0; 26 0 0 9 0 0 22 31 2 3 5 85 96 99 12 29 0 0 0 0 0 0 0 0 0 0 0 0 0 0 0 0 0 0 0 0 0 0 0 0 0 0 0 0 0; 1 1 25 98 34 96 100 10 84 93 3 15 96 91 0 84 81 0 0 0 0 0 0 0 0 0 0 0 0 0 0 0 0 0 0 0 0 0 0 0 0 0 0 0 0; 5 3 100 4 8 99 62 78 93 75 80 100 2 1 76 22 83 100 0 0 0 0 0 0 0 0 0 0 0 0 0 0 0 0 0 0 0 0 0 0 0 0 0 0 0; 77 84 0 12 85 73 79 85 8 98 69 100 6 21 47 0 24 1 44 0 0 0 0 0 0 0 0 0 0 0 0 0 0 0 0 0 0 0 0 0 0 0 0 0 0; 11 1 0 76 87 0 100 99 1 25 91 85 0 3 34 29 72 2 12 90 0 0 0 0 0 0 0 0 0 0 0 0 0 0 0 0 0 0 0 0 0 0 0 0 0; 99 43 80 6 23 2 14 7 72 5 0 10 97 5 99 99 98 98 89 76 6 0 0 0 0 0 0 0 0 0 0 0 0 0 0 0 0 0 0 0 0 0 0 0 0; 9 14 88 22 63 19 26 23 95 90 79 2 96 7 43 65 10 71 8 67 73 97 0 0 0 0 0 0 0 0 0 0 0 0 0 0 0 0 0 0 0 0 0 0 0; 3 5 5 69 0 11 16 2 1 4 99 98 97 87 98 10 7 93 98 1 1 81 1 0 0 0 0 0 0 0 0 0 0 0 0 0 0 0 0 0 0 0 0 0 0; 5 1 28 1 65 90 0 72 96 74 9 19 96 99 84 14 10 0 10 70 21 0 75 0 0 0 0 0 0 0 0 0 0 0 0 0 0 0 0 0 0 0 0 0 0; 4 99 69 11 96 3 100 98 11 99 11 100 99 30 29 13 13 10 84 91 21 1 0 87 11 0 0 0 0 0 0 0 0 0 0 0 0 0 0 0 0 0 0 0 0; 11 85 95 75 76 20 91 95 6 99 11 98 92 90 22 20 60 94 81 93 87 11 60 37 99 82 0 0 0 0 0 0 0 0 0 0 0 0 0 0 0 0 0 0 0; 0 4 14 89 62 92 0 0 89 5 6 5 97 77 1 3 80 65 5 100 13 3 15 22 77 90 62 0 0 0 0 0 0 0 0 0 0 0 0 0 0 0 0 0 0; 86 6 74 26 82 100 20 90 82 15 19 3 33 0 98 99 6 91 6 100 99 4 20 1 79 67 1 0 0 0 0 0 0 0 0 0 0 0 0 0 0 0 0 0 0; 11 96 72 3 0 70 62 93 71 78 31 86 97 99 96 95 11 100 3 7 87 33 60 96 98 1 4 100 72 0 0 0 0 0 0 0 0 0 0 0 0 0 0 0 0; 3 0 8 8 69 94 5 20 14 100 13 78 8 7 9 0 94 9 5 91 98 9 24 85 0 85 37 80 95 12 0 0 0 0 0 0 0 0 0 0 0 0 0 0 0; 92 77 16 96 20 10 99 81 89 2 74 57 35 99 13 36 3 89 91 0 6 3 100 2 71 2 87 86 2 99 37 0 0 0 0 0 0 0 0 0 0 0 0 0 0; 12 77 88 63 77 69 99 10 27 73 93 1 0 90 0 60 8 99 6 38 94 2 10 1 19 0 23 11 95 95 15 1 0 0 0 0 0 0 0 0 0 0 0 0 0; 37 0 85 97 59 100 20 31 18 99 8 92 94 2 94 87 88 3 51 87 29 100 2 34 73 87 90 8 96 94 4 99 26 0 0 0 0 0 0 0 0 0 0 0 0; 84 87 29 14 9 3 5 90 11 93 98 76 4 5 4 100 14 6 10 0 11 95 4 93 7 10 0 0 3 14 9 10 90 66 0 0 0 0 0 0 0 0 0 0 0; 41 39 21 81 92 0 26 95 0 73 82 10 86 100 6 26 97 100 4 28 88 5 73 9 33 82 93 0 97 30 83 90 21 10 90 0 0 0 0 0 0 0 0 0 0; 20 0 85 6 91 85 92 96 31 94 13 0 100 74 12 8 21 1 16 1 16 94 47 10 77 2 92 4 90 1 90 13 97 8 2 97 0 0 0 0 0 0 0 0 0; 7 8 70 79 1 28 22 2 4 99 88 100 94 19 3 94 81 26 19 7 64 57 98 66 93 100 88 100 1 86 5 21 57 84 12 0 95 0 0 0 0 0 0 0 0; 6 99 12 64 92 94 89 1 93 99 2 89 99 77 57 90 21 99 24 98 96 98 97 8 99 9 24 88 82 5 83 97 100 89 0 87 100 11 0 0 0 0 0 0 0; 81 15 5 4 1 90 98 96 97 13 21 13 4 15 15 96 6 93 96 85 100 8 4 13 98 99 72 98 10 87 96 7 27 66 3 15 100 30 72 0 0 0 0 0 0; 98 93 94 100 99 87 12 23 23 28 25 19 3 89 98 18 92 94 77 18 0 29 83 1 16 95 85 90 71 14 87 1 27 65 5 0 9 12 95 93 0 0 0 0 0; 17 93 100 3 83 81 83 87 100 95 32 24 99 2 58 23 100 1 38 11 46 28 5 5 10 92 5 84 1 5 2 5 8 2 91 97 2 39 5 98 93 0 0 0 0; 12 0 85 0 6 2 36 36 100 6 0 60 100 80 56 19 7 9 100 16 69 77 1 2 96 92 94 95 100 3 5 25 12 13 98 67 94 57 40 100 92 79 0 0 0; 23 21 87 31 89 100 97 97 97 6 98 0 100 1 100 93 19 99 85 87 1 89 23 18 8 16 97 97 7 93 16 99 11 91 97 33 95 75 98 70 4 64 92 0 0; 93 2 99 8 87 22 3 19 2 6 2 24 94 24 93 8 4 10 6 0 10 80 16 99 13 3 20 86 94 93 98 3 6 28 2 33 2 22 92 8 88 86 21 100 0; 98 65 1 13 83 1 99 62 0 3 13 93 0 5 0 66 67 89 1 8 100 99 82 96 64 94 30 99 82 84 76 71 10 6 12 95 28 3 4 5 92 96 0 91 68]
