n=20
density=25
Q1=[171 0 0 0 0 0 0 0 0 0 0 0 0 0 0 0 0 0 0 0 ;
147 0 0 0 0 0 0 0 0 0 0 0 0 0 0 0 0 0 0 0 ;
0 0 0 0 0 0 0 0 0 0 0 0 0 0 0 0 0 0 0 0 ;
0 0 69 0 0 0 0 0 0 0 0 0 0 0 0 0 0 0 0 0 ;
0 0 0 0 0 0 0 0 0 0 0 0 0 0 0 0 0 0 0 0 ;
0 0 0 0 0 148 0 0 0 0 0 0 0 0 0 0 0 0 0 0 ;
86 49 0 0 0 0 0 0 0 0 0 0 0 0 0 0 0 0 0 0 ;
0 0 0 0 0 77 0 0 0 0 0 0 0 0 0 0 0 0 0 0 ;
155 33 0 0 0 0 0 0 0 0 0 0 0 0 0 0 0 0 0 0 ;
0 0 54 0 129 0 0 0 62 0 0 0 0 0 0 0 0 0 0 0 ;
0 0 0 49 35 0 0 0 0 0 0 0 0 0 0 0 0 0 0 0 ;
0 0 0 0 80 0 23 0 0 0 0 104 0 0 0 0 0 0 0 0 ;
0 0 0 0 10 0 0 0 0 0 0 0 77 0 0 0 0 0 0 0 ;
0 0 0 0 0 0 0 10 0 96 53 0 0 0 0 0 0 0 0 0 ;
0 76 22 0 0 0 0 0 0 51 0 0 117 0 23 0 0 0 0 0 ;
0 28 0 0 0 0 0 0 0 0 0 0 0 0 0 0 0 0 0 0 ;
0 0 0 0 0 41 145 0 0 106 0 0 0 0 0 0 0 0 0 0 ;
0 0 163 0 179 0 0 24 0 0 0 64 30 0 119 0 106 0 0 0 ;
0 179 110 0 0 0 0 0 0 84 0 0 180 0 0 0 6 184 0 0 ;
0 0 0 85 54 8 0 0 5 0 0 0 0 0 0 138 0 143 0 0 ]
w=[77, 60, 95, 18, 64, 70, 42, 77, 61, 37, 16, 5, 56, 35, 92, 96, 78, 6, 21, 23]
W=56 
k=3 
inst_name = "QKP_20_200_25" 
feasible = true 
Q2=[4 0 0 0 0 0 0 0 0 0 0 0 0 0 0 0 0 0 0 0; 26 184 0 0 0 0 0 0 0 0 0 0 0 0 0 0 0 0 0 0; 184 184 184 0 0 0 0 0 0 0 0 0 0 0 0 0 0 0 0 0; 184 184 145 184 0 0 0 0 0 0 0 0 0 0 0 0 0 0 0 0; 184 184 184 184 184 0 0 0 0 0 0 0 0 0 0 0 0 0 0 0; 184 184 184 184 184 33 0 0 0 0 0 0 0 0 0 0 0 0 0 0; 163 165 184 184 184 184 184 0 0 0 0 0 0 0 0 0 0 0 0 0; 184 184 184 184 184 146 184 184 0 0 0 0 0 0 0 0 0 0 0 0; 28 151 184 184 184 184 184 184 184 0 0 0 0 0 0 0 0 0 0 0; 184 184 153 184 12 184 184 184 131 184 0 0 0 0 0 0 0 0 0 0; 184 184 184 146 165 184 184 184 184 184 184 0 0 0 0 0 0 0 0 0; 184 184 184 184 181 184 168 184 184 184 184 71 0 0 0 0 0 0 0 0; 184 184 184 184 180 184 184 184 184 184 184 184 139 0 0 0 0 0 0 0; 184 184 184 184 184 184 184 175 184 75 145 184 184 184 0 0 0 0 0 0; 184 114 179 184 184 184 184 184 184 141 184 184 60 184 178 0 0 0 0 0; 184 184 184 184 184 184 184 184 184 184 184 184 184 184 184 184 0 0 0 0; 184 184 184 184 184 158 26 184 184 63 184 184 184 184 184 184 184 0 0 0; 184 184 9 184 1 184 184 176 184 184 184 166 169 184 10 184 10 184 0 0; 184 5 16 184 184 184 184 184 184 129 184 184 2 184 184 184 184 0 184 0; 184 184 184 167 170 177 184 184 179 184 184 184 184 184 184 33 184 39 184 184]
