n=30
density=100
Q1=[45 0 0 0 0 0 0 0 0 0 0 0 0 0 0 0 0 0 0 0 0 0 0 0 0 0 0 0 0 0 ;
117 134 0 0 0 0 0 0 0 0 0 0 0 0 0 0 0 0 0 0 0 0 0 0 0 0 0 0 0 0 ;
65 8 81 0 0 0 0 0 0 0 0 0 0 0 0 0 0 0 0 0 0 0 0 0 0 0 0 0 0 0 ;
8 45 167 166 0 0 0 0 0 0 0 0 0 0 0 0 0 0 0 0 0 0 0 0 0 0 0 0 0 0 ;
58 89 198 147 157 0 0 0 0 0 0 0 0 0 0 0 0 0 0 0 0 0 0 0 0 0 0 0 0 0 ;
172 89 48 91 111 90 0 0 0 0 0 0 0 0 0 0 0 0 0 0 0 0 0 0 0 0 0 0 0 0 ;
8 102 7 111 89 176 36 0 0 0 0 0 0 0 0 0 0 0 0 0 0 0 0 0 0 0 0 0 0 0 ;
79 144 111 140 103 200 199 2 0 0 0 0 0 0 0 0 0 0 0 0 0 0 0 0 0 0 0 0 0 0 ;
179 69 177 130 138 42 100 116 44 0 0 0 0 0 0 0 0 0 0 0 0 0 0 0 0 0 0 0 0 0 ;
74 51 32 23 100 171 84 54 191 157 0 0 0 0 0 0 0 0 0 0 0 0 0 0 0 0 0 0 0 0 ;
111 61 41 61 178 76 56 53 124 37 136 0 0 0 0 0 0 0 0 0 0 0 0 0 0 0 0 0 0 0 ;
81 98 83 164 6 110 28 190 145 73 30 37 0 0 0 0 0 0 0 0 0 0 0 0 0 0 0 0 0 0 ;
144 36 33 54 139 6 1 21 169 44 195 134 192 0 0 0 0 0 0 0 0 0 0 0 0 0 0 0 0 0 ;
87 167 24 147 125 99 180 197 82 46 50 152 198 74 0 0 0 0 0 0 0 0 0 0 0 0 0 0 0 0 ;
9 167 21 120 2 172 77 118 101 94 157 70 119 124 148 0 0 0 0 0 0 0 0 0 0 0 0 0 0 0 ;
150 102 61 148 98 83 188 145 196 86 65 151 46 148 154 186 0 0 0 0 0 0 0 0 0 0 0 0 0 0 ;
135 110 192 174 56 30 176 26 79 91 28 79 1 4 83 168 182 0 0 0 0 0 0 0 0 0 0 0 0 0 ;
41 57 180 101 174 195 49 172 166 9 116 185 114 70 161 44 25 191 0 0 0 0 0 0 0 0 0 0 0 0 ;
178 33 48 120 72 21 156 79 23 174 192 43 21 111 67 141 116 123 146 0 0 0 0 0 0 0 0 0 0 0 ;
162 40 106 26 146 80 67 37 66 96 183 159 90 92 89 62 7 175 20 133 0 0 0 0 0 0 0 0 0 0 ;
121 170 59 72 84 167 131 185 180 48 3 142 61 147 79 128 54 16 61 158 20 0 0 0 0 0 0 0 0 0 ;
164 38 85 146 45 37 191 19 14 134 96 93 30 36 59 111 46 196 150 132 66 110 0 0 0 0 0 0 0 0 ;
196 98 113 90 154 24 61 164 123 44 1 142 65 184 6 38 159 146 178 58 10 195 115 0 0 0 0 0 0 0 ;
188 118 109 111 83 29 110 70 113 197 149 187 63 198 145 160 178 151 90 188 87 98 77 101 0 0 0 0 0 0 ;
25 145 99 143 48 178 25 26 33 100 160 15 102 84 13 90 128 135 34 139 47 133 96 129 154 0 0 0 0 0 ;
171 131 44 21 65 199 59 74 91 85 132 46 87 79 35 99 15 92 166 74 30 121 53 48 120 9 0 0 0 0 ;
128 122 34 168 10 84 167 177 133 33 139 104 190 61 11 21 170 2 126 33 1 41 148 159 187 31 23 0 0 0 ;
58 125 115 168 51 43 125 36 91 184 89 6 169 167 81 53 165 165 122 10 168 200 106 169 110 167 3 7 0 0 ;
180 146 53 178 28 33 73 118 174 165 194 112 9 105 193 22 55 199 32 19 76 6 188 32 188 87 44 108 160 0 ;
4 104 100 190 129 77 186 193 6 133 80 57 24 1 43 37 89 145 137 32 123 26 9 39 91 94 38 119 176 74 ]
w=[35, 59, 95, 22, 51, 87, 99, 59, 71, 70, 85, 89, 4, 5, 27, 19, 50, 44, 52, 46, 66, 33, 24, 85, 70, 14, 100, 46, 82, 35]
W=51 
k=2 
inst_name = "QKP_30_200_100" 
feasible = true 
Q2=[196 0 0 0 0 0 0 0 0 0 0 0 0 0 0 0 0 0 0 0 0 0 0 0 0 0 0 0 0 0; 62 40 0 0 0 0 0 0 0 0 0 0 0 0 0 0 0 0 0 0 0 0 0 0 0 0 0 0 0 0; 161 197 199 0 0 0 0 0 0 0 0 0 0 0 0 0 0 0 0 0 0 0 0 0 0 0 0 0 0 0; 197 162 9 12 0 0 0 0 0 0 0 0 0 0 0 0 0 0 0 0 0 0 0 0 0 0 0 0 0 0; 173 186 1 31 40 0 0 0 0 0 0 0 0 0 0 0 0 0 0 0 0 0 0 0 0 0 0 0 0 0; 21 164 181 156 23 143 0 0 0 0 0 0 0 0 0 0 0 0 0 0 0 0 0 0 0 0 0 0 0 0; 192 67 194 55 177 0 167 0 0 0 0 0 0 0 0 0 0 0 0 0 0 0 0 0 0 0 0 0 0 0; 192 31 6 26 71 0 0 200 0 0 0 0 0 0 0 0 0 0 0 0 0 0 0 0 0 0 0 0 0 0; 3 183 9 28 20 198 75 23 186 0 0 0 0 0 0 0 0 0 0 0 0 0 0 0 0 0 0 0 0 0; 149 200 192 179 70 29 192 154 8 21 0 0 0 0 0 0 0 0 0 0 0 0 0 0 0 0 0 0 0 0; 68 145 167 146 18 138 187 188 36 172 64 0 0 0 0 0 0 0 0 0 0 0 0 0 0 0 0 0 0 0; 194 191 169 18 197 67 179 8 35 139 173 177 0 0 0 0 0 0 0 0 0 0 0 0 0 0 0 0 0 0; 8 199 168 147 6 196 199 184 21 181 1 52 7 0 0 0 0 0 0 0 0 0 0 0 0 0 0 0 0 0; 124 7 179 50 51 145 0 3 172 170 168 10 0 164 0 0 0 0 0 0 0 0 0 0 0 0 0 0 0 0; 191 29 191 35 199 26 138 52 58 113 11 186 61 17 16 0 0 0 0 0 0 0 0 0 0 0 0 0 0 0; 29 21 187 36 171 178 6 11 1 177 182 8 155 7 19 2 0 0 0 0 0 0 0 0 0 0 0 0 0 0; 47 57 4 17 159 175 3 182 171 115 172 165 200 197 126 1 10 0 0 0 0 0 0 0 0 0 0 0 0 0; 173 176 15 66 22 4 168 24 23 193 54 7 4 185 3 164 199 8 0 0 0 0 0 0 0 0 0 0 0 0; 15 171 171 1 166 185 6 124 177 18 1 159 179 44 186 17 65 32 11 0 0 0 0 0 0 0 0 0 0 0; 29 195 2 196 18 120 144 168 164 191 13 31 152 131 176 139 195 8 186 63 0 0 0 0 0 0 0 0 0 0; 26 6 179 183 147 16 23 7 13 160 200 12 189 10 193 28 161 186 177 4 181 0 0 0 0 0 0 0 0 0; 22 175 168 15 160 164 9 185 188 54 132 118 173 194 186 39 179 2 0 15 177 44 0 0 0 0 0 0 0 0; 1 181 33 147 41 176 141 24 71 158 199 43 150 0 194 190 33 5 0 181 200 3 13 0 0 0 0 0 0 0; 12 41 69 89 171 178 60 157 36 2 26 5 172 2 13 19 8 41 129 6 169 188 187 70 0 0 0 0 0 0; 186 8 147 46 180 8 200 189 174 3 16 185 83 122 187 129 43 53 173 52 156 28 122 48 33 0 0 0 0 0; 28 13 182 193 188 0 196 175 185 167 6 159 168 159 170 125 200 165 6 131 179 69 150 182 26 200 0 0 0 0; 71 58 184 9 194 171 32 1 52 187 58 64 10 157 194 198 24 198 49 182 199 163 17 41 5 184 185 0 0 0; 148 22 62 18 190 157 51 172 184 0 168 200 4 29 196 187 4 0 34 191 8 0 41 17 54 23 200 197 0 0; 1 30 156 8 195 167 190 24 14 5 5 68 196 9 7 198 168 1 198 191 126 196 1 197 3 176 158 37 32 0; 200 88 81 6 45 140 13 7 197 16 186 147 176 199 163 170 128 12 36 177 3 177 193 172 192 158 166 35 19 127]
