n=40
density=25
Q1=[0 0 0 0 0 0 0 0 0 0 0 0 0 0 0 0 0 0 0 0 0 0 0 0 0 0 0 0 0 0 0 0 0 0 0 0 0 0 0 0 ;
0 0 0 0 0 0 0 0 0 0 0 0 0 0 0 0 0 0 0 0 0 0 0 0 0 0 0 0 0 0 0 0 0 0 0 0 0 0 0 0 ;
156 161 74 0 0 0 0 0 0 0 0 0 0 0 0 0 0 0 0 0 0 0 0 0 0 0 0 0 0 0 0 0 0 0 0 0 0 0 0 0 ;
0 140 0 0 0 0 0 0 0 0 0 0 0 0 0 0 0 0 0 0 0 0 0 0 0 0 0 0 0 0 0 0 0 0 0 0 0 0 0 0 ;
0 0 0 0 0 0 0 0 0 0 0 0 0 0 0 0 0 0 0 0 0 0 0 0 0 0 0 0 0 0 0 0 0 0 0 0 0 0 0 0 ;
0 0 0 137 0 0 0 0 0 0 0 0 0 0 0 0 0 0 0 0 0 0 0 0 0 0 0 0 0 0 0 0 0 0 0 0 0 0 0 0 ;
0 0 0 0 0 0 24 0 0 0 0 0 0 0 0 0 0 0 0 0 0 0 0 0 0 0 0 0 0 0 0 0 0 0 0 0 0 0 0 0 ;
0 0 105 31 0 68 0 0 0 0 0 0 0 0 0 0 0 0 0 0 0 0 0 0 0 0 0 0 0 0 0 0 0 0 0 0 0 0 0 0 ;
0 0 0 0 16 0 0 60 0 0 0 0 0 0 0 0 0 0 0 0 0 0 0 0 0 0 0 0 0 0 0 0 0 0 0 0 0 0 0 0 ;
0 0 0 0 0 0 0 0 0 134 0 0 0 0 0 0 0 0 0 0 0 0 0 0 0 0 0 0 0 0 0 0 0 0 0 0 0 0 0 0 ;
0 0 0 0 0 0 107 190 0 0 0 0 0 0 0 0 0 0 0 0 0 0 0 0 0 0 0 0 0 0 0 0 0 0 0 0 0 0 0 0 ;
0 31 35 103 0 0 0 0 0 0 0 0 0 0 0 0 0 0 0 0 0 0 0 0 0 0 0 0 0 0 0 0 0 0 0 0 0 0 0 0 ;
133 0 0 150 0 0 113 0 0 0 0 155 0 0 0 0 0 0 0 0 0 0 0 0 0 0 0 0 0 0 0 0 0 0 0 0 0 0 0 0 ;
59 0 0 69 0 0 0 0 0 15 0 0 0 0 0 0 0 0 0 0 0 0 0 0 0 0 0 0 0 0 0 0 0 0 0 0 0 0 0 0 ;
0 0 0 0 0 0 161 0 97 0 0 0 0 0 90 0 0 0 0 0 0 0 0 0 0 0 0 0 0 0 0 0 0 0 0 0 0 0 0 0 ;
0 0 0 0 0 0 0 0 0 0 0 109 0 0 0 0 0 0 0 0 0 0 0 0 0 0 0 0 0 0 0 0 0 0 0 0 0 0 0 0 ;
0 109 0 0 0 0 0 0 182 0 0 0 0 0 0 0 0 0 0 0 0 0 0 0 0 0 0 0 0 0 0 0 0 0 0 0 0 0 0 0 ;
15 0 0 69 0 0 82 34 97 0 0 0 0 15 0 0 0 0 0 0 0 0 0 0 0 0 0 0 0 0 0 0 0 0 0 0 0 0 0 0 ;
0 0 0 0 0 0 0 0 0 140 0 93 0 0 49 0 0 0 0 0 0 0 0 0 0 0 0 0 0 0 0 0 0 0 0 0 0 0 0 0 ;
34 171 0 0 0 0 0 0 0 94 0 0 0 0 0 0 0 0 0 0 0 0 0 0 0 0 0 0 0 0 0 0 0 0 0 0 0 0 0 0 ;
0 43 0 0 0 0 0 133 0 0 156 118 0 0 0 0 0 124 0 0 0 0 0 0 0 0 0 0 0 0 0 0 0 0 0 0 0 0 0 0 ;
0 0 0 0 0 2 0 46 0 0 171 0 0 0 0 0 0 0 1 0 0 49 0 0 0 0 0 0 0 0 0 0 0 0 0 0 0 0 0 0 ;
0 0 0 0 0 0 0 0 10 0 148 173 49 0 0 185 74 0 0 0 58 0 0 0 0 0 0 0 0 0 0 0 0 0 0 0 0 0 0 0 ;
0 168 37 0 0 57 0 0 110 0 0 10 116 114 0 0 115 0 0 0 0 134 0 0 0 0 0 0 0 0 0 0 0 0 0 0 0 0 0 0 ;
0 0 0 0 157 0 0 0 0 0 0 0 0 13 0 0 0 0 0 0 0 0 0 190 0 0 0 0 0 0 0 0 0 0 0 0 0 0 0 0 ;
0 192 0 0 20 162 0 0 0 0 0 0 162 6 196 0 0 0 0 0 0 0 12 0 0 0 0 0 0 0 0 0 0 0 0 0 0 0 0 0 ;
0 0 0 39 111 0 0 0 0 0 142 0 0 0 185 103 0 0 61 0 0 200 0 0 0 23 0 0 0 0 0 0 0 0 0 0 0 0 0 0 ;
0 0 0 0 0 0 0 0 0 0 187 137 0 0 0 87 0 109 0 0 0 0 0 0 0 0 0 0 0 0 0 0 0 0 0 0 0 0 0 0 ;
0 139 0 119 0 0 0 24 0 0 0 0 184 0 139 0 0 0 0 148 0 0 0 0 0 77 0 0 0 0 0 0 0 0 0 0 0 0 0 0 ;
0 34 0 0 0 0 0 81 0 79 0 37 115 127 0 0 0 0 74 0 0 75 0 0 0 0 174 0 0 25 0 0 0 0 0 0 0 0 0 0 ;
0 0 0 0 132 0 0 0 0 0 0 167 0 48 158 0 0 175 0 0 0 0 0 0 0 0 0 0 0 0 0 0 0 0 0 0 0 0 0 0 ;
0 0 0 132 0 71 0 0 0 83 0 111 38 0 0 0 38 146 59 0 0 0 148 47 143 149 144 158 0 0 0 138 0 0 0 0 0 0 0 0 ;
0 199 0 4 0 0 0 0 0 0 1 5 0 44 40 0 0 0 0 0 128 191 0 0 0 0 0 0 0 158 0 0 0 0 0 0 0 0 0 0 ;
0 0 0 0 0 0 0 63 0 83 0 0 0 0 0 0 7 0 111 114 0 23 0 0 0 0 186 169 0 0 0 0 0 0 0 0 0 0 0 0 ;
0 0 38 0 0 0 0 26 0 17 0 0 0 0 0 20 0 118 0 0 0 173 0 0 178 0 0 0 0 101 0 0 0 0 0 0 0 0 0 0 ;
0 187 0 48 0 0 0 0 0 1 0 0 12 0 0 0 0 0 118 0 97 81 0 197 0 65 141 0 0 10 0 0 0 0 0 0 0 0 0 0 ;
0 0 55 0 0 178 180 0 0 23 0 0 41 0 192 0 0 0 0 0 0 0 0 0 39 0 0 0 0 0 0 0 0 100 35 155 75 0 0 0 ;
0 0 43 0 114 0 0 0 0 0 89 0 34 0 0 0 139 0 0 107 0 0 0 0 0 0 0 0 0 0 0 0 0 0 0 0 0 0 0 0 ;
0 0 0 0 0 0 0 0 0 0 0 0 0 80 0 0 0 0 0 0 156 165 0 0 0 139 0 0 0 165 0 0 126 39 0 0 0 0 113 0 ;
0 0 0 108 0 89 183 0 0 0 0 121 189 0 0 0 143 4 0 0 0 0 0 0 0 0 0 177 0 0 0 48 0 11 167 0 0 0 0 0 ]
w=[21, 95, 88, 89, 26, 23, 10, 3, 8, 1, 75, 41, 96, 10, 42, 97, 31, 26, 6, 78, 83, 26, 21, 48, 97, 46, 51, 13, 41, 22, 97, 49, 4, 96, 91, 14, 47, 95, 95, 26]
W=78 
k=7 
inst_name = "QKP_40_200_25" 
feasible = true 
Q2=[200 0 0 0 0 0 0 0 0 0 0 0 0 0 0 0 0 0 0 0 0 0 0 0 0 0 0 0 0 0 0 0 0 0 0 0 0 0 0 0; 200 200 0 0 0 0 0 0 0 0 0 0 0 0 0 0 0 0 0 0 0 0 0 0 0 0 0 0 0 0 0 0 0 0 0 0 0 0 0 0; 8 13 172 0 0 0 0 0 0 0 0 0 0 0 0 0 0 0 0 0 0 0 0 0 0 0 0 0 0 0 0 0 0 0 0 0 0 0 0 0; 200 59 200 200 0 0 0 0 0 0 0 0 0 0 0 0 0 0 0 0 0 0 0 0 0 0 0 0 0 0 0 0 0 0 0 0 0 0 0 0; 200 200 200 200 200 0 0 0 0 0 0 0 0 0 0 0 0 0 0 0 0 0 0 0 0 0 0 0 0 0 0 0 0 0 0 0 0 0 0 0; 200 200 200 57 200 200 0 0 0 0 0 0 0 0 0 0 0 0 0 0 0 0 0 0 0 0 0 0 0 0 0 0 0 0 0 0 0 0 0 0; 200 200 200 200 200 200 187 0 0 0 0 0 0 0 0 0 0 0 0 0 0 0 0 0 0 0 0 0 0 0 0 0 0 0 0 0 0 0 0 0; 200 200 90 195 200 139 200 200 0 0 0 0 0 0 0 0 0 0 0 0 0 0 0 0 0 0 0 0 0 0 0 0 0 0 0 0 0 0 0 0; 200 200 200 200 184 200 200 152 200 0 0 0 0 0 0 0 0 0 0 0 0 0 0 0 0 0 0 0 0 0 0 0 0 0 0 0 0 0 0 0; 200 200 200 200 200 200 200 200 200 17 0 0 0 0 0 0 0 0 0 0 0 0 0 0 0 0 0 0 0 0 0 0 0 0 0 0 0 0 0 0; 200 200 200 200 200 200 49 4 200 200 200 0 0 0 0 0 0 0 0 0 0 0 0 0 0 0 0 0 0 0 0 0 0 0 0 0 0 0 0 0; 200 192 182 55 200 200 200 200 200 200 200 200 0 0 0 0 0 0 0 0 0 0 0 0 0 0 0 0 0 0 0 0 0 0 0 0 0 0 0 0; 3 200 200 23 200 200 39 200 200 200 200 21 200 0 0 0 0 0 0 0 0 0 0 0 0 0 0 0 0 0 0 0 0 0 0 0 0 0 0 0; 163 200 200 160 200 200 200 200 200 196 200 200 200 200 0 0 0 0 0 0 0 0 0 0 0 0 0 0 0 0 0 0 0 0 0 0 0 0 0 0; 200 200 200 200 200 200 24 200 130 200 200 200 200 200 181 0 0 0 0 0 0 0 0 0 0 0 0 0 0 0 0 0 0 0 0 0 0 0 0 0; 200 200 200 200 200 200 200 200 200 200 200 9 200 200 200 200 0 0 0 0 0 0 0 0 0 0 0 0 0 0 0 0 0 0 0 0 0 0 0 0; 200 21 200 200 200 200 200 200 11 200 200 200 200 200 200 200 200 0 0 0 0 0 0 0 0 0 0 0 0 0 0 0 0 0 0 0 0 0 0 0; 192 200 200 152 200 200 134 195 133 200 200 200 200 187 200 200 200 200 0 0 0 0 0 0 0 0 0 0 0 0 0 0 0 0 0 0 0 0 0 0; 200 200 200 200 200 200 200 200 200 14 200 109 200 200 192 200 200 200 200 0 0 0 0 0 0 0 0 0 0 0 0 0 0 0 0 0 0 0 0 0; 200 28 200 200 200 200 200 200 200 183 200 200 200 200 200 200 200 200 200 200 0 0 0 0 0 0 0 0 0 0 0 0 0 0 0 0 0 0 0 0; 200 190 200 200 200 200 200 58 200 200 26 31 200 200 200 200 200 69 200 200 200 0 0 0 0 0 0 0 0 0 0 0 0 0 0 0 0 0 0 0; 200 200 200 200 200 200 200 181 200 200 17 200 200 200 200 200 200 200 200 200 200 192 0 0 0 0 0 0 0 0 0 0 0 0 0 0 0 0 0 0; 200 200 200 200 200 200 200 200 197 200 52 11 156 200 200 0 171 200 200 200 199 200 200 0 0 0 0 0 0 0 0 0 0 0 0 0 0 0 0 0; 200 28 195 200 200 162 200 200 13 200 200 190 21 15 200 200 61 200 200 200 200 51 200 200 0 0 0 0 0 0 0 0 0 0 0 0 0 0 0 0; 200 200 200 200 25 200 200 200 200 200 200 200 200 189 200 200 200 200 200 200 200 200 200 7 200 0 0 0 0 0 0 0 0 0 0 0 0 0 0 0; 200 5 200 200 181 2 200 200 200 200 200 200 12 200 2 200 200 200 200 200 200 200 195 200 200 200 0 0 0 0 0 0 0 0 0 0 0 0 0 0; 200 200 200 194 27 200 200 200 200 200 43 200 200 200 15 19 200 200 174 200 200 0 200 200 200 189 200 0 0 0 0 0 0 0 0 0 0 0 0 0; 200 200 200 200 200 200 200 200 200 200 2 30 200 200 200 131 200 15 200 200 200 200 200 200 200 200 200 200 0 0 0 0 0 0 0 0 0 0 0 0; 200 46 200 14 200 200 200 196 200 200 200 200 5 200 37 200 200 200 200 29 200 200 200 200 200 188 200 200 200 0 0 0 0 0 0 0 0 0 0 0; 200 199 200 200 200 200 200 174 200 196 200 177 38 5 200 200 200 200 194 200 200 175 200 200 200 200 6 200 200 192 0 0 0 0 0 0 0 0 0 0; 200 200 200 200 44 200 200 200 200 200 200 22 200 155 7 200 200 3 200 200 200 200 200 200 200 200 200 200 200 200 200 0 0 0 0 0 0 0 0 0; 200 200 200 64 200 199 200 200 200 182 200 64 174 200 200 200 182 25 163 200 200 200 40 165 51 42 42 34 200 200 200 25 0 0 0 0 0 0 0 0; 200 0 200 196 200 200 200 200 200 200 199 200 200 197 172 200 200 200 200 200 2 5 200 200 200 200 200 200 200 28 200 200 200 0 0 0 0 0 0 0; 200 200 200 200 200 200 200 195 200 122 200 200 200 200 200 200 197 200 82 7 200 199 200 200 200 200 1 1 200 200 200 200 200 200 0 0 0 0 0 0; 200 200 174 200 200 200 200 195 200 191 200 200 200 200 200 185 200 5 200 200 200 22 200 200 12 200 200 200 200 61 200 200 200 200 200 0 0 0 0 0; 200 0 200 182 200 200 200 200 200 199 200 200 192 200 200 200 200 200 11 200 162 178 200 3 200 183 52 200 200 197 200 200 200 200 200 200 0 0 0 0; 200 200 198 200 200 7 16 200 200 195 200 200 194 200 8 200 200 200 200 200 200 200 200 200 171 200 200 200 200 200 200 200 200 1 189 31 127 0 0 0; 200 200 169 200 9 200 200 200 200 200 155 200 182 200 200 200 60 200 200 19 200 200 200 200 200 200 200 200 200 200 200 200 200 200 200 200 200 200 0 0; 200 200 200 200 200 200 200 200 200 200 200 200 200 129 200 200 200 200 200 200 7 11 200 200 200 16 200 200 200 27 200 200 26 168 200 200 200 200 76 0; 200 200 200 14 200 193 15 200 200 200 200 19 6 200 200 200 35 199 200 200 200 200 200 200 200 200 200 6 200 200 200 172 200 190 11 200 200 200 200 200]
