n=50
density=75
Q1=[110 0 0 0 0 0 0 0 0 0 0 0 0 0 0 0 0 0 0 0 0 0 0 0 0 0 0 0 0 0 0 0 0 0 0 0 0 0 0 0 0 0 0 0 0 0 0 0 0 0 ;
72 21 0 0 0 0 0 0 0 0 0 0 0 0 0 0 0 0 0 0 0 0 0 0 0 0 0 0 0 0 0 0 0 0 0 0 0 0 0 0 0 0 0 0 0 0 0 0 0 0 ;
145 181 41 0 0 0 0 0 0 0 0 0 0 0 0 0 0 0 0 0 0 0 0 0 0 0 0 0 0 0 0 0 0 0 0 0 0 0 0 0 0 0 0 0 0 0 0 0 0 0 ;
91 0 0 113 0 0 0 0 0 0 0 0 0 0 0 0 0 0 0 0 0 0 0 0 0 0 0 0 0 0 0 0 0 0 0 0 0 0 0 0 0 0 0 0 0 0 0 0 0 0 ;
71 115 150 0 174 0 0 0 0 0 0 0 0 0 0 0 0 0 0 0 0 0 0 0 0 0 0 0 0 0 0 0 0 0 0 0 0 0 0 0 0 0 0 0 0 0 0 0 0 0 ;
158 102 66 13 137 163 0 0 0 0 0 0 0 0 0 0 0 0 0 0 0 0 0 0 0 0 0 0 0 0 0 0 0 0 0 0 0 0 0 0 0 0 0 0 0 0 0 0 0 0 ;
40 122 138 56 57 91 0 0 0 0 0 0 0 0 0 0 0 0 0 0 0 0 0 0 0 0 0 0 0 0 0 0 0 0 0 0 0 0 0 0 0 0 0 0 0 0 0 0 0 0 ;
15 133 0 0 0 0 0 0 0 0 0 0 0 0 0 0 0 0 0 0 0 0 0 0 0 0 0 0 0 0 0 0 0 0 0 0 0 0 0 0 0 0 0 0 0 0 0 0 0 0 ;
137 0 62 0 0 104 149 0 169 0 0 0 0 0 0 0 0 0 0 0 0 0 0 0 0 0 0 0 0 0 0 0 0 0 0 0 0 0 0 0 0 0 0 0 0 0 0 0 0 0 ;
39 197 0 103 60 152 52 109 71 0 0 0 0 0 0 0 0 0 0 0 0 0 0 0 0 0 0 0 0 0 0 0 0 0 0 0 0 0 0 0 0 0 0 0 0 0 0 0 0 0 ;
99 9 0 0 0 39 108 170 196 34 92 0 0 0 0 0 0 0 0 0 0 0 0 0 0 0 0 0 0 0 0 0 0 0 0 0 0 0 0 0 0 0 0 0 0 0 0 0 0 0 ;
169 137 0 182 10 200 82 195 115 159 84 89 0 0 0 0 0 0 0 0 0 0 0 0 0 0 0 0 0 0 0 0 0 0 0 0 0 0 0 0 0 0 0 0 0 0 0 0 0 0 ;
0 90 16 61 70 36 0 0 0 162 61 118 57 0 0 0 0 0 0 0 0 0 0 0 0 0 0 0 0 0 0 0 0 0 0 0 0 0 0 0 0 0 0 0 0 0 0 0 0 0 ;
117 0 195 196 90 34 0 194 0 136 148 0 0 0 0 0 0 0 0 0 0 0 0 0 0 0 0 0 0 0 0 0 0 0 0 0 0 0 0 0 0 0 0 0 0 0 0 0 0 0 ;
0 42 0 16 28 145 2 33 71 167 78 164 46 0 0 0 0 0 0 0 0 0 0 0 0 0 0 0 0 0 0 0 0 0 0 0 0 0 0 0 0 0 0 0 0 0 0 0 0 0 ;
193 0 57 163 0 12 0 187 0 167 94 0 149 114 54 107 0 0 0 0 0 0 0 0 0 0 0 0 0 0 0 0 0 0 0 0 0 0 0 0 0 0 0 0 0 0 0 0 0 0 ;
176 153 197 200 37 167 51 12 162 198 88 39 44 131 118 0 194 0 0 0 0 0 0 0 0 0 0 0 0 0 0 0 0 0 0 0 0 0 0 0 0 0 0 0 0 0 0 0 0 0 ;
0 65 19 152 194 193 0 142 76 171 0 38 175 167 172 12 9 0 0 0 0 0 0 0 0 0 0 0 0 0 0 0 0 0 0 0 0 0 0 0 0 0 0 0 0 0 0 0 0 0 ;
179 69 150 113 190 157 0 100 0 55 176 58 1 10 102 0 39 60 4 0 0 0 0 0 0 0 0 0 0 0 0 0 0 0 0 0 0 0 0 0 0 0 0 0 0 0 0 0 0 0 ;
191 110 166 8 75 45 73 61 49 25 0 187 189 19 192 0 23 0 2 183 0 0 0 0 0 0 0 0 0 0 0 0 0 0 0 0 0 0 0 0 0 0 0 0 0 0 0 0 0 0 ;
105 76 16 0 119 124 14 100 88 0 78 156 11 47 94 87 61 53 81 153 151 0 0 0 0 0 0 0 0 0 0 0 0 0 0 0 0 0 0 0 0 0 0 0 0 0 0 0 0 0 ;
34 173 87 124 87 70 0 0 45 121 125 89 0 125 44 84 140 0 0 54 0 143 0 0 0 0 0 0 0 0 0 0 0 0 0 0 0 0 0 0 0 0 0 0 0 0 0 0 0 0 ;
180 142 0 90 0 194 125 0 15 85 136 160 71 0 139 0 0 69 76 0 42 43 169 0 0 0 0 0 0 0 0 0 0 0 0 0 0 0 0 0 0 0 0 0 0 0 0 0 0 0 ;
0 54 0 168 78 0 161 0 186 163 185 180 182 0 9 114 65 129 0 0 173 0 200 129 0 0 0 0 0 0 0 0 0 0 0 0 0 0 0 0 0 0 0 0 0 0 0 0 0 0 ;
84 200 174 46 0 143 47 91 71 42 176 20 72 27 98 130 83 1 33 25 178 66 178 173 47 0 0 0 0 0 0 0 0 0 0 0 0 0 0 0 0 0 0 0 0 0 0 0 0 0 ;
12 3 135 45 189 109 19 105 145 15 0 45 0 147 55 0 0 114 0 70 153 7 178 57 137 84 0 0 0 0 0 0 0 0 0 0 0 0 0 0 0 0 0 0 0 0 0 0 0 0 ;
0 120 13 199 17 139 0 0 55 112 42 0 165 0 187 0 198 137 0 0 20 0 167 75 84 105 39 0 0 0 0 0 0 0 0 0 0 0 0 0 0 0 0 0 0 0 0 0 0 0 ;
87 165 162 0 153 193 13 186 172 95 113 71 166 111 42 99 14 0 33 150 0 181 0 160 165 127 117 0 0 0 0 0 0 0 0 0 0 0 0 0 0 0 0 0 0 0 0 0 0 0 ;
178 43 0 167 0 0 76 0 132 0 159 0 81 133 0 134 0 180 0 100 35 0 83 172 148 182 0 117 62 0 0 0 0 0 0 0 0 0 0 0 0 0 0 0 0 0 0 0 0 0 ;
24 115 126 0 160 131 148 141 104 103 0 32 188 92 41 162 38 0 150 0 0 121 92 81 0 127 36 11 145 70 0 0 0 0 0 0 0 0 0 0 0 0 0 0 0 0 0 0 0 0 ;
6 0 61 40 99 140 27 151 34 8 2 139 109 63 0 40 0 0 195 165 20 85 0 82 0 97 0 184 0 0 0 0 0 0 0 0 0 0 0 0 0 0 0 0 0 0 0 0 0 0 ;
14 61 0 98 120 44 0 0 64 31 172 146 87 78 0 59 132 199 4 175 198 112 52 61 197 197 56 198 138 40 0 0 0 0 0 0 0 0 0 0 0 0 0 0 0 0 0 0 0 0 ;
0 45 31 199 71 0 29 0 7 182 128 0 90 29 106 163 0 169 114 134 116 180 146 0 142 0 89 55 188 0 52 0 24 0 0 0 0 0 0 0 0 0 0 0 0 0 0 0 0 0 ;
98 40 89 30 196 0 88 3 94 0 115 98 198 139 117 0 116 72 75 112 159 190 80 150 0 189 0 0 0 171 198 81 79 73 0 0 0 0 0 0 0 0 0 0 0 0 0 0 0 0 ;
3 0 119 0 169 0 94 72 0 154 150 0 0 0 0 73 0 99 147 0 68 0 0 75 34 0 41 0 54 147 0 12 121 78 137 0 0 0 0 0 0 0 0 0 0 0 0 0 0 0 ;
11 88 0 10 73 0 185 21 178 56 153 175 0 55 0 90 83 0 0 101 0 167 125 191 144 173 93 0 114 151 44 0 0 39 51 28 0 0 0 0 0 0 0 0 0 0 0 0 0 0 ;
0 7 0 41 12 41 0 150 127 162 197 131 136 0 95 9 38 168 0 0 0 128 104 164 0 0 164 96 195 198 0 0 13 49 66 66 94 0 0 0 0 0 0 0 0 0 0 0 0 0 ;
4 0 58 136 70 0 18 0 77 3 0 146 0 97 127 12 0 190 74 147 120 0 120 98 55 142 59 0 0 79 118 190 137 117 0 0 75 180 0 0 0 0 0 0 0 0 0 0 0 0 ;
105 104 65 140 178 145 0 163 127 4 0 71 165 78 170 112 59 0 0 163 73 7 60 155 3 186 0 189 93 0 0 0 84 15 0 48 116 0 75 0 0 0 0 0 0 0 0 0 0 0 ;
0 184 69 128 94 6 37 66 91 0 174 0 57 36 89 0 0 94 145 88 184 148 0 142 111 0 57 195 3 128 20 22 117 0 49 54 198 0 66 0 0 0 0 0 0 0 0 0 0 0 ;
184 0 197 142 0 65 82 13 0 0 83 77 193 0 72 132 48 200 177 159 111 0 75 73 179 0 0 69 64 108 104 121 134 149 90 114 0 70 51 58 2 0 0 0 0 0 0 0 0 0 ;
138 0 0 66 64 0 118 0 75 0 0 119 111 121 91 157 186 108 0 42 167 12 47 180 0 0 8 0 163 85 188 132 0 8 79 137 0 158 101 166 0 0 0 0 0 0 0 0 0 0 ;
144 140 0 85 148 116 0 195 92 121 87 0 197 110 0 176 31 60 40 0 195 0 76 148 112 185 130 57 16 33 0 0 97 150 0 18 174 65 30 190 15 124 0 0 0 0 0 0 0 0 ;
141 154 73 129 0 84 127 194 16 76 85 38 8 0 144 188 169 75 85 32 34 0 0 133 0 73 66 184 0 11 85 183 74 181 186 41 172 28 59 0 0 0 124 0 0 0 0 0 0 0 ;
0 164 175 141 57 0 0 0 186 36 123 69 76 73 153 0 117 77 80 153 136 0 0 0 42 67 158 0 46 136 148 0 29 97 23 109 195 0 0 37 0 71 198 7 24 0 0 0 0 0 ;
64 12 0 131 96 42 34 31 6 0 0 74 187 24 31 168 0 0 67 0 0 162 87 0 196 137 0 32 0 0 0 152 95 171 78 148 0 0 144 133 140 84 72 95 56 54 0 0 0 0 ;
0 0 164 38 115 107 97 200 15 121 13 48 0 74 64 0 147 11 47 170 151 24 0 192 178 64 101 0 153 0 156 114 170 0 24 147 0 0 17 0 0 144 0 52 52 198 147 0 0 0 ;
0 0 146 132 0 41 87 141 129 103 145 131 141 48 170 33 78 178 31 168 4 9 177 43 136 152 170 87 174 118 0 167 0 99 106 25 0 14 0 47 0 176 0 34 48 175 174 106 0 0 ;
0 155 0 38 191 94 81 62 11 42 149 50 105 69 25 119 181 9 150 0 190 87 178 133 33 0 71 0 111 88 178 195 92 0 0 0 0 87 0 57 198 0 1 104 97 112 0 62 0 0 ;
0 13 138 0 98 0 113 0 157 97 1 195 134 0 195 115 48 67 98 38 165 5 0 44 150 139 85 176 188 0 0 0 99 23 45 0 187 93 187 170 0 0 0 0 67 155 177 79 8 110 ]
w=[54, 40, 65, 51, 4, 94, 41, 39, 36, 2, 94, 5, 47, 65, 64, 59, 82, 89, 20, 4, 73, 39, 80, 20, 58, 15, 95, 68, 77, 17, 31, 57, 9, 3, 1, 72, 99, 30, 13, 63, 83, 20, 5, 10, 71, 52, 81, 89, 70, 70]
W=165 
k=6 
inst_name = "QKP_50_200_75" 
feasible = true 
Q2=[22 0 0 0 0 0 0 0 0 0 0 0 0 0 0 0 0 0 0 0 0 0 0 0 0 0 0 0 0 0 0 0 0 0 0 0 0 0 0 0 0 0 0 0 0 0 0 0 0 0; 157 187 0 0 0 0 0 0 0 0 0 0 0 0 0 0 0 0 0 0 0 0 0 0 0 0 0 0 0 0 0 0 0 0 0 0 0 0 0 0 0 0 0 0 0 0 0 0 0 0; 31 13 162 0 0 0 0 0 0 0 0 0 0 0 0 0 0 0 0 0 0 0 0 0 0 0 0 0 0 0 0 0 0 0 0 0 0 0 0 0 0 0 0 0 0 0 0 0 0 0; 193 200 200 19 0 0 0 0 0 0 0 0 0 0 0 0 0 0 0 0 0 0 0 0 0 0 0 0 0 0 0 0 0 0 0 0 0 0 0 0 0 0 0 0 0 0 0 0 0 0; 132 13 18 200 4 0 0 0 0 0 0 0 0 0 0 0 0 0 0 0 0 0 0 0 0 0 0 0 0 0 0 0 0 0 0 0 0 0 0 0 0 0 0 0 0 0 0 0 0 0; 27 28 143 199 22 16 0 0 0 0 0 0 0 0 0 0 0 0 0 0 0 0 0 0 0 0 0 0 0 0 0 0 0 0 0 0 0 0 0 0 0 0 0 0 0 0 0 0 0 0; 172 30 48 169 168 170 200 0 0 0 0 0 0 0 0 0 0 0 0 0 0 0 0 0 0 0 0 0 0 0 0 0 0 0 0 0 0 0 0 0 0 0 0 0 0 0 0 0 0 0; 189 18 200 200 200 200 200 200 0 0 0 0 0 0 0 0 0 0 0 0 0 0 0 0 0 0 0 0 0 0 0 0 0 0 0 0 0 0 0 0 0 0 0 0 0 0 0 0 0 0; 42 200 144 200 200 30 32 200 1 0 0 0 0 0 0 0 0 0 0 0 0 0 0 0 0 0 0 0 0 0 0 0 0 0 0 0 0 0 0 0 0 0 0 0 0 0 0 0 0 0; 173 3 200 44 166 13 186 13 135 200 0 0 0 0 0 0 0 0 0 0 0 0 0 0 0 0 0 0 0 0 0 0 0 0 0 0 0 0 0 0 0 0 0 0 0 0 0 0 0 0; 112 192 200 200 200 186 18 11 4 176 184 0 0 0 0 0 0 0 0 0 0 0 0 0 0 0 0 0 0 0 0 0 0 0 0 0 0 0 0 0 0 0 0 0 0 0 0 0 0 0; 11 61 200 4 197 0 158 4 6 36 163 197 0 0 0 0 0 0 0 0 0 0 0 0 0 0 0 0 0 0 0 0 0 0 0 0 0 0 0 0 0 0 0 0 0 0 0 0 0 0; 200 145 191 148 150 187 200 200 200 9 150 8 187 0 0 0 0 0 0 0 0 0 0 0 0 0 0 0 0 0 0 0 0 0 0 0 0 0 0 0 0 0 0 0 0 0 0 0 0 0; 65 200 0 2 161 198 200 4 200 19 50 200 200 200 0 0 0 0 0 0 0 0 0 0 0 0 0 0 0 0 0 0 0 0 0 0 0 0 0 0 0 0 0 0 0 0 0 0 0 0; 200 198 200 195 199 40 198 176 153 4 185 21 158 200 200 0 0 0 0 0 0 0 0 0 0 0 0 0 0 0 0 0 0 0 0 0 0 0 0 0 0 0 0 0 0 0 0 0 0 0; 6 200 182 36 200 200 200 10 200 3 130 200 34 21 162 3 0 0 0 0 0 0 0 0 0 0 0 0 0 0 0 0 0 0 0 0 0 0 0 0 0 0 0 0 0 0 0 0 0 0; 21 30 3 0 178 5 160 200 37 1 175 186 170 39 63 200 6 0 0 0 0 0 0 0 0 0 0 0 0 0 0 0 0 0 0 0 0 0 0 0 0 0 0 0 0 0 0 0 0 0; 200 192 194 6 1 0 200 9 152 2 200 195 17 30 20 191 195 200 0 0 0 0 0 0 0 0 0 0 0 0 0 0 0 0 0 0 0 0 0 0 0 0 0 0 0 0 0 0 0 0; 9 161 11 85 9 27 200 64 200 190 13 155 200 198 53 200 171 148 200 0 0 0 0 0 0 0 0 0 0 0 0 0 0 0 0 0 0 0 0 0 0 0 0 0 0 0 0 0 0 0; 3 80 21 197 158 187 172 200 169 180 200 6 1 200 5 200 178 200 199 5 0 0 0 0 0 0 0 0 0 0 0 0 0 0 0 0 0 0 0 0 0 0 0 0 0 0 0 0 0 0; 28 184 185 200 67 7 192 49 140 200 123 26 191 196 175 130 181 173 170 39 4 0 0 0 0 0 0 0 0 0 0 0 0 0 0 0 0 0 0 0 0 0 0 0 0 0 0 0 0 0; 174 25 143 61 128 175 200 200 159 21 9 111 200 3 162 120 44 200 200 152 200 4 0 0 0 0 0 0 0 0 0 0 0 0 0 0 0 0 0 0 0 0 0 0 0 0 0 0 0 0; 12 17 200 153 200 5 43 200 197 198 61 4 198 200 9 200 200 135 167 200 188 178 22 0 0 0 0 0 0 0 0 0 0 0 0 0 0 0 0 0 0 0 0 0 0 0 0 0 0 0; 200 153 200 1 153 200 36 200 9 10 5 18 11 200 200 24 162 32 200 200 7 200 0 41 0 0 0 0 0 0 0 0 0 0 0 0 0 0 0 0 0 0 0 0 0 0 0 0 0 0; 197 0 13 164 200 13 171 167 167 174 12 184 153 197 156 15 155 200 184 181 12 195 17 17 158 0 0 0 0 0 0 0 0 0 0 0 0 0 0 0 0 0 0 0 0 0 0 0 0 0; 191 198 6 191 5 40 199 5 38 200 200 196 200 39 173 200 200 74 200 182 11 194 12 191 3 167 0 0 0 0 0 0 0 0 0 0 0 0 0 0 0 0 0 0 0 0 0 0 0 0; 200 74 193 1 183 45 200 200 169 6 185 200 25 200 0 200 1 8 200 200 181 200 30 150 146 68 172 0 0 0 0 0 0 0 0 0 0 0 0 0 0 0 0 0 0 0 0 0 0 0; 122 34 0 200 2 0 192 12 14 199 71 176 16 8 175 157 186 200 178 9 200 10 200 37 12 53 35 200 0 0 0 0 0 0 0 0 0 0 0 0 0 0 0 0 0 0 0 0 0 0; 18 196 200 24 200 200 184 200 15 200 27 200 171 52 200 9 200 15 200 49 200 200 169 4 16 9 200 75 180 0 0 0 0 0 0 0 0 0 0 0 0 0 0 0 0 0 0 0 0 0; 190 15 49 200 5 5 4 44 58 72 200 183 8 130 172 28 188 200 11 200 200 21 188 139 200 28 190 199 45 199 0 0 0 0 0 0 0 0 0 0 0 0 0 0 0 0 0 0 0 0; 196 200 159 182 196 11 193 47 182 193 200 60 29 187 200 198 200 200 5 2 199 151 200 200 200 151 200 11 200 200 200 0 0 0 0 0 0 0 0 0 0 0 0 0 0 0 0 0 0 0; 189 141 200 119 57 191 200 200 182 177 13 33 148 128 200 163 45 0 197 7 0 39 179 150 2 0 168 0 35 170 200 200 0 0 0 0 0 0 0 0 0 0 0 0 0 0 0 0 0 0; 200 199 169 0 184 200 188 200 200 9 6 200 134 177 66 17 200 6 63 53 68 11 12 200 54 200 181 148 1 200 175 200 188 0 0 0 0 0 0 0 0 0 0 0 0 0 0 0 0 0; 115 186 153 186 4 200 176 197 119 200 71 185 1 22 70 200 76 146 151 46 13 7 172 16 200 8 200 200 200 29 1 167 175 157 0 0 0 0 0 0 0 0 0 0 0 0 0 0 0 0; 198 200 35 200 13 200 152 198 200 32 29 200 200 200 200 179 200 176 49 200 177 200 200 182 175 200 174 200 171 13 200 189 25 155 43 0 0 0 0 0 0 0 0 0 0 0 0 0 0 0; 199 194 200 190 128 200 11 183 4 181 3 1 200 197 200 164 151 200 200 53 200 15 66 2 35 3 174 200 46 18 192 200 200 190 155 183 0 0 0 0 0 0 0 0 0 0 0 0 0 0; 200 199 200 197 200 171 200 11 70 3 0 50 59 200 191 191 180 21 200 200 200 51 25 3 200 200 0 154 0 2 200 200 199 180 186 189 151 0 0 0 0 0 0 0 0 0 0 0 0 0; 198 200 199 8 138 200 182 200 144 200 200 8 200 118 70 193 200 10 130 52 13 200 16 175 186 10 171 200 200 134 42 4 27 47 200 200 144 1 0 0 0 0 0 0 0 0 0 0 0 0; 17 51 183 6 7 45 200 19 10 200 200 138 17 145 27 66 149 200 200 15 168 200 152 19 200 0 200 8 128 200 200 200 159 196 200 173 1 200 132 0 0 0 0 0 0 0 0 0 0 0; 200 4 174 11 153 197 171 175 131 200 9 200 195 174 175 200 200 137 53 194 14 6 200 58 88 200 179 3 200 43 180 191 75 200 157 161 1 200 192 200 0 0 0 0 0 0 0 0 0 0; 14 200 2 19 200 188 181 200 200 200 162 146 7 200 196 54 176 0 13 6 86 200 130 155 2 200 200 191 140 9 41 15 11 26 164 70 200 137 186 191 200 0 0 0 0 0 0 0 0 0; 23 200 200 182 194 200 54 200 145 200 200 47 27 33 189 2 13 14 200 172 21 199 184 19 200 200 195 200 21 190 12 30 200 195 196 52 200 17 2 20 200 200 0 0 0 0 0 0 0 0; 1 30 200 140 31 55 200 5 146 37 177 200 0 64 200 17 199 165 181 200 2 200 190 34 45 9 59 190 184 195 200 200 147 2 200 186 13 198 187 5 196 23 200 0 0 0 0 0 0 0; 27 26 193 43 200 193 25 4 196 130 190 166 200 200 23 1 0 192 165 194 199 200 200 23 200 152 188 1 200 191 142 17 177 16 9 186 6 193 164 200 200 200 42 200 0 0 0 0 0 0; 200 22 0 12 197 200 200 200 2 168 26 191 155 167 4 200 17 185 176 2 32 200 200 200 186 191 12 200 171 55 39 200 180 151 184 48 4 200 200 188 200 162 0 194 194 0 0 0 0 0; 152 192 200 7 105 169 199 188 198 200 200 136 7 187 170 21 200 200 146 200 200 8 119 200 4 15 200 173 200 200 200 32 124 6 165 38 200 200 24 40 58 196 177 154 158 174 0 0 0 0; 200 200 20 176 73 35 161 0 197 7 200 171 200 149 185 200 49 199 194 12 28 191 200 3 8 196 81 200 43 200 26 39 5 200 195 48 200 200 198 200 200 29 200 197 170 0 43 0 0 0; 200 200 35 43 200 181 191 21 15 12 30 8 57 174 9 189 183 0 172 5 199 193 4 157 32 17 0 164 6 13 200 27 200 125 83 197 200 190 200 197 200 20 200 200 189 14 24 3 0 0; 200 6 200 188 5 170 153 168 197 188 16 150 15 195 195 21 19 200 40 200 6 179 19 47 170 200 158 200 6 183 7 5 133 200 200 200 200 122 200 183 1 200 200 29 147 81 200 179 200 0; 200 192 51 200 141 200 31 200 10 120 199 2 18 200 0 26 180 158 200 197 14 200 200 172 4 59 152 18 5 200 200 200 146 198 197 200 1 196 0 9 200 200 200 200 186 37 6 124 198 42]
