n=35
density=50
Q1=[0 0 0 0 0 0 0 0 0 0 0 0 0 0 0 0 0 0 0 0 0 0 0 0 0 0 0 0 0 0 0 0 0 0 0 ;
0 55 0 0 0 0 0 0 0 0 0 0 0 0 0 0 0 0 0 0 0 0 0 0 0 0 0 0 0 0 0 0 0 0 0 ;
101 0 127 0 0 0 0 0 0 0 0 0 0 0 0 0 0 0 0 0 0 0 0 0 0 0 0 0 0 0 0 0 0 0 0 ;
0 0 189 160 0 0 0 0 0 0 0 0 0 0 0 0 0 0 0 0 0 0 0 0 0 0 0 0 0 0 0 0 0 0 0 ;
0 48 0 97 0 0 0 0 0 0 0 0 0 0 0 0 0 0 0 0 0 0 0 0 0 0 0 0 0 0 0 0 0 0 0 ;
0 200 0 130 0 0 0 0 0 0 0 0 0 0 0 0 0 0 0 0 0 0 0 0 0 0 0 0 0 0 0 0 0 0 0 ;
0 0 179 0 0 0 193 0 0 0 0 0 0 0 0 0 0 0 0 0 0 0 0 0 0 0 0 0 0 0 0 0 0 0 0 ;
0 0 0 0 16 193 0 3 0 0 0 0 0 0 0 0 0 0 0 0 0 0 0 0 0 0 0 0 0 0 0 0 0 0 0 ;
0 167 17 0 0 42 0 0 54 0 0 0 0 0 0 0 0 0 0 0 0 0 0 0 0 0 0 0 0 0 0 0 0 0 0 ;
0 194 161 0 0 0 0 0 0 0 0 0 0 0 0 0 0 0 0 0 0 0 0 0 0 0 0 0 0 0 0 0 0 0 0 ;
0 84 188 20 14 94 0 149 196 0 76 0 0 0 0 0 0 0 0 0 0 0 0 0 0 0 0 0 0 0 0 0 0 0 0 ;
193 0 189 0 0 0 128 121 0 0 74 184 0 0 0 0 0 0 0 0 0 0 0 0 0 0 0 0 0 0 0 0 0 0 0 ;
0 0 23 20 0 0 26 103 134 0 179 0 0 0 0 0 0 0 0 0 0 0 0 0 0 0 0 0 0 0 0 0 0 0 0 ;
18 0 157 0 0 0 55 46 193 0 0 164 55 159 0 0 0 0 0 0 0 0 0 0 0 0 0 0 0 0 0 0 0 0 0 ;
99 0 0 109 65 0 93 0 0 59 0 0 59 182 141 0 0 0 0 0 0 0 0 0 0 0 0 0 0 0 0 0 0 0 0 ;
102 0 169 0 193 0 0 0 0 0 0 173 0 72 100 0 0 0 0 0 0 0 0 0 0 0 0 0 0 0 0 0 0 0 0 ;
0 0 47 0 0 83 7 0 0 0 0 23 0 124 0 6 0 0 0 0 0 0 0 0 0 0 0 0 0 0 0 0 0 0 0 ;
0 0 0 0 64 167 0 106 0 198 0 0 83 0 0 0 191 0 0 0 0 0 0 0 0 0 0 0 0 0 0 0 0 0 0 ;
0 0 77 0 0 0 0 198 64 0 128 0 0 0 0 0 0 171 97 0 0 0 0 0 0 0 0 0 0 0 0 0 0 0 0 ;
0 40 10 0 0 0 0 128 0 94 119 25 135 0 185 0 44 0 37 0 0 0 0 0 0 0 0 0 0 0 0 0 0 0 0 ;
0 0 0 107 147 0 18 0 120 21 0 91 118 0 75 0 0 0 0 0 144 0 0 0 0 0 0 0 0 0 0 0 0 0 0 ;
91 198 155 73 64 194 0 178 0 118 82 0 0 0 0 197 62 199 0 61 0 157 0 0 0 0 0 0 0 0 0 0 0 0 0 ;
0 151 0 0 67 140 0 0 0 25 0 108 0 175 0 2 117 0 0 196 138 65 0 0 0 0 0 0 0 0 0 0 0 0 0 ;
0 26 198 0 0 180 84 158 161 0 159 0 100 77 0 0 78 0 64 98 0 126 170 0 0 0 0 0 0 0 0 0 0 0 0 ;
0 74 0 0 94 181 0 0 98 154 0 136 6 0 46 192 7 0 147 157 0 113 0 83 85 0 0 0 0 0 0 0 0 0 0 ;
34 151 112 0 26 0 0 165 0 126 64 0 135 93 0 0 0 0 116 0 0 124 0 0 0 0 0 0 0 0 0 0 0 0 0 ;
0 182 181 118 67 0 0 195 0 0 0 129 78 175 200 16 0 180 0 0 0 102 0 28 151 68 120 0 0 0 0 0 0 0 0 ;
0 0 120 0 0 123 95 79 0 0 0 0 0 0 115 170 0 0 57 132 30 0 190 57 9 0 0 11 0 0 0 0 0 0 0 ;
0 0 23 186 78 195 0 172 19 174 0 27 0 0 0 46 23 0 0 170 129 0 0 157 97 0 87 0 11 0 0 0 0 0 0 ;
0 84 55 171 0 0 0 0 0 17 165 0 0 0 80 0 14 64 49 1 0 0 0 0 185 0 0 88 0 0 0 0 0 0 0 ;
0 43 15 0 55 0 0 68 0 0 0 0 28 10 0 44 101 115 141 155 137 6 40 0 0 0 149 0 0 0 0 0 0 0 0 ;
17 0 0 196 0 179 14 0 0 0 169 196 102 0 48 99 0 0 170 175 0 0 21 0 0 19 150 77 0 0 38 0 0 0 0 ;
137 6 0 0 189 149 0 0 0 2 0 0 0 35 18 0 173 0 128 0 0 156 7 36 22 0 0 43 0 0 96 15 0 0 0 ;
0 0 0 0 51 0 0 104 169 113 154 133 110 0 117 0 0 0 158 0 194 150 0 130 53 177 62 0 152 131 55 52 0 0 0 ;
0 135 2 0 15 81 0 173 191 139 0 189 113 0 141 0 0 3 57 5 8 120 193 90 156 0 0 36 36 99 38 194 167 0 0 ]
w=[47, 13, 38, 31, 1, 39, 53, 75, 18, 23, 58, 99, 28, 31, 22, 15, 43, 82, 34, 82, 24, 57, 37, 33, 92, 13, 57, 59, 52, 71, 40, 69, 44, 69, 65]
W=175 
k=6 
inst_name = "QKP_35_200_50" 
feasible = true 
Q2=[200 0 0 0 0 0 0 0 0 0 0 0 0 0 0 0 0 0 0 0 0 0 0 0 0 0 0 0 0 0 0 0 0 0 0; 200 161 0 0 0 0 0 0 0 0 0 0 0 0 0 0 0 0 0 0 0 0 0 0 0 0 0 0 0 0 0 0 0 0 0; 46 200 69 0 0 0 0 0 0 0 0 0 0 0 0 0 0 0 0 0 0 0 0 0 0 0 0 0 0 0 0 0 0 0 0; 200 200 4 20 0 0 0 0 0 0 0 0 0 0 0 0 0 0 0 0 0 0 0 0 0 0 0 0 0 0 0 0 0 0 0; 200 155 200 163 200 0 0 0 0 0 0 0 0 0 0 0 0 0 0 0 0 0 0 0 0 0 0 0 0 0 0 0 0 0 0; 200 0 200 25 200 200 0 0 0 0 0 0 0 0 0 0 0 0 0 0 0 0 0 0 0 0 0 0 0 0 0 0 0 0 0; 200 200 5 200 200 200 1 0 0 0 0 0 0 0 0 0 0 0 0 0 0 0 0 0 0 0 0 0 0 0 0 0 0 0 0; 200 200 200 200 189 3 200 199 0 0 0 0 0 0 0 0 0 0 0 0 0 0 0 0 0 0 0 0 0 0 0 0 0 0 0; 200 16 198 200 200 163 200 200 177 0 0 0 0 0 0 0 0 0 0 0 0 0 0 0 0 0 0 0 0 0 0 0 0 0 0; 200 5 32 200 200 200 200 200 200 200 0 0 0 0 0 0 0 0 0 0 0 0 0 0 0 0 0 0 0 0 0 0 0 0 0; 200 162 7 193 191 133 200 42 1 200 178 0 0 0 0 0 0 0 0 0 0 0 0 0 0 0 0 0 0 0 0 0 0 0 0; 2 200 1 200 200 200 4 42 200 200 166 9 0 0 0 0 0 0 0 0 0 0 0 0 0 0 0 0 0 0 0 0 0 0 0; 200 200 190 200 200 200 195 17 65 200 18 200 200 0 0 0 0 0 0 0 0 0 0 0 0 0 0 0 0 0 0 0 0 0 0; 194 200 14 200 200 200 166 180 6 200 200 32 169 29 0 0 0 0 0 0 0 0 0 0 0 0 0 0 0 0 0 0 0 0 0; 171 200 200 91 138 200 163 200 200 156 200 200 141 13 28 0 0 0 0 0 0 0 0 0 0 0 0 0 0 0 0 0 0 0 0; 91 200 22 200 0 200 200 200 200 200 200 18 200 187 23 200 0 0 0 0 0 0 0 0 0 0 0 0 0 0 0 0 0 0 0; 200 200 172 200 200 190 200 200 200 200 200 183 200 12 200 194 200 0 0 0 0 0 0 0 0 0 0 0 0 0 0 0 0 0 0; 200 200 200 200 175 19 200 16 200 1 200 200 133 200 200 200 1 200 0 0 0 0 0 0 0 0 0 0 0 0 0 0 0 0 0; 200 200 188 200 200 200 200 0 190 200 3 200 200 200 200 200 200 7 181 0 0 0 0 0 0 0 0 0 0 0 0 0 0 0 0; 200 194 198 200 200 200 200 1 200 142 55 190 30 200 5 200 186 200 169 200 0 0 0 0 0 0 0 0 0 0 0 0 0 0 0; 200 200 200 72 28 200 194 200 64 185 200 120 30 200 136 200 200 200 200 200 46 0 0 0 0 0 0 0 0 0 0 0 0 0 0; 160 1 0 142 144 4 200 20 200 66 171 200 200 200 200 3 177 1 200 149 200 35 0 0 0 0 0 0 0 0 0 0 0 0 0; 200 27 200 200 133 10 200 200 200 184 200 50 200 2 200 200 26 200 200 3 14 140 200 0 0 0 0 0 0 0 0 0 0 0 0; 200 174 1 200 200 9 146 32 5 200 0 200 13 158 200 200 184 200 165 128 200 39 24 200 0 0 0 0 0 0 0 0 0 0 0; 200 179 200 200 155 2 200 200 137 21 200 62 200 200 177 6 199 200 9 3 200 20 200 197 183 0 0 0 0 0 0 0 0 0 0; 170 26 14 200 191 200 200 17 200 13 160 200 33 116 200 200 200 200 83 200 200 31 200 200 200 200 0 0 0 0 0 0 0 0 0; 200 16 10 24 144 200 200 1 200 200 200 43 161 15 0 187 200 5 200 200 200 3 200 172 24 159 15 0 0 0 0 0 0 0 0; 200 200 52 200 200 30 134 141 200 200 200 200 200 200 77 11 200 200 151 19 181 200 5 178 194 200 200 190 0 0 0 0 0 0 0; 200 200 179 11 136 3 200 7 188 0 200 185 200 200 200 179 179 200 200 17 43 200 200 33 199 200 145 200 197 0 0 0 0 0 0; 200 198 159 29 200 200 200 200 200 191 10 200 200 200 142 200 197 173 184 199 200 200 200 200 9 200 200 160 200 200 0 0 0 0 0; 200 196 191 200 161 200 200 192 200 200 200 200 180 199 200 175 81 31 40 44 4 195 174 200 200 200 16 200 200 200 200 0 0 0 0; 192 200 200 4 200 17 187 200 200 200 6 3 22 200 200 123 200 200 19 13 200 200 195 200 200 191 0 192 200 200 191 200 0 0 0; 52 197 200 200 8 2 200 200 200 198 200 200 200 177 197 200 1 200 38 200 200 26 198 169 198 200 200 170 200 200 159 194 200 0 0; 200 200 200 200 157 200 200 83 25 33 31 16 16 200 33 200 200 200 1 200 4 36 200 22 183 19 155 200 40 4 171 187 200 200 0; 200 28 200 200 196 138 200 17 9 51 200 5 33 200 0 200 200 199 189 196 196 10 7 197 10 200 200 188 179 191 170 0 20 200 200]
