n=20
density=50
Q1=[0 0 0 0 0 0 0 0 0 0 0 0 0 0 0 0 0 0 0 0 ;
160 190 0 0 0 0 0 0 0 0 0 0 0 0 0 0 0 0 0 0 ;
0 191 0 0 0 0 0 0 0 0 0 0 0 0 0 0 0 0 0 0 ;
0 0 0 0 0 0 0 0 0 0 0 0 0 0 0 0 0 0 0 0 ;
2 15 0 0 200 0 0 0 0 0 0 0 0 0 0 0 0 0 0 0 ;
76 93 166 0 64 125 0 0 0 0 0 0 0 0 0 0 0 0 0 0 ;
0 1 0 73 0 150 80 0 0 0 0 0 0 0 0 0 0 0 0 0 ;
16 174 65 0 95 0 179 0 0 0 0 0 0 0 0 0 0 0 0 0 ;
0 165 0 0 81 0 0 0 41 0 0 0 0 0 0 0 0 0 0 0 ;
142 0 170 159 0 93 0 56 0 13 0 0 0 0 0 0 0 0 0 0 ;
0 3 184 34 24 25 0 23 154 4 192 0 0 0 0 0 0 0 0 0 ;
80 0 53 0 178 0 119 0 0 144 39 55 0 0 0 0 0 0 0 0 ;
0 0 193 0 15 153 119 0 0 0 8 166 0 0 0 0 0 0 0 0 ;
0 190 65 137 56 0 0 124 191 54 0 140 78 27 0 0 0 0 0 0 ;
160 0 0 0 0 0 76 133 0 0 64 0 0 164 0 0 0 0 0 0 ;
168 0 40 71 37 0 0 180 74 0 0 0 78 0 0 157 0 0 0 0 ;
153 44 0 3 0 135 0 0 169 0 56 0 116 0 0 0 0 0 0 0 ;
79 195 142 0 186 120 13 0 96 0 0 118 0 114 55 0 68 143 0 0 ;
6 71 0 0 174 0 82 0 0 140 0 152 30 116 157 149 0 0 0 0 ;
71 0 0 161 43 28 0 18 0 123 110 0 94 39 177 0 151 200 20 192 ]
w=[20, 47, 15, 17, 77, 88, 59, 14, 64, 94, 10, 62, 59, 28, 69, 87, 82, 92, 90, 17]
W=115 
k=5 
inst_name = "QKP_20_200_50" 
feasible = true 
Q2=[200 0 0 0 0 0 0 0 0 0 0 0 0 0 0 0 0 0 0 0; 26 1 0 0 0 0 0 0 0 0 0 0 0 0 0 0 0 0 0 0; 200 2 200 0 0 0 0 0 0 0 0 0 0 0 0 0 0 0 0 0; 200 200 200 200 0 0 0 0 0 0 0 0 0 0 0 0 0 0 0 0; 198 199 200 200 0 0 0 0 0 0 0 0 0 0 0 0 0 0 0 0; 199 168 30 200 174 23 0 0 0 0 0 0 0 0 0 0 0 0 0 0; 200 199 200 198 200 17 123 0 0 0 0 0 0 0 0 0 0 0 0 0; 187 15 161 200 197 200 6 200 0 0 0 0 0 0 0 0 0 0 0 0; 200 12 200 200 123 200 200 200 194 0 0 0 0 0 0 0 0 0 0 0; 4 200 4 24 200 135 200 171 200 200 0 0 0 0 0 0 0 0 0 0; 200 199 12 184 196 179 200 189 42 198 3 0 0 0 0 0 0 0 0 0; 121 200 159 200 19 200 76 200 200 32 182 151 0 0 0 0 0 0 0 0; 200 200 7 200 190 41 16 200 200 200 200 0 200 0 0 0 0 0 0 0; 200 5 192 50 161 200 200 23 3 197 200 10 154 185 0 0 0 0 0 0; 33 200 200 200 200 200 129 51 200 200 173 200 200 18 200 0 0 0 0 0; 20 200 177 157 166 200 200 17 175 200 200 200 199 200 200 39 0 0 0 0; 9 185 200 200 200 59 200 200 19 200 160 200 68 200 200 200 200 0 0 0; 189 5 18 200 9 52 199 200 183 200 200 81 200 26 176 200 199 12 0 0; 194 195 200 200 2 200 132 200 200 4 200 1 181 25 4 20 200 200 200 0; 158 200 200 24 192 198 200 185 200 1 50 200 154 179 10 200 22 0 199 1]
