n=45
density=100
Q1=[58 0 0 0 0 0 0 0 0 0 0 0 0 0 0 0 0 0 0 0 0 0 0 0 0 0 0 0 0 0 0 0 0 0 0 0 0 0 0 0 0 0 0 0 0 ;
4 93 0 0 0 0 0 0 0 0 0 0 0 0 0 0 0 0 0 0 0 0 0 0 0 0 0 0 0 0 0 0 0 0 0 0 0 0 0 0 0 0 0 0 0 ;
25 85 13 0 0 0 0 0 0 0 0 0 0 0 0 0 0 0 0 0 0 0 0 0 0 0 0 0 0 0 0 0 0 0 0 0 0 0 0 0 0 0 0 0 0 ;
23 56 5 45 0 0 0 0 0 0 0 0 0 0 0 0 0 0 0 0 0 0 0 0 0 0 0 0 0 0 0 0 0 0 0 0 0 0 0 0 0 0 0 0 0 ;
83 30 87 56 6 0 0 0 0 0 0 0 0 0 0 0 0 0 0 0 0 0 0 0 0 0 0 0 0 0 0 0 0 0 0 0 0 0 0 0 0 0 0 0 0 ;
75 72 95 97 90 12 0 0 0 0 0 0 0 0 0 0 0 0 0 0 0 0 0 0 0 0 0 0 0 0 0 0 0 0 0 0 0 0 0 0 0 0 0 0 0 ;
25 78 28 95 46 84 61 0 0 0 0 0 0 0 0 0 0 0 0 0 0 0 0 0 0 0 0 0 0 0 0 0 0 0 0 0 0 0 0 0 0 0 0 0 0 ;
17 27 90 47 54 94 42 72 0 0 0 0 0 0 0 0 0 0 0 0 0 0 0 0 0 0 0 0 0 0 0 0 0 0 0 0 0 0 0 0 0 0 0 0 0 ;
96 13 73 63 46 99 72 36 48 0 0 0 0 0 0 0 0 0 0 0 0 0 0 0 0 0 0 0 0 0 0 0 0 0 0 0 0 0 0 0 0 0 0 0 0 ;
20 2 31 30 70 49 31 80 50 48 0 0 0 0 0 0 0 0 0 0 0 0 0 0 0 0 0 0 0 0 0 0 0 0 0 0 0 0 0 0 0 0 0 0 0 ;
40 6 33 77 82 1 5 1 100 17 77 0 0 0 0 0 0 0 0 0 0 0 0 0 0 0 0 0 0 0 0 0 0 0 0 0 0 0 0 0 0 0 0 0 0 ;
24 49 37 70 92 85 14 44 99 55 20 43 0 0 0 0 0 0 0 0 0 0 0 0 0 0 0 0 0 0 0 0 0 0 0 0 0 0 0 0 0 0 0 0 0 ;
77 12 86 47 40 94 82 25 77 40 76 62 33 0 0 0 0 0 0 0 0 0 0 0 0 0 0 0 0 0 0 0 0 0 0 0 0 0 0 0 0 0 0 0 0 ;
74 58 27 82 44 66 7 60 9 8 56 15 100 17 0 0 0 0 0 0 0 0 0 0 0 0 0 0 0 0 0 0 0 0 0 0 0 0 0 0 0 0 0 0 0 ;
37 83 54 33 59 21 94 47 65 46 70 59 11 80 40 0 0 0 0 0 0 0 0 0 0 0 0 0 0 0 0 0 0 0 0 0 0 0 0 0 0 0 0 0 0 ;
68 25 15 79 92 62 30 96 63 80 75 82 37 18 93 77 0 0 0 0 0 0 0 0 0 0 0 0 0 0 0 0 0 0 0 0 0 0 0 0 0 0 0 0 0 ;
88 6 21 67 72 50 60 42 31 43 32 52 25 73 59 89 42 0 0 0 0 0 0 0 0 0 0 0 0 0 0 0 0 0 0 0 0 0 0 0 0 0 0 0 0 ;
24 27 79 4 40 49 63 51 36 87 38 39 44 64 76 87 20 81 0 0 0 0 0 0 0 0 0 0 0 0 0 0 0 0 0 0 0 0 0 0 0 0 0 0 0 ;
75 53 97 37 73 45 9 4 31 47 24 39 21 16 100 89 16 16 6 0 0 0 0 0 0 0 0 0 0 0 0 0 0 0 0 0 0 0 0 0 0 0 0 0 0 ;
80 22 72 96 76 50 46 35 89 47 90 37 24 54 95 29 78 29 67 68 0 0 0 0 0 0 0 0 0 0 0 0 0 0 0 0 0 0 0 0 0 0 0 0 0 ;
5 34 19 20 80 27 80 97 24 72 92 87 66 83 75 32 30 12 97 90 89 0 0 0 0 0 0 0 0 0 0 0 0 0 0 0 0 0 0 0 0 0 0 0 0 ;
15 85 52 100 35 15 18 58 32 60 74 87 89 74 66 58 89 78 73 39 32 88 0 0 0 0 0 0 0 0 0 0 0 0 0 0 0 0 0 0 0 0 0 0 0 ;
64 62 17 70 43 97 69 28 72 40 57 27 58 20 19 54 79 91 31 23 74 16 100 0 0 0 0 0 0 0 0 0 0 0 0 0 0 0 0 0 0 0 0 0 0 ;
22 40 32 17 90 43 24 20 96 84 27 1 58 60 95 39 41 5 29 11 85 93 83 60 0 0 0 0 0 0 0 0 0 0 0 0 0 0 0 0 0 0 0 0 0 ;
46 13 52 63 9 2 5 15 2 97 93 80 14 52 25 47 61 99 3 11 100 82 96 1 23 0 0 0 0 0 0 0 0 0 0 0 0 0 0 0 0 0 0 0 0 ;
58 65 27 100 71 42 14 80 73 43 63 81 94 2 30 58 50 46 49 73 8 68 27 70 26 32 0 0 0 0 0 0 0 0 0 0 0 0 0 0 0 0 0 0 0 ;
29 6 59 57 74 73 44 93 90 65 8 8 3 78 80 30 19 39 70 2 65 38 84 40 60 87 100 0 0 0 0 0 0 0 0 0 0 0 0 0 0 0 0 0 0 ;
16 8 34 15 29 33 48 71 30 39 99 57 60 34 55 48 64 36 32 45 82 58 45 44 40 74 70 85 0 0 0 0 0 0 0 0 0 0 0 0 0 0 0 0 0 ;
37 38 34 67 29 62 90 22 11 2 38 85 26 97 45 2 20 15 72 56 16 75 21 92 85 96 44 69 81 0 0 0 0 0 0 0 0 0 0 0 0 0 0 0 0 ;
90 55 26 37 4 48 32 100 13 39 63 15 27 24 86 99 76 31 88 31 86 24 80 21 13 57 80 70 78 68 0 0 0 0 0 0 0 0 0 0 0 0 0 0 0 ;
21 72 9 37 47 4 73 76 75 2 73 50 69 10 23 61 94 6 79 84 74 18 10 72 90 17 34 44 55 17 74 0 0 0 0 0 0 0 0 0 0 0 0 0 0 ;
6 2 86 24 16 7 46 67 42 98 38 94 42 4 16 67 12 23 10 8 10 90 2 83 63 86 33 75 97 96 26 19 0 0 0 0 0 0 0 0 0 0 0 0 0 ;
5 24 46 68 26 62 53 53 25 27 48 51 20 23 91 38 78 28 18 47 73 58 59 77 57 31 16 76 74 31 57 73 38 0 0 0 0 0 0 0 0 0 0 0 0 ;
5 35 100 75 99 73 71 84 50 71 33 19 20 13 97 21 47 71 50 56 62 25 24 96 24 25 100 25 17 33 49 9 58 3 0 0 0 0 0 0 0 0 0 0 0 ;
34 5 53 3 72 37 8 32 60 8 28 68 43 74 17 77 65 74 74 90 20 17 58 60 34 57 29 29 91 68 82 37 35 68 42 0 0 0 0 0 0 0 0 0 0 ;
70 79 44 55 21 48 79 17 17 9 23 45 13 48 20 29 40 18 9 4 9 32 58 29 53 95 40 56 11 29 58 34 44 35 27 51 0 0 0 0 0 0 0 0 0 ;
8 82 42 86 21 20 1 25 85 22 44 75 68 68 88 97 34 80 20 19 76 39 28 23 64 34 83 60 20 89 92 4 78 71 68 40 66 0 0 0 0 0 0 0 0 ;
61 9 95 71 20 100 18 81 44 34 45 97 26 59 76 43 25 48 53 66 41 72 79 41 85 24 89 79 90 77 43 92 16 75 73 59 30 93 0 0 0 0 0 0 0 ;
16 80 96 2 79 12 5 24 38 43 54 86 20 12 68 53 76 2 66 40 15 99 14 13 76 37 46 89 22 67 64 75 16 16 92 2 27 7 54 0 0 0 0 0 0 ;
45 90 32 94 30 53 2 33 37 77 78 9 76 60 87 25 4 21 98 85 74 79 50 29 2 53 83 28 58 64 97 54 57 52 72 47 93 97 87 10 0 0 0 0 0 ;
97 7 4 49 56 20 65 42 27 27 59 68 7 50 88 68 25 38 16 54 37 57 31 50 55 42 100 72 56 21 98 60 85 96 6 58 43 26 98 67 80 0 0 0 0 ;
75 29 86 14 21 80 95 33 65 63 96 62 35 29 81 45 87 83 57 29 60 33 12 99 91 12 54 11 62 4 32 60 11 29 39 70 68 35 84 51 30 39 0 0 0 ;
51 80 24 87 22 30 95 14 58 58 93 25 35 28 20 34 65 62 70 15 64 88 17 47 70 28 28 19 95 70 56 94 52 9 12 52 40 19 76 34 25 65 3 0 0 ;
59 95 41 4 15 53 77 4 59 77 23 59 87 47 58 59 16 21 47 19 6 93 29 94 71 74 33 16 99 96 53 26 52 71 75 4 73 33 96 86 36 38 43 33 0 ;
5 55 29 67 1 36 66 5 94 50 55 88 20 17 37 83 8 68 90 19 34 74 96 67 43 6 73 69 34 35 41 99 54 56 95 6 74 92 99 77 84 59 97 46 98 ]
w=[46, 20, 35, 23, 46, 34, 25, 11, 50, 27, 49, 38, 30, 38, 33, 43, 50, 36, 17, 1, 31, 11, 42, 25, 26, 32, 37, 48, 38, 19, 42, 41, 46, 32, 2, 20, 40, 30, 4, 25, 40, 13, 30, 39, 7]
W=51 
k=2 
inst_name = "QKP_45_100_100" 
feasible = true 
Q2=[32 0 0 0 0 0 0 0 0 0 0 0 0 0 0 0 0 0 0 0 0 0 0 0 0 0 0 0 0 0 0 0 0 0 0 0 0 0 0 0 0 0 0 0 0; 96 2 0 0 0 0 0 0 0 0 0 0 0 0 0 0 0 0 0 0 0 0 0 0 0 0 0 0 0 0 0 0 0 0 0 0 0 0 0 0 0 0 0 0 0; 85 15 94 0 0 0 0 0 0 0 0 0 0 0 0 0 0 0 0 0 0 0 0 0 0 0 0 0 0 0 0 0 0 0 0 0 0 0 0 0 0 0 0 0 0; 92 0 95 95 0 0 0 0 0 0 0 0 0 0 0 0 0 0 0 0 0 0 0 0 0 0 0 0 0 0 0 0 0 0 0 0 0 0 0 0 0 0 0 0 0; 9 72 4 3 99 0 0 0 0 0 0 0 0 0 0 0 0 0 0 0 0 0 0 0 0 0 0 0 0 0 0 0 0 0 0 0 0 0 0 0 0 0 0 0 0; 21 6 3 1 9 93 0 0 0 0 0 0 0 0 0 0 0 0 0 0 0 0 0 0 0 0 0 0 0 0 0 0 0 0 0 0 0 0 0 0 0 0 0 0 0; 98 1 84 3 74 14 36 0 0 0 0 0 0 0 0 0 0 0 0 0 0 0 0 0 0 0 0 0 0 0 0 0 0 0 0 0 0 0 0 0 0 0 0 0 0; 83 84 0 92 30 3 74 19 0 0 0 0 0 0 0 0 0 0 0 0 0 0 0 0 0 0 0 0 0 0 0 0 0 0 0 0 0 0 0 0 0 0 0 0 0; 1 96 17 0 75 1 12 82 64 0 0 0 0 0 0 0 0 0 0 0 0 0 0 0 0 0 0 0 0 0 0 0 0 0 0 0 0 0 0 0 0 0 0 0 0; 90 98 83 71 5 67 99 17 1 75 0 0 0 0 0 0 0 0 0 0 0 0 0 0 0 0 0 0 0 0 0 0 0 0 0 0 0 0 0 0 0 0 0 0 0; 100 99 68 14 5 99 98 99 0 86 21 0 0 0 0 0 0 0 0 0 0 0 0 0 0 0 0 0 0 0 0 0 0 0 0 0 0 0 0 0 0 0 0 0 0; 83 69 69 2 6 12 89 70 0 41 83 88 0 0 0 0 0 0 0 0 0 0 0 0 0 0 0 0 0 0 0 0 0 0 0 0 0 0 0 0 0 0 0 0 0; 21 95 8 100 85 2 11 83 7 67 5 7 100 0 0 0 0 0 0 0 0 0 0 0 0 0 0 0 0 0 0 0 0 0 0 0 0 0 0 0 0 0 0 0 0; 4 42 95 16 78 21 97 37 97 93 39 99 0 90 0 0 0 0 0 0 0 0 0 0 0 0 0 0 0 0 0 0 0 0 0 0 0 0 0 0 0 0 0 0 0; 70 3 46 86 29 84 1 98 29 89 1 2 100 8 60 0 0 0 0 0 0 0 0 0 0 0 0 0 0 0 0 0 0 0 0 0 0 0 0 0 0 0 0 0 0; 18 81 88 6 0 0 84 4 36 12 7 12 82 97 4 21 0 0 0 0 0 0 0 0 0 0 0 0 0 0 0 0 0 0 0 0 0 0 0 0 0 0 0 0 0; 1 96 95 31 26 28 40 69 85 83 84 21 87 15 10 2 78 0 0 0 0 0 0 0 0 0 0 0 0 0 0 0 0 0 0 0 0 0 0 0 0 0 0 0 0; 79 75 21 96 93 84 4 13 67 3 79 96 76 2 5 11 90 17 0 0 0 0 0 0 0 0 0 0 0 0 0 0 0 0 0 0 0 0 0 0 0 0 0 0 0; 12 16 1 98 7 70 92 97 77 95 76 100 81 95 0 1 100 96 100 0 0 0 0 0 0 0 0 0 0 0 0 0 0 0 0 0 0 0 0 0 0 0 0 0 0; 5 87 1 1 16 3 99 88 4 83 3 77 77 42 4 90 5 76 9 23 0 0 0 0 0 0 0 0 0 0 0 0 0 0 0 0 0 0 0 0 0 0 0 0 0; 100 97 92 83 10 93 11 1 78 28 0 13 27 14 22 95 97 91 2 5 1 0 0 0 0 0 0 0 0 0 0 0 0 0 0 0 0 0 0 0 0 0 0 0 0; 91 10 26 0 66 93 95 25 97 6 13 10 8 17 34 12 2 5 9 67 82 11 0 0 0 0 0 0 0 0 0 0 0 0 0 0 0 0 0 0 0 0 0 0 0; 3 12 90 7 57 2 11 81 5 64 34 76 36 92 82 21 4 8 77 77 1 87 0 0 0 0 0 0 0 0 0 0 0 0 0 0 0 0 0 0 0 0 0 0 0; 87 97 95 83 2 77 76 84 3 1 96 99 10 37 3 77 80 95 96 90 10 0 7 0 0 0 0 0 0 0 0 0 0 0 0 0 0 0 0 0 0 0 0 0 0; 66 99 10 10 97 98 100 96 99 3 6 20 98 39 91 71 12 0 99 91 0 0 0 99 91 0 0 0 0 0 0 0 0 0 0 0 0 0 0 0 0 0 0 0 0; 41 4 86 0 9 81 94 18 19 89 9 10 4 100 99 21 5 68 61 16 93 21 77 26 98 86 0 0 0 0 0 0 0 0 0 0 0 0 0 0 0 0 0 0 0; 71 94 40 26 6 0 76 5 8 15 96 100 99 6 11 99 87 70 19 100 29 78 11 81 1 8 0 0 0 0 0 0 0 0 0 0 0 0 0 0 0 0 0 0 0; 93 93 69 93 86 100 85 1 79 73 0 12 40 67 7 97 11 71 73 96 7 15 92 63 69 7 2 0 0 0 0 0 0 0 0 0 0 0 0 0 0 0 0 0 0; 78 97 79 18 71 13 1 96 92 99 93 10 92 3 87 99 97 95 18 17 91 22 82 5 6 0 60 31 8 0 0 0 0 0 0 0 0 0 0 0 0 0 0 0 0; 1 11 80 73 97 90 98 0 95 91 33 87 85 86 7 0 16 85 7 85 8 85 17 93 88 12 20 18 18 22 0 0 0 0 0 0 0 0 0 0 0 0 0 0 0; 80 4 100 64 94 97 27 7 12 99 7 3 27 98 94 32 1 96 11 0 8 99 100 2 4 84 74 85 45 98 25 0 0 0 0 0 0 0 0 0 0 0 0 0 0; 98 98 11 77 87 93 55 7 82 0 71 0 58 96 85 2 90 99 95 100 98 3 100 2 17 0 94 19 3 4 85 82 0 0 0 0 0 0 0 0 0 0 0 0 0; 99 78 86 18 74 33 26 30 86 90 64 26 82 98 0 63 16 81 82 85 24 41 16 16 14 86 93 9 23 82 10 22 85 0 0 0 0 0 0 0 0 0 0 0 0; 98 79 0 13 1 10 23 2 20 20 97 86 82 92 0 100 83 9 44 3 12 84 78 2 84 82 0 99 87 77 63 95 18 97 0 0 0 0 0 0 0 0 0 0 0; 95 100 24 97 9 93 97 77 16 94 86 8 81 26 90 13 29 24 4 9 90 90 8 37 98 5 88 78 6 23 3 77 79 11 83 0 0 0 0 0 0 0 0 0 0; 20 0 75 28 93 52 18 92 97 96 98 55 100 65 86 83 83 89 94 96 98 92 42 78 20 0 83 8 96 71 28 75 88 84 91 34 0 0 0 0 0 0 0 0 0; 95 7 74 7 82 96 100 77 13 78 84 25 7 21 7 2 75 18 96 89 2 63 97 80 25 98 2 40 81 7 1 99 2 15 9 74 2 0 0 0 0 0 0 0 0; 21 100 2 4 91 0 94 6 59 68 57 2 81 9 0 85 96 81 31 20 79 8 9 97 13 82 8 15 4 2 60 4 100 17 1 16 98 2 0 0 0 0 0 0 0; 90 9 0 99 1 94 97 95 87 87 28 4 95 99 23 7 15 100 19 75 98 0 94 90 21 98 66 11 83 19 27 8 95 88 1 99 97 100 15 0 0 0 0 0 0; 90 6 83 6 94 28 100 98 89 15 14 96 6 30 12 89 99 85 0 8 0 15 10 72 100 17 3 81 15 25 1 4 41 9 26 54 1 2 2 96 0 0 0 0 0; 2 97 100 83 25 92 6 67 100 96 35 31 97 2 1 22 97 65 99 12 98 42 96 11 15 80 0 17 6 84 0 17 4 0 94 29 75 98 1 6 2 0 0 0 0; 10 76 8 86 82 8 5 92 31 5 1 1 100 82 1 73 10 16 41 91 0 68 97 0 3 94 35 98 37 96 98 27 99 86 95 0 24 68 15 49 91 82 0 0 0; 33 20 83 8 95 100 3 99 19 7 7 76 100 73 100 91 33 17 5 95 19 5 94 73 9 90 97 98 3 8 19 6 13 93 90 43 83 82 23 69 84 6 99 0 0; 14 0 99 98 96 32 10 98 30 3 96 24 7 76 12 14 96 84 63 83 95 4 91 6 11 22 81 92 1 0 43 78 33 18 1 99 4 87 1 10 71 89 77 100 0; 99 8 73 20 100 83 16 95 0 22 13 10 80 93 63 4 93 16 4 84 100 1 2 27 59 100 23 27 71 70 66 0 30 10 4 94 19 2 0 6 9 23 0 58 0]
