n=30
density=25
Q1=[0 0 0 0 0 0 0 0 0 0 0 0 0 0 0 0 0 0 0 0 0 0 0 0 0 0 0 0 0 0 ;
0 58 0 0 0 0 0 0 0 0 0 0 0 0 0 0 0 0 0 0 0 0 0 0 0 0 0 0 0 0 ;
0 0 0 0 0 0 0 0 0 0 0 0 0 0 0 0 0 0 0 0 0 0 0 0 0 0 0 0 0 0 ;
87 0 0 73 0 0 0 0 0 0 0 0 0 0 0 0 0 0 0 0 0 0 0 0 0 0 0 0 0 0 ;
22 0 0 0 89 0 0 0 0 0 0 0 0 0 0 0 0 0 0 0 0 0 0 0 0 0 0 0 0 0 ;
84 80 28 0 0 68 0 0 0 0 0 0 0 0 0 0 0 0 0 0 0 0 0 0 0 0 0 0 0 0 ;
84 0 1 0 5 0 0 0 0 0 0 0 0 0 0 0 0 0 0 0 0 0 0 0 0 0 0 0 0 0 ;
92 44 0 0 0 0 0 0 0 0 0 0 0 0 0 0 0 0 0 0 0 0 0 0 0 0 0 0 0 0 ;
0 0 0 95 0 0 0 53 65 0 0 0 0 0 0 0 0 0 0 0 0 0 0 0 0 0 0 0 0 0 ;
0 0 0 0 0 32 0 0 78 0 0 0 0 0 0 0 0 0 0 0 0 0 0 0 0 0 0 0 0 0 ;
0 0 73 0 0 45 54 0 0 14 0 0 0 0 0 0 0 0 0 0 0 0 0 0 0 0 0 0 0 0 ;
0 0 0 0 0 36 0 0 0 100 0 0 0 0 0 0 0 0 0 0 0 0 0 0 0 0 0 0 0 0 ;
0 0 0 0 32 0 0 0 39 0 0 28 0 0 0 0 0 0 0 0 0 0 0 0 0 0 0 0 0 0 ;
0 86 0 0 0 0 0 0 0 0 0 0 0 27 0 0 0 0 0 0 0 0 0 0 0 0 0 0 0 0 ;
0 0 18 0 0 0 0 0 21 0 0 0 0 0 41 0 0 0 0 0 0 0 0 0 0 0 0 0 0 0 ;
0 0 0 75 84 0 0 0 0 0 0 0 75 0 0 0 0 0 0 0 0 0 0 0 0 0 0 0 0 0 ;
0 0 0 45 44 32 4 0 42 0 0 76 0 25 0 0 0 0 0 0 0 0 0 0 0 0 0 0 0 0 ;
0 0 0 0 53 0 0 0 0 0 0 73 0 0 0 0 87 0 0 0 0 0 0 0 0 0 0 0 0 0 ;
0 0 0 0 0 0 0 0 95 0 0 9 0 70 98 0 0 0 0 0 0 0 0 0 0 0 0 0 0 0 ;
0 0 0 0 0 0 0 0 0 0 22 0 0 0 27 0 0 31 0 0 0 0 0 0 0 0 0 0 0 0 ;
0 51 9 0 0 0 0 0 0 61 38 0 0 38 0 0 0 0 49 0 0 0 0 0 0 0 0 0 0 0 ;
0 0 0 0 0 0 0 0 0 76 0 0 0 0 0 0 0 2 0 0 0 90 0 0 0 0 0 0 0 0 ;
57 0 0 61 0 0 0 0 0 5 2 0 0 0 0 44 0 0 0 0 0 72 0 0 0 0 0 0 0 0 ;
0 0 0 0 0 0 65 51 0 0 66 0 0 0 59 0 0 0 53 0 0 0 0 70 0 0 0 0 0 0 ;
0 82 8 0 0 0 0 0 0 0 0 0 49 0 63 0 73 0 0 7 87 0 0 0 83 0 0 0 0 0 ;
73 99 0 0 0 0 0 0 84 0 0 0 15 19 23 0 67 0 0 0 49 98 0 0 0 0 0 0 0 0 ;
0 0 0 0 0 69 0 0 0 0 0 0 0 0 0 76 0 0 0 0 0 45 0 0 8 36 0 0 0 0 ;
0 0 80 0 0 0 34 0 0 0 76 0 56 42 99 0 0 0 0 11 0 0 44 83 0 0 0 0 0 0 ;
0 0 67 0 0 0 0 0 39 0 0 0 0 30 0 0 56 0 0 0 0 0 0 0 40 0 0 0 0 0 ;
0 0 0 14 0 0 0 0 44 0 0 0 0 0 0 0 0 0 0 0 87 0 100 0 0 0 6 0 0 0 ]
w=[10, 10, 47, 19, 20, 4, 48, 2, 47, 21, 37, 16, 47, 1, 30, 40, 35, 35, 5, 36, 48, 21, 28, 28, 12, 33, 22, 7, 38, 25]
W=132 
k=5 
inst_name = "QKP_30_100_25" 
feasible = true 
Q2=[100 0 0 0 0 0 0 0 0 0 0 0 0 0 0 0 0 0 0 0 0 0 0 0 0 0 0 0 0 0; 100 32 0 0 0 0 0 0 0 0 0 0 0 0 0 0 0 0 0 0 0 0 0 0 0 0 0 0 0 0; 100 100 100 0 0 0 0 0 0 0 0 0 0 0 0 0 0 0 0 0 0 0 0 0 0 0 0 0 0 0; 0 100 100 17 0 0 0 0 0 0 0 0 0 0 0 0 0 0 0 0 0 0 0 0 0 0 0 0 0 0; 80 100 100 100 1 0 0 0 0 0 0 0 0 0 0 0 0 0 0 0 0 0 0 0 0 0 0 0 0 0; 1 16 88 100 100 16 0 0 0 0 0 0 0 0 0 0 0 0 0 0 0 0 0 0 0 0 0 0 0 0; 3 100 100 100 95 100 100 0 0 0 0 0 0 0 0 0 0 0 0 0 0 0 0 0 0 0 0 0 0 0; 6 78 100 100 100 100 100 100 0 0 0 0 0 0 0 0 0 0 0 0 0 0 0 0 0 0 0 0 0 0; 100 100 100 4 100 100 100 1 33 0 0 0 0 0 0 0 0 0 0 0 0 0 0 0 0 0 0 0 0 0; 100 100 100 100 100 99 100 100 8 100 0 0 0 0 0 0 0 0 0 0 0 0 0 0 0 0 0 0 0 0; 100 100 26 100 100 63 25 100 100 89 100 0 0 0 0 0 0 0 0 0 0 0 0 0 0 0 0 0 0 0; 100 100 100 100 100 81 100 100 100 0 100 100 0 0 0 0 0 0 0 0 0 0 0 0 0 0 0 0 0 0; 100 100 100 100 77 100 100 100 69 100 100 74 100 0 0 0 0 0 0 0 0 0 0 0 0 0 0 0 0 0; 100 13 100 100 100 100 100 100 100 100 100 100 100 95 0 0 0 0 0 0 0 0 0 0 0 0 0 0 0 0; 100 100 100 100 100 100 100 100 79 100 100 100 100 100 90 0 0 0 0 0 0 0 0 0 0 0 0 0 0 0; 100 100 100 7 0 100 100 100 100 100 100 100 1 100 100 100 0 0 0 0 0 0 0 0 0 0 0 0 0 0; 100 100 100 81 76 100 100 100 74 100 100 22 100 97 100 100 100 0 0 0 0 0 0 0 0 0 0 0 0 0; 100 100 100 100 33 100 100 100 100 100 100 17 100 100 100 100 5 100 0 0 0 0 0 0 0 0 0 0 0 0; 100 100 100 100 100 100 100 100 0 100 100 93 100 16 1 100 100 100 100 0 0 0 0 0 0 0 0 0 0 0; 100 100 100 100 100 100 100 100 100 100 97 100 100 100 92 100 100 80 100 100 0 0 0 0 0 0 0 0 0 0; 100 0 92 100 100 100 100 100 100 4 86 100 100 89 100 100 100 100 54 100 100 0 0 0 0 0 0 0 0 0; 100 100 100 100 100 100 100 100 100 10 100 100 100 100 100 100 100 100 100 100 100 4 0 0 0 0 0 0 0 0; 16 100 100 19 100 100 100 100 100 98 99 100 100 100 100 90 100 100 100 100 100 11 100 0 0 0 0 0 0 0; 100 100 100 100 100 100 21 24 100 100 20 100 100 100 15 100 100 100 17 100 100 100 100 12 0 0 0 0 0 0; 100 12 96 100 100 100 100 100 100 100 100 100 74 100 8 100 1 100 100 99 12 100 100 100 14 0 0 0 0 0; 12 1 100 100 100 100 100 100 8 100 100 100 100 98 99 100 25 100 100 100 54 2 100 100 100 100 0 0 0 0; 100 100 100 100 100 25 100 100 100 100 100 100 100 100 100 5 100 100 100 100 100 83 100 100 94 87 100 0 0 0; 100 100 3 100 100 100 72 100 100 100 24 100 44 65 1 100 100 100 100 95 100 100 68 2 100 100 100 100 0 0; 100 100 21 100 100 100 100 100 87 100 100 100 100 91 100 100 19 100 100 100 100 100 100 100 100 100 100 100 100 0; 100 100 100 92 100 100 100 100 60 100 100 100 100 100 100 100 100 100 100 100 7 100 0 100 100 100 97 100 100 100]
