n=40
density=100
Q1=[22 0 0 0 0 0 0 0 0 0 0 0 0 0 0 0 0 0 0 0 0 0 0 0 0 0 0 0 0 0 0 0 0 0 0 0 0 0 0 0 ;
58 79 0 0 0 0 0 0 0 0 0 0 0 0 0 0 0 0 0 0 0 0 0 0 0 0 0 0 0 0 0 0 0 0 0 0 0 0 0 0 ;
6 57 74 0 0 0 0 0 0 0 0 0 0 0 0 0 0 0 0 0 0 0 0 0 0 0 0 0 0 0 0 0 0 0 0 0 0 0 0 0 ;
5 10 4 47 0 0 0 0 0 0 0 0 0 0 0 0 0 0 0 0 0 0 0 0 0 0 0 0 0 0 0 0 0 0 0 0 0 0 0 0 ;
39 90 27 60 6 0 0 0 0 0 0 0 0 0 0 0 0 0 0 0 0 0 0 0 0 0 0 0 0 0 0 0 0 0 0 0 0 0 0 0 ;
33 2 5 76 72 63 0 0 0 0 0 0 0 0 0 0 0 0 0 0 0 0 0 0 0 0 0 0 0 0 0 0 0 0 0 0 0 0 0 0 ;
73 55 40 100 38 53 57 0 0 0 0 0 0 0 0 0 0 0 0 0 0 0 0 0 0 0 0 0 0 0 0 0 0 0 0 0 0 0 0 0 ;
16 81 72 25 100 57 28 75 0 0 0 0 0 0 0 0 0 0 0 0 0 0 0 0 0 0 0 0 0 0 0 0 0 0 0 0 0 0 0 0 ;
8 14 30 39 87 59 33 73 57 0 0 0 0 0 0 0 0 0 0 0 0 0 0 0 0 0 0 0 0 0 0 0 0 0 0 0 0 0 0 0 ;
15 28 61 64 49 60 37 35 28 86 0 0 0 0 0 0 0 0 0 0 0 0 0 0 0 0 0 0 0 0 0 0 0 0 0 0 0 0 0 0 ;
40 86 62 6 31 33 49 90 13 30 49 0 0 0 0 0 0 0 0 0 0 0 0 0 0 0 0 0 0 0 0 0 0 0 0 0 0 0 0 0 ;
78 91 80 49 3 87 57 43 54 10 59 14 0 0 0 0 0 0 0 0 0 0 0 0 0 0 0 0 0 0 0 0 0 0 0 0 0 0 0 0 ;
89 37 42 35 44 79 14 70 90 81 28 71 5 0 0 0 0 0 0 0 0 0 0 0 0 0 0 0 0 0 0 0 0 0 0 0 0 0 0 0 ;
76 36 29 20 90 16 77 30 95 51 31 45 67 87 0 0 0 0 0 0 0 0 0 0 0 0 0 0 0 0 0 0 0 0 0 0 0 0 0 0 ;
86 32 78 9 95 25 70 67 66 67 66 43 80 85 53 0 0 0 0 0 0 0 0 0 0 0 0 0 0 0 0 0 0 0 0 0 0 0 0 0 ;
19 59 70 81 55 92 41 38 5 39 42 48 71 5 11 51 0 0 0 0 0 0 0 0 0 0 0 0 0 0 0 0 0 0 0 0 0 0 0 0 ;
4 43 73 31 61 51 17 55 28 20 77 84 34 5 56 89 11 0 0 0 0 0 0 0 0 0 0 0 0 0 0 0 0 0 0 0 0 0 0 0 ;
30 58 49 2 15 60 86 9 31 30 9 94 91 47 38 9 30 24 0 0 0 0 0 0 0 0 0 0 0 0 0 0 0 0 0 0 0 0 0 0 ;
19 66 69 77 49 50 69 16 48 27 21 20 94 68 36 6 77 8 67 0 0 0 0 0 0 0 0 0 0 0 0 0 0 0 0 0 0 0 0 0 ;
91 97 19 11 95 17 40 10 47 73 68 20 87 97 26 91 4 76 33 58 0 0 0 0 0 0 0 0 0 0 0 0 0 0 0 0 0 0 0 0 ;
38 91 24 53 41 64 72 38 89 9 80 39 58 8 88 37 19 33 22 27 93 0 0 0 0 0 0 0 0 0 0 0 0 0 0 0 0 0 0 0 ;
65 31 2 63 62 86 76 100 67 55 21 38 75 69 60 68 87 81 35 37 15 31 0 0 0 0 0 0 0 0 0 0 0 0 0 0 0 0 0 0 ;
49 99 50 19 99 93 94 1 96 97 86 71 10 57 63 15 64 39 91 83 7 96 4 0 0 0 0 0 0 0 0 0 0 0 0 0 0 0 0 0 ;
93 3 22 76 40 42 35 55 30 70 50 80 100 75 2 13 7 44 47 89 56 87 22 70 0 0 0 0 0 0 0 0 0 0 0 0 0 0 0 0 ;
10 54 96 44 53 95 86 95 94 53 69 48 11 41 26 55 49 52 7 28 64 42 41 50 55 0 0 0 0 0 0 0 0 0 0 0 0 0 0 0 ;
32 72 69 98 46 56 40 11 4 54 17 47 68 76 32 80 84 69 83 3 43 10 34 33 33 38 0 0 0 0 0 0 0 0 0 0 0 0 0 0 ;
57 19 7 17 35 21 100 86 50 42 92 49 27 46 96 26 47 95 99 34 58 30 13 60 24 92 12 0 0 0 0 0 0 0 0 0 0 0 0 0 ;
31 78 100 17 100 68 46 1 64 85 78 67 98 96 14 30 30 6 3 75 77 97 39 50 87 32 12 56 0 0 0 0 0 0 0 0 0 0 0 0 ;
77 75 42 27 69 34 30 59 59 78 63 25 34 42 94 55 36 88 41 76 21 63 97 81 81 24 81 57 1 0 0 0 0 0 0 0 0 0 0 0 ;
65 81 41 7 34 82 7 38 23 26 41 18 77 58 36 70 18 34 54 73 12 59 22 44 20 7 99 100 93 35 0 0 0 0 0 0 0 0 0 0 ;
5 41 94 34 84 65 26 52 19 63 49 55 70 31 99 26 18 83 36 9 23 35 82 61 91 33 38 88 4 89 3 0 0 0 0 0 0 0 0 0 ;
92 52 1 78 54 13 77 90 93 53 64 44 81 18 35 6 3 81 13 38 92 1 65 54 77 40 8 94 27 6 45 22 0 0 0 0 0 0 0 0 ;
42 57 22 41 59 87 65 50 54 68 57 92 57 32 76 11 87 84 19 51 34 26 92 9 69 95 88 28 7 31 42 41 50 0 0 0 0 0 0 0 ;
3 58 94 57 33 12 25 26 48 70 39 65 3 3 60 43 38 57 97 42 12 60 58 87 78 99 42 75 8 43 68 67 32 97 0 0 0 0 0 0 ;
70 54 73 64 69 13 25 17 20 65 1 20 56 78 78 54 69 66 94 34 65 66 18 13 91 86 1 98 75 4 23 61 44 93 18 0 0 0 0 0 ;
8 2 3 74 64 67 53 52 91 48 14 63 28 87 90 100 58 64 91 23 68 54 73 11 36 37 3 18 81 88 40 28 11 50 10 49 0 0 0 0 ;
32 11 11 83 9 49 13 57 14 26 53 84 16 49 33 33 55 53 49 51 13 32 9 20 12 50 35 92 20 94 13 24 2 75 65 68 78 0 0 0 ;
96 79 42 61 30 74 84 24 83 29 83 92 96 78 23 46 55 38 51 44 27 46 18 11 84 79 92 25 77 91 93 58 39 41 19 93 40 51 0 0 ;
44 5 44 39 51 56 29 65 15 88 15 87 69 84 61 86 24 19 66 93 51 56 7 69 5 93 39 38 3 11 85 12 88 48 13 2 88 68 94 0 ;
64 49 87 13 40 91 37 99 3 43 13 11 83 55 42 68 63 55 65 67 17 6 77 48 77 36 98 3 80 66 12 32 11 63 66 85 91 43 97 57 ]
w=[16, 50, 6, 21, 6, 50, 12, 42, 26, 5, 26, 16, 5, 12, 6, 42, 33, 1, 33, 9, 41, 14, 21, 36, 37, 31, 17, 11, 43, 34, 50, 34, 17, 17, 32, 43, 13, 48, 12, 13]
W=54 
k=5 
inst_name = "QKP_40_100_100" 
feasible = true 
Q2=[96 0 0 0 0 0 0 0 0 0 0 0 0 0 0 0 0 0 0 0 0 0 0 0 0 0 0 0 0 0 0 0 0 0 0 0 0 0 0 0; 0 12 0 0 0 0 0 0 0 0 0 0 0 0 0 0 0 0 0 0 0 0 0 0 0 0 0 0 0 0 0 0 0 0 0 0 0 0 0 0; 98 10 2 0 0 0 0 0 0 0 0 0 0 0 0 0 0 0 0 0 0 0 0 0 0 0 0 0 0 0 0 0 0 0 0 0 0 0 0 0; 100 95 99 83 0 0 0 0 0 0 0 0 0 0 0 0 0 0 0 0 0 0 0 0 0 0 0 0 0 0 0 0 0 0 0 0 0 0 0 0; 66 5 82 7 95 0 0 0 0 0 0 0 0 0 0 0 0 0 0 0 0 0 0 0 0 0 0 0 0 0 0 0 0 0 0 0 0 0 0 0; 76 100 99 21 24 29 0 0 0 0 0 0 0 0 0 0 0 0 0 0 0 0 0 0 0 0 0 0 0 0 0 0 0 0 0 0 0 0 0 0; 26 14 77 0 74 47 15 0 0 0 0 0 0 0 0 0 0 0 0 0 0 0 0 0 0 0 0 0 0 0 0 0 0 0 0 0 0 0 0 0; 84 12 19 75 0 21 100 6 0 0 0 0 0 0 0 0 0 0 0 0 0 0 0 0 0 0 0 0 0 0 0 0 0 0 0 0 0 0 0 0; 95 98 99 84 8 33 68 5 16 0 0 0 0 0 0 0 0 0 0 0 0 0 0 0 0 0 0 0 0 0 0 0 0 0 0 0 0 0 0 0; 100 94 28 5 79 11 74 68 97 0 0 0 0 0 0 0 0 0 0 0 0 0 0 0 0 0 0 0 0 0 0 0 0 0 0 0 0 0 0 0; 64 3 9 97 99 92 98 1 88 73 62 0 0 0 0 0 0 0 0 0 0 0 0 0 0 0 0 0 0 0 0 0 0 0 0 0 0 0 0 0; 17 8 0 78 97 8 10 98 34 99 26 93 0 0 0 0 0 0 0 0 0 0 0 0 0 0 0 0 0 0 0 0 0 0 0 0 0 0 0 0; 5 64 72 73 91 8 92 9 5 3 77 29 98 0 0 0 0 0 0 0 0 0 0 0 0 0 0 0 0 0 0 0 0 0 0 0 0 0 0 0; 19 80 98 92 4 85 7 97 1 38 95 93 28 3 0 0 0 0 0 0 0 0 0 0 0 0 0 0 0 0 0 0 0 0 0 0 0 0 0 0; 14 84 0 95 2 94 22 1 24 22 29 89 10 1 9 0 0 0 0 0 0 0 0 0 0 0 0 0 0 0 0 0 0 0 0 0 0 0 0 0; 87 23 3 1 22 6 87 99 99 90 88 53 9 100 99 46 0 0 0 0 0 0 0 0 0 0 0 0 0 0 0 0 0 0 0 0 0 0 0 0; 99 79 15 73 36 1 99 3 73 92 19 10 89 99 24 1 91 0 0 0 0 0 0 0 0 0 0 0 0 0 0 0 0 0 0 0 0 0 0 0; 77 15 96 99 87 34 12 97 79 87 97 4 3 98 74 98 88 83 0 0 0 0 0 0 0 0 0 0 0 0 0 0 0 0 0 0 0 0 0 0; 92 28 7 23 96 27 28 99 84 75 89 82 0 8 84 96 7 99 8 0 0 0 0 0 0 0 0 0 0 0 0 0 0 0 0 0 0 0 0 0; 0 3 91 96 5 90 64 90 87 8 32 89 4 2 93 6 99 14 80 21 0 0 0 0 0 0 0 0 0 0 0 0 0 0 0 0 0 0 0 0; 80 7 98 24 96 11 12 84 7 99 1 76 39 99 8 67 93 96 90 86 5 0 0 0 0 0 0 0 0 0 0 0 0 0 0 0 0 0 0 0; 27 99 98 28 38 4 6 0 23 25 80 91 12 11 3 28 4 16 85 77 87 100 0 0 0 0 0 0 0 0 0 0 0 0 0 0 0 0 0 0; 92 0 29 84 1 5 6 99 1 0 2 15 96 14 32 97 5 61 2 7 93 3 99 0 0 0 0 0 0 0 0 0 0 0 0 0 0 0 0 0; 3 98 85 14 98 67 75 8 92 25 41 3 0 5 98 100 94 86 78 2 4 13 99 19 0 0 0 0 0 0 0 0 0 0 0 0 0 0 0 0; 90 18 3 100 3 1 10 2 0 37 3 81 94 81 92 12 78 38 93 96 10 66 69 12 18 0 0 0 0 0 0 0 0 0 0 0 0 0 0 0; 75 13 1 2 92 37 61 93 98 35 98 96 18 1 89 9 15 10 9 98 94 100 94 93 100 69 0 0 0 0 0 0 0 0 0 0 0 0 0 0; 39 95 96 86 72 98 0 3 13 62 2 91 84 95 0 97 56 4 0 89 5 78 87 0 92 6 91 0 0 0 0 0 0 0 0 0 0 0 0 0; 70 20 0 94 0 23 54 100 33 1 18 24 1 0 97 95 81 98 97 4 20 3 64 19 3 76 100 4 0 0 0 0 0 0 0 0 0 0 0 0; 3 4 75 83 19 96 75 21 33 22 29 95 70 76 5 1 71 10 65 13 81 28 0 13 14 82 9 23 100 0 0 0 0 0 0 0 0 0 0 0; 30 17 89 93 92 10 99 71 89 77 67 86 22 15 72 24 93 68 37 10 93 7 81 65 86 100 1 0 4 78 0 0 0 0 0 0 0 0 0 0; 99 61 0 84 11 35 80 33 87 32 83 25 20 86 0 82 91 3 79 91 100 75 5 11 0 73 73 2 99 11 100 0 0 0 0 0 0 0 0 0; 2 0 100 1 30 98 20 0 0 8 11 61 11 100 94 98 97 12 92 63 8 99 11 16 3 98 94 6 81 97 89 92 0 0 0 0 0 0 0 0; 79 27 87 84 29 11 5 13 34 0 6 5 24 99 23 98 10 13 81 13 84 86 7 97 19 1 9 75 97 96 76 81 41 0 0 0 0 0 0 0; 98 0 6 29 79 94 82 90 92 30 65 13 97 97 0 67 100 11 2 70 94 31 33 9 18 1 82 19 94 92 23 9 94 0 0 0 0 0 0 0; 3 1 2 11 10 94 90 100 88 16 100 100 4 21 2 29 7 25 6 81 11 4 87 98 7 2 99 2 8 100 83 15 93 0 83 0 0 0 0 0; 95 99 100 13 2 25 3 40 9 78 95 28 74 4 4 0 2 11 3 86 8 21 15 92 69 97 99 95 12 4 64 99 92 48 92 61 0 0 0 0; 75 93 96 2 98 100 99 30 88 81 33 12 86 79 81 96 45 18 53 18 98 91 96 100 90 9 78 6 94 0 100 85 100 0 18 6 5 0 0 0; 4 12 74 17 74 20 6 97 15 97 12 4 3 4 82 93 32 97 4 96 90 61 93 92 14 2 2 86 8 0 6 2 67 97 97 1 95 40 0 0; 68 98 94 69 12 10 84 20 90 1 95 9 1 0 32 4 96 100 4 4 17 16 95 11 96 1 61 63 99 89 8 96 10 87 93 98 12 0 5 0; 8 71 9 97 80 7 79 1 100 78 92 96 16 0 89 7 28 28 1 33 86 98 23 99 4 79 2 97 3 16 98 83 99 29 28 2 9 66 3 30]
