n=25
density=75
Q1=[61 0 0 0 0 0 0 0 0 0 0 0 0 0 0 0 0 0 0 0 0 0 0 0 0 ;
0 79 0 0 0 0 0 0 0 0 0 0 0 0 0 0 0 0 0 0 0 0 0 0 0 ;
0 1 0 0 0 0 0 0 0 0 0 0 0 0 0 0 0 0 0 0 0 0 0 0 0 ;
89 139 0 133 0 0 0 0 0 0 0 0 0 0 0 0 0 0 0 0 0 0 0 0 0 ;
134 0 31 0 65 0 0 0 0 0 0 0 0 0 0 0 0 0 0 0 0 0 0 0 0 ;
0 51 0 147 12 9 0 0 0 0 0 0 0 0 0 0 0 0 0 0 0 0 0 0 0 ;
145 190 131 0 0 56 0 0 0 0 0 0 0 0 0 0 0 0 0 0 0 0 0 0 0 ;
0 51 177 0 200 20 7 35 0 0 0 0 0 0 0 0 0 0 0 0 0 0 0 0 0 ;
0 115 0 159 160 159 0 147 171 0 0 0 0 0 0 0 0 0 0 0 0 0 0 0 0 ;
0 41 34 194 154 60 0 34 139 82 0 0 0 0 0 0 0 0 0 0 0 0 0 0 0 ;
162 106 156 0 179 0 0 62 151 109 104 0 0 0 0 0 0 0 0 0 0 0 0 0 0 ;
181 137 45 0 0 0 112 34 175 149 1 17 0 0 0 0 0 0 0 0 0 0 0 0 0 ;
40 157 30 0 62 30 0 0 22 193 0 13 165 0 0 0 0 0 0 0 0 0 0 0 0 ;
0 128 84 113 110 75 0 8 16 176 0 52 43 22 0 0 0 0 0 0 0 0 0 0 0 ;
116 159 0 52 12 53 0 195 156 0 138 85 112 165 192 0 0 0 0 0 0 0 0 0 0 ;
154 52 180 40 22 154 172 156 136 27 76 71 186 8 178 95 0 0 0 0 0 0 0 0 0 ;
0 70 78 0 74 114 111 166 0 65 28 158 177 87 94 164 50 0 0 0 0 0 0 0 0 ;
79 191 166 168 198 0 0 190 144 0 117 103 197 179 121 0 20 19 0 0 0 0 0 0 0 ;
108 198 49 137 0 136 0 22 35 137 28 78 81 196 193 90 0 67 158 0 0 0 0 0 0 ;
65 127 142 0 1 24 56 96 29 148 15 143 134 136 179 141 199 123 197 188 0 0 0 0 0 ;
10 96 98 16 0 0 66 82 192 195 101 178 0 0 135 175 10 0 28 183 130 0 0 0 0 ;
63 36 197 37 168 200 95 95 23 70 144 2 118 56 145 48 113 0 143 72 54 136 0 0 0 ;
0 150 116 96 29 35 155 9 0 0 6 188 89 99 45 111 46 148 80 59 179 0 60 0 0 ;
96 0 138 14 50 97 53 171 16 0 192 0 150 107 90 0 0 189 0 17 80 102 38 23 0 ;
110 0 0 155 0 147 195 0 180 150 0 146 0 171 141 0 17 86 42 166 116 34 0 174 193 ]
w=[55, 34, 56, 58, 80, 77, 78, 88, 81, 38, 51, 98, 5, 84, 50, 32, 81, 68, 44, 21, 75, 16, 64, 25, 11]
W=52 
k=2 
inst_name = "QKP_25_200_75" 
feasible = true 
Q2=[175 0 0 0 0 0 0 0 0 0 0 0 0 0 0 0 0 0 0 0 0 0 0 0 0; 200 146 0 0 0 0 0 0 0 0 0 0 0 0 0 0 0 0 0 0 0 0 0 0 0; 200 200 200 0 0 0 0 0 0 0 0 0 0 0 0 0 0 0 0 0 0 0 0 0 0; 178 44 200 27 0 0 0 0 0 0 0 0 0 0 0 0 0 0 0 0 0 0 0 0 0; 9 200 181 200 171 0 0 0 0 0 0 0 0 0 0 0 0 0 0 0 0 0 0 0 0; 200 177 200 49 192 197 0 0 0 0 0 0 0 0 0 0 0 0 0 0 0 0 0 0 0; 34 4 9 200 200 179 200 0 0 0 0 0 0 0 0 0 0 0 0 0 0 0 0 0 0; 200 154 22 200 0 180 196 191 0 0 0 0 0 0 0 0 0 0 0 0 0 0 0 0 0; 200 52 200 0 16 19 200 0 11 0 0 0 0 0 0 0 0 0 0 0 0 0 0 0 0; 200 161 188 5 22 160 200 170 54 150 0 0 0 0 0 0 0 0 0 0 0 0 0 0 0; 31 37 0 200 5 200 200 173 0 83 65 0 0 0 0 0 0 0 0 0 0 0 0 0 0; 17 43 163 200 200 200 47 190 5 29 199 183 0 0 0 0 0 0 0 0 0 0 0 0 0; 172 16 184 200 150 182 200 200 189 6 200 190 16 0 0 0 0 0 0 0 0 0 0 0 0; 200 46 135 65 57 184 200 192 187 8 200 172 174 191 0 0 0 0 0 0 0 0 0 0 0; 47 0 200 160 192 165 200 1 44 200 53 192 88 9 6 0 0 0 0 0 0 0 0 0 0; 33 177 11 184 193 37 11 43 28 183 167 150 7 192 3 128 0 0 0 0 0 0 0 0 0; 200 137 156 200 126 18 62 10 200 180 187 36 14 131 183 8 150 0 0 0 0 0 0 0 0; 196 4 16 7 2 200 200 9 55 200 23 48 2 21 29 200 191 191 0 0 0 0 0 0 0; 52 0 155 36 200 0 200 182 194 4 173 141 189 4 6 119 200 184 7 0 0 0 0 0 0; 158 52 38 200 200 192 167 161 189 9 188 42 2 5 7 29 1 75 3 1 0 0 0 0 0; 193 169 120 200 200 200 150 179 2 2 82 4 200 200 5 1 196 200 195 12 61 0 0 0 0; 188 169 3 196 10 0 107 194 187 133 18 198 14 192 23 196 42 200 8 198 186 58 0 0 0; 200 0 14 124 184 184 36 200 200 200 198 5 172 114 161 73 198 0 167 153 19 200 158 0 0; 147 200 47 195 155 125 157 8 194 200 0 200 7 63 118 200 200 10 200 189 159 67 195 179 0; 8 200 200 4 200 26 5 200 10 45 200 21 200 8 13 200 192 122 166 26 53 183 200 17 3]
