n=40
density=75
Q1=[0 0 0 0 0 0 0 0 0 0 0 0 0 0 0 0 0 0 0 0 0 0 0 0 0 0 0 0 0 0 0 0 0 0 0 0 0 0 0 0 ;
74 56 0 0 0 0 0 0 0 0 0 0 0 0 0 0 0 0 0 0 0 0 0 0 0 0 0 0 0 0 0 0 0 0 0 0 0 0 0 0 ;
26 7 27 0 0 0 0 0 0 0 0 0 0 0 0 0 0 0 0 0 0 0 0 0 0 0 0 0 0 0 0 0 0 0 0 0 0 0 0 0 ;
87 54 0 81 0 0 0 0 0 0 0 0 0 0 0 0 0 0 0 0 0 0 0 0 0 0 0 0 0 0 0 0 0 0 0 0 0 0 0 0 ;
51 7 0 94 0 0 0 0 0 0 0 0 0 0 0 0 0 0 0 0 0 0 0 0 0 0 0 0 0 0 0 0 0 0 0 0 0 0 0 0 ;
31 42 67 44 99 69 0 0 0 0 0 0 0 0 0 0 0 0 0 0 0 0 0 0 0 0 0 0 0 0 0 0 0 0 0 0 0 0 0 0 ;
20 84 73 54 40 43 42 0 0 0 0 0 0 0 0 0 0 0 0 0 0 0 0 0 0 0 0 0 0 0 0 0 0 0 0 0 0 0 0 0 ;
15 77 1 0 83 0 87 10 0 0 0 0 0 0 0 0 0 0 0 0 0 0 0 0 0 0 0 0 0 0 0 0 0 0 0 0 0 0 0 0 ;
79 74 99 88 89 0 59 13 52 0 0 0 0 0 0 0 0 0 0 0 0 0 0 0 0 0 0 0 0 0 0 0 0 0 0 0 0 0 0 0 ;
32 76 0 18 0 0 82 55 70 0 0 0 0 0 0 0 0 0 0 0 0 0 0 0 0 0 0 0 0 0 0 0 0 0 0 0 0 0 0 0 ;
57 31 88 10 100 34 0 0 17 12 77 0 0 0 0 0 0 0 0 0 0 0 0 0 0 0 0 0 0 0 0 0 0 0 0 0 0 0 0 0 ;
5 97 0 86 19 11 31 0 65 5 0 82 0 0 0 0 0 0 0 0 0 0 0 0 0 0 0 0 0 0 0 0 0 0 0 0 0 0 0 0 ;
50 73 32 0 47 83 28 0 78 61 60 66 3 0 0 0 0 0 0 0 0 0 0 0 0 0 0 0 0 0 0 0 0 0 0 0 0 0 0 0 ;
97 10 46 6 0 48 76 98 53 84 12 56 80 29 0 0 0 0 0 0 0 0 0 0 0 0 0 0 0 0 0 0 0 0 0 0 0 0 0 0 ;
0 65 91 19 0 4 8 15 0 77 0 43 27 51 52 0 0 0 0 0 0 0 0 0 0 0 0 0 0 0 0 0 0 0 0 0 0 0 0 0 ;
59 21 26 83 49 58 50 55 59 8 24 0 88 1 79 51 0 0 0 0 0 0 0 0 0 0 0 0 0 0 0 0 0 0 0 0 0 0 0 0 ;
0 74 22 16 0 0 52 87 70 85 34 89 13 27 72 56 0 0 0 0 0 0 0 0 0 0 0 0 0 0 0 0 0 0 0 0 0 0 0 0 ;
0 4 10 28 74 47 27 36 76 65 89 47 89 82 9 22 9 8 0 0 0 0 0 0 0 0 0 0 0 0 0 0 0 0 0 0 0 0 0 0 ;
88 89 0 74 5 94 2 42 46 47 100 83 0 60 17 45 0 21 21 0 0 0 0 0 0 0 0 0 0 0 0 0 0 0 0 0 0 0 0 0 ;
14 0 53 1 40 51 7 0 12 94 0 4 0 71 0 40 56 0 0 32 0 0 0 0 0 0 0 0 0 0 0 0 0 0 0 0 0 0 0 0 ;
50 100 88 0 98 60 35 71 10 11 45 89 29 0 11 65 46 65 83 32 67 0 0 0 0 0 0 0 0 0 0 0 0 0 0 0 0 0 0 0 ;
0 23 37 0 24 99 0 15 25 0 32 36 87 66 23 39 28 30 80 0 62 47 0 0 0 0 0 0 0 0 0 0 0 0 0 0 0 0 0 0 ;
85 50 0 32 72 75 83 30 0 25 32 25 68 78 8 81 63 60 98 0 37 91 4 0 0 0 0 0 0 0 0 0 0 0 0 0 0 0 0 0 ;
17 32 70 53 54 27 65 0 0 0 45 60 0 0 8 16 8 18 30 94 76 41 92 0 0 0 0 0 0 0 0 0 0 0 0 0 0 0 0 0 ;
42 69 0 52 31 94 86 43 0 55 0 45 10 98 2 5 23 0 36 43 0 0 0 0 17 0 0 0 0 0 0 0 0 0 0 0 0 0 0 0 ;
66 96 0 37 0 12 73 38 81 80 0 18 71 0 41 35 66 0 0 77 0 0 0 73 0 25 0 0 0 0 0 0 0 0 0 0 0 0 0 0 ;
75 62 57 5 14 90 51 0 97 0 88 0 6 0 63 52 3 18 42 96 17 0 0 39 73 66 0 0 0 0 0 0 0 0 0 0 0 0 0 0 ;
0 73 0 38 26 0 0 97 32 52 27 10 26 12 0 49 0 2 66 41 80 0 56 65 30 0 38 79 0 0 0 0 0 0 0 0 0 0 0 0 ;
0 15 81 90 36 1 6 0 54 73 18 20 64 76 0 28 0 33 0 44 62 43 65 0 0 0 0 7 0 0 0 0 0 0 0 0 0 0 0 0 ;
11 0 63 96 93 0 15 12 0 25 32 35 7 6 0 0 86 90 5 36 41 70 97 98 0 41 0 0 27 0 0 0 0 0 0 0 0 0 0 0 ;
5 0 99 70 0 31 7 74 72 58 0 36 23 16 0 0 100 0 45 63 25 77 30 58 64 88 70 95 18 53 68 0 0 0 0 0 0 0 0 0 ;
44 72 99 4 0 23 71 63 80 66 23 68 0 92 35 28 56 0 32 97 33 49 0 72 36 28 11 45 56 0 0 0 0 0 0 0 0 0 0 0 ;
63 4 0 86 27 90 0 21 6 13 58 31 69 0 0 62 67 0 52 0 30 70 0 69 71 0 94 72 79 49 14 12 73 0 0 0 0 0 0 0 ;
58 24 88 55 2 15 86 62 98 46 26 12 100 0 8 78 86 28 0 0 0 86 62 0 57 78 39 82 58 0 0 99 59 0 0 0 0 0 0 0 ;
41 44 46 4 94 0 39 57 0 0 60 0 100 7 8 0 0 23 46 0 0 100 66 99 65 58 71 0 61 10 65 36 0 98 87 0 0 0 0 0 ;
88 22 34 29 87 0 84 55 2 11 89 73 99 64 0 0 39 45 100 0 89 79 35 0 0 12 94 13 60 12 20 33 56 13 0 0 0 0 0 0 ;
31 18 17 19 92 0 19 13 34 48 25 96 0 56 28 12 0 0 8 79 34 93 93 0 13 41 63 75 0 1 0 0 0 0 70 13 85 0 0 0 ;
65 0 0 94 85 0 0 97 74 0 99 24 41 16 0 0 90 35 0 73 0 56 43 98 70 37 77 38 0 36 54 29 76 53 8 26 37 21 0 0 ;
19 8 0 95 13 0 65 62 68 95 17 0 37 43 4 3 43 0 32 21 57 0 9 36 99 16 93 19 95 97 0 12 16 47 88 15 88 31 0 0 ;
38 0 61 72 57 77 46 0 22 35 0 0 0 79 32 37 93 51 11 40 8 50 69 0 33 70 0 89 0 37 98 0 75 5 12 85 0 0 81 12 ]
w=[24, 43, 21, 29, 42, 45, 9, 5, 11, 12, 36, 46, 20, 44, 45, 37, 7, 38, 40, 14, 35, 37, 27, 20, 1, 16, 30, 18, 20, 6, 22, 29, 36, 47, 44, 38, 15, 29, 12, 13]
W=89 
k=9 
inst_name = "QKP_40_100_75" 
feasible = true 
Q2=[100 0 0 0 0 0 0 0 0 0 0 0 0 0 0 0 0 0 0 0 0 0 0 0 0 0 0 0 0 0 0 0 0 0 0 0 0 0 0 0; 23 36 0 0 0 0 0 0 0 0 0 0 0 0 0 0 0 0 0 0 0 0 0 0 0 0 0 0 0 0 0 0 0 0 0 0 0 0 0 0; 86 96 96 0 0 0 0 0 0 0 0 0 0 0 0 0 0 0 0 0 0 0 0 0 0 0 0 0 0 0 0 0 0 0 0 0 0 0 0 0; 7 13 100 19 0 0 0 0 0 0 0 0 0 0 0 0 0 0 0 0 0 0 0 0 0 0 0 0 0 0 0 0 0 0 0 0 0 0 0 0; 22 99 100 0 100 0 0 0 0 0 0 0 0 0 0 0 0 0 0 0 0 0 0 0 0 0 0 0 0 0 0 0 0 0 0 0 0 0 0 0; 98 96 17 63 0 23 0 0 0 0 0 0 0 0 0 0 0 0 0 0 0 0 0 0 0 0 0 0 0 0 0 0 0 0 0 0 0 0 0 0; 84 2 15 7 93 60 74 0 0 0 0 0 0 0 0 0 0 0 0 0 0 0 0 0 0 0 0 0 0 0 0 0 0 0 0 0 0 0 0 0; 91 2 99 100 0 100 9 94 0 0 0 0 0 0 0 0 0 0 0 0 0 0 0 0 0 0 0 0 0 0 0 0 0 0 0 0 0 0 0 0; 2 24 1 10 11 100 7 98 48 0 0 0 0 0 0 0 0 0 0 0 0 0 0 0 0 0 0 0 0 0 0 0 0 0 0 0 0 0 0 0; 93 12 100 92 100 100 8 10 15 100 0 0 0 0 0 0 0 0 0 0 0 0 0 0 0 0 0 0 0 0 0 0 0 0 0 0 0 0 0 0; 15 83 2 97 0 82 100 100 85 91 0 0 0 0 0 0 0 0 0 0 0 0 0 0 0 0 0 0 0 0 0 0 0 0 0 0 0 0 0 0; 98 2 100 10 90 96 92 100 11 100 100 3 0 0 0 0 0 0 0 0 0 0 0 0 0 0 0 0 0 0 0 0 0 0 0 0 0 0 0 0; 13 18 75 100 93 15 95 100 12 2 3 0 100 0 0 0 0 0 0 0 0 0 0 0 0 0 0 0 0 0 0 0 0 0 0 0 0 0 0 0; 3 93 73 95 100 60 18 2 45 15 98 30 9 97 0 0 0 0 0 0 0 0 0 0 0 0 0 0 0 0 0 0 0 0 0 0 0 0 0 0; 100 20 7 93 100 98 100 100 100 20 100 95 91 31 30 0 0 0 0 0 0 0 0 0 0 0 0 0 0 0 0 0 0 0 0 0 0 0 0 0; 1 99 75 0 97 34 8 16 1 92 76 100 2 99 11 10 0 0 0 0 0 0 0 0 0 0 0 0 0 0 0 0 0 0 0 0 0 0 0 0; 100 16 92 96 100 100 1 8 3 11 92 6 100 82 22 38 100 0 0 0 0 0 0 0 0 0 0 0 0 0 0 0 0 0 0 0 0 0 0 0; 100 99 99 80 21 68 73 77 13 32 4 63 11 5 99 95 91 93 0 0 0 0 0 0 0 0 0 0 0 0 0 0 0 0 0 0 0 0 0 0; 0 8 100 18 97 6 100 58 72 74 0 8 100 23 91 70 100 94 86 0 0 0 0 0 0 0 0 0 0 0 0 0 0 0 0 0 0 0 0 0; 92 100 35 100 62 5 93 100 89 6 100 98 100 2 100 67 31 100 100 88 0 0 0 0 0 0 0 0 0 0 0 0 0 0 0 0 0 0 0 0; 26 0 8 100 0 17 96 6 90 99 74 6 83 100 98 16 72 25 5 87 16 0 0 0 0 0 0 0 0 0 0 0 0 0 0 0 0 0 0 0; 100 77 99 100 87 0 100 90 92 100 74 75 4 4 100 77 81 78 17 100 36 97 0 0 0 0 0 0 0 0 0 0 0 0 0 0 0 0 0 0; 8 6 100 81 28 18 2 75 100 89 100 97 1 22 96 7 33 40 2 100 85 7 96 0 0 0 0 0 0 0 0 0 0 0 0 0 0 0 0 0; 90 96 28 27 23 81 33 100 100 100 91 20 100 100 98 98 96 92 81 1 6 59 4 100 0 0 0 0 0 0 0 0 0 0 0 0 0 0 0 0; 98 4 100 3 87 0 8 88 100 15 100 70 97 2 99 100 95 100 91 87 100 100 100 100 92 0 0 0 0 0 0 0 0 0 0 0 0 0 0 0; 21 1 100 85 100 89 9 73 18 18 100 99 10 100 82 99 34 100 100 20 100 100 100 25 100 79 0 0 0 0 0 0 0 0 0 0 0 0 0 0; 25 29 29 100 88 3 35 100 3 100 11 100 94 100 14 39 97 97 73 4 97 100 100 77 6 31 100 0 0 0 0 0 0 0 0 0 0 0 0 0; 100 7 100 62 100 100 100 0 77 22 94 95 82 93 100 73 100 100 30 78 1 100 33 8 71 100 77 10 0 0 0 0 0 0 0 0 0 0 0 0; 100 87 1 0 72 100 98 100 32 26 82 83 34 0 100 98 100 70 100 65 26 77 22 100 100 100 100 99 100 0 0 0 0 0 0 0 0 0 0 0; 94 100 1 1 0 100 91 93 100 88 76 97 100 97 100 100 4 4 97 87 97 4 3 0 100 81 100 100 87 100 0 0 0 0 0 0 0 0 0 0; 98 100 0 27 100 83 94 22 10 21 100 86 82 92 100 100 0 100 67 20 83 6 76 41 30 0 11 5 82 45 9 0 0 0 0 0 0 0 0 0; 77 24 0 99 100 88 25 29 4 31 84 5 100 7 76 99 13 100 78 1 79 85 100 4 81 97 93 97 7 100 100 100 0 0 0 0 0 0 0 0; 13 98 100 12 88 3 100 83 98 94 39 80 15 100 100 24 6 100 12 100 77 13 100 22 2 100 5 20 12 100 92 100 21 0 0 0 0 0 0 0; 19 95 12 9 99 90 6 9 0 87 86 91 0 100 93 14 2 90 100 100 100 3 23 100 20 19 83 10 10 100 100 0 25 100 0 0 0 0 0 0; 93 85 65 96 0 100 81 28 100 100 23 100 0 94 98 100 100 92 68 100 100 0 16 0 17 20 13 100 11 90 24 71 100 0 13 0 0 0 0 0; 2 96 76 86 5 100 0 15 98 92 10 12 0 26 100 100 63 98 0 100 6 7 71 100 100 89 4 99 12 88 91 81 17 92 100 100 0 0 0 0; 86 94 98 89 2 100 97 98 86 57 93 4 100 15 92 94 100 100 92 14 70 2 5 100 97 77 35 8 100 100 100 100 100 100 17 93 6 0 0 0; 5 100 100 4 11 100 100 1 19 100 1 95 77 96 100 100 4 95 100 2 100 22 57 2 29 89 10 66 100 96 45 77 24 4 94 78 94 89 0 0; 98 99 100 1 88 100 19 23 24 4 100 100 89 69 99 100 72 100 99 82 26 100 91 72 0 94 2 98 4 2 100 98 85 95 5 90 10 75 100 0; 85 100 1 25 34 2 95 100 86 91 100 100 100 7 94 64 2 14 91 78 93 40 20 100 95 0 100 6 100 69 1 100 9 99 89 15 100 100 17 99]
