n=40
density=50
Q1=[91 0 0 0 0 0 0 0 0 0 0 0 0 0 0 0 0 0 0 0 0 0 0 0 0 0 0 0 0 0 0 0 0 0 0 0 0 0 0 0 ;
0 89 0 0 0 0 0 0 0 0 0 0 0 0 0 0 0 0 0 0 0 0 0 0 0 0 0 0 0 0 0 0 0 0 0 0 0 0 0 0 ;
0 0 0 0 0 0 0 0 0 0 0 0 0 0 0 0 0 0 0 0 0 0 0 0 0 0 0 0 0 0 0 0 0 0 0 0 0 0 0 0 ;
0 0 0 0 0 0 0 0 0 0 0 0 0 0 0 0 0 0 0 0 0 0 0 0 0 0 0 0 0 0 0 0 0 0 0 0 0 0 0 0 ;
0 5 0 44 52 0 0 0 0 0 0 0 0 0 0 0 0 0 0 0 0 0 0 0 0 0 0 0 0 0 0 0 0 0 0 0 0 0 0 0 ;
0 83 0 0 65 95 0 0 0 0 0 0 0 0 0 0 0 0 0 0 0 0 0 0 0 0 0 0 0 0 0 0 0 0 0 0 0 0 0 0 ;
0 59 38 0 0 100 97 0 0 0 0 0 0 0 0 0 0 0 0 0 0 0 0 0 0 0 0 0 0 0 0 0 0 0 0 0 0 0 0 0 ;
7 0 43 0 6 0 83 69 0 0 0 0 0 0 0 0 0 0 0 0 0 0 0 0 0 0 0 0 0 0 0 0 0 0 0 0 0 0 0 0 ;
0 0 0 97 68 72 0 0 62 0 0 0 0 0 0 0 0 0 0 0 0 0 0 0 0 0 0 0 0 0 0 0 0 0 0 0 0 0 0 0 ;
71 0 36 21 0 17 0 0 0 0 0 0 0 0 0 0 0 0 0 0 0 0 0 0 0 0 0 0 0 0 0 0 0 0 0 0 0 0 0 0 ;
56 57 5 85 10 64 23 64 0 35 30 0 0 0 0 0 0 0 0 0 0 0 0 0 0 0 0 0 0 0 0 0 0 0 0 0 0 0 0 0 ;
0 25 51 1 0 57 39 0 0 0 66 19 0 0 0 0 0 0 0 0 0 0 0 0 0 0 0 0 0 0 0 0 0 0 0 0 0 0 0 0 ;
0 45 11 12 4 8 0 94 0 82 87 0 87 0 0 0 0 0 0 0 0 0 0 0 0 0 0 0 0 0 0 0 0 0 0 0 0 0 0 0 ;
39 0 60 0 0 0 5 0 0 0 0 68 38 0 0 0 0 0 0 0 0 0 0 0 0 0 0 0 0 0 0 0 0 0 0 0 0 0 0 0 ;
0 0 62 0 91 38 0 0 85 53 39 82 69 0 0 0 0 0 0 0 0 0 0 0 0 0 0 0 0 0 0 0 0 0 0 0 0 0 0 0 ;
100 87 17 47 0 0 81 58 57 0 19 0 5 0 55 0 0 0 0 0 0 0 0 0 0 0 0 0 0 0 0 0 0 0 0 0 0 0 0 0 ;
0 0 0 0 0 0 40 0 0 51 84 6 83 63 0 0 36 0 0 0 0 0 0 0 0 0 0 0 0 0 0 0 0 0 0 0 0 0 0 0 ;
0 0 94 97 0 0 88 0 0 17 19 0 54 0 80 0 0 0 0 0 0 0 0 0 0 0 0 0 0 0 0 0 0 0 0 0 0 0 0 0 ;
0 0 0 47 89 58 4 0 97 81 50 51 89 64 7 36 79 0 0 0 0 0 0 0 0 0 0 0 0 0 0 0 0 0 0 0 0 0 0 0 ;
0 97 2 0 0 0 0 0 0 21 0 19 86 0 0 78 8 33 47 38 0 0 0 0 0 0 0 0 0 0 0 0 0 0 0 0 0 0 0 0 ;
96 0 0 0 0 0 80 0 69 0 87 11 0 0 0 39 0 0 0 18 0 0 0 0 0 0 0 0 0 0 0 0 0 0 0 0 0 0 0 0 ;
0 29 0 0 0 0 0 48 0 0 0 43 0 0 76 0 78 89 0 45 12 0 0 0 0 0 0 0 0 0 0 0 0 0 0 0 0 0 0 0 ;
91 0 0 33 0 35 0 19 12 22 0 0 31 58 57 0 0 0 92 0 0 12 42 0 0 0 0 0 0 0 0 0 0 0 0 0 0 0 0 0 ;
0 88 26 39 44 0 74 0 0 0 25 90 37 73 85 0 0 71 72 96 0 0 0 0 0 0 0 0 0 0 0 0 0 0 0 0 0 0 0 0 ;
0 0 11 44 46 24 46 0 0 0 19 0 28 0 0 0 86 65 42 0 76 0 53 0 11 0 0 0 0 0 0 0 0 0 0 0 0 0 0 0 ;
69 11 61 0 0 0 17 93 0 17 11 26 7 40 86 54 57 0 65 0 0 5 73 0 0 0 0 0 0 0 0 0 0 0 0 0 0 0 0 0 ;
7 99 77 66 33 47 0 57 53 29 0 49 0 23 76 22 0 0 10 0 93 0 71 6 24 52 0 0 0 0 0 0 0 0 0 0 0 0 0 0 ;
0 0 26 8 58 91 17 0 18 76 89 69 0 18 9 52 0 0 19 0 67 81 61 54 0 0 32 42 0 0 0 0 0 0 0 0 0 0 0 0 ;
0 45 76 0 0 46 6 83 31 68 0 90 36 47 0 0 0 4 0 0 0 0 95 0 0 13 0 60 0 0 0 0 0 0 0 0 0 0 0 0 ;
73 23 0 0 0 67 11 0 0 0 0 0 0 0 0 0 0 0 83 36 0 0 0 0 0 4 0 27 92 0 0 0 0 0 0 0 0 0 0 0 ;
0 0 0 46 76 90 13 0 49 0 77 28 0 13 0 9 86 0 0 0 47 0 50 0 0 73 0 61 92 5 0 0 0 0 0 0 0 0 0 0 ;
39 0 0 0 36 0 91 0 29 0 96 0 16 0 24 0 0 42 0 0 0 0 0 77 37 85 0 72 0 23 0 75 0 0 0 0 0 0 0 0 ;
37 23 11 2 0 0 97 0 83 0 95 64 0 0 22 0 0 32 41 0 38 87 0 0 0 99 0 85 52 0 0 9 93 0 0 0 0 0 0 0 ;
74 12 54 0 53 73 54 0 0 0 3 44 39 78 0 99 5 0 0 52 0 0 0 48 84 16 0 99 95 0 77 76 73 0 0 0 0 0 0 0 ;
23 0 3 60 56 0 0 0 0 0 0 65 0 53 30 25 0 0 0 0 96 0 0 9 0 0 0 20 0 0 0 82 0 70 0 0 0 0 0 0 ;
0 69 0 99 27 88 5 0 79 60 65 0 47 0 0 0 0 0 0 44 22 43 0 11 0 35 29 94 82 48 75 0 63 99 0 0 0 0 0 0 ;
0 51 0 0 0 65 89 27 0 0 0 13 0 51 98 0 0 46 27 84 7 59 0 37 0 12 38 42 5 87 0 43 0 0 0 0 94 0 0 0 ;
38 0 0 0 0 24 0 85 0 0 0 47 0 0 69 19 0 0 0 69 0 0 0 0 58 0 44 0 93 95 70 15 0 0 0 0 55 14 0 0 ;
28 0 0 80 91 0 96 53 91 12 0 55 100 0 0 0 30 82 0 28 41 2 96 48 57 0 0 56 53 0 0 71 77 87 16 0 0 2 0 0 ;
0 0 63 78 0 0 68 65 0 65 73 4 0 0 49 0 0 0 0 0 0 0 0 87 0 62 0 0 0 0 0 92 17 0 47 77 3 0 59 26 ]
w=[49, 22, 12, 36, 47, 31, 13, 46, 19, 41, 33, 38, 22, 29, 47, 6, 3, 48, 1, 31, 24, 23, 4, 4, 4, 3, 28, 19, 4, 26, 32, 15, 49, 10, 41, 44, 12, 30, 20, 8]
W=87 
k=4 
