n=40
density=25
Q1=[0 0 0 0 0 0 0 0 0 0 0 0 0 0 0 0 0 0 0 0 0 0 0 0 0 0 0 0 0 0 0 0 0 0 0 0 0 0 0 0 ;
53 59 0 0 0 0 0 0 0 0 0 0 0 0 0 0 0 0 0 0 0 0 0 0 0 0 0 0 0 0 0 0 0 0 0 0 0 0 0 0 ;
13 42 0 0 0 0 0 0 0 0 0 0 0 0 0 0 0 0 0 0 0 0 0 0 0 0 0 0 0 0 0 0 0 0 0 0 0 0 0 0 ;
84 0 0 0 0 0 0 0 0 0 0 0 0 0 0 0 0 0 0 0 0 0 0 0 0 0 0 0 0 0 0 0 0 0 0 0 0 0 0 0 ;
0 0 0 0 0 0 0 0 0 0 0 0 0 0 0 0 0 0 0 0 0 0 0 0 0 0 0 0 0 0 0 0 0 0 0 0 0 0 0 0 ;
0 89 0 0 0 0 0 0 0 0 0 0 0 0 0 0 0 0 0 0 0 0 0 0 0 0 0 0 0 0 0 0 0 0 0 0 0 0 0 0 ;
0 17 0 27 34 56 33 0 0 0 0 0 0 0 0 0 0 0 0 0 0 0 0 0 0 0 0 0 0 0 0 0 0 0 0 0 0 0 0 0 ;
0 0 20 0 59 0 0 0 0 0 0 0 0 0 0 0 0 0 0 0 0 0 0 0 0 0 0 0 0 0 0 0 0 0 0 0 0 0 0 0 ;
48 0 0 0 83 7 0 0 74 0 0 0 0 0 0 0 0 0 0 0 0 0 0 0 0 0 0 0 0 0 0 0 0 0 0 0 0 0 0 0 ;
33 0 74 0 35 0 0 0 92 100 0 0 0 0 0 0 0 0 0 0 0 0 0 0 0 0 0 0 0 0 0 0 0 0 0 0 0 0 0 0 ;
84 0 14 35 0 0 0 0 0 0 26 0 0 0 0 0 0 0 0 0 0 0 0 0 0 0 0 0 0 0 0 0 0 0 0 0 0 0 0 0 ;
0 0 0 0 0 0 0 0 70 0 0 0 0 0 0 0 0 0 0 0 0 0 0 0 0 0 0 0 0 0 0 0 0 0 0 0 0 0 0 0 ;
0 0 0 0 3 0 0 31 100 0 0 0 0 0 0 0 0 0 0 0 0 0 0 0 0 0 0 0 0 0 0 0 0 0 0 0 0 0 0 0 ;
0 73 26 0 0 0 0 0 0 44 32 49 39 0 0 0 0 0 0 0 0 0 0 0 0 0 0 0 0 0 0 0 0 0 0 0 0 0 0 0 ;
5 0 0 0 0 0 0 15 0 0 0 0 66 48 85 0 0 0 0 0 0 0 0 0 0 0 0 0 0 0 0 0 0 0 0 0 0 0 0 0 ;
0 0 0 0 0 0 0 0 0 0 0 0 0 26 0 44 0 0 0 0 0 0 0 0 0 0 0 0 0 0 0 0 0 0 0 0 0 0 0 0 ;
0 0 0 0 0 0 0 0 0 0 0 80 0 0 0 0 0 0 0 0 0 0 0 0 0 0 0 0 0 0 0 0 0 0 0 0 0 0 0 0 ;
0 67 0 0 0 0 0 65 0 0 0 22 0 0 0 0 0 0 0 0 0 0 0 0 0 0 0 0 0 0 0 0 0 0 0 0 0 0 0 0 ;
0 0 62 0 0 0 0 0 79 0 66 0 0 19 0 23 0 0 0 0 0 0 0 0 0 0 0 0 0 0 0 0 0 0 0 0 0 0 0 0 ;
0 0 79 0 0 37 71 0 31 0 0 0 0 28 81 0 44 0 0 0 0 0 0 0 0 0 0 0 0 0 0 0 0 0 0 0 0 0 0 0 ;
15 0 0 0 0 0 0 0 29 0 37 90 0 0 0 0 0 0 79 0 0 0 0 0 0 0 0 0 0 0 0 0 0 0 0 0 0 0 0 0 ;
78 0 0 0 0 0 0 0 0 0 0 0 0 72 0 0 0 0 0 0 0 0 0 0 0 0 0 0 0 0 0 0 0 0 0 0 0 0 0 0 ;
0 0 0 0 0 0 0 0 0 0 0 0 94 0 69 0 0 0 0 84 72 16 92 0 0 0 0 0 0 0 0 0 0 0 0 0 0 0 0 0 ;
95 0 0 0 0 0 0 27 55 0 0 0 0 50 0 0 0 0 22 0 0 0 0 0 0 0 0 0 0 0 0 0 0 0 0 0 0 0 0 0 ;
0 0 0 0 0 0 0 93 43 0 26 12 0 0 0 0 0 28 20 12 0 0 29 0 0 0 0 0 0 0 0 0 0 0 0 0 0 0 0 0 ;
34 79 0 32 0 30 0 0 0 0 0 0 60 0 0 0 0 0 31 0 0 0 0 81 0 46 0 0 0 0 0 0 0 0 0 0 0 0 0 0 ;
59 53 0 0 0 0 0 0 0 60 0 0 28 0 0 0 0 50 0 0 37 5 31 0 0 0 95 0 0 0 0 0 0 0 0 0 0 0 0 0 ;
0 0 0 0 0 22 0 0 0 0 0 36 0 0 31 0 0 80 0 0 0 0 0 0 0 34 0 0 0 0 0 0 0 0 0 0 0 0 0 0 ;
0 0 0 0 0 51 0 0 0 0 0 0 0 0 0 0 81 0 39 0 94 0 0 0 17 0 0 0 0 0 0 0 0 0 0 0 0 0 0 0 ;
34 69 0 0 26 0 0 0 0 0 0 0 59 0 0 0 0 0 0 0 10 0 0 0 70 0 0 16 8 0 0 0 0 0 0 0 0 0 0 0 ;
48 0 0 10 0 48 0 0 88 0 0 0 77 0 0 7 0 0 0 0 63 4 0 0 0 0 0 0 0 20 0 0 0 0 0 0 0 0 0 0 ;
0 0 18 0 0 0 0 43 0 0 0 0 0 0 0 91 0 0 0 0 50 0 11 0 0 0 45 0 52 0 0 0 0 0 0 0 0 0 0 0 ;
0 20 0 0 33 0 0 0 0 0 0 0 0 0 38 0 0 0 0 0 62 0 0 13 0 0 78 0 0 0 0 0 0 0 0 0 0 0 0 0 ;
0 3 0 19 0 12 0 0 0 0 0 0 79 0 0 0 0 53 59 0 0 0 57 0 0 0 0 45 39 0 0 0 0 0 0 0 0 0 0 0 ;
0 62 0 0 75 0 0 94 0 0 0 0 0 0 66 29 0 0 46 0 0 0 72 0 0 0 0 0 0 0 0 91 2 90 0 0 0 0 0 0 ;
0 0 89 0 0 68 0 1 0 0 0 0 0 0 0 0 100 0 0 0 0 0 0 0 1 0 0 1 0 0 0 0 0 0 0 0 0 0 0 0 ;
9 0 83 0 0 0 51 0 0 0 0 0 52 0 0 0 16 0 0 69 59 0 0 0 0 74 0 93 0 0 0 0 7 0 0 0 0 0 0 0 ;
0 46 0 82 82 0 93 0 0 0 15 0 67 26 0 0 0 0 0 0 0 0 46 35 0 0 0 0 63 0 0 0 0 0 43 0 0 0 0 0 ;
18 14 0 88 51 0 0 0 0 0 76 53 0 0 0 0 0 0 40 0 0 0 0 0 0 0 0 0 0 82 0 0 0 0 0 0 0 0 97 0 ;
34 0 16 0 59 0 0 0 73 0 0 0 0 0 0 0 0 0 86 0 0 0 0 54 0 0 10 0 0 0 0 0 0 0 0 0 0 0 0 0 ]
w=[29, 18, 12, 9, 3, 38, 1, 44, 12, 48, 41, 21, 42, 48, 34, 19, 3, 12, 46, 22, 4, 31, 26, 13, 44, 42, 42, 44, 13, 26, 14, 6, 4, 28, 11, 17, 20, 22, 35, 45]
W=66 
k=5 
inst_name = "QKP_40_100_25" 
feasible = true 
Q2=[100 0 0 0 0 0 0 0 0 0 0 0 0 0 0 0 0 0 0 0 0 0 0 0 0 0 0 0 0 0 0 0 0 0 0 0 0 0 0 0; 4 31 0 0 0 0 0 0 0 0 0 0 0 0 0 0 0 0 0 0 0 0 0 0 0 0 0 0 0 0 0 0 0 0 0 0 0 0 0 0; 89 72 100 0 0 0 0 0 0 0 0 0 0 0 0 0 0 0 0 0 0 0 0 0 0 0 0 0 0 0 0 0 0 0 0 0 0 0 0 0; 11 100 100 100 0 0 0 0 0 0 0 0 0 0 0 0 0 0 0 0 0 0 0 0 0 0 0 0 0 0 0 0 0 0 0 0 0 0 0 0; 100 100 100 100 100 0 0 0 0 0 0 0 0 0 0 0 0 0 0 0 0 0 0 0 0 0 0 0 0 0 0 0 0 0 0 0 0 0 0 0; 100 4 100 100 100 100 0 0 0 0 0 0 0 0 0 0 0 0 0 0 0 0 0 0 0 0 0 0 0 0 0 0 0 0 0 0 0 0 0 0; 100 88 100 95 89 4 83 0 0 0 0 0 0 0 0 0 0 0 0 0 0 0 0 0 0 0 0 0 0 0 0 0 0 0 0 0 0 0 0 0; 100 100 99 100 5 100 100 100 0 0 0 0 0 0 0 0 0 0 0 0 0 0 0 0 0 0 0 0 0 0 0 0 0 0 0 0 0 0 0 0; 77 100 100 100 0 97 100 100 8 0 0 0 0 0 0 0 0 0 0 0 0 0 0 0 0 0 0 0 0 0 0 0 0 0 0 0 0 0 0 0; 92 100 21 100 79 100 100 100 6 0 0 0 0 0 0 0 0 0 0 0 0 0 0 0 0 0 0 0 0 0 0 0 0 0 0 0 0 0 0 0; 15 100 86 71 100 100 100 100 100 100 74 0 0 0 0 0 0 0 0 0 0 0 0 0 0 0 0 0 0 0 0 0 0 0 0 0 0 0 0 0; 100 100 100 100 100 100 100 100 24 100 100 100 0 0 0 0 0 0 0 0 0 0 0 0 0 0 0 0 0 0 0 0 0 0 0 0 0 0 0 0; 100 100 100 100 99 100 100 81 0 100 100 100 100 0 0 0 0 0 0 0 0 0 0 0 0 0 0 0 0 0 0 0 0 0 0 0 0 0 0 0; 100 10 94 100 100 100 100 100 100 87 84 78 98 100 0 0 0 0 0 0 0 0 0 0 0 0 0 0 0 0 0 0 0 0 0 0 0 0 0 0; 96 100 100 100 100 100 100 100 100 100 100 100 24 94 12 0 0 0 0 0 0 0 0 0 0 0 0 0 0 0 0 0 0 0 0 0 0 0 0 0; 100 100 100 100 100 100 100 100 100 100 100 100 100 81 100 57 0 0 0 0 0 0 0 0 0 0 0 0 0 0 0 0 0 0 0 0 0 0 0 0; 100 100 100 100 100 100 100 100 100 100 100 16 100 100 100 100 100 0 0 0 0 0 0 0 0 0 0 0 0 0 0 0 0 0 0 0 0 0 0 0; 100 20 100 100 100 100 100 29 100 100 100 87 100 100 100 100 100 100 0 0 0 0 0 0 0 0 0 0 0 0 0 0 0 0 0 0 0 0 0 0; 100 100 12 100 100 100 100 100 19 100 16 100 100 91 100 89 100 100 100 0 0 0 0 0 0 0 0 0 0 0 0 0 0 0 0 0 0 0 0 0; 100 100 11 100 100 77 3 100 96 100 100 100 100 87 1 100 86 100 100 100 0 0 0 0 0 0 0 0 0 0 0 0 0 0 0 0 0 0 0 0; 89 100 100 100 100 100 100 100 92 100 85 4 100 100 100 100 100 100 9 100 100 0 0 0 0 0 0 0 0 0 0 0 0 0 0 0 0 0 0 0; 7 100 100 100 100 100 100 100 100 100 100 100 100 16 100 100 100 100 100 100 100 100 0 0 0 0 0 0 0 0 0 0 0 0 0 0 0 0 0 0; 100 100 100 100 100 100 100 100 100 100 100 100 0 100 15 100 100 100 100 5 28 92 6 0 0 0 0 0 0 0 0 0 0 0 0 0 0 0 0 0; 0 100 100 100 100 100 100 74 6 100 100 100 100 8 100 100 100 100 88 100 100 100 100 100 0 0 0 0 0 0 0 0 0 0 0 0 0 0 0 0; 100 100 100 100 100 100 100 1 100 100 98 95 100 100 100 100 100 73 100 88 100 100 98 100 100 0 0 0 0 0 0 0 0 0 0 0 0 0 0 0; 66 14 100 92 100 71 100 100 100 100 100 100 13 100 100 100 100 100 94 100 100 100 100 13 100 92 0 0 0 0 0 0 0 0 0 0 0 0 0 0; 40 2 100 100 100 100 100 100 100 1 100 100 84 100 100 100 100 49 100 100 69 99 81 100 100 100 0 0 0 0 0 0 0 0 0 0 0 0 0 0; 100 100 100 100 100 98 100 100 100 100 100 81 100 100 79 100 100 3 100 100 100 100 100 100 100 98 100 100 0 0 0 0 0 0 0 0 0 0 0 0; 100 100 100 100 100 32 100 100 100 100 100 100 100 100 100 100 13 100 68 100 1 100 100 100 95 100 100 100 100 0 0 0 0 0 0 0 0 0 0 0; 68 30 100 100 91 100 100 100 100 100 100 100 18 100 100 100 100 100 100 100 93 100 100 100 1 100 100 96 96 100 0 0 0 0 0 0 0 0 0 0; 65 100 100 90 100 88 100 100 1 100 100 100 4 100 100 95 100 100 100 100 6 100 100 100 100 100 100 100 100 83 100 0 0 0 0 0 0 0 0 0; 100 100 95 100 100 100 100 67 100 100 100 100 100 100 100 1 100 100 100 100 45 100 98 100 100 100 89 100 11 100 100 100 0 0 0 0 0 0 0 0; 100 88 100 100 96 100 100 100 100 100 100 100 100 100 73 100 100 100 100 100 1 100 100 94 100 100 16 100 100 100 100 100 100 0 0 0 0 0 0 0; 100 99 100 88 100 97 100 100 100 100 100 100 12 100 100 100 100 43 38 100 100 100 41 100 100 100 100 56 72 100 100 100 100 100 0 0 0 0 0 0; 100 9 100 100 9 100 100 5 100 100 100 100 100 100 28 78 100 100 89 100 100 100 15 100 100 100 100 100 100 100 100 4 99 9 100 0 0 0 0 0; 100 100 9 100 100 0 100 100 100 100 100 100 100 100 100 100 0 100 100 100 100 100 100 100 99 100 100 99 100 100 100 100 100 100 100 100 0 0 0 0; 98 100 17 100 100 100 39 100 100 100 100 100 41 100 100 100 97 100 100 27 16 100 100 100 100 5 100 6 100 100 100 100 98 100 100 100 100 0 0 0; 100 64 100 0 2 100 5 100 100 100 92 100 16 86 100 100 100 100 100 100 100 100 63 75 100 100 100 100 8 100 100 100 100 100 100 100 100 100 0 0; 93 93 100 3 17 100 100 100 100 100 24 16 100 100 100 100 100 100 67 100 100 100 100 100 100 100 100 100 100 14 100 100 100 100 100 100 100 100 3 0; 97 100 85 100 21 100 100 100 13 100 100 100 100 100 100 100 100 100 11 100 100 100 100 18 100 100 97 100 100 100 100 100 100 100 100 100 100 100 100 100]
