n=45
density=100
Q1=[46 0 0 0 0 0 0 0 0 0 0 0 0 0 0 0 0 0 0 0 0 0 0 0 0 0 0 0 0 0 0 0 0 0 0 0 0 0 0 0 0 0 0 0 0 ;
34 15 0 0 0 0 0 0 0 0 0 0 0 0 0 0 0 0 0 0 0 0 0 0 0 0 0 0 0 0 0 0 0 0 0 0 0 0 0 0 0 0 0 0 0 ;
66 37 46 0 0 0 0 0 0 0 0 0 0 0 0 0 0 0 0 0 0 0 0 0 0 0 0 0 0 0 0 0 0 0 0 0 0 0 0 0 0 0 0 0 0 ;
21 82 36 35 0 0 0 0 0 0 0 0 0 0 0 0 0 0 0 0 0 0 0 0 0 0 0 0 0 0 0 0 0 0 0 0 0 0 0 0 0 0 0 0 0 ;
87 18 7 8 90 0 0 0 0 0 0 0 0 0 0 0 0 0 0 0 0 0 0 0 0 0 0 0 0 0 0 0 0 0 0 0 0 0 0 0 0 0 0 0 0 ;
69 22 45 8 64 43 0 0 0 0 0 0 0 0 0 0 0 0 0 0 0 0 0 0 0 0 0 0 0 0 0 0 0 0 0 0 0 0 0 0 0 0 0 0 0 ;
85 91 76 16 74 85 45 0 0 0 0 0 0 0 0 0 0 0 0 0 0 0 0 0 0 0 0 0 0 0 0 0 0 0 0 0 0 0 0 0 0 0 0 0 0 ;
88 53 44 29 16 33 40 75 0 0 0 0 0 0 0 0 0 0 0 0 0 0 0 0 0 0 0 0 0 0 0 0 0 0 0 0 0 0 0 0 0 0 0 0 0 ;
96 70 6 39 39 63 97 77 1 0 0 0 0 0 0 0 0 0 0 0 0 0 0 0 0 0 0 0 0 0 0 0 0 0 0 0 0 0 0 0 0 0 0 0 0 ;
79 44 61 88 57 8 57 7 4 10 0 0 0 0 0 0 0 0 0 0 0 0 0 0 0 0 0 0 0 0 0 0 0 0 0 0 0 0 0 0 0 0 0 0 0 ;
68 14 2 50 55 21 37 70 97 38 77 0 0 0 0 0 0 0 0 0 0 0 0 0 0 0 0 0 0 0 0 0 0 0 0 0 0 0 0 0 0 0 0 0 0 ;
50 31 72 93 83 67 13 75 58 6 23 30 0 0 0 0 0 0 0 0 0 0 0 0 0 0 0 0 0 0 0 0 0 0 0 0 0 0 0 0 0 0 0 0 0 ;
21 17 94 27 40 27 42 50 70 97 20 99 9 0 0 0 0 0 0 0 0 0 0 0 0 0 0 0 0 0 0 0 0 0 0 0 0 0 0 0 0 0 0 0 0 ;
32 20 9 68 50 28 17 62 15 43 43 37 55 3 0 0 0 0 0 0 0 0 0 0 0 0 0 0 0 0 0 0 0 0 0 0 0 0 0 0 0 0 0 0 0 ;
18 32 46 9 31 73 18 43 74 91 30 75 44 45 93 0 0 0 0 0 0 0 0 0 0 0 0 0 0 0 0 0 0 0 0 0 0 0 0 0 0 0 0 0 0 ;
99 87 98 85 63 100 69 62 45 23 98 100 27 49 99 7 0 0 0 0 0 0 0 0 0 0 0 0 0 0 0 0 0 0 0 0 0 0 0 0 0 0 0 0 0 ;
12 87 97 35 53 71 5 7 80 32 1 44 86 25 40 73 95 0 0 0 0 0 0 0 0 0 0 0 0 0 0 0 0 0 0 0 0 0 0 0 0 0 0 0 0 ;
6 58 21 26 67 72 74 9 75 90 41 34 95 27 98 69 86 44 0 0 0 0 0 0 0 0 0 0 0 0 0 0 0 0 0 0 0 0 0 0 0 0 0 0 0 ;
87 18 93 37 49 74 25 20 64 83 45 48 78 88 100 86 13 24 83 0 0 0 0 0 0 0 0 0 0 0 0 0 0 0 0 0 0 0 0 0 0 0 0 0 0 ;
91 37 39 3 95 1 16 78 11 89 28 96 43 81 90 91 72 100 73 34 0 0 0 0 0 0 0 0 0 0 0 0 0 0 0 0 0 0 0 0 0 0 0 0 0 ;
70 23 80 53 45 68 56 6 97 61 40 35 66 28 12 21 63 41 6 87 81 0 0 0 0 0 0 0 0 0 0 0 0 0 0 0 0 0 0 0 0 0 0 0 0 ;
9 11 90 75 58 66 44 80 75 83 41 34 75 17 20 12 83 25 47 41 23 19 0 0 0 0 0 0 0 0 0 0 0 0 0 0 0 0 0 0 0 0 0 0 0 ;
65 3 58 11 87 81 2 45 88 81 82 63 78 89 51 91 60 43 71 51 23 88 48 0 0 0 0 0 0 0 0 0 0 0 0 0 0 0 0 0 0 0 0 0 0 ;
37 59 90 68 88 30 99 87 38 38 70 76 60 35 50 25 23 8 75 49 68 19 54 6 0 0 0 0 0 0 0 0 0 0 0 0 0 0 0 0 0 0 0 0 0 ;
2 18 32 64 81 91 82 67 10 89 45 60 67 73 10 39 13 44 83 36 72 42 41 66 19 0 0 0 0 0 0 0 0 0 0 0 0 0 0 0 0 0 0 0 0 ;
92 16 9 34 66 80 84 23 64 62 17 95 100 8 4 80 4 65 87 3 55 34 42 25 81 26 0 0 0 0 0 0 0 0 0 0 0 0 0 0 0 0 0 0 0 ;
37 27 19 45 11 57 40 90 62 54 92 13 47 26 96 70 11 59 59 78 30 34 13 56 4 20 4 0 0 0 0 0 0 0 0 0 0 0 0 0 0 0 0 0 0 ;
59 78 60 69 52 12 38 53 8 33 94 67 6 4 58 90 6 22 43 15 73 93 3 18 47 12 16 88 0 0 0 0 0 0 0 0 0 0 0 0 0 0 0 0 0 ;
17 87 54 27 29 70 86 91 71 58 27 5 58 30 34 75 36 96 37 16 37 55 57 9 1 72 89 33 73 0 0 0 0 0 0 0 0 0 0 0 0 0 0 0 0 ;
49 33 57 47 38 6 51 14 55 34 25 34 49 94 64 78 30 6 62 37 28 23 10 84 72 27 91 32 81 35 0 0 0 0 0 0 0 0 0 0 0 0 0 0 0 ;
53 45 98 6 8 69 38 76 51 79 93 3 74 63 91 90 22 51 60 57 47 31 50 45 11 25 42 96 36 73 31 0 0 0 0 0 0 0 0 0 0 0 0 0 0 ;
44 16 81 18 10 69 45 98 85 57 52 32 53 74 79 54 15 1 97 34 72 37 85 26 41 64 40 70 51 98 33 90 0 0 0 0 0 0 0 0 0 0 0 0 0 ;
6 65 18 49 43 43 97 30 58 16 13 68 1 84 8 27 43 44 3 23 50 38 40 89 89 7 60 48 47 39 98 81 54 0 0 0 0 0 0 0 0 0 0 0 0 ;
7 66 14 73 53 88 85 94 12 46 87 61 51 75 44 19 6 65 5 10 8 84 6 39 94 55 26 39 8 47 68 99 28 37 0 0 0 0 0 0 0 0 0 0 0 ;
74 54 25 68 29 29 9 21 40 93 25 44 24 78 34 38 85 10 74 50 69 58 18 21 19 50 85 42 83 48 11 21 76 93 50 0 0 0 0 0 0 0 0 0 0 ;
44 58 3 38 68 91 21 48 71 60 18 11 12 79 74 4 30 80 35 15 24 86 37 15 36 29 51 18 77 44 48 100 63 10 18 97 0 0 0 0 0 0 0 0 0 ;
48 59 63 59 85 25 41 73 30 58 49 68 72 17 9 33 39 85 93 63 21 12 29 16 8 50 67 76 48 38 61 68 42 63 49 12 98 0 0 0 0 0 0 0 0 ;
24 31 34 9 46 74 60 24 87 1 11 80 64 74 19 74 75 70 47 96 59 6 90 15 48 31 52 49 45 63 81 34 91 45 15 29 16 87 0 0 0 0 0 0 0 ;
8 85 84 83 99 8 57 49 3 48 99 51 9 100 61 2 44 63 18 49 47 92 75 17 53 41 51 66 55 59 65 48 68 100 73 18 40 4 10 0 0 0 0 0 0 ;
88 29 91 89 92 63 9 63 95 63 37 55 47 19 50 4 35 3 57 19 5 66 65 76 13 28 42 35 64 30 36 84 75 83 10 69 59 31 1 33 0 0 0 0 0 ;
57 28 4 50 88 5 38 78 15 51 84 64 36 95 85 93 9 90 21 2 53 2 23 87 71 79 52 64 89 90 42 97 94 32 54 83 67 87 54 24 41 0 0 0 0 ;
77 68 37 17 79 98 61 76 72 41 70 72 89 79 24 16 9 5 56 56 50 39 94 65 57 63 68 78 29 78 26 58 21 55 73 89 90 5 74 46 84 10 0 0 0 ;
43 80 53 32 59 38 12 55 35 79 17 65 91 64 5 15 33 43 22 56 20 72 45 92 71 5 52 11 23 98 29 22 48 81 69 97 4 92 21 10 18 25 15 0 0 ;
86 77 44 67 25 72 96 99 66 39 33 57 97 22 9 50 51 80 58 30 80 15 80 8 22 13 48 35 9 67 20 24 31 30 9 27 19 67 15 61 23 8 89 88 0 ;
1 12 78 59 30 28 22 9 87 55 31 84 13 6 49 51 93 41 87 27 42 87 1 64 71 59 53 49 39 43 74 3 63 1 23 6 31 21 32 26 40 7 93 91 75 ]
w=[6, 10, 48, 29, 30, 16, 4, 22, 24, 25, 24, 20, 39, 28, 2, 40, 19, 49, 41, 3, 17, 46, 27, 4, 41, 23, 1, 23, 23, 30, 32, 50, 47, 25, 46, 13, 27, 16, 36, 37, 42, 25, 26, 49, 18]
W=82 
k=3 
