n=35
density=75
Q1=[29 0 0 0 0 0 0 0 0 0 0 0 0 0 0 0 0 0 0 0 0 0 0 0 0 0 0 0 0 0 0 0 0 0 0 ;
0 39 0 0 0 0 0 0 0 0 0 0 0 0 0 0 0 0 0 0 0 0 0 0 0 0 0 0 0 0 0 0 0 0 0 ;
61 0 0 0 0 0 0 0 0 0 0 0 0 0 0 0 0 0 0 0 0 0 0 0 0 0 0 0 0 0 0 0 0 0 0 ;
0 40 82 0 0 0 0 0 0 0 0 0 0 0 0 0 0 0 0 0 0 0 0 0 0 0 0 0 0 0 0 0 0 0 0 ;
76 16 0 82 1 0 0 0 0 0 0 0 0 0 0 0 0 0 0 0 0 0 0 0 0 0 0 0 0 0 0 0 0 0 0 ;
89 62 21 46 0 68 0 0 0 0 0 0 0 0 0 0 0 0 0 0 0 0 0 0 0 0 0 0 0 0 0 0 0 0 0 ;
48 0 35 55 24 41 0 0 0 0 0 0 0 0 0 0 0 0 0 0 0 0 0 0 0 0 0 0 0 0 0 0 0 0 0 ;
58 81 83 68 7 0 58 0 0 0 0 0 0 0 0 0 0 0 0 0 0 0 0 0 0 0 0 0 0 0 0 0 0 0 0 ;
0 68 100 26 89 30 7 76 4 0 0 0 0 0 0 0 0 0 0 0 0 0 0 0 0 0 0 0 0 0 0 0 0 0 0 ;
28 15 22 30 80 73 67 21 0 0 0 0 0 0 0 0 0 0 0 0 0 0 0 0 0 0 0 0 0 0 0 0 0 0 0 ;
0 0 3 45 53 0 57 0 0 45 83 0 0 0 0 0 0 0 0 0 0 0 0 0 0 0 0 0 0 0 0 0 0 0 0 ;
44 0 56 0 0 17 79 0 0 58 26 0 0 0 0 0 0 0 0 0 0 0 0 0 0 0 0 0 0 0 0 0 0 0 0 ;
91 0 0 0 0 81 0 65 60 35 38 0 42 0 0 0 0 0 0 0 0 0 0 0 0 0 0 0 0 0 0 0 0 0 0 ;
0 58 34 10 84 29 95 64 77 85 33 96 41 0 0 0 0 0 0 0 0 0 0 0 0 0 0 0 0 0 0 0 0 0 0 ;
0 64 7 91 51 91 16 9 0 54 83 12 0 95 85 0 0 0 0 0 0 0 0 0 0 0 0 0 0 0 0 0 0 0 0 ;
95 100 0 24 46 93 100 10 0 0 17 82 0 69 56 0 0 0 0 0 0 0 0 0 0 0 0 0 0 0 0 0 0 0 0 ;
58 0 35 43 89 70 51 65 50 11 5 8 0 50 71 62 29 0 0 0 0 0 0 0 0 0 0 0 0 0 0 0 0 0 0 ;
25 55 0 0 0 0 87 0 75 0 0 73 79 62 89 82 65 0 0 0 0 0 0 0 0 0 0 0 0 0 0 0 0 0 0 ;
89 23 60 14 0 64 0 31 99 38 34 7 87 64 0 1 76 0 0 0 0 0 0 0 0 0 0 0 0 0 0 0 0 0 0 ;
45 18 67 0 83 98 81 9 23 14 56 36 12 0 26 0 0 0 31 78 0 0 0 0 0 0 0 0 0 0 0 0 0 0 0 ;
39 19 69 9 10 46 28 0 91 0 50 0 47 0 0 31 13 17 11 86 2 0 0 0 0 0 0 0 0 0 0 0 0 0 0 ;
66 0 52 36 88 48 46 0 1 64 0 86 38 88 0 58 28 0 99 38 0 0 0 0 0 0 0 0 0 0 0 0 0 0 0 ;
80 99 26 95 0 5 70 74 67 29 0 0 44 5 0 0 20 25 0 23 0 77 11 0 0 0 0 0 0 0 0 0 0 0 0 ;
21 13 0 67 60 39 41 0 81 0 0 9 44 73 68 94 47 83 0 0 34 23 80 21 0 0 0 0 0 0 0 0 0 0 0 ;
80 0 84 92 71 0 68 0 31 91 1 49 65 0 62 50 82 33 0 24 0 35 66 65 0 0 0 0 0 0 0 0 0 0 0 ;
2 32 20 48 81 37 41 0 16 89 71 0 0 54 68 72 0 0 90 20 68 58 27 0 81 36 0 0 0 0 0 0 0 0 0 ;
91 0 24 85 100 0 11 3 24 83 70 96 78 59 46 45 8 24 0 83 9 0 76 47 71 1 100 0 0 0 0 0 0 0 0 ;
6 0 46 0 38 0 95 52 38 0 55 69 0 93 0 84 0 0 0 41 4 24 99 0 0 0 86 57 0 0 0 0 0 0 0 ;
91 0 24 9 62 20 53 0 92 0 92 53 28 0 0 91 22 13 75 73 30 0 37 24 80 0 0 32 3 0 0 0 0 0 0 ;
59 30 15 48 85 4 60 80 49 98 27 0 45 0 0 0 94 19 60 79 30 72 100 71 26 70 41 0 40 47 0 0 0 0 0 ;
4 31 96 0 26 79 2 20 33 0 57 89 0 63 0 25 37 68 85 16 0 61 0 35 0 42 91 30 25 20 90 0 0 0 0 ;
100 83 19 24 96 55 59 23 0 72 63 71 75 83 80 94 22 22 78 15 5 0 30 0 18 15 34 0 0 19 71 0 0 0 0 ;
32 0 12 0 0 43 43 78 0 0 35 0 62 78 86 79 57 22 0 0 0 44 73 84 41 6 72 0 73 37 7 79 49 0 0 ;
1 0 24 0 92 41 0 75 55 0 25 55 44 89 43 12 36 90 69 0 57 61 49 93 65 35 0 0 38 0 9 1 31 95 0 ;
37 41 94 70 0 70 0 62 48 87 49 94 0 0 0 35 0 0 0 53 43 0 8 0 21 31 0 0 0 30 0 27 58 77 43 ]
w=[39, 42, 14, 29, 11, 4, 45, 49, 26, 48, 47, 22, 1, 10, 6, 29, 50, 2, 12, 28, 18, 12, 50, 8, 43, 50, 50, 13, 11, 37, 49, 38, 1, 21, 29]
W=96 
k=4 
