n=40
density=50
Q1=[2 0 0 0 0 0 0 0 0 0 0 0 0 0 0 0 0 0 0 0 0 0 0 0 0 0 0 0 0 0 0 0 0 0 0 0 0 0 0 0 ;
0 0 0 0 0 0 0 0 0 0 0 0 0 0 0 0 0 0 0 0 0 0 0 0 0 0 0 0 0 0 0 0 0 0 0 0 0 0 0 0 ;
0 80 26 0 0 0 0 0 0 0 0 0 0 0 0 0 0 0 0 0 0 0 0 0 0 0 0 0 0 0 0 0 0 0 0 0 0 0 0 0 ;
86 60 0 78 0 0 0 0 0 0 0 0 0 0 0 0 0 0 0 0 0 0 0 0 0 0 0 0 0 0 0 0 0 0 0 0 0 0 0 0 ;
67 95 0 0 46 0 0 0 0 0 0 0 0 0 0 0 0 0 0 0 0 0 0 0 0 0 0 0 0 0 0 0 0 0 0 0 0 0 0 0 ;
0 60 10 0 0 87 0 0 0 0 0 0 0 0 0 0 0 0 0 0 0 0 0 0 0 0 0 0 0 0 0 0 0 0 0 0 0 0 0 0 ;
89 0 7 100 0 89 0 0 0 0 0 0 0 0 0 0 0 0 0 0 0 0 0 0 0 0 0 0 0 0 0 0 0 0 0 0 0 0 0 0 ;
6 24 0 0 0 0 98 100 0 0 0 0 0 0 0 0 0 0 0 0 0 0 0 0 0 0 0 0 0 0 0 0 0 0 0 0 0 0 0 0 ;
48 55 0 0 45 5 0 72 3 0 0 0 0 0 0 0 0 0 0 0 0 0 0 0 0 0 0 0 0 0 0 0 0 0 0 0 0 0 0 0 ;
20 30 58 43 51 91 0 98 0 33 0 0 0 0 0 0 0 0 0 0 0 0 0 0 0 0 0 0 0 0 0 0 0 0 0 0 0 0 0 0 ;
0 0 0 0 0 0 92 49 72 0 67 0 0 0 0 0 0 0 0 0 0 0 0 0 0 0 0 0 0 0 0 0 0 0 0 0 0 0 0 0 ;
0 36 39 0 55 68 0 62 35 17 9 34 0 0 0 0 0 0 0 0 0 0 0 0 0 0 0 0 0 0 0 0 0 0 0 0 0 0 0 0 ;
0 0 0 29 91 0 75 48 65 23 0 57 0 0 0 0 0 0 0 0 0 0 0 0 0 0 0 0 0 0 0 0 0 0 0 0 0 0 0 0 ;
88 0 10 0 90 0 34 0 0 60 0 0 38 31 0 0 0 0 0 0 0 0 0 0 0 0 0 0 0 0 0 0 0 0 0 0 0 0 0 0 ;
82 14 74 29 8 3 53 0 36 32 65 48 10 84 57 0 0 0 0 0 0 0 0 0 0 0 0 0 0 0 0 0 0 0 0 0 0 0 0 0 ;
0 0 0 75 11 0 85 0 31 0 0 97 53 35 19 0 0 0 0 0 0 0 0 0 0 0 0 0 0 0 0 0 0 0 0 0 0 0 0 0 ;
25 0 87 0 0 39 54 0 0 0 35 24 76 0 0 19 0 0 0 0 0 0 0 0 0 0 0 0 0 0 0 0 0 0 0 0 0 0 0 0 ;
85 0 84 0 81 0 76 0 0 0 0 39 0 0 82 0 0 0 0 0 0 0 0 0 0 0 0 0 0 0 0 0 0 0 0 0 0 0 0 0 ;
8 0 62 70 0 35 9 0 53 85 0 0 4 0 33 0 0 0 43 0 0 0 0 0 0 0 0 0 0 0 0 0 0 0 0 0 0 0 0 0 ;
100 0 9 3 46 18 49 70 0 11 92 0 21 43 0 0 33 0 54 0 0 0 0 0 0 0 0 0 0 0 0 0 0 0 0 0 0 0 0 0 ;
0 46 29 0 0 0 69 0 0 0 88 28 0 97 0 90 97 0 20 0 0 0 0 0 0 0 0 0 0 0 0 0 0 0 0 0 0 0 0 0 ;
0 48 50 0 73 0 0 0 45 20 0 37 0 0 0 70 0 79 0 0 9 48 0 0 0 0 0 0 0 0 0 0 0 0 0 0 0 0 0 0 ;
0 0 0 0 15 13 0 0 49 17 0 11 0 15 0 0 0 38 70 0 0 0 0 0 0 0 0 0 0 0 0 0 0 0 0 0 0 0 0 0 ;
97 33 0 11 9 0 0 0 0 0 88 0 29 38 5 0 93 0 61 0 2 31 61 0 0 0 0 0 0 0 0 0 0 0 0 0 0 0 0 0 ;
62 0 0 16 10 32 59 53 0 0 0 27 5 0 0 55 0 85 0 0 0 47 97 0 0 0 0 0 0 0 0 0 0 0 0 0 0 0 0 0 ;
62 0 0 0 0 17 71 86 19 0 0 0 0 0 59 20 31 0 0 46 35 0 13 83 0 29 0 0 0 0 0 0 0 0 0 0 0 0 0 0 ;
0 0 71 0 0 55 84 0 0 0 0 0 0 0 90 0 0 60 94 0 86 0 0 23 27 0 0 0 0 0 0 0 0 0 0 0 0 0 0 0 ;
24 95 46 57 0 0 0 17 0 0 0 32 91 0 4 18 26 66 76 52 65 79 50 0 0 0 0 0 0 0 0 0 0 0 0 0 0 0 0 0 ;
0 26 41 3 42 31 54 25 100 63 45 88 0 45 0 95 19 44 20 0 39 0 98 0 0 36 71 0 31 0 0 0 0 0 0 0 0 0 0 0 ;
69 23 0 69 0 92 0 41 38 0 3 99 63 78 0 24 34 19 0 0 57 7 0 52 99 19 0 0 0 0 0 0 0 0 0 0 0 0 0 0 ;
0 0 54 64 0 63 2 0 48 46 3 0 24 0 0 23 0 0 59 18 6 52 35 0 0 63 0 50 22 0 0 0 0 0 0 0 0 0 0 0 ;
0 0 0 0 73 0 0 21 0 96 0 0 0 4 0 0 0 93 82 0 0 0 39 69 0 0 0 0 0 0 0 0 0 0 0 0 0 0 0 0 ;
0 0 0 0 31 81 19 14 27 49 0 0 0 76 0 0 0 70 0 18 14 0 82 58 0 0 68 72 21 96 0 44 0 0 0 0 0 0 0 0 ;
0 0 39 52 0 0 33 0 17 0 45 65 0 50 0 0 0 70 51 86 23 94 33 66 0 0 42 100 86 22 0 64 0 0 0 0 0 0 0 0 ;
80 0 0 0 8 48 45 73 8 68 69 0 0 0 0 0 31 50 0 12 0 0 14 68 43 0 7 0 11 66 0 15 0 70 70 0 0 0 0 0 ;
0 8 0 51 0 95 38 25 0 49 0 66 56 16 17 87 0 24 96 0 0 6 10 69 0 0 54 0 0 0 0 60 0 74 79 0 0 0 0 0 ;
88 0 95 21 17 38 0 82 82 0 0 93 0 0 92 0 42 59 86 17 0 30 0 60 33 18 96 0 0 0 69 38 6 56 0 0 8 0 0 0 ;
83 2 81 0 0 63 0 83 0 0 0 83 47 53 75 0 67 0 0 0 88 0 63 26 0 97 5 0 14 0 54 0 0 0 0 40 0 0 0 0 ;
30 36 25 82 0 0 0 27 0 39 0 90 49 0 58 48 36 0 0 0 0 0 0 0 27 0 95 0 80 0 48 0 15 0 0 0 53 22 82 0 ;
28 0 9 0 46 90 1 0 33 0 0 0 0 16 0 0 0 0 2 41 0 28 82 0 85 0 84 15 45 100 13 0 46 0 0 84 7 0 81 0 ]
w=[38, 36, 13, 41, 29, 34, 2, 50, 26, 8, 47, 18, 2, 31, 1, 39, 4, 12, 25, 25, 28, 3, 32, 47, 49, 36, 2, 5, 8, 38, 24, 45, 16, 3, 37, 5, 44, 21, 28, 2]
W=54 
k=3 
inst_name = "QKP_40_100_50" 
feasible = true 
Q2=[100 0 0 0 0 0 0 0 0 0 0 0 0 0 0 0 0 0 0 0 0 0 0 0 0 0 0 0 0 0 0 0 0 0 0 0 0 0 0 0; 100 100 0 0 0 0 0 0 0 0 0 0 0 0 0 0 0 0 0 0 0 0 0 0 0 0 0 0 0 0 0 0 0 0 0 0 0 0 0 0; 100 1 99 0 0 0 0 0 0 0 0 0 0 0 0 0 0 0 0 0 0 0 0 0 0 0 0 0 0 0 0 0 0 0 0 0 0 0 0 0; 14 0 100 1 0 0 0 0 0 0 0 0 0 0 0 0 0 0 0 0 0 0 0 0 0 0 0 0 0 0 0 0 0 0 0 0 0 0 0 0; 11 1 100 100 63 0 0 0 0 0 0 0 0 0 0 0 0 0 0 0 0 0 0 0 0 0 0 0 0 0 0 0 0 0 0 0 0 0 0 0; 100 8 91 100 100 1 0 0 0 0 0 0 0 0 0 0 0 0 0 0 0 0 0 0 0 0 0 0 0 0 0 0 0 0 0 0 0 0 0 0; 4 100 93 0 100 5 100 0 0 0 0 0 0 0 0 0 0 0 0 0 0 0 0 0 0 0 0 0 0 0 0 0 0 0 0 0 0 0 0 0; 98 82 100 100 100 100 2 0 0 0 0 0 0 0 0 0 0 0 0 0 0 0 0 0 0 0 0 0 0 0 0 0 0 0 0 0 0 0 0 0; 71 34 100 100 65 96 100 11 98 0 0 0 0 0 0 0 0 0 0 0 0 0 0 0 0 0 0 0 0 0 0 0 0 0 0 0 0 0 0 0; 89 71 16 66 3 9 100 2 100 99 0 0 0 0 0 0 0 0 0 0 0 0 0 0 0 0 0 0 0 0 0 0 0 0 0 0 0 0 0 0; 100 100 100 100 100 100 1 98 13 100 3 0 0 0 0 0 0 0 0 0 0 0 0 0 0 0 0 0 0 0 0 0 0 0 0 0 0 0 0 0; 100 96 63 100 5 12 100 32 80 89 96 96 0 0 0 0 0 0 0 0 0 0 0 0 0 0 0 0 0 0 0 0 0 0 0 0 0 0 0 0; 100 100 100 75 3 100 11 96 1 92 100 20 100 0 0 0 0 0 0 0 0 0 0 0 0 0 0 0 0 0 0 0 0 0 0 0 0 0 0 0; 3 100 91 100 1 100 73 100 100 13 100 100 87 85 0 0 0 0 0 0 0 0 0 0 0 0 0 0 0 0 0 0 0 0 0 0 0 0 0 0; 2 91 18 80 95 98 0 100 64 99 16 55 99 15 7 0 0 0 0 0 0 0 0 0 0 0 0 0 0 0 0 0 0 0 0 0 0 0 0 0; 100 100 100 8 97 100 9 100 74 100 100 2 18 79 99 100 0 0 0 0 0 0 0 0 0 0 0 0 0 0 0 0 0 0 0 0 0 0 0 0; 93 100 6 100 100 69 13 100 100 100 83 77 8 100 100 82 100 0 0 0 0 0 0 0 0 0 0 0 0 0 0 0 0 0 0 0 0 0 0 0; 2 100 16 100 17 100 8 100 100 100 100 80 100 100 2 100 100 100 0 0 0 0 0 0 0 0 0 0 0 0 0 0 0 0 0 0 0 0 0 0; 99 100 35 27 100 85 92 100 36 2 100 100 96 100 72 100 100 100 97 0 0 0 0 0 0 0 0 0 0 0 0 0 0 0 0 0 0 0 0 0; 0 100 98 97 100 99 90 14 100 91 6 100 83 67 100 100 87 100 5 100 0 0 0 0 0 0 0 0 0 0 0 0 0 0 0 0 0 0 0 0; 100 91 75 100 100 100 12 100 100 100 7 90 100 3 100 0 0 100 100 100 100 0 0 0 0 0 0 0 0 0 0 0 0 0 0 0 0 0 0 0; 100 99 15 100 23 100 100 100 81 99 100 88 100 100 100 26 100 2 100 100 99 53 0 0 0 0 0 0 0 0 0 0 0 0 0 0 0 0 0 0; 100 100 100 100 98 93 100 100 97 94 100 94 100 86 100 100 100 73 18 100 100 100 100 0 0 0 0 0 0 0 0 0 0 0 0 0 0 0 0 0; 3 82 100 98 92 100 100 100 100 100 3 100 94 66 100 100 7 100 5 100 99 76 31 100 0 0 0 0 0 0 0 0 0 0 0 0 0 0 0 0; 34 100 100 97 93 89 18 9 100 100 100 76 97 100 100 40 100 3 100 100 100 93 3 100 100 0 0 0 0 0 0 0 0 0 0 0 0 0 0 0; 5 100 100 100 100 98 14 5 92 100 100 100 100 100 21 100 83 100 100 67 96 100 93 10 100 95 0 0 0 0 0 0 0 0 0 0 0 0 0 0; 100 100 15 100 100 0 16 100 100 100 100 100 100 100 3 100 100 8 5 100 5 100 100 89 82 100 100 0 0 0 0 0 0 0 0 0 0 0 0 0; 100 0 67 42 100 100 100 94 100 100 100 86 0 100 100 97 84 3 7 2 12 16 44 100 100 100 100 100 0 0 0 0 0 0 0 0 0 0 0 0; 100 75 66 100 83 71 45 82 0 24 90 5 100 61 100 5 96 86 86 100 66 100 2 100 100 85 27 100 71 0 0 0 0 0 0 0 0 0 0 0; 3 81 100 18 100 8 100 85 77 100 100 0 14 17 100 95 74 83 100 100 32 96 100 13 0 96 100 100 100 100 0 0 0 0 0 0 0 0 0 0; 100 100 11 28 100 5 98 100 70 74 97 100 82 100 100 96 100 100 16 99 94 0 80 100 100 26 100 15 84 100 100 0 0 0 0 0 0 0 0 0; 100 100 100 100 20 100 100 95 100 2 100 100 100 99 100 100 100 5 11 100 100 100 86 11 100 100 100 100 100 100 100 100 0 0 0 0 0 0 0 0; 100 100 100 100 96 2 97 98 96 75 100 100 100 14 100 100 100 12 100 86 93 100 17 14 100 100 21 27 81 2 100 83 100 0 0 0 0 0 0 0; 100 100 63 25 100 100 99 100 96 100 69 21 100 20 100 100 100 22 33 1 85 5 68 0 100 100 59 0 3 91 100 7 100 100 0 0 0 0 0 0; 10 100 100 100 98 57 76 7 92 27 2 100 100 100 100 100 100 0 100 91 100 100 97 6 80 100 98 100 95 5 100 96 100 18 26 0 0 0 0 0; 100 96 100 46 100 2 69 100 100 80 100 34 43 98 89 6 100 82 1 100 100 100 96 28 100 100 9 100 100 100 100 4 100 7 8 100 0 0 0 0; 9 100 2 84 83 91 100 0 14 100 100 5 100 100 6 100 61 18 7 100 100 81 100 2 99 88 0 100 100 100 29 82 94 18 100 100 98 0 0 0; 15 100 9 100 100 0 100 11 100 100 100 10 81 29 10 100 11 100 100 100 1 100 27 85 100 1 100 100 86 100 43 100 100 100 100 70 100 100 0 0; 89 85 87 5 100 100 100 94 100 74 100 1 60 100 3 81 85 100 100 100 100 100 100 100 96 100 1 100 7 100 91 100 98 100 100 100 16 92 7 0; 96 100 98 100 83 9 99 100 99 100 100 100 100 91 100 100 100 100 99 76 100 79 10 100 6 100 9 86 99 0 95 100 88 100 100 0 98 100 11 100]
