n=35
density=100
Q1=[192 0 0 0 0 0 0 0 0 0 0 0 0 0 0 0 0 0 0 0 0 0 0 0 0 0 0 0 0 0 0 0 0 0 0 ;
180 173 0 0 0 0 0 0 0 0 0 0 0 0 0 0 0 0 0 0 0 0 0 0 0 0 0 0 0 0 0 0 0 0 0 ;
44 35 84 0 0 0 0 0 0 0 0 0 0 0 0 0 0 0 0 0 0 0 0 0 0 0 0 0 0 0 0 0 0 0 0 ;
175 116 190 173 0 0 0 0 0 0 0 0 0 0 0 0 0 0 0 0 0 0 0 0 0 0 0 0 0 0 0 0 0 0 0 ;
149 44 89 190 72 0 0 0 0 0 0 0 0 0 0 0 0 0 0 0 0 0 0 0 0 0 0 0 0 0 0 0 0 0 0 ;
19 160 39 2 102 9 0 0 0 0 0 0 0 0 0 0 0 0 0 0 0 0 0 0 0 0 0 0 0 0 0 0 0 0 0 ;
99 65 194 34 116 107 103 0 0 0 0 0 0 0 0 0 0 0 0 0 0 0 0 0 0 0 0 0 0 0 0 0 0 0 0 ;
62 111 22 179 94 199 14 49 0 0 0 0 0 0 0 0 0 0 0 0 0 0 0 0 0 0 0 0 0 0 0 0 0 0 0 ;
14 112 188 29 157 117 63 135 183 0 0 0 0 0 0 0 0 0 0 0 0 0 0 0 0 0 0 0 0 0 0 0 0 0 0 ;
121 82 71 182 83 2 51 21 158 156 0 0 0 0 0 0 0 0 0 0 0 0 0 0 0 0 0 0 0 0 0 0 0 0 0 ;
82 72 196 160 109 23 179 96 63 152 115 0 0 0 0 0 0 0 0 0 0 0 0 0 0 0 0 0 0 0 0 0 0 0 0 ;
200 73 58 11 157 77 35 13 184 168 189 132 0 0 0 0 0 0 0 0 0 0 0 0 0 0 0 0 0 0 0 0 0 0 0 ;
35 7 68 33 134 185 60 152 12 47 198 137 139 0 0 0 0 0 0 0 0 0 0 0 0 0 0 0 0 0 0 0 0 0 0 ;
22 174 135 170 172 34 99 76 89 69 41 199 125 17 0 0 0 0 0 0 0 0 0 0 0 0 0 0 0 0 0 0 0 0 0 ;
132 170 56 19 141 15 80 1 192 81 200 65 66 103 135 0 0 0 0 0 0 0 0 0 0 0 0 0 0 0 0 0 0 0 0 ;
117 5 172 91 65 66 91 136 19 85 128 166 173 131 177 33 0 0 0 0 0 0 0 0 0 0 0 0 0 0 0 0 0 0 0 ;
42 145 163 89 187 57 27 197 34 78 63 154 84 119 6 131 161 0 0 0 0 0 0 0 0 0 0 0 0 0 0 0 0 0 0 ;
152 96 19 28 125 162 64 3 181 64 195 88 169 173 176 91 96 86 0 0 0 0 0 0 0 0 0 0 0 0 0 0 0 0 0 ;
117 156 27 131 19 88 127 50 26 105 123 102 40 138 134 128 159 174 61 0 0 0 0 0 0 0 0 0 0 0 0 0 0 0 0 ;
89 151 145 57 9 63 2 172 185 79 166 118 57 171 16 37 134 158 195 124 0 0 0 0 0 0 0 0 0 0 0 0 0 0 0 ;
76 173 142 107 111 90 62 36 143 171 118 41 120 78 34 187 185 67 176 25 23 0 0 0 0 0 0 0 0 0 0 0 0 0 0 ;
171 61 196 9 196 116 6 2 85 117 183 148 157 99 10 46 5 99 13 83 89 37 0 0 0 0 0 0 0 0 0 0 0 0 0 ;
159 173 92 53 53 43 56 175 134 47 148 9 44 179 177 89 194 45 77 117 29 142 158 0 0 0 0 0 0 0 0 0 0 0 0 ;
99 85 12 54 34 92 125 117 88 156 132 186 118 61 32 199 81 110 25 171 182 25 68 44 0 0 0 0 0 0 0 0 0 0 0 ;
156 52 22 114 131 197 20 141 180 55 179 18 153 175 128 189 187 186 197 198 10 112 107 116 77 0 0 0 0 0 0 0 0 0 0 ;
162 26 67 36 48 94 10 49 18 156 123 165 54 46 154 2 78 99 45 65 149 160 180 79 7 160 0 0 0 0 0 0 0 0 0 ;
139 37 125 67 13 103 114 188 48 68 118 107 169 96 78 32 197 125 9 124 92 100 95 74 30 146 106 0 0 0 0 0 0 0 0 ;
1 84 170 159 58 178 188 75 178 143 168 37 32 134 72 180 156 156 193 9 183 127 105 40 157 118 114 182 0 0 0 0 0 0 0 ;
7 61 176 5 39 100 84 161 17 184 181 3 68 76 4 49 122 194 51 86 151 185 175 179 127 34 63 103 147 0 0 0 0 0 0 ;
171 199 155 61 16 132 145 40 53 4 87 136 199 48 66 36 192 168 48 31 154 89 136 102 26 125 61 78 159 89 0 0 0 0 0 ;
155 151 196 164 174 63 64 98 5 117 123 129 24 113 189 8 116 5 30 195 61 53 152 111 189 31 80 162 98 11 133 0 0 0 0 ;
26 62 191 96 116 179 187 76 123 27 114 118 111 12 173 60 181 15 99 144 122 55 23 92 167 6 30 200 5 172 39 192 0 0 0 ;
44 39 124 67 21 21 7 60 84 2 43 182 63 6 190 153 141 154 121 9 16 76 126 67 43 153 146 94 85 129 132 75 36 0 0 ;
173 88 176 191 71 66 127 156 82 48 105 103 53 29 74 169 120 95 47 76 70 134 120 117 68 9 152 177 10 85 194 185 150 143 0 ;
196 24 199 66 147 43 99 151 110 183 71 14 190 36 140 148 19 144 180 196 155 200 124 119 121 156 43 124 197 14 81 111 114 139 56 ]
w=[6, 38, 14, 13, 58, 90, 34, 18, 18, 93, 36, 28, 75, 40, 86, 74, 97, 67, 11, 85, 69, 96, 59, 96, 45, 25, 55, 9, 45, 10, 74, 44, 27, 31, 38]
W=69 
k=6 
inst_name = "QKP_35_200_100" 
feasible = true 
Q2=[5 0 0 0 0 0 0 0 0 0 0 0 0 0 0 0 0 0 0 0 0 0 0 0 0 0 0 0 0 0 0 0 0 0 0; 6 16 0 0 0 0 0 0 0 0 0 0 0 0 0 0 0 0 0 0 0 0 0 0 0 0 0 0 0 0 0 0 0 0 0; 166 195 135 0 0 0 0 0 0 0 0 0 0 0 0 0 0 0 0 0 0 0 0 0 0 0 0 0 0 0 0 0 0 0 0; 2 84 6 8 0 0 0 0 0 0 0 0 0 0 0 0 0 0 0 0 0 0 0 0 0 0 0 0 0 0 0 0 0 0 0; 14 157 164 7 194 0 0 0 0 0 0 0 0 0 0 0 0 0 0 0 0 0 0 0 0 0 0 0 0 0 0 0 0 0 0; 193 30 196 198 25 193 0 0 0 0 0 0 0 0 0 0 0 0 0 0 0 0 0 0 0 0 0 0 0 0 0 0 0 0 0; 158 174 3 182 30 57 93 0 0 0 0 0 0 0 0 0 0 0 0 0 0 0 0 0 0 0 0 0 0 0 0 0 0 0 0; 157 28 182 17 186 0 187 176 0 0 0 0 0 0 0 0 0 0 0 0 0 0 0 0 0 0 0 0 0 0 0 0 0 0 0; 198 77 0 173 23 56 198 53 0 0 0 0 0 0 0 0 0 0 0 0 0 0 0 0 0 0 0 0 0 0 0 0 0 0 0; 13 124 135 13 164 198 178 191 11 26 0 0 0 0 0 0 0 0 0 0 0 0 0 0 0 0 0 0 0 0 0 0 0 0 0; 142 182 3 19 50 191 14 166 146 20 5 0 0 0 0 0 0 0 0 0 0 0 0 0 0 0 0 0 0 0 0 0 0 0 0; 0 135 180 199 0 152 185 188 2 4 5 56 0 0 0 0 0 0 0 0 0 0 0 0 0 0 0 0 0 0 0 0 0 0 0; 189 200 141 167 3 12 182 3 197 182 1 29 54 0 0 0 0 0 0 0 0 0 0 0 0 0 0 0 0 0 0 0 0 0 0; 179 10 24 3 17 187 110 184 140 153 183 1 33 192 0 0 0 0 0 0 0 0 0 0 0 0 0 0 0 0 0 0 0 0 0; 46 23 190 191 27 187 157 199 6 128 0 186 147 66 44 0 0 0 0 0 0 0 0 0 0 0 0 0 0 0 0 0 0 0 0; 56 199 12 165 180 155 177 44 184 193 6 21 10 64 1 182 0 0 0 0 0 0 0 0 0 0 0 0 0 0 0 0 0 0 0; 181 26 23 191 6 194 191 0 200 168 194 28 140 8 198 17 11 0 0 0 0 0 0 0 0 0 0 0 0 0 0 0 0 0 0; 16 187 195 176 72 17 155 198 11 188 1 125 0 8 21 192 104 163 0 0 0 0 0 0 0 0 0 0 0 0 0 0 0 0 0; 29 27 189 52 194 120 28 171 196 75 66 61 171 21 24 30 24 23 169 0 0 0 0 0 0 0 0 0 0 0 0 0 0 0 0; 189 24 31 195 191 161 199 16 1 157 32 7 166 9 190 184 25 38 3 52 0 0 0 0 0 0 0 0 0 0 0 0 0 0 0; 196 15 10 10 14 162 176 199 30 7 9 161 36 137 192 3 6 187 10 189 192 0 0 0 0 0 0 0 0 0 0 0 0 0 0; 19 142 3 193 2 56 199 200 123 48 4 22 17 168 193 199 200 179 195 159 122 188 0 0 0 0 0 0 0 0 0 0 0 0 0; 35 3 155 158 196 170 185 25 32 191 16 193 186 15 18 146 4 190 173 80 195 37 35 0 0 0 0 0 0 0 0 0 0 0 0; 196 184 193 180 167 167 33 3 191 29 20 0 20 173 177 1 141 61 183 8 3 197 144 190 0 0 0 0 0 0 0 0 0 0 0; 18 193 188 80 2 0 192 3 14 147 7 187 39 17 57 9 6 2 0 1 192 22 90 48 184 0 0 0 0 0 0 0 0 0 0; 1 197 149 198 155 116 192 192 184 42 74 18 173 179 9 198 182 133 187 139 35 13 17 150 195 13 0 0 0 0 0 0 0 0 0; 17 170 30 187 187 57 36 5 159 155 18 7 28 129 128 188 1 40 194 52 149 41 134 200 187 5 73 0 0 0 0 0 0 0 0; 200 165 15 24 188 7 6 152 7 53 5 174 176 21 156 13 35 14 0 192 4 28 48 184 20 3 35 14 0 0 0 0 0 0 0; 195 159 3 195 199 36 124 5 184 0 19 197 163 145 197 196 28 4 191 158 33 11 17 12 48 181 185 56 47 0 0 0 0 0 0; 24 1 6 140 185 0 38 185 149 200 168 51 1 177 185 177 5 12 178 192 17 200 37 1 182 16 140 160 13 150 0 0 0 0 0; 36 3 2 5 19 181 151 183 199 54 19 48 177 18 5 200 83 195 179 5 164 193 44 13 0 187 145 17 115 194 10 0 0 0 0; 175 197 1 132 60 4 6 131 12 178 64 12 81 193 25 165 16 192 121 6 4 164 189 176 20 195 186 0 199 17 174 1 0 0 0; 162 195 27 191 187 195 193 200 124 198 188 17 147 195 2 5 57 14 29 192 198 175 28 193 175 30 5 169 155 34 48 165 168 0 0; 26 153 19 3 143 166 26 39 150 196 84 66 188 174 175 0 16 164 167 197 170 66 21 2 180 197 7 3 198 129 1 5 29 56 0; 1 191 0 149 11 193 149 0 85 17 191 197 2 187 25 45 193 7 15 2 11 0 12 11 77 39 199 22 3 188 185 21 12 28 165]
