n=50
density=100
Q1=[5 0 0 0 0 0 0 0 0 0 0 0 0 0 0 0 0 0 0 0 0 0 0 0 0 0 0 0 0 0 0 0 0 0 0 0 0 0 0 0 0 0 0 0 0 0 0 0 0 0 ;
67 32 0 0 0 0 0 0 0 0 0 0 0 0 0 0 0 0 0 0 0 0 0 0 0 0 0 0 0 0 0 0 0 0 0 0 0 0 0 0 0 0 0 0 0 0 0 0 0 0 ;
4 12 16 0 0 0 0 0 0 0 0 0 0 0 0 0 0 0 0 0 0 0 0 0 0 0 0 0 0 0 0 0 0 0 0 0 0 0 0 0 0 0 0 0 0 0 0 0 0 0 ;
42 75 80 52 0 0 0 0 0 0 0 0 0 0 0 0 0 0 0 0 0 0 0 0 0 0 0 0 0 0 0 0 0 0 0 0 0 0 0 0 0 0 0 0 0 0 0 0 0 0 ;
74 85 26 99 21 0 0 0 0 0 0 0 0 0 0 0 0 0 0 0 0 0 0 0 0 0 0 0 0 0 0 0 0 0 0 0 0 0 0 0 0 0 0 0 0 0 0 0 0 0 ;
74 43 86 8 81 83 0 0 0 0 0 0 0 0 0 0 0 0 0 0 0 0 0 0 0 0 0 0 0 0 0 0 0 0 0 0 0 0 0 0 0 0 0 0 0 0 0 0 0 0 ;
16 41 15 18 73 63 28 0 0 0 0 0 0 0 0 0 0 0 0 0 0 0 0 0 0 0 0 0 0 0 0 0 0 0 0 0 0 0 0 0 0 0 0 0 0 0 0 0 0 0 ;
100 94 1 86 45 93 5 67 0 0 0 0 0 0 0 0 0 0 0 0 0 0 0 0 0 0 0 0 0 0 0 0 0 0 0 0 0 0 0 0 0 0 0 0 0 0 0 0 0 0 ;
31 4 84 14 65 22 35 55 87 0 0 0 0 0 0 0 0 0 0 0 0 0 0 0 0 0 0 0 0 0 0 0 0 0 0 0 0 0 0 0 0 0 0 0 0 0 0 0 0 0 ;
15 33 22 37 53 80 50 47 17 47 0 0 0 0 0 0 0 0 0 0 0 0 0 0 0 0 0 0 0 0 0 0 0 0 0 0 0 0 0 0 0 0 0 0 0 0 0 0 0 0 ;
11 17 88 28 13 96 28 44 39 80 4 0 0 0 0 0 0 0 0 0 0 0 0 0 0 0 0 0 0 0 0 0 0 0 0 0 0 0 0 0 0 0 0 0 0 0 0 0 0 0 ;
95 24 60 17 43 52 21 67 38 2 79 38 0 0 0 0 0 0 0 0 0 0 0 0 0 0 0 0 0 0 0 0 0 0 0 0 0 0 0 0 0 0 0 0 0 0 0 0 0 0 ;
68 83 21 74 83 25 41 56 20 43 31 13 32 0 0 0 0 0 0 0 0 0 0 0 0 0 0 0 0 0 0 0 0 0 0 0 0 0 0 0 0 0 0 0 0 0 0 0 0 0 ;
9 13 38 53 39 1 26 87 16 31 47 14 27 12 0 0 0 0 0 0 0 0 0 0 0 0 0 0 0 0 0 0 0 0 0 0 0 0 0 0 0 0 0 0 0 0 0 0 0 0 ;
8 86 89 32 50 16 97 30 8 33 13 54 58 59 27 0 0 0 0 0 0 0 0 0 0 0 0 0 0 0 0 0 0 0 0 0 0 0 0 0 0 0 0 0 0 0 0 0 0 0 ;
35 28 26 70 7 45 33 87 38 79 38 97 64 53 64 76 0 0 0 0 0 0 0 0 0 0 0 0 0 0 0 0 0 0 0 0 0 0 0 0 0 0 0 0 0 0 0 0 0 0 ;
95 93 92 82 55 29 11 13 86 30 19 27 8 88 82 4 21 0 0 0 0 0 0 0 0 0 0 0 0 0 0 0 0 0 0 0 0 0 0 0 0 0 0 0 0 0 0 0 0 0 ;
35 66 18 31 91 16 30 30 51 42 17 42 99 67 91 34 91 76 0 0 0 0 0 0 0 0 0 0 0 0 0 0 0 0 0 0 0 0 0 0 0 0 0 0 0 0 0 0 0 0 ;
14 76 24 48 20 64 80 75 82 78 55 98 88 91 67 28 59 15 69 0 0 0 0 0 0 0 0 0 0 0 0 0 0 0 0 0 0 0 0 0 0 0 0 0 0 0 0 0 0 0 ;
7 85 11 27 91 81 81 70 60 30 73 48 91 33 22 56 5 60 94 11 0 0 0 0 0 0 0 0 0 0 0 0 0 0 0 0 0 0 0 0 0 0 0 0 0 0 0 0 0 0 ;
60 85 2 55 7 50 59 48 39 95 59 86 25 14 30 91 9 11 64 57 92 0 0 0 0 0 0 0 0 0 0 0 0 0 0 0 0 0 0 0 0 0 0 0 0 0 0 0 0 0 ;
22 8 15 11 34 46 85 41 55 91 61 42 64 85 17 93 48 81 88 90 55 15 0 0 0 0 0 0 0 0 0 0 0 0 0 0 0 0 0 0 0 0 0 0 0 0 0 0 0 0 ;
79 37 96 33 42 68 64 39 83 95 4 42 37 67 90 53 14 90 30 82 93 63 43 0 0 0 0 0 0 0 0 0 0 0 0 0 0 0 0 0 0 0 0 0 0 0 0 0 0 0 ;
33 55 35 12 41 6 39 67 19 95 10 48 13 71 82 78 44 64 64 94 32 20 74 3 0 0 0 0 0 0 0 0 0 0 0 0 0 0 0 0 0 0 0 0 0 0 0 0 0 0 ;
77 72 27 34 40 21 100 30 97 52 64 83 65 95 40 98 20 50 14 70 63 13 59 36 46 0 0 0 0 0 0 0 0 0 0 0 0 0 0 0 0 0 0 0 0 0 0 0 0 0 ;
97 60 50 15 54 37 65 7 52 14 54 100 61 69 49 9 13 53 28 64 27 7 54 49 13 83 0 0 0 0 0 0 0 0 0 0 0 0 0 0 0 0 0 0 0 0 0 0 0 0 ;
40 73 98 56 25 92 39 4 5 100 87 59 30 13 99 41 46 62 53 45 56 97 31 55 3 2 83 0 0 0 0 0 0 0 0 0 0 0 0 0 0 0 0 0 0 0 0 0 0 0 ;
59 15 89 54 88 68 11 62 17 98 78 88 75 49 46 23 3 27 3 44 45 85 92 63 87 25 81 60 0 0 0 0 0 0 0 0 0 0 0 0 0 0 0 0 0 0 0 0 0 0 ;
64 1 5 94 40 29 1 65 54 21 25 76 33 68 56 29 87 58 91 23 91 54 56 87 24 43 63 64 20 0 0 0 0 0 0 0 0 0 0 0 0 0 0 0 0 0 0 0 0 0 ;
57 50 81 8 91 3 39 99 8 10 70 94 2 71 9 46 31 2 47 82 69 87 7 84 48 88 3 81 13 83 0 0 0 0 0 0 0 0 0 0 0 0 0 0 0 0 0 0 0 0 ;
56 31 88 76 2 31 8 51 54 13 80 93 64 37 26 72 89 85 94 83 53 41 93 63 21 44 73 99 30 40 37 0 0 0 0 0 0 0 0 0 0 0 0 0 0 0 0 0 0 0 ;
33 89 29 79 83 90 69 62 45 85 97 53 93 67 35 90 71 38 73 3 65 81 5 66 74 49 4 14 60 35 1 46 0 0 0 0 0 0 0 0 0 0 0 0 0 0 0 0 0 0 ;
16 99 93 15 25 57 96 32 64 50 75 94 51 50 38 29 53 51 33 14 84 61 94 32 12 90 47 99 17 70 36 48 9 0 0 0 0 0 0 0 0 0 0 0 0 0 0 0 0 0 ;
52 30 91 42 10 68 54 79 37 98 20 78 11 60 40 100 46 90 97 15 13 32 7 63 47 20 83 12 84 56 12 8 13 74 0 0 0 0 0 0 0 0 0 0 0 0 0 0 0 0 ;
57 60 60 78 19 68 43 63 67 63 59 87 98 17 40 40 88 93 57 85 75 80 85 47 41 84 48 44 18 51 9 76 82 19 9 0 0 0 0 0 0 0 0 0 0 0 0 0 0 0 ;
5 78 27 2 32 39 62 52 88 24 38 12 100 75 43 84 35 61 48 23 36 55 17 60 88 66 15 27 74 8 37 25 63 46 6 58 0 0 0 0 0 0 0 0 0 0 0 0 0 0 ;
95 77 53 17 68 87 100 44 12 33 27 22 11 39 23 76 9 3 19 94 95 74 43 82 19 53 94 11 39 36 3 67 37 22 91 43 25 0 0 0 0 0 0 0 0 0 0 0 0 0 ;
64 68 62 90 35 99 57 44 11 21 88 20 69 78 87 58 96 87 60 57 88 63 78 96 24 63 76 62 97 24 6 83 23 38 84 58 85 92 0 0 0 0 0 0 0 0 0 0 0 0 ;
95 47 59 85 34 71 80 55 97 42 49 73 35 99 79 20 11 25 13 79 98 2 61 100 23 76 97 16 9 78 95 14 39 99 39 33 6 2 57 0 0 0 0 0 0 0 0 0 0 0 ;
32 45 15 33 57 4 57 88 60 24 33 64 51 7 22 52 63 56 21 20 53 66 9 64 17 100 62 47 29 43 96 41 36 63 39 82 28 68 62 93 0 0 0 0 0 0 0 0 0 0 ;
28 2 83 20 35 95 32 81 46 78 62 55 62 85 55 75 8 9 35 49 80 72 78 49 54 53 75 39 87 12 53 39 60 43 37 77 62 97 25 62 11 0 0 0 0 0 0 0 0 0 ;
82 8 89 17 96 27 74 72 84 18 83 93 82 60 24 64 14 58 24 24 39 92 15 22 86 99 89 14 49 87 55 7 90 8 62 61 99 66 43 66 13 98 0 0 0 0 0 0 0 0 ;
98 67 11 6 85 81 86 69 93 29 32 80 62 99 87 33 12 9 9 90 75 11 68 98 89 47 51 70 50 9 75 13 15 72 35 47 99 30 47 21 16 16 82 0 0 0 0 0 0 0 ;
50 62 56 99 22 88 32 83 38 88 54 30 74 34 81 90 79 56 18 82 81 72 100 5 6 33 96 35 2 95 56 57 31 98 42 11 20 76 31 45 75 77 54 16 0 0 0 0 0 0 ;
64 86 68 90 20 23 89 24 33 9 34 83 55 36 44 10 7 39 29 82 97 45 83 14 50 25 68 64 69 70 32 2 81 55 30 89 41 71 34 96 31 34 32 49 37 0 0 0 0 0 ;
77 64 81 36 80 64 42 96 80 65 21 55 38 96 91 91 30 84 48 98 6 11 6 71 52 12 92 53 91 39 2 61 22 45 1 25 97 91 13 89 98 64 12 100 26 85 0 0 0 0 ;
94 46 99 26 81 73 40 64 20 59 36 90 14 6 63 20 86 30 32 51 86 88 50 76 93 54 6 7 5 64 38 37 97 51 16 21 90 9 72 60 14 35 33 100 12 26 96 0 0 0 ;
53 8 63 71 15 72 61 63 76 57 52 68 69 13 84 93 93 25 93 32 3 52 51 43 51 20 58 54 66 6 68 85 71 40 52 24 2 14 42 33 49 43 49 69 46 90 75 100 0 0 ;
6 38 99 20 42 58 19 49 21 30 11 57 84 4 3 97 55 10 95 96 58 94 38 3 42 88 56 73 53 56 28 39 85 55 34 57 1 61 13 39 47 98 58 32 70 44 30 26 86 0 ;
12 28 36 86 37 99 60 96 59 67 7 94 30 23 1 42 5 55 41 84 44 77 89 24 87 52 80 49 2 28 38 73 25 99 32 13 71 24 46 84 48 35 18 8 41 93 80 94 72 39 ]
w=[17, 49, 4, 14, 3, 39, 10, 20, 47, 2, 2, 29, 1, 23, 42, 48, 47, 9, 26, 40, 32, 24, 27, 36, 49, 43, 42, 11, 3, 44, 45, 38, 23, 9, 29, 7, 31, 25, 11, 24, 17, 22, 9, 22, 2, 33, 29, 37, 27, 3]
W=58 
k=2 
inst_name = "QKP_50_100_100" 
feasible = true 
Q2=[97 0 0 0 0 0 0 0 0 0 0 0 0 0 0 0 0 0 0 0 0 0 0 0 0 0 0 0 0 0 0 0 0 0 0 0 0 0 0 0 0 0 0 0 0 0 0 0 0 0; 29 85 0 0 0 0 0 0 0 0 0 0 0 0 0 0 0 0 0 0 0 0 0 0 0 0 0 0 0 0 0 0 0 0 0 0 0 0 0 0 0 0 0 0 0 0 0 0 0 0; 98 99 85 0 0 0 0 0 0 0 0 0 0 0 0 0 0 0 0 0 0 0 0 0 0 0 0 0 0 0 0 0 0 0 0 0 0 0 0 0 0 0 0 0 0 0 0 0 0 0; 81 8 19 3 0 0 0 0 0 0 0 0 0 0 0 0 0 0 0 0 0 0 0 0 0 0 0 0 0 0 0 0 0 0 0 0 0 0 0 0 0 0 0 0 0 0 0 0 0 0; 22 5 83 1 87 0 0 0 0 0 0 0 0 0 0 0 0 0 0 0 0 0 0 0 0 0 0 0 0 0 0 0 0 0 0 0 0 0 0 0 0 0 0 0 0 0 0 0 0 0; 13 84 5 95 5 0 0 0 0 0 0 0 0 0 0 0 0 0 0 0 0 0 0 0 0 0 0 0 0 0 0 0 0 0 0 0 0 0 0 0 0 0 0 0 0 0 0 0 0 0; 89 72 96 86 24 23 84 0 0 0 0 0 0 0 0 0 0 0 0 0 0 0 0 0 0 0 0 0 0 0 0 0 0 0 0 0 0 0 0 0 0 0 0 0 0 0 0 0 0 0; 0 2 100 5 90 6 99 12 0 0 0 0 0 0 0 0 0 0 0 0 0 0 0 0 0 0 0 0 0 0 0 0 0 0 0 0 0 0 0 0 0 0 0 0 0 0 0 0 0 0; 77 96 13 92 25 92 99 26 9 0 0 0 0 0 0 0 0 0 0 0 0 0 0 0 0 0 0 0 0 0 0 0 0 0 0 0 0 0 0 0 0 0 0 0 0 0 0 0 0 0; 95 77 88 86 45 18 25 96 90 99 0 0 0 0 0 0 0 0 0 0 0 0 0 0 0 0 0 0 0 0 0 0 0 0 0 0 0 0 0 0 0 0 0 0 0 0 0 0 0 0; 96 83 6 74 88 1 88 63 82 2 98 0 0 0 0 0 0 0 0 0 0 0 0 0 0 0 0 0 0 0 0 0 0 0 0 0 0 0 0 0 0 0 0 0 0 0 0 0 0 0; 1 85 19 90 97 11 96 4 63 98 18 76 0 0 0 0 0 0 0 0 0 0 0 0 0 0 0 0 0 0 0 0 0 0 0 0 0 0 0 0 0 0 0 0 0 0 0 0 0 0; 17 1 82 21 6 92 90 24 86 86 99 98 72 0 0 0 0 0 0 0 0 0 0 0 0 0 0 0 0 0 0 0 0 0 0 0 0 0 0 0 0 0 0 0 0 0 0 0 0 0; 96 93 95 3 71 100 99 1 89 73 56 97 76 99 0 0 0 0 0 0 0 0 0 0 0 0 0 0 0 0 0 0 0 0 0 0 0 0 0 0 0 0 0 0 0 0 0 0 0 0; 98 7 2 100 7 89 1 73 97 98 93 16 3 35 96 0 0 0 0 0 0 0 0 0 0 0 0 0 0 0 0 0 0 0 0 0 0 0 0 0 0 0 0 0 0 0 0 0 0 0; 88 74 80 17 97 85 94 11 62 8 94 2 33 1 4 8 0 0 0 0 0 0 0 0 0 0 0 0 0 0 0 0 0 0 0 0 0 0 0 0 0 0 0 0 0 0 0 0 0 0; 3 5 7 10 43 81 94 87 12 96 86 99 93 3 13 97 89 0 0 0 0 0 0 0 0 0 0 0 0 0 0 0 0 0 0 0 0 0 0 0 0 0 0 0 0 0 0 0 0 0; 95 28 97 100 6 86 77 87 39 83 99 63 1 16 4 71 1 16 0 0 0 0 0 0 0 0 0 0 0 0 0 0 0 0 0 0 0 0 0 0 0 0 0 0 0 0 0 0 0 0; 98 6 96 67 86 2 18 13 4 15 22 1 5 1 9 78 41 96 13 0 0 0 0 0 0 0 0 0 0 0 0 0 0 0 0 0 0 0 0 0 0 0 0 0 0 0 0 0 0 0; 100 14 90 95 7 9 8 23 19 82 4 74 8 95 92 34 97 32 4 98 0 0 0 0 0 0 0 0 0 0 0 0 0 0 0 0 0 0 0 0 0 0 0 0 0 0 0 0 0 0; 15 10 98 12 95 6 30 82 74 2 23 14 99 87 92 5 93 99 26 28 8 0 0 0 0 0 0 0 0 0 0 0 0 0 0 0 0 0 0 0 0 0 0 0 0 0 0 0 0 0; 96 95 90 96 66 60 0 85 6 5 10 94 16 2 96 2 53 3 8 8 6 86 0 0 0 0 0 0 0 0 0 0 0 0 0 0 0 0 0 0 0 0 0 0 0 0 0 0 0 0; 6 70 3 93 92 25 32 78 7 0 97 97 74 4 8 1 93 7 88 0 5 13 81 0 0 0 0 0 0 0 0 0 0 0 0 0 0 0 0 0 0 0 0 0 0 0 0 0 0 0; 82 32 98 96 99 95 82 10 84 1 93 93 89 2 12 22 56 6 23 1 100 80 19 100 0 0 0 0 0 0 0 0 0 0 0 0 0 0 0 0 0 0 0 0 0 0 0 0 0 0; 6 7 74 96 85 80 0 93 0 46 25 13 29 0 87 1 83 40 90 5 12 88 23 80 78 0 0 0 0 0 0 0 0 0 0 0 0 0 0 0 0 0 0 0 0 0 0 0 0 0; 0 4 16 90 39 80 35 95 16 99 10 0 23 13 91 97 92 25 82 27 99 97 6 82 99 9 0 0 0 0 0 0 0 0 0 0 0 0 0 0 0 0 0 0 0 0 0 0 0 0; 64 8 2 34 88 4 90 99 95 0 3 20 78 91 1 73 73 19 26 75 37 1 99 27 97 98 16 0 0 0 0 0 0 0 0 0 0 0 0 0 0 0 0 0 0 0 0 0 0 0; 38 85 6 20 9 2 92 34 95 0 17 9 6 94 58 83 97 73 97 75 58 0 4 1 5 78 6 5 0 0 0 0 0 0 0 0 0 0 0 0 0 0 0 0 0 0 0 0 0 0; 32 100 100 1 88 87 99 9 22 99 99 5 73 0 21 91 8 13 3 80 7 30 37 13 77 83 0 8 87 0 0 0 0 0 0 0 0 0 0 0 0 0 0 0 0 0 0 0 0 0; 27 28 17 95 0 98 62 1 95 97 7 3 99 19 94 76 80 100 53 15 29 7 99 15 87 11 97 11 96 11 0 0 0 0 0 0 0 0 0 0 0 0 0 0 0 0 0 0 0 0; 34 92 6 22 98 92 94 22 21 95 4 5 9 71 98 21 2 0 1 16 31 62 1 5 99 66 18 1 70 77 70 0 0 0 0 0 0 0 0 0 0 0 0 0 0 0 0 0 0 0; 72 2 90 7 14 0 13 24 86 3 1 42 4 29 73 6 18 98 0 99 18 8 95 32 0 71 100 90 21 66 100 83 0 0 0 0 0 0 0 0 0 0 0 0 0 0 0 0 0 0; 95 1 1 94 96 9 3 84 22 38 23 5 39 33 96 83 16 4 71 90 12 15 2 97 89 1 69 1 99 23 93 91 99 0 0 0 0 0 0 0 0 0 0 0 0 0 0 0 0 0; 6 83 0 58 95 11 28 2 66 2 99 14 96 5 90 0 86 9 1 88 96 88 94 0 88 85 9 99 12 16 99 92 93 20 0 0 0 0 0 0 0 0 0 0 0 0 0 0 0 0; 14 2 13 7 92 17 94 27 32 16 26 6 1 91 97 89 9 0 11 13 24 13 4 97 64 11 75 75 91 2 95 10 11 94 100 0 0 0 0 0 0 0 0 0 0 0 0 0 0 0; 99 12 82 100 81 81 5 6 2 99 84 94 0 21 83 12 65 19 86 95 89 23 97 28 3 29 98 89 10 97 69 75 14 89 94 5 0 0 0 0 0 0 0 0 0 0 0 0 0 0; 5 4 26 98 4 13 0 88 88 82 89 94 93 74 77 16 93 100 81 1 0 18 61 4 99 43 0 99 64 69 100 11 75 93 2 70 96 0 0 0 0 0 0 0 0 0 0 0 0 0; 28 29 19 1 99 0 2 89 95 82 8 97 23 16 13 38 4 9 26 37 2 4 9 0 80 37 23 3 3 85 99 16 77 74 3 30 13 6 0 0 0 0 0 0 0 0 0 0 0 0; 4 92 35 6 84 0 12 26 3 84 51 21 82 1 17 87 90 93 94 2 1 100 27 0 80 19 2 88 100 10 1 98 96 0 91 86 99 98 9 0 0 0 0 0 0 0 0 0 0 0; 83 68 88 91 7 100 13 0 24 83 86 36 48 93 95 19 10 20 85 98 13 21 92 2 97 0 14 66 94 100 4 94 90 24 67 5 76 18 34 7 0 0 0 0 0 0 0 0 0 0; 85 99 12 99 72 4 83 7 77 2 19 6 19 11 35 17 99 94 76 83 3 7 8 84 23 31 23 95 11 98 0 96 15 89 89 22 4 3 100 36 99 0 0 0 0 0 0 0 0 0; 16 94 2 99 4 80 26 28 15 84 3 7 16 4 84 32 98 4 100 87 73 5 89 78 3 1 0 99 77 12 34 98 7 92 31 15 1 6 70 23 88 2 0 0 0 0 0 0 0 0; 0 14 96 97 12 5 0 8 4 74 96 17 7 1 5 94 92 95 97 1 19 91 8 2 9 65 20 20 32 93 13 90 94 19 94 66 1 79 66 79 90 90 3 0 0 0 0 0 0 0; 19 2 15 0 87 9 70 11 99 11 34 73 20 77 19 10 2 9 96 11 1 10 0 96 99 91 4 80 100 3 8 32 84 1 92 91 82 24 88 59 1 11 27 87 0 0 0 0 0 0; 35 9 32 6 83 96 8 94 77 94 90 4 6 93 98 96 96 66 74 8 2 81 15 96 13 92 10 0 0 26 81 98 5 41 96 2 88 21 83 0 70 86 93 66 75 0 0 0 0 0; 12 23 12 93 20 7 70 3 10 0 93 42 97 2 9 2 83 9 54 1 96 92 100 6 31 95 6 9 1 63 100 5 87 83 99 85 1 5 100 2 1 2 94 0 77 4 0 0 0 0; 1 71 0 95 1 17 74 12 91 3 70 1 94 97 31 88 0 99 99 5 6 5 35 0 5 21 97 96 95 11 67 98 1 4 89 80 3 99 12 26 96 71 87 0 97 100 3 0 0 0; 24 97 32 3 91 15 38 18 13 14 8 11 14 88 9 6 6 83 3 88 99 29 16 83 35 89 26 12 34 99 14 3 7 90 48 81 98 89 73 85 82 89 71 5 92 1 13 0 0 0; 95 68 1 88 58 20 95 92 93 72 97 23 1 100 98 1 10 92 3 1 41 4 98 97 61 2 44 5 19 44 94 93 11 19 88 19 99 2 87 89 64 0 13 71 2 94 100 95 13 0; 88 79 67 13 100 1 33 1 39 25 100 2 100 94 99 64 96 28 86 12 62 8 11 94 9 2 6 58 100 82 87 1 80 1 99 93 21 95 84 3 57 98 84 99 71 6 2 3 22 96]
