n=15
density=25
Q1=[0 0 0 0 0 0 0 0 0 0 0 0 0 0 0 ;
0 0 0 0 0 0 0 0 0 0 0 0 0 0 0 ;
0 0 0 0 0 0 0 0 0 0 0 0 0 0 0 ;
0 0 0 0 0 0 0 0 0 0 0 0 0 0 0 ;
0 3 0 82 59 0 0 0 0 0 0 0 0 0 0 ;
0 0 0 0 18 66 0 0 0 0 0 0 0 0 0 ;
82 2 0 0 0 23 0 0 0 0 0 0 0 0 0 ;
0 0 0 84 0 0 94 0 0 0 0 0 0 0 0 ;
0 0 0 0 0 0 0 61 0 0 0 0 0 0 0 ;
19 0 0 0 0 0 0 0 99 22 0 0 0 0 0 ;
0 0 0 0 0 0 0 23 22 0 0 0 0 0 0 ;
39 0 8 0 0 0 0 0 0 27 29 48 0 0 0 ;
95 0 0 14 0 0 0 0 0 0 0 33 45 0 0 ;
26 0 0 0 0 0 0 0 41 61 0 20 0 0 0 ;
0 6 4 61 22 16 0 27 58 0 0 2 61 0 0 ]
w=[46, 4, 24, 15, 25, 10, 29, 32, 13, 28, 49, 23, 37, 23, 23]
W=59 
k=2 
inst_name = "QKP_15_100_25" 
feasible = true 
Q2=[99 0 0 0 0 0 0 0 0 0 0 0 0 0 0; 99 99 0 0 0 0 0 0 0 0 0 0 0 0 0; 99 99 99 0 0 0 0 0 0 0 0 0 0 0 0; 99 99 99 99 0 0 0 0 0 0 0 0 0 0 0; 99 98 99 5 23 0 0 0 0 0 0 0 0 0 0; 99 99 99 99 95 6 0 0 0 0 0 0 0 0 0; 7 99 99 99 99 91 99 0 0 0 0 0 0 0 0; 99 99 99 0 99 99 3 99 0 0 0 0 0 0 0; 99 99 99 99 99 99 99 17 99 0 0 0 0 0 0; 96 99 99 99 99 99 99 99 0 87 0 0 0 0 0; 99 99 99 99 99 99 99 99 89 99 99 0 0 0 0; 76 99 96 99 99 99 99 99 99 92 97 85 0 0 0; 4 99 99 86 99 99 99 99 99 99 99 99 59 0 0; 81 99 99 99 99 99 99 99 65 20 99 94 99 99 0; 99 95 97 25 93 87 99 88 33 99 99 99 28 99 99]
