n=40
density=75
Q1=[87 0 0 0 0 0 0 0 0 0 0 0 0 0 0 0 0 0 0 0 0 0 0 0 0 0 0 0 0 0 0 0 0 0 0 0 0 0 0 0 ;
91 60 0 0 0 0 0 0 0 0 0 0 0 0 0 0 0 0 0 0 0 0 0 0 0 0 0 0 0 0 0 0 0 0 0 0 0 0 0 0 ;
0 71 78 0 0 0 0 0 0 0 0 0 0 0 0 0 0 0 0 0 0 0 0 0 0 0 0 0 0 0 0 0 0 0 0 0 0 0 0 0 ;
69 76 28 12 0 0 0 0 0 0 0 0 0 0 0 0 0 0 0 0 0 0 0 0 0 0 0 0 0 0 0 0 0 0 0 0 0 0 0 0 ;
29 77 74 70 86 0 0 0 0 0 0 0 0 0 0 0 0 0 0 0 0 0 0 0 0 0 0 0 0 0 0 0 0 0 0 0 0 0 0 0 ;
0 0 0 91 46 0 0 0 0 0 0 0 0 0 0 0 0 0 0 0 0 0 0 0 0 0 0 0 0 0 0 0 0 0 0 0 0 0 0 0 ;
69 8 0 54 0 0 85 0 0 0 0 0 0 0 0 0 0 0 0 0 0 0 0 0 0 0 0 0 0 0 0 0 0 0 0 0 0 0 0 0 ;
19 0 0 63 13 9 50 5 0 0 0 0 0 0 0 0 0 0 0 0 0 0 0 0 0 0 0 0 0 0 0 0 0 0 0 0 0 0 0 0 ;
54 22 4 0 0 29 41 11 35 0 0 0 0 0 0 0 0 0 0 0 0 0 0 0 0 0 0 0 0 0 0 0 0 0 0 0 0 0 0 0 ;
16 0 4 58 0 24 93 4 9 42 0 0 0 0 0 0 0 0 0 0 0 0 0 0 0 0 0 0 0 0 0 0 0 0 0 0 0 0 0 0 ;
86 33 0 10 72 21 87 42 68 0 0 0 0 0 0 0 0 0 0 0 0 0 0 0 0 0 0 0 0 0 0 0 0 0 0 0 0 0 0 0 ;
27 52 66 94 75 90 83 66 36 90 71 0 0 0 0 0 0 0 0 0 0 0 0 0 0 0 0 0 0 0 0 0 0 0 0 0 0 0 0 0 ;
3 95 0 74 16 71 87 36 0 71 0 59 45 0 0 0 0 0 0 0 0 0 0 0 0 0 0 0 0 0 0 0 0 0 0 0 0 0 0 0 ;
96 0 88 90 0 67 19 18 0 6 18 14 25 61 0 0 0 0 0 0 0 0 0 0 0 0 0 0 0 0 0 0 0 0 0 0 0 0 0 0 ;
0 9 0 68 75 20 76 55 26 51 34 23 19 67 1 0 0 0 0 0 0 0 0 0 0 0 0 0 0 0 0 0 0 0 0 0 0 0 0 0 ;
0 22 28 0 0 95 20 23 92 79 8 57 50 0 0 63 0 0 0 0 0 0 0 0 0 0 0 0 0 0 0 0 0 0 0 0 0 0 0 0 ;
88 0 0 0 72 0 89 38 15 42 80 3 25 56 74 0 43 0 0 0 0 0 0 0 0 0 0 0 0 0 0 0 0 0 0 0 0 0 0 0 ;
0 69 4 0 88 54 39 86 10 31 49 0 42 53 0 0 94 89 0 0 0 0 0 0 0 0 0 0 0 0 0 0 0 0 0 0 0 0 0 0 ;
0 92 19 83 0 82 59 64 0 97 0 86 0 100 35 23 55 60 0 0 0 0 0 0 0 0 0 0 0 0 0 0 0 0 0 0 0 0 0 0 ;
24 0 0 71 34 88 15 66 22 26 0 51 38 0 49 0 95 0 5 63 0 0 0 0 0 0 0 0 0 0 0 0 0 0 0 0 0 0 0 0 ;
94 11 0 78 81 56 17 0 90 96 56 68 66 0 96 29 75 60 82 22 0 0 0 0 0 0 0 0 0 0 0 0 0 0 0 0 0 0 0 0 ;
82 61 92 0 77 54 83 0 79 100 1 90 14 21 89 51 46 50 77 0 38 27 0 0 0 0 0 0 0 0 0 0 0 0 0 0 0 0 0 0 ;
93 90 0 0 0 74 70 78 24 34 80 95 0 0 43 31 9 21 100 88 70 75 88 0 0 0 0 0 0 0 0 0 0 0 0 0 0 0 0 0 ;
54 0 89 56 0 54 58 0 80 32 8 19 87 77 10 88 73 40 5 60 2 35 84 27 0 0 0 0 0 0 0 0 0 0 0 0 0 0 0 0 ;
64 68 37 0 80 28 89 66 96 74 10 32 23 57 0 23 30 19 20 0 51 0 62 0 0 0 0 0 0 0 0 0 0 0 0 0 0 0 0 0 ;
8 59 58 40 77 88 34 85 68 31 75 47 35 0 73 49 82 16 71 96 95 0 17 87 0 24 0 0 0 0 0 0 0 0 0 0 0 0 0 0 ;
63 0 32 22 61 100 0 0 0 69 75 24 48 32 0 31 35 8 77 24 13 98 46 80 52 37 55 0 0 0 0 0 0 0 0 0 0 0 0 0 ;
1 89 5 97 82 44 0 0 72 3 23 78 0 0 95 43 92 18 9 28 96 53 87 69 47 97 70 84 0 0 0 0 0 0 0 0 0 0 0 0 ;
51 77 43 12 52 52 0 0 19 11 0 47 75 45 52 58 8 7 0 47 26 0 77 0 49 0 53 42 31 0 0 0 0 0 0 0 0 0 0 0 ;
82 26 0 19 87 67 0 29 0 48 0 91 0 76 0 75 0 0 54 0 0 96 42 44 43 24 58 15 51 48 0 0 0 0 0 0 0 0 0 0 ;
0 0 0 36 86 59 0 92 50 83 0 69 58 0 0 62 68 58 78 70 1 94 54 0 36 46 30 10 0 12 40 0 0 0 0 0 0 0 0 0 ;
16 67 84 23 14 31 0 77 0 49 0 37 0 67 99 0 82 37 0 19 89 9 56 56 0 0 90 96 0 90 0 68 0 0 0 0 0 0 0 0 ;
31 93 46 75 85 0 0 68 30 64 0 52 92 0 3 27 48 0 23 92 77 22 76 92 0 10 19 25 0 100 5 0 66 0 0 0 0 0 0 0 ;
25 90 0 79 86 0 0 0 59 0 3 40 41 23 28 26 29 62 68 0 86 63 13 30 62 0 14 63 17 0 0 88 8 9 0 0 0 0 0 0 ;
51 31 0 0 94 51 17 63 23 84 62 32 94 0 0 95 64 0 0 0 0 60 0 53 20 0 0 47 0 24 10 8 14 73 60 0 0 0 0 0 ;
64 0 42 96 0 71 10 0 31 0 53 37 55 28 0 31 65 27 52 0 13 0 64 65 0 64 40 22 0 23 0 73 57 30 61 0 0 0 0 0 ;
38 0 0 85 15 37 88 15 80 66 75 0 29 5 92 56 3 71 86 62 84 15 0 73 43 43 75 22 55 71 0 87 4 81 76 66 17 0 0 0 ;
2 75 72 0 65 0 98 93 26 0 93 37 0 55 13 0 0 0 40 0 56 13 42 4 0 8 85 96 71 21 0 89 58 44 100 52 62 83 0 0 ;
17 0 56 86 46 3 54 51 95 77 0 0 0 86 52 79 44 14 59 1 68 0 54 39 0 88 22 0 85 38 26 0 96 35 20 23 74 50 0 0 ;
0 0 55 0 35 100 73 45 7 0 85 0 63 16 86 0 98 40 73 8 0 31 0 19 35 0 0 49 96 26 0 96 99 0 3 52 19 0 20 0 ]
w=[47, 29, 23, 32, 1, 49, 11, 49, 13, 6, 33, 40, 43, 4, 38, 30, 2, 14, 3, 49, 2, 7, 34, 20, 41, 36, 37, 4, 49, 39, 19, 7, 7, 18, 49, 49, 41, 46, 11, 4]
W=126 
k=6 
inst_name = "QKP_40_100_75" 
feasible = true 
Q2=[1 0 0 0 0 0 0 0 0 0 0 0 0 0 0 0 0 0 0 0 0 0 0 0 0 0 0 0 0 0 0 0 0 0 0 0 0 0 0 0; 8 33 0 0 0 0 0 0 0 0 0 0 0 0 0 0 0 0 0 0 0 0 0 0 0 0 0 0 0 0 0 0 0 0 0 0 0 0 0 0; 100 14 19 0 0 0 0 0 0 0 0 0 0 0 0 0 0 0 0 0 0 0 0 0 0 0 0 0 0 0 0 0 0 0 0 0 0 0 0 0; 16 7 73 100 0 0 0 0 0 0 0 0 0 0 0 0 0 0 0 0 0 0 0 0 0 0 0 0 0 0 0 0 0 0 0 0 0 0 0 0; 84 20 13 4 11 0 0 0 0 0 0 0 0 0 0 0 0 0 0 0 0 0 0 0 0 0 0 0 0 0 0 0 0 0 0 0 0 0 0 0; 100 100 100 1 69 100 0 0 0 0 0 0 0 0 0 0 0 0 0 0 0 0 0 0 0 0 0 0 0 0 0 0 0 0 0 0 0 0 0 0; 7 93 100 7 100 100 6 0 0 0 0 0 0 0 0 0 0 0 0 0 0 0 0 0 0 0 0 0 0 0 0 0 0 0 0 0 0 0 0 0; 88 100 100 32 87 95 32 97 0 0 0 0 0 0 0 0 0 0 0 0 0 0 0 0 0 0 0 0 0 0 0 0 0 0 0 0 0 0 0 0; 4 99 100 100 100 83 66 98 100 0 0 0 0 0 0 0 0 0 0 0 0 0 0 0 0 0 0 0 0 0 0 0 0 0 0 0 0 0 0 0; 97 100 98 24 100 100 3 97 96 96 0 0 0 0 0 0 0 0 0 0 0 0 0 0 0 0 0 0 0 0 0 0 0 0 0 0 0 0 0 0; 5 82 100 97 3 89 13 92 4 100 100 0 0 0 0 0 0 0 0 0 0 0 0 0 0 0 0 0 0 0 0 0 0 0 0 0 0 0 0 0; 87 24 22 4 12 6 13 18 75 9 26 100 0 0 0 0 0 0 0 0 0 0 0 0 0 0 0 0 0 0 0 0 0 0 0 0 0 0 0 0; 98 3 100 26 98 25 11 83 100 1 100 0 90 0 0 0 0 0 0 0 0 0 0 0 0 0 0 0 0 0 0 0 0 0 0 0 0 0 0 0; 4 100 5 1 100 6 95 99 100 100 97 96 87 35 0 0 0 0 0 0 0 0 0 0 0 0 0 0 0 0 0 0 0 0 0 0 0 0 0 0; 100 96 100 21 9 92 23 43 84 41 92 97 94 21 100 0 0 0 0 0 0 0 0 0 0 0 0 0 0 0 0 0 0 0 0 0 0 0 0 0; 100 99 73 100 100 4 83 85 0 0 92 19 11 100 100 7 0 0 0 0 0 0 0 0 0 0 0 0 0 0 0 0 0 0 0 0 0 0 0 0; 10 100 100 100 21 100 0 84 86 88 15 99 99 15 20 100 79 0 0 0 0 0 0 0 0 0 0 0 0 0 0 0 0 0 0 0 0 0 0 0; 100 20 100 100 10 15 62 5 96 97 69 100 97 14 100 100 0 2 0 0 0 0 0 0 0 0 0 0 0 0 0 0 0 0 0 0 0 0 0 0; 100 6 99 12 100 16 31 0 100 1 100 6 100 0 81 85 38 28 100 0 0 0 0 0 0 0 0 0 0 0 0 0 0 0 0 0 0 0 0 0; 86 100 100 18 68 1 85 9 80 99 100 22 90 100 91 100 4 100 98 23 0 0 0 0 0 0 0 0 0 0 0 0 0 0 0 0 0 0 0 0; 3 100 100 19 6 18 98 100 0 4 18 18 14 100 4 84 10 29 5 91 100 0 0 0 0 0 0 0 0 0 0 0 0 0 0 0 0 0 0 0; 6 0 8 100 11 2 13 100 14 0 99 3 90 81 11 21 69 14 20 100 98 98 0 0 0 0 0 0 0 0 0 0 0 0 0 0 0 0 0 0; 4 1 100 100 100 18 4 4 93 85 20 5 100 100 78 80 99 100 0 0 17 19 1 0 0 0 0 0 0 0 0 0 0 0 0 0 0 0 0 0; 20 100 10 25 100 14 39 100 2 83 99 90 0 17 98 11 14 82 97 9 98 65 8 99 0 0 0 0 0 0 0 0 0 0 0 0 0 0 0 0; 35 4 65 100 12 73 7 25 4 8 99 78 93 32 100 99 93 95 95 100 6 100 9 100 100 0 0 0 0 0 0 0 0 0 0 0 0 0 0 0; 97 16 29 84 12 1 77 4 30 97 6 98 77 100 15 98 18 96 9 4 4 100 92 12 100 80 0 0 0 0 0 0 0 0 0 0 0 0 0 0; 37 100 90 98 5 0 100 100 100 19 22 99 56 97 100 94 67 99 8 99 97 0 90 8 12 97 45 0 0 0 0 0 0 0 0 0 0 0 0 0; 99 3 96 0 18 100 100 100 8 98 95 11 100 100 0 76 4 96 99 85 0 7 10 7 55 0 12 7 0 0 0 0 0 0 0 0 0 0 0 0; 18 3 59 88 11 34 100 100 94 100 100 61 24 56 2 39 100 93 100 62 92 100 15 100 52 100 24 94 71 0 0 0 0 0 0 0 0 0 0 0; 9 95 100 86 0 19 100 84 100 77 100 8 100 12 100 9 100 100 20 100 100 0 97 64 99 89 20 90 25 54 0 0 0 0 0 0 0 0 0 0; 100 100 100 96 14 18 100 7 18 9 100 19 10 100 100 38 8 28 6 16 99 1 9 100 94 54 81 100 100 100 71 0 0 0 0 0 0 0 0 0; 92 29 7 94 91 84 100 18 100 95 100 69 100 27 0 100 5 82 100 90 4 97 18 7 100 100 4 4 100 10 100 29 0 0 0 0 0 0 0 0; 80 4 75 21 9 100 100 6 91 20 100 18 4 100 100 90 61 100 82 3 5 87 14 6 100 99 97 93 100 0 97 100 26 0 0 0 0 0 0 0; 86 8 100 4 5 100 100 100 1 100 98 71 86 98 78 91 76 25 19 100 6 9 95 93 18 100 94 21 87 100 100 2 97 97 0 0 0 0 0 0; 41 89 100 100 0 33 92 24 91 8 22 92 2 100 100 4 31 100 100 100 100 25 100 3 90 100 100 57 100 76 97 93 87 2 39 0 0 0 0 0; 5 100 71 2 100 25 90 100 78 100 42 79 10 92 100 92 2 99 41 100 94 100 6 7 100 3 88 97 100 78 100 11 16 81 34 100 0 0 0 0; 83 100 100 6 89 84 10 98 12 3 18 100 90 97 6 23 99 4 1 26 2 89 100 16 89 76 24 85 35 21 100 3 100 16 13 15 90 0 0 0; 98 13 11 100 24 100 0 2 93 100 5 92 100 33 88 100 100 100 72 100 14 93 58 99 100 98 7 0 25 98 100 2 42 59 0 8 32 8 0 0; 98 100 19 3 60 100 25 30 4 16 100 100 100 4 32 18 72 91 39 99 19 100 0 69 100 7 84 100 12 84 74 100 0 97 89 85 22 10 100 0; 100 100 2 100 93 0 24 94 95 100 2 100 29 89 11 100 0 72 5 96 100 94 100 90 95 100 100 76 0 78 100 2 0 100 97 47 97 100 98 100]
