n=30
density=50
Q1=[56 0 0 0 0 0 0 0 0 0 0 0 0 0 0 0 0 0 0 0 0 0 0 0 0 0 0 0 0 0 ;
20 0 0 0 0 0 0 0 0 0 0 0 0 0 0 0 0 0 0 0 0 0 0 0 0 0 0 0 0 0 ;
0 92 0 0 0 0 0 0 0 0 0 0 0 0 0 0 0 0 0 0 0 0 0 0 0 0 0 0 0 0 ;
0 10 0 0 0 0 0 0 0 0 0 0 0 0 0 0 0 0 0 0 0 0 0 0 0 0 0 0 0 0 ;
0 74 41 50 0 0 0 0 0 0 0 0 0 0 0 0 0 0 0 0 0 0 0 0 0 0 0 0 0 0 ;
0 0 31 11 0 0 0 0 0 0 0 0 0 0 0 0 0 0 0 0 0 0 0 0 0 0 0 0 0 0 ;
25 0 7 10 30 0 0 0 0 0 0 0 0 0 0 0 0 0 0 0 0 0 0 0 0 0 0 0 0 0 ;
11 5 0 0 34 0 65 12 0 0 0 0 0 0 0 0 0 0 0 0 0 0 0 0 0 0 0 0 0 0 ;
26 0 0 53 0 0 71 0 0 0 0 0 0 0 0 0 0 0 0 0 0 0 0 0 0 0 0 0 0 0 ;
0 0 13 45 0 96 36 45 0 41 0 0 0 0 0 0 0 0 0 0 0 0 0 0 0 0 0 0 0 0 ;
55 23 3 80 0 58 0 0 0 0 31 0 0 0 0 0 0 0 0 0 0 0 0 0 0 0 0 0 0 0 ;
0 0 69 94 0 40 63 0 0 6 0 0 0 0 0 0 0 0 0 0 0 0 0 0 0 0 0 0 0 0 ;
73 0 0 0 0 0 98 24 0 0 0 5 0 0 0 0 0 0 0 0 0 0 0 0 0 0 0 0 0 0 ;
0 2 0 64 0 0 43 0 73 80 0 0 0 0 0 0 0 0 0 0 0 0 0 0 0 0 0 0 0 0 ;
0 56 0 0 0 0 0 0 76 0 69 64 52 0 82 0 0 0 0 0 0 0 0 0 0 0 0 0 0 0 ;
0 67 0 55 18 0 0 0 0 0 0 80 0 14 0 89 0 0 0 0 0 0 0 0 0 0 0 0 0 0 ;
37 0 0 29 0 0 45 93 23 11 35 0 0 9 0 0 0 0 0 0 0 0 0 0 0 0 0 0 0 0 ;
0 0 0 64 17 0 97 0 0 1 0 27 84 58 19 49 0 0 0 0 0 0 0 0 0 0 0 0 0 0 ;
66 27 44 0 0 53 100 46 77 55 37 89 0 0 52 0 0 0 0 0 0 0 0 0 0 0 0 0 0 0 ;
0 0 0 83 99 88 0 0 0 0 18 84 49 0 0 0 0 0 0 9 0 0 0 0 0 0 0 0 0 0 ;
72 0 71 0 79 0 0 0 0 0 0 51 21 80 0 0 24 0 69 64 0 0 0 0 0 0 0 0 0 0 ;
80 98 81 0 60 11 0 47 95 0 0 0 50 66 97 0 77 38 0 82 0 24 0 0 0 0 0 0 0 0 ;
0 40 0 0 0 98 54 0 85 17 0 28 0 78 52 0 64 85 75 0 0 0 0 0 0 0 0 0 0 0 ;
84 0 5 0 30 43 4 0 4 0 27 0 0 0 31 0 0 38 80 39 0 0 0 100 0 0 0 0 0 0 ;
56 0 0 0 14 0 0 0 39 20 97 0 0 79 24 0 64 57 84 68 0 0 34 0 0 0 0 0 0 0 ;
0 31 72 53 39 6 70 33 0 0 57 0 32 0 57 0 87 0 32 34 0 0 0 0 0 0 0 0 0 0 ;
19 0 37 0 56 25 92 71 89 0 55 0 73 0 0 0 30 0 90 14 0 91 0 0 0 17 21 0 0 0 ;
0 75 92 41 0 96 16 0 65 54 0 72 79 0 0 82 0 29 0 90 0 98 38 0 0 0 92 0 0 0 ;
0 62 0 0 0 0 0 95 76 81 82 0 0 0 73 15 12 0 0 0 87 0 0 69 79 14 0 71 0 0 ;
0 21 0 44 0 23 0 22 0 14 34 0 31 73 0 0 0 85 0 35 0 0 36 0 0 88 0 0 41 24 ]
w=[46, 19, 11, 11, 46, 14, 24, 15, 33, 43, 2, 12, 19, 50, 23, 22, 39, 15, 3, 20, 37, 6, 23, 33, 4, 32, 8, 14, 4, 27]
W=59 
k=2 
inst_name = "QKP_30_100_50" 
feasible = true 
Q2=[24 0 0 0 0 0 0 0 0 0 0 0 0 0 0 0 0 0 0 0 0 0 0 0 0 0 0 0 0 0; 92 100 0 0 0 0 0 0 0 0 0 0 0 0 0 0 0 0 0 0 0 0 0 0 0 0 0 0 0 0; 100 3 100 0 0 0 0 0 0 0 0 0 0 0 0 0 0 0 0 0 0 0 0 0 0 0 0 0 0 0; 100 95 100 100 0 0 0 0 0 0 0 0 0 0 0 0 0 0 0 0 0 0 0 0 0 0 0 0 0 0; 100 19 66 5 100 0 0 0 0 0 0 0 0 0 0 0 0 0 0 0 0 0 0 0 0 0 0 0 0 0; 100 100 72 94 100 100 0 0 0 0 0 0 0 0 0 0 0 0 0 0 0 0 0 0 0 0 0 0 0 0; 92 100 99 93 86 100 100 0 0 0 0 0 0 0 0 0 0 0 0 0 0 0 0 0 0 0 0 0 0 0; 91 100 100 100 79 100 15 95 0 0 0 0 0 0 0 0 0 0 0 0 0 0 0 0 0 0 0 0 0 0; 74 100 100 15 100 100 6 100 100 0 0 0 0 0 0 0 0 0 0 0 0 0 0 0 0 0 0 0 0 0; 100 100 96 79 100 2 80 56 100 91 0 0 0 0 0 0 0 0 0 0 0 0 0 0 0 0 0 0 0 0; 28 96 98 12 100 24 100 100 100 100 71 0 0 0 0 0 0 0 0 0 0 0 0 0 0 0 0 0 0 0; 100 100 15 0 100 74 14 100 100 97 100 100 0 0 0 0 0 0 0 0 0 0 0 0 0 0 0 0 0 0; 5 100 100 100 100 100 0 99 100 100 100 97 100 0 0 0 0 0 0 0 0 0 0 0 0 0 0 0 0 0; 100 100 100 7 100 100 65 100 17 15 100 100 100 100 0 0 0 0 0 0 0 0 0 0 0 0 0 0 0 0; 100 20 100 100 100 100 100 100 16 100 25 21 21 100 10 0 0 0 0 0 0 0 0 0 0 0 0 0 0 0; 100 10 100 15 93 100 100 100 100 100 100 10 100 99 100 5 0 0 0 0 0 0 0 0 0 0 0 0 0 0; 90 100 100 87 100 100 78 3 86 96 68 100 100 93 100 100 100 0 0 0 0 0 0 0 0 0 0 0 0 0; 100 100 100 11 95 100 0 100 100 99 100 79 5 32 92 53 100 100 0 0 0 0 0 0 0 0 0 0 0 0; 18 77 93 100 100 45 0 91 13 14 85 9 100 100 9 100 100 100 100 0 0 0 0 0 0 0 0 0 0 0; 100 100 100 8 0 0 100 100 100 100 91 16 100 100 100 100 100 100 100 93 0 0 0 0 0 0 0 0 0 0; 17 100 16 100 21 100 100 100 100 100 100 35 91 1 100 100 100 100 18 34 100 0 0 0 0 0 0 0 0 0; 1 1 0 100 35 94 100 87 3 100 100 100 18 1 1 100 16 65 100 14 100 78 0 0 0 0 0 0 0 0; 100 97 100 100 100 2 1 100 7 99 100 75 100 7 14 100 4 9 17 100 100 100 100 0 0 0 0 0 0 0; 1 100 95 100 97 98 100 100 98 100 92 100 100 100 84 100 100 66 6 88 100 100 100 0 0 0 0 0 0 0; 19 100 100 100 88 100 100 100 74 91 3 100 100 15 83 100 14 15 4 3 100 100 69 100 100 0 0 0 0 0; 100 85 6 35 88 98 5 69 100 100 2 100 96 100 6 100 10 100 95 67 100 100 100 100 100 100 0 0 0 0; 92 100 68 100 20 84 4 8 2 100 9 100 2 100 100 100 79 100 8 97 100 4 100 100 100 88 87 0 0 0; 100 13 3 74 100 4 85 100 9 22 100 19 17 100 100 18 100 75 100 3 100 2 82 100 100 100 6 100 0 0; 100 38 100 100 100 100 100 3 11 4 8 100 100 100 21 90 93 100 100 100 13 100 100 7 2 88 100 5 100 0; 100 95 100 70 100 90 100 90 100 86 94 100 87 20 100 100 100 7 100 99 100 100 99 100 100 6 100 100 71 96]
