n=40
density=50
Q1=[0 0 0 0 0 0 0 0 0 0 0 0 0 0 0 0 0 0 0 0 0 0 0 0 0 0 0 0 0 0 0 0 0 0 0 0 0 0 0 0 ;
0 0 0 0 0 0 0 0 0 0 0 0 0 0 0 0 0 0 0 0 0 0 0 0 0 0 0 0 0 0 0 0 0 0 0 0 0 0 0 0 ;
54 0 69 0 0 0 0 0 0 0 0 0 0 0 0 0 0 0 0 0 0 0 0 0 0 0 0 0 0 0 0 0 0 0 0 0 0 0 0 0 ;
0 69 0 56 0 0 0 0 0 0 0 0 0 0 0 0 0 0 0 0 0 0 0 0 0 0 0 0 0 0 0 0 0 0 0 0 0 0 0 0 ;
98 10 78 0 71 0 0 0 0 0 0 0 0 0 0 0 0 0 0 0 0 0 0 0 0 0 0 0 0 0 0 0 0 0 0 0 0 0 0 0 ;
0 40 0 93 77 0 0 0 0 0 0 0 0 0 0 0 0 0 0 0 0 0 0 0 0 0 0 0 0 0 0 0 0 0 0 0 0 0 0 0 ;
0 40 63 0 59 19 0 0 0 0 0 0 0 0 0 0 0 0 0 0 0 0 0 0 0 0 0 0 0 0 0 0 0 0 0 0 0 0 0 0 ;
0 33 59 0 97 0 0 80 0 0 0 0 0 0 0 0 0 0 0 0 0 0 0 0 0 0 0 0 0 0 0 0 0 0 0 0 0 0 0 0 ;
0 51 0 0 51 0 71 4 23 0 0 0 0 0 0 0 0 0 0 0 0 0 0 0 0 0 0 0 0 0 0 0 0 0 0 0 0 0 0 0 ;
0 66 0 0 0 93 94 0 0 62 0 0 0 0 0 0 0 0 0 0 0 0 0 0 0 0 0 0 0 0 0 0 0 0 0 0 0 0 0 0 ;
0 32 28 0 90 87 48 0 0 24 3 0 0 0 0 0 0 0 0 0 0 0 0 0 0 0 0 0 0 0 0 0 0 0 0 0 0 0 0 0 ;
78 75 0 0 42 19 0 23 98 0 0 0 0 0 0 0 0 0 0 0 0 0 0 0 0 0 0 0 0 0 0 0 0 0 0 0 0 0 0 0 ;
40 18 0 0 0 0 0 0 89 85 0 57 46 0 0 0 0 0 0 0 0 0 0 0 0 0 0 0 0 0 0 0 0 0 0 0 0 0 0 0 ;
0 0 26 0 0 10 0 58 13 0 13 45 57 55 0 0 0 0 0 0 0 0 0 0 0 0 0 0 0 0 0 0 0 0 0 0 0 0 0 0 ;
0 9 22 0 13 0 0 0 55 91 60 8 32 0 52 0 0 0 0 0 0 0 0 0 0 0 0 0 0 0 0 0 0 0 0 0 0 0 0 0 ;
48 71 97 7 0 46 0 0 45 76 37 0 90 58 92 36 0 0 0 0 0 0 0 0 0 0 0 0 0 0 0 0 0 0 0 0 0 0 0 0 ;
97 32 0 0 16 0 64 7 0 0 7 42 8 0 80 48 0 0 0 0 0 0 0 0 0 0 0 0 0 0 0 0 0 0 0 0 0 0 0 0 ;
79 0 37 0 0 0 79 70 25 0 84 0 49 58 45 5 0 66 0 0 0 0 0 0 0 0 0 0 0 0 0 0 0 0 0 0 0 0 0 0 ;
0 48 0 0 49 18 0 48 70 92 94 19 0 0 0 0 0 73 78 0 0 0 0 0 0 0 0 0 0 0 0 0 0 0 0 0 0 0 0 0 ;
0 0 0 0 0 62 33 0 32 44 0 0 0 0 11 0 0 0 66 41 0 0 0 0 0 0 0 0 0 0 0 0 0 0 0 0 0 0 0 0 ;
0 0 65 66 0 1 16 89 59 22 0 0 0 0 0 0 60 40 17 80 71 0 0 0 0 0 0 0 0 0 0 0 0 0 0 0 0 0 0 0 ;
0 0 0 0 0 0 0 0 0 0 0 1 0 0 0 0 0 0 0 0 0 27 0 0 0 0 0 0 0 0 0 0 0 0 0 0 0 0 0 0 ;
82 0 0 0 69 0 0 0 0 91 5 50 0 87 50 28 0 51 22 0 0 0 0 0 0 0 0 0 0 0 0 0 0 0 0 0 0 0 0 0 ;
0 82 0 36 0 0 0 0 83 71 0 0 0 0 0 72 0 52 53 68 0 91 0 0 0 0 0 0 0 0 0 0 0 0 0 0 0 0 0 0 ;
4 28 0 37 86 28 0 0 1 0 13 0 0 0 51 0 83 3 26 0 41 31 22 0 28 0 0 0 0 0 0 0 0 0 0 0 0 0 0 0 ;
0 27 0 18 0 0 0 0 0 0 15 69 0 0 42 57 90 6 0 0 9 0 79 14 60 0 0 0 0 0 0 0 0 0 0 0 0 0 0 0 ;
0 0 0 0 60 39 88 57 26 50 27 0 0 0 3 0 32 90 0 50 34 0 0 44 0 0 18 0 0 0 0 0 0 0 0 0 0 0 0 0 ;
0 90 0 3 71 98 0 0 84 0 0 0 0 54 48 67 0 0 0 0 0 61 65 9 63 0 0 68 0 0 0 0 0 0 0 0 0 0 0 0 ;
45 28 0 0 0 0 0 0 0 27 0 78 41 0 62 0 36 55 30 0 0 0 0 45 26 30 90 75 71 0 0 0 0 0 0 0 0 0 0 0 ;
0 53 61 0 0 0 64 52 22 54 0 0 25 0 0 88 25 60 0 32 0 26 0 70 93 0 0 0 0 20 0 0 0 0 0 0 0 0 0 0 ;
0 0 40 14 0 7 90 42 0 11 45 0 0 77 0 28 0 0 45 83 0 65 14 0 0 22 21 89 57 0 0 0 0 0 0 0 0 0 0 0 ;
0 79 0 0 39 0 78 0 69 0 0 0 31 59 0 79 0 0 1 0 73 0 0 61 59 17 0 0 49 73 0 0 0 0 0 0 0 0 0 0 ;
99 0 0 88 14 5 0 55 71 91 20 0 0 32 71 83 0 0 0 89 0 0 90 9 26 0 0 37 0 0 0 60 25 0 0 0 0 0 0 0 ;
0 0 0 0 23 80 0 0 0 0 32 64 75 0 40 62 34 0 55 0 0 41 0 1 0 51 59 0 38 0 0 0 0 77 0 0 0 0 0 0 ;
55 81 77 0 65 0 55 31 92 0 0 18 3 0 0 0 90 10 0 0 0 20 39 84 0 0 93 25 43 0 49 3 52 0 0 0 0 0 0 0 ;
0 0 0 48 0 0 0 10 0 42 0 42 47 0 42 0 0 0 0 78 34 0 0 0 49 0 78 34 0 0 0 0 0 0 0 41 0 0 0 0 ;
21 21 48 28 0 55 77 0 0 51 29 0 5 0 31 36 0 64 96 89 11 0 0 60 1 0 0 39 3 53 0 0 33 0 90 9 0 0 0 0 ;
80 0 61 99 77 17 0 0 0 93 79 96 0 0 0 74 0 0 76 0 0 0 0 99 25 0 0 10 86 0 92 4 0 79 0 31 0 15 0 0 ;
0 66 0 45 0 0 0 65 25 0 0 72 59 52 69 0 0 0 0 0 0 96 94 2 95 86 73 0 0 12 81 0 0 19 0 0 0 0 61 0 ;
48 42 0 47 54 31 82 31 44 56 21 0 0 47 0 0 54 57 0 96 87 60 16 95 0 0 0 25 76 0 96 77 0 17 81 0 37 0 0 48 ]
w=[25, 35, 1, 10, 21, 42, 20, 43, 14, 33, 43, 37, 16, 39, 5, 31, 35, 19, 22, 1, 5, 4, 34, 3, 36, 27, 15, 6, 41, 48, 11, 43, 35, 27, 10, 16, 39, 42, 19, 20]
W=102 
k=10 
inst_name = "QKP_40_100_50" 
feasible = true 
Q2=[99 0 0 0 0 0 0 0 0 0 0 0 0 0 0 0 0 0 0 0 0 0 0 0 0 0 0 0 0 0 0 0 0 0 0 0 0 0 0 0; 99 99 0 0 0 0 0 0 0 0 0 0 0 0 0 0 0 0 0 0 0 0 0 0 0 0 0 0 0 0 0 0 0 0 0 0 0 0 0 0; 39 99 28 0 0 0 0 0 0 0 0 0 0 0 0 0 0 0 0 0 0 0 0 0 0 0 0 0 0 0 0 0 0 0 0 0 0 0 0 0; 99 0 99 3 0 0 0 0 0 0 0 0 0 0 0 0 0 0 0 0 0 0 0 0 0 0 0 0 0 0 0 0 0 0 0 0 0 0 0 0; 0 90 17 99 5 0 0 0 0 0 0 0 0 0 0 0 0 0 0 0 0 0 0 0 0 0 0 0 0 0 0 0 0 0 0 0 0 0 0 0; 99 67 99 3 14 99 0 0 0 0 0 0 0 0 0 0 0 0 0 0 0 0 0 0 0 0 0 0 0 0 0 0 0 0 0 0 0 0 0 0; 99 79 1 99 15 89 99 0 0 0 0 0 0 0 0 0 0 0 0 0 0 0 0 0 0 0 0 0 0 0 0 0 0 0 0 0 0 0 0 0; 99 75 25 99 2 99 99 11 0 0 0 0 0 0 0 0 0 0 0 0 0 0 0 0 0 0 0 0 0 0 0 0 0 0 0 0 0 0 0 0; 99 36 99 99 11 99 25 96 86 0 0 0 0 0 0 0 0 0 0 0 0 0 0 0 0 0 0 0 0 0 0 0 0 0 0 0 0 0 0 0; 99 2 99 99 99 6 3 99 99 35 0 0 0 0 0 0 0 0 0 0 0 0 0 0 0 0 0 0 0 0 0 0 0 0 0 0 0 0 0 0; 99 75 73 99 0 6 58 99 99 78 96 0 0 0 0 0 0 0 0 0 0 0 0 0 0 0 0 0 0 0 0 0 0 0 0 0 0 0 0 0; 16 21 99 99 61 87 99 95 0 99 99 99 0 0 0 0 0 0 0 0 0 0 0 0 0 0 0 0 0 0 0 0 0 0 0 0 0 0 0 0; 74 87 99 99 99 99 99 99 0 9 99 20 55 0 0 0 0 0 0 0 0 0 0 0 0 0 0 0 0 0 0 0 0 0 0 0 0 0 0 0; 99 99 77 99 99 90 99 6 88 99 99 86 28 23 0 0 0 0 0 0 0 0 0 0 0 0 0 0 0 0 0 0 0 0 0 0 0 0 0 0; 99 93 92 99 92 99 99 99 0 8 18 91 96 99 7 0 0 0 0 0 0 0 0 0 0 0 0 0 0 0 0 0 0 0 0 0 0 0 0 0; 83 9 2 94 99 55 99 99 61 0 88 99 3 16 7 66 0 0 0 0 0 0 0 0 0 0 0 0 0 0 0 0 0 0 0 0 0 0 0 0; 2 80 99 99 95 99 10 99 99 99 96 58 94 99 18 54 99 0 0 0 0 0 0 0 0 0 0 0 0 0 0 0 0 0 0 0 0 0 0 0; 3 99 98 99 99 99 6 1 90 99 5 99 64 32 59 94 99 11 0 0 0 0 0 0 0 0 0 0 0 0 0 0 0 0 0 0 0 0 0 0; 99 53 99 99 98 91 99 57 22 1 4 82 99 99 99 99 99 14 20 0 0 0 0 0 0 0 0 0 0 0 0 0 0 0 0 0 0 0 0 0; 99 99 99 99 99 35 92 99 89 66 99 99 99 99 97 99 99 99 3 80 0 0 0 0 0 0 0 0 0 0 0 0 0 0 0 0 0 0 0 0; 99 99 5 32 99 98 89 6 19 92 99 99 99 99 99 99 5 94 99 2 11 0 0 0 0 0 0 0 0 0 0 0 0 0 0 0 0 0 0 0; 99 99 99 99 99 99 99 99 99 99 99 99 99 99 99 99 99 99 99 99 99 72 0 0 0 0 0 0 0 0 0 0 0 0 0 0 0 0 0 0; 17 99 99 99 26 99 99 99 99 5 94 21 99 1 28 85 99 14 91 99 99 99 99 0 0 0 0 0 0 0 0 0 0 0 0 0 0 0 0 0; 99 8 99 92 99 99 99 99 7 28 99 99 99 99 99 0 99 15 6 0 99 1 99 99 0 0 0 0 0 0 0 0 0 0 0 0 0 0 0 0; 99 71 99 91 4 89 99 99 98 99 96 99 99 99 44 99 7 96 83 99 88 94 94 99 92 0 0 0 0 0 0 0 0 0 0 0 0 0 0 0; 99 79 99 85 99 99 99 99 99 99 86 29 99 99 78 41 4 96 99 99 98 99 10 93 7 99 0 0 0 0 0 0 0 0 0 0 0 0 0 0; 99 99 99 99 8 60 11 32 88 25 82 99 99 99 97 99 73 2 99 20 77 99 99 77 99 99 85 0 0 0 0 0 0 0 0 0 0 0 0 0; 99 1 99 99 0 1 99 99 14 99 99 99 99 4 91 26 99 99 99 99 99 29 30 93 20 99 99 21 0 0 0 0 0 0 0 0 0 0 0 0; 63 72 99 99 99 99 99 99 99 89 99 9 93 99 34 99 91 30 78 99 99 99 99 58 77 87 9 9 2 0 0 0 0 0 0 0 0 0 0 0; 99 8 21 99 99 99 10 30 86 38 99 99 84 99 99 9 80 4 99 84 99 83 99 8 0 99 99 99 99 86 0 0 0 0 0 0 0 0 0 0; 99 99 69 96 99 93 0 75 99 93 60 99 99 7 99 94 99 99 71 15 99 0 91 99 99 93 94 3 11 99 99 0 0 0 0 0 0 0 0 0; 99 8 99 99 88 99 17 99 2 99 99 99 82 31 99 4 99 99 99 99 12 99 99 13 12 84 99 99 89 4 99 99 0 0 0 0 0 0 0 0; 0 99 99 8 97 94 99 36 24 4 94 99 99 86 3 8 99 99 99 2 99 99 9 93 99 99 99 97 99 99 99 24 85 0 0 0 0 0 0 0; 99 99 99 99 82 15 99 99 99 99 77 21 3 99 98 34 89 99 30 99 99 92 99 98 99 47 1 99 70 99 99 99 99 13 0 0 0 0 0 0; 22 8 7 99 23 99 21 77 0 99 99 99 96 99 99 99 9 89 99 99 99 83 89 3 99 99 4 76 81 99 82 98 22 99 99 0 0 0 0 0; 99 99 99 96 99 99 99 99 99 82 99 99 98 99 71 99 99 99 99 5 67 99 99 99 84 99 4 74 99 99 99 99 99 99 99 75 0 0 0 0; 93 98 71 77 99 34 3 99 99 25 72 99 94 99 92 88 99 15 1 10 97 99 99 2 99 99 99 88 96 29 99 99 69 99 0 99 99 0 0 0; 17 99 18 0 11 82 99 99 99 5 14 2 99 99 99 5 99 99 12 99 99 99 99 0 78 99 99 98 0 99 7 95 99 11 99 76 99 98 0 0; 99 19 99 66 99 99 99 26 77 99 99 4 7 1 2 99 99 99 99 99 99 2 2 99 4 4 5 99 99 93 15 99 99 87 99 99 99 99 14 0; 93 61 99 86 28 95 7 81 97 8 97 99 99 73 99 99 24 21 99 1 3 9 91 1 99 99 99 76 23 99 2 21 99 90 7 99 88 99 99 66]
