n=30
density=75
Q1=[149 0 0 0 0 0 0 0 0 0 0 0 0 0 0 0 0 0 0 0 0 0 0 0 0 0 0 0 0 0 ;
155 96 0 0 0 0 0 0 0 0 0 0 0 0 0 0 0 0 0 0 0 0 0 0 0 0 0 0 0 0 ;
72 36 176 0 0 0 0 0 0 0 0 0 0 0 0 0 0 0 0 0 0 0 0 0 0 0 0 0 0 0 ;
158 0 0 196 0 0 0 0 0 0 0 0 0 0 0 0 0 0 0 0 0 0 0 0 0 0 0 0 0 0 ;
0 141 105 197 73 0 0 0 0 0 0 0 0 0 0 0 0 0 0 0 0 0 0 0 0 0 0 0 0 0 ;
101 0 106 131 0 136 0 0 0 0 0 0 0 0 0 0 0 0 0 0 0 0 0 0 0 0 0 0 0 0 ;
181 0 123 8 153 7 154 0 0 0 0 0 0 0 0 0 0 0 0 0 0 0 0 0 0 0 0 0 0 0 ;
0 131 0 64 164 34 29 102 0 0 0 0 0 0 0 0 0 0 0 0 0 0 0 0 0 0 0 0 0 0 ;
80 0 0 141 14 0 110 0 32 0 0 0 0 0 0 0 0 0 0 0 0 0 0 0 0 0 0 0 0 0 ;
48 183 0 99 119 155 92 0 0 5 0 0 0 0 0 0 0 0 0 0 0 0 0 0 0 0 0 0 0 0 ;
81 113 116 0 0 7 173 71 37 183 16 0 0 0 0 0 0 0 0 0 0 0 0 0 0 0 0 0 0 0 ;
16 33 48 56 32 59 72 0 90 159 132 184 0 0 0 0 0 0 0 0 0 0 0 0 0 0 0 0 0 0 ;
0 51 80 145 23 190 146 99 86 110 46 176 9 0 0 0 0 0 0 0 0 0 0 0 0 0 0 0 0 0 ;
19 121 1 0 117 140 25 0 161 88 0 157 1 182 0 0 0 0 0 0 0 0 0 0 0 0 0 0 0 0 ;
24 0 45 186 71 80 199 79 122 83 84 0 200 90 5 0 0 0 0 0 0 0 0 0 0 0 0 0 0 0 ;
40 118 2 0 34 84 185 0 107 158 0 95 19 149 134 0 0 0 0 0 0 0 0 0 0 0 0 0 0 0 ;
33 126 71 33 184 90 115 0 110 0 96 193 0 0 192 130 23 0 0 0 0 0 0 0 0 0 0 0 0 0 ;
0 0 136 0 199 89 0 0 45 150 150 187 171 80 88 0 10 98 0 0 0 0 0 0 0 0 0 0 0 0 ;
184 93 36 0 87 147 124 0 97 24 0 138 0 145 101 0 71 143 22 0 0 0 0 0 0 0 0 0 0 0 ;
69 0 124 49 0 200 0 57 42 151 0 0 160 174 139 39 0 0 93 2 0 0 0 0 0 0 0 0 0 0 ;
32 0 2 183 130 135 41 87 3 15 25 1 126 120 2 157 192 0 0 181 0 0 0 0 0 0 0 0 0 0 ;
136 149 0 32 78 58 0 65 190 72 100 16 148 122 104 55 54 123 0 0 107 74 0 0 0 0 0 0 0 0 ;
0 6 90 101 145 22 140 154 152 115 155 58 182 45 0 100 115 96 0 94 84 0 0 0 0 0 0 0 0 0 ;
138 199 0 0 151 0 86 103 71 0 27 0 35 156 93 148 0 0 104 160 147 0 0 0 0 0 0 0 0 0 ;
0 65 0 73 65 0 190 62 130 102 161 167 139 31 2 137 177 0 169 142 107 0 97 177 145 0 0 0 0 0 ;
124 0 66 102 0 0 104 74 192 85 155 163 90 39 172 0 54 18 0 0 197 102 0 32 0 47 0 0 0 0 ;
0 8 107 110 72 170 139 130 0 106 82 118 39 0 10 40 0 0 171 193 156 0 74 59 78 138 147 0 0 0 ;
0 150 110 179 13 0 81 0 152 76 49 0 164 68 67 163 146 0 65 66 61 168 0 0 186 164 33 0 0 0 ;
23 0 104 195 0 115 123 0 14 116 189 175 188 21 84 32 20 0 107 163 91 10 87 104 157 0 25 194 16 0 ;
18 19 0 145 58 62 160 0 196 159 0 135 75 199 23 0 82 93 120 189 0 0 192 83 16 105 100 0 190 84 ]
w=[37, 15, 4, 14, 47, 84, 62, 40, 30, 26, 8, 45, 70, 91, 55, 67, 83, 5, 65, 39, 74, 30, 36, 43, 46, 53, 59, 60, 73, 42]
W=69 
k=5 
inst_name = "QKP_30_200_75" 
feasible = true 
Q2=[44 0 0 0 0 0 0 0 0 0 0 0 0 0 0 0 0 0 0 0 0 0 0 0 0 0 0 0 0 0; 31 130 0 0 0 0 0 0 0 0 0 0 0 0 0 0 0 0 0 0 0 0 0 0 0 0 0 0 0 0; 140 183 2 0 0 0 0 0 0 0 0 0 0 0 0 0 0 0 0 0 0 0 0 0 0 0 0 0 0 0; 27 200 200 1 0 0 0 0 0 0 0 0 0 0 0 0 0 0 0 0 0 0 0 0 0 0 0 0 0 0; 200 38 27 1 188 0 0 0 0 0 0 0 0 0 0 0 0 0 0 0 0 0 0 0 0 0 0 0 0 0; 38 200 12 13 200 36 0 0 0 0 0 0 0 0 0 0 0 0 0 0 0 0 0 0 0 0 0 0 0 0; 10 200 4 197 13 195 39 0 0 0 0 0 0 0 0 0 0 0 0 0 0 0 0 0 0 0 0 0 0 0; 200 53 200 141 10 199 173 4 0 0 0 0 0 0 0 0 0 0 0 0 0 0 0 0 0 0 0 0 0 0; 177 200 200 24 191 200 36 200 194 0 0 0 0 0 0 0 0 0 0 0 0 0 0 0 0 0 0 0 0 0; 184 10 200 190 78 44 181 200 200 195 0 0 0 0 0 0 0 0 0 0 0 0 0 0 0 0 0 0 0 0; 120 11 82 200 200 194 2 148 190 12 192 0 0 0 0 0 0 0 0 0 0 0 0 0 0 0 0 0 0 0; 194 193 199 195 172 179 143 200 196 10 58 15 0 0 0 0 0 0 0 0 0 0 0 0 0 0 0 0 0 0; 200 185 179 9 194 9 21 141 198 55 168 10 200 0 0 0 0 0 0 0 0 0 0 0 0 0 0 0 0 0; 197 36 200 200 63 36 194 200 32 184 200 14 199 12 0 0 0 0 0 0 0 0 0 0 0 0 0 0 0 0; 200 200 187 0 170 135 1 133 53 193 180 200 0 189 200 0 0 0 0 0 0 0 0 0 0 0 0 0 0 0; 192 82 200 200 198 157 11 200 82 27 200 138 184 46 55 200 0 0 0 0 0 0 0 0 0 0 0 0 0 0; 191 44 134 170 14 129 82 200 76 200 105 2 200 200 8 16 187 0 0 0 0 0 0 0 0 0 0 0 0 0; 200 200 38 200 0 171 200 200 159 32 20 1 1 191 113 200 191 145 0 0 0 0 0 0 0 0 0 0 0 0; 16 155 188 200 155 12 58 200 119 179 200 16 200 19 96 200 190 14 200 0 0 0 0 0 0 0 0 0 0 0; 173 200 3 194 200 0 200 191 158 24 200 200 29 23 35 172 200 200 178 199 0 0 0 0 0 0 0 0 0 0; 174 200 200 15 15 16 200 145 197 194 198 199 7 14 198 36 8 200 200 15 200 0 0 0 0 0 0 0 0 0; 28 6 200 175 139 145 200 186 4 131 44 193 41 43 89 145 191 77 200 200 82 182 0 0 0 0 0 0 0 0; 200 199 149 57 55 185 11 43 25 54 41 155 3 188 200 81 52 189 200 154 123 200 200 0 0 0 0 0 0 0; 55 0 200 200 9 200 169 70 132 200 195 200 173 3 134 37 200 200 84 24 35 200 200 200 0 0 0 0 0 0; 200 162 200 188 183 200 4 169 48 6 1 33 0 187 198 45 23 200 15 18 34 200 174 7 35 0 0 0 0 0; 69 200 185 8 200 200 27 160 6 143 0 33 142 194 14 200 192 197 200 200 2 19 200 170 200 195 0 0 0 0; 200 193 32 1 172 13 1 13 200 80 145 8 178 200 199 162 200 200 7 1 4 200 130 184 197 22 30 0 0 0; 200 44 78 13 190 200 198 200 13 143 198 200 11 188 186 27 32 200 148 150 141 2 200 200 10 26 180 200 0 0; 196 200 6 0 200 9 62 200 192 23 6 4 10 182 162 172 195 200 41 2 112 194 129 87 10 200 183 2 195 0; 199 200 200 47 179 195 4 200 2 1 200 55 145 1 198 200 121 160 52 5 200 200 3 146 200 77 79 200 8 140]
