n=35
density=25
Q1=[0 0 0 0 0 0 0 0 0 0 0 0 0 0 0 0 0 0 0 0 0 0 0 0 0 0 0 0 0 0 0 0 0 0 0 ;
0 0 0 0 0 0 0 0 0 0 0 0 0 0 0 0 0 0 0 0 0 0 0 0 0 0 0 0 0 0 0 0 0 0 0 ;
0 0 87 0 0 0 0 0 0 0 0 0 0 0 0 0 0 0 0 0 0 0 0 0 0 0 0 0 0 0 0 0 0 0 0 ;
14 0 0 0 0 0 0 0 0 0 0 0 0 0 0 0 0 0 0 0 0 0 0 0 0 0 0 0 0 0 0 0 0 0 0 ;
0 65 0 0 0 0 0 0 0 0 0 0 0 0 0 0 0 0 0 0 0 0 0 0 0 0 0 0 0 0 0 0 0 0 0 ;
0 0 187 0 0 0 0 0 0 0 0 0 0 0 0 0 0 0 0 0 0 0 0 0 0 0 0 0 0 0 0 0 0 0 0 ;
0 103 0 0 0 0 0 0 0 0 0 0 0 0 0 0 0 0 0 0 0 0 0 0 0 0 0 0 0 0 0 0 0 0 0 ;
0 182 63 0 197 0 0 0 0 0 0 0 0 0 0 0 0 0 0 0 0 0 0 0 0 0 0 0 0 0 0 0 0 0 0 ;
0 0 0 0 0 0 0 100 82 0 0 0 0 0 0 0 0 0 0 0 0 0 0 0 0 0 0 0 0 0 0 0 0 0 0 ;
0 0 0 0 0 0 34 0 0 0 0 0 0 0 0 0 0 0 0 0 0 0 0 0 0 0 0 0 0 0 0 0 0 0 0 ;
0 0 0 0 101 0 0 0 172 10 1 0 0 0 0 0 0 0 0 0 0 0 0 0 0 0 0 0 0 0 0 0 0 0 0 ;
165 0 0 117 0 0 48 0 0 180 0 0 0 0 0 0 0 0 0 0 0 0 0 0 0 0 0 0 0 0 0 0 0 0 0 ;
0 0 0 0 0 0 0 49 0 0 0 0 187 0 0 0 0 0 0 0 0 0 0 0 0 0 0 0 0 0 0 0 0 0 0 ;
0 0 0 75 138 0 0 0 0 0 0 0 64 4 0 0 0 0 0 0 0 0 0 0 0 0 0 0 0 0 0 0 0 0 0 ;
0 0 0 0 0 0 127 0 0 0 0 0 113 0 20 0 0 0 0 0 0 0 0 0 0 0 0 0 0 0 0 0 0 0 0 ;
197 0 0 72 0 0 0 139 0 0 0 0 0 0 0 195 0 0 0 0 0 0 0 0 0 0 0 0 0 0 0 0 0 0 0 ;
0 0 0 0 0 0 0 0 0 0 0 31 0 0 0 101 0 0 0 0 0 0 0 0 0 0 0 0 0 0 0 0 0 0 0 ;
0 0 194 80 0 0 0 177 177 0 0 0 0 0 0 0 0 120 0 0 0 0 0 0 0 0 0 0 0 0 0 0 0 0 0 ;
159 0 0 0 0 0 172 0 0 0 0 0 0 0 0 0 0 0 0 0 0 0 0 0 0 0 0 0 0 0 0 0 0 0 0 ;
0 0 0 162 0 0 0 0 0 0 0 168 0 0 0 35 0 0 0 0 0 0 0 0 0 0 0 0 0 0 0 0 0 0 0 ;
0 0 0 27 0 51 0 0 186 0 0 0 57 0 186 0 131 113 0 0 0 0 0 0 0 0 0 0 0 0 0 0 0 0 0 ;
0 96 0 124 0 0 0 0 0 170 0 0 182 0 0 0 9 0 0 148 0 0 0 0 0 0 0 0 0 0 0 0 0 0 0 ;
0 0 0 0 0 0 0 0 0 0 199 0 0 0 9 0 57 0 0 0 0 0 0 0 0 0 0 0 0 0 0 0 0 0 0 ;
142 0 174 0 0 0 0 0 68 0 0 152 74 0 92 17 0 135 0 141 0 0 0 0 0 0 0 0 0 0 0 0 0 0 0 ;
0 65 147 0 0 145 0 89 0 0 0 0 0 0 0 0 88 0 0 0 0 39 0 0 25 0 0 0 0 0 0 0 0 0 0 ;
0 0 112 135 0 0 0 196 145 108 0 0 0 0 0 0 22 34 0 0 0 150 0 0 0 0 0 0 0 0 0 0 0 0 0 ;
0 0 0 0 0 0 0 0 0 0 104 156 0 0 0 0 0 0 0 0 0 0 0 0 0 0 37 0 0 0 0 0 0 0 0 ;
0 0 0 167 0 54 0 153 0 0 0 0 0 0 0 0 0 0 0 177 0 39 14 0 0 0 0 0 0 0 0 0 0 0 0 ;
10 0 0 0 0 0 0 55 0 6 0 0 0 0 0 29 0 50 0 177 0 0 115 0 0 0 0 0 0 0 0 0 0 0 0 ;
0 0 152 0 0 0 6 0 0 0 156 0 0 0 0 0 43 0 0 0 0 0 0 0 187 0 0 0 0 0 0 0 0 0 0 ;
4 0 56 0 0 0 116 0 0 0 0 189 0 174 108 41 0 139 0 0 0 97 0 0 0 0 105 0 112 139 10 0 0 0 0 ;
53 0 0 10 0 70 0 0 138 0 0 140 0 0 0 0 0 28 0 0 0 140 0 0 0 0 0 0 0 0 0 168 0 0 0 ;
0 0 0 0 66 0 0 80 0 0 0 0 0 0 138 0 15 0 0 167 86 0 0 165 0 0 0 184 43 0 0 0 120 0 0 ;
0 0 180 0 166 0 0 0 0 0 126 39 70 0 0 13 0 0 0 0 85 0 0 0 0 56 0 134 0 0 0 0 0 0 0 ;
85 0 0 0 0 0 0 0 0 0 81 0 0 36 0 39 0 0 0 0 0 91 0 113 0 0 0 0 0 179 0 0 0 186 0 ]
w=[51, 45, 14, 8, 66, 59, 42, 15, 17, 80, 72, 71, 58, 52, 92, 18, 42, 44, 52, 53, 91, 94, 14, 82, 46, 76, 63, 21, 88, 68, 6, 24, 10, 73, 10]
W=54 
k=2 
inst_name = "QKP_35_200_25" 
feasible = true 
Q2=[199 0 0 0 0 0 0 0 0 0 0 0 0 0 0 0 0 0 0 0 0 0 0 0 0 0 0 0 0 0 0 0 0 0 0; 199 199 0 0 0 0 0 0 0 0 0 0 0 0 0 0 0 0 0 0 0 0 0 0 0 0 0 0 0 0 0 0 0 0 0; 199 199 121 0 0 0 0 0 0 0 0 0 0 0 0 0 0 0 0 0 0 0 0 0 0 0 0 0 0 0 0 0 0 0 0; 185 199 199 199 0 0 0 0 0 0 0 0 0 0 0 0 0 0 0 0 0 0 0 0 0 0 0 0 0 0 0 0 0 0 0; 199 187 199 199 199 0 0 0 0 0 0 0 0 0 0 0 0 0 0 0 0 0 0 0 0 0 0 0 0 0 0 0 0 0 0; 199 199 5 199 199 199 0 0 0 0 0 0 0 0 0 0 0 0 0 0 0 0 0 0 0 0 0 0 0 0 0 0 0 0 0; 199 91 199 199 199 199 199 0 0 0 0 0 0 0 0 0 0 0 0 0 0 0 0 0 0 0 0 0 0 0 0 0 0 0 0; 199 11 178 199 2 199 199 199 0 0 0 0 0 0 0 0 0 0 0 0 0 0 0 0 0 0 0 0 0 0 0 0 0 0 0; 199 199 199 199 199 199 199 98 158 0 0 0 0 0 0 0 0 0 0 0 0 0 0 0 0 0 0 0 0 0 0 0 0 0 0; 199 199 199 199 199 199 166 199 199 199 0 0 0 0 0 0 0 0 0 0 0 0 0 0 0 0 0 0 0 0 0 0 0 0 0; 199 199 199 199 71 199 199 199 2 196 199 0 0 0 0 0 0 0 0 0 0 0 0 0 0 0 0 0 0 0 0 0 0 0 0; 30 199 199 47 199 199 155 199 199 3 199 199 0 0 0 0 0 0 0 0 0 0 0 0 0 0 0 0 0 0 0 0 0 0 0; 199 199 199 199 199 199 199 181 199 199 199 199 6 0 0 0 0 0 0 0 0 0 0 0 0 0 0 0 0 0 0 0 0 0 0; 199 199 199 150 19 199 199 199 199 199 199 199 189 195 0 0 0 0 0 0 0 0 0 0 0 0 0 0 0 0 0 0 0 0 0; 199 199 199 199 199 199 50 199 199 199 199 199 67 199 179 0 0 0 0 0 0 0 0 0 0 0 0 0 0 0 0 0 0 0 0; 0 199 199 154 199 199 199 17 199 199 199 199 199 199 199 4 0 0 0 0 0 0 0 0 0 0 0 0 0 0 0 0 0 0 0; 199 199 199 199 199 199 199 199 199 199 199 172 199 199 199 95 199 0 0 0 0 0 0 0 0 0 0 0 0 0 0 0 0 0 0; 199 199 2 137 199 199 199 1 6 199 199 199 199 199 199 199 199 0 0 0 0 0 0 0 0 0 0 0 0 0 0 0 0 0 0; 30 199 199 199 199 199 18 199 199 199 199 199 199 199 199 199 199 199 199 0 0 0 0 0 0 0 0 0 0 0 0 0 0 0 0; 199 199 199 31 199 199 199 199 199 199 199 13 199 199 199 192 199 199 199 199 0 0 0 0 0 0 0 0 0 0 0 0 0 0 0; 199 199 199 187 199 153 199 199 6 199 199 199 199 199 6 199 23 66 199 199 199 0 0 0 0 0 0 0 0 0 0 0 0 0 0; 199 149 199 17 199 199 199 199 199 24 199 199 16 199 199 199 192 199 199 28 199 199 0 0 0 0 0 0 0 0 0 0 0 0 0; 199 199 199 199 199 199 199 199 199 199 0 199 199 199 198 199 190 199 199 199 199 199 199 0 0 0 0 0 0 0 0 0 0 0 0; 28 199 8 199 199 199 199 199 180 199 199 13 154 199 136 195 199 16 199 33 199 199 199 199 0 0 0 0 0 0 0 0 0 0 0; 199 183 34 199 199 52 199 164 199 199 199 199 199 199 199 199 198 199 199 199 199 191 199 199 182 0 0 0 0 0 0 0 0 0 0; 199 199 17 16 199 199 199 3 51 65 199 199 199 199 199 199 180 192 199 199 199 24 199 199 199 199 0 0 0 0 0 0 0 0 0; 199 199 199 199 199 199 199 199 199 199 58 2 199 199 199 199 199 199 199 199 199 199 199 199 199 199 165 0 0 0 0 0 0 0 0; 199 199 199 12 199 164 199 36 199 199 199 199 199 199 199 199 199 199 199 4 199 198 195 199 199 199 199 199 0 0 0 0 0 0 0; 189 199 199 199 199 199 199 166 199 193 199 199 199 199 199 189 199 181 199 0 199 199 30 199 199 199 199 199 199 0 0 0 0 0 0; 199 199 0 199 199 199 195 199 199 199 41 199 199 199 199 199 168 199 199 199 199 199 199 199 10 199 199 199 199 199 0 0 0 0 0; 197 199 197 199 199 199 68 199 199 199 199 8 199 20 47 190 199 37 199 199 199 113 199 199 199 199 54 199 23 34 192 0 0 0 0; 197 199 199 198 199 171 199 199 11 199 199 34 199 199 199 199 199 192 199 199 199 38 199 199 199 199 199 199 199 199 199 26 0 0 0; 199 199 199 199 147 199 199 175 199 199 199 199 199 199 58 199 193 199 199 19 133 199 199 29 199 199 199 10 174 199 199 199 20 0 0; 199 199 19 199 16 199 199 199 199 199 46 163 192 199 199 198 199 199 199 199 141 199 199 199 199 157 199 39 199 199 199 199 199 199 0; 133 199 199 199 199 199 199 199 199 199 127 199 199 179 199 181 199 199 199 199 199 163 199 79 199 199 199 199 199 5 199 199 199 9 199]
