n=35
density=50
Q1=[0 0 0 0 0 0 0 0 0 0 0 0 0 0 0 0 0 0 0 0 0 0 0 0 0 0 0 0 0 0 0 0 0 0 0 ;
134 156 0 0 0 0 0 0 0 0 0 0 0 0 0 0 0 0 0 0 0 0 0 0 0 0 0 0 0 0 0 0 0 0 0 ;
0 0 0 0 0 0 0 0 0 0 0 0 0 0 0 0 0 0 0 0 0 0 0 0 0 0 0 0 0 0 0 0 0 0 0 ;
63 0 59 0 0 0 0 0 0 0 0 0 0 0 0 0 0 0 0 0 0 0 0 0 0 0 0 0 0 0 0 0 0 0 0 ;
98 163 0 182 58 0 0 0 0 0 0 0 0 0 0 0 0 0 0 0 0 0 0 0 0 0 0 0 0 0 0 0 0 0 0 ;
139 0 0 106 146 198 0 0 0 0 0 0 0 0 0 0 0 0 0 0 0 0 0 0 0 0 0 0 0 0 0 0 0 0 0 ;
0 157 0 166 76 0 165 0 0 0 0 0 0 0 0 0 0 0 0 0 0 0 0 0 0 0 0 0 0 0 0 0 0 0 0 ;
0 0 197 0 38 0 0 121 0 0 0 0 0 0 0 0 0 0 0 0 0 0 0 0 0 0 0 0 0 0 0 0 0 0 0 ;
0 0 163 0 47 93 29 0 0 0 0 0 0 0 0 0 0 0 0 0 0 0 0 0 0 0 0 0 0 0 0 0 0 0 0 ;
164 0 0 0 0 40 0 0 145 0 0 0 0 0 0 0 0 0 0 0 0 0 0 0 0 0 0 0 0 0 0 0 0 0 0 ;
83 23 0 200 0 168 14 71 170 0 64 0 0 0 0 0 0 0 0 0 0 0 0 0 0 0 0 0 0 0 0 0 0 0 0 ;
0 22 180 44 0 0 0 0 0 0 77 157 0 0 0 0 0 0 0 0 0 0 0 0 0 0 0 0 0 0 0 0 0 0 0 ;
0 5 29 0 0 144 0 71 0 0 80 45 57 0 0 0 0 0 0 0 0 0 0 0 0 0 0 0 0 0 0 0 0 0 0 ;
114 10 0 18 0 143 0 0 166 57 0 191 63 25 0 0 0 0 0 0 0 0 0 0 0 0 0 0 0 0 0 0 0 0 0 ;
71 0 0 0 0 0 18 54 181 178 163 0 149 0 0 0 0 0 0 0 0 0 0 0 0 0 0 0 0 0 0 0 0 0 0 ;
0 44 0 0 69 182 125 0 64 113 24 40 0 32 189 0 0 0 0 0 0 0 0 0 0 0 0 0 0 0 0 0 0 0 0 ;
21 0 175 96 0 0 0 0 179 0 143 0 62 165 0 0 0 0 0 0 0 0 0 0 0 0 0 0 0 0 0 0 0 0 0 ;
0 4 0 65 60 105 91 15 0 0 62 0 61 0 51 136 0 107 0 0 0 0 0 0 0 0 0 0 0 0 0 0 0 0 0 ;
133 0 164 0 0 0 0 0 0 150 0 185 50 0 14 20 90 179 131 0 0 0 0 0 0 0 0 0 0 0 0 0 0 0 0 ;
0 0 64 69 0 143 129 146 61 0 0 25 28 145 187 52 0 15 148 0 0 0 0 0 0 0 0 0 0 0 0 0 0 0 0 ;
162 0 0 0 179 0 0 179 0 104 33 0 0 0 73 85 0 114 0 61 0 0 0 0 0 0 0 0 0 0 0 0 0 0 0 ;
48 35 0 0 156 131 0 0 40 0 0 0 0 96 92 0 43 152 0 185 156 0 0 0 0 0 0 0 0 0 0 0 0 0 0 ;
162 0 0 0 23 81 0 179 9 65 0 0 125 91 154 0 0 77 139 0 107 178 103 0 0 0 0 0 0 0 0 0 0 0 0 ;
88 0 0 191 152 0 185 0 0 0 0 0 191 186 27 83 56 162 24 17 142 0 53 115 0 0 0 0 0 0 0 0 0 0 0 ;
36 199 178 8 87 57 0 116 120 134 0 182 0 0 0 0 0 90 0 0 38 93 0 198 55 0 0 0 0 0 0 0 0 0 0 ;
0 0 0 98 0 0 0 0 127 185 177 0 17 0 0 127 0 0 120 4 130 162 66 104 61 32 0 0 0 0 0 0 0 0 0 ;
182 0 0 160 0 0 0 160 0 142 79 0 0 0 196 112 0 86 0 99 133 182 160 0 0 0 53 0 0 0 0 0 0 0 0 ;
0 0 0 26 168 192 0 0 0 0 185 0 151 179 144 102 151 0 5 0 72 0 0 0 0 0 0 0 0 0 0 0 0 0 0 ;
193 83 0 123 165 0 121 157 0 180 0 163 25 0 31 0 0 130 0 107 136 31 154 50 0 0 0 43 131 0 0 0 0 0 0 ;
73 78 0 0 34 0 0 0 86 184 51 125 163 0 0 11 0 0 191 98 0 0 0 0 95 0 0 0 28 0 0 0 0 0 0 ;
0 0 0 42 137 0 63 0 59 0 0 0 134 0 183 0 0 162 0 89 125 0 80 0 147 0 111 68 0 168 0 0 0 0 0 ;
0 0 0 97 146 175 8 107 14 20 0 0 104 105 0 0 0 168 148 112 0 127 0 22 98 49 0 0 172 74 0 0 0 0 0 ;
102 153 0 31 0 3 0 0 34 0 121 84 0 198 78 145 22 97 0 0 38 0 153 179 0 0 47 6 0 0 0 32 161 0 0 ;
0 0 0 157 0 36 0 0 43 0 0 0 0 32 80 0 0 0 143 0 0 91 168 0 0 0 180 90 103 0 141 148 0 0 0 ;
18 92 0 59 0 0 0 0 97 0 0 28 68 83 0 0 116 181 105 0 0 100 0 0 64 47 34 0 133 0 0 185 0 0 52 ]
w=[34, 81, 15, 86, 66, 96, 14, 29, 14, 16, 65, 65, 62, 38, 82, 34, 59, 50, 31, 19, 89, 50, 91, 62, 20, 71, 69, 91, 51, 21, 52, 57, 37, 79, 61]
W=119 
k=5 
inst_name = "QKP_35_200_50" 
feasible = true 
Q2=[200 0 0 0 0 0 0 0 0 0 0 0 0 0 0 0 0 0 0 0 0 0 0 0 0 0 0 0 0 0 0 0 0 0 0; 21 13 0 0 0 0 0 0 0 0 0 0 0 0 0 0 0 0 0 0 0 0 0 0 0 0 0 0 0 0 0 0 0 0 0; 200 200 200 0 0 0 0 0 0 0 0 0 0 0 0 0 0 0 0 0 0 0 0 0 0 0 0 0 0 0 0 0 0 0 0; 149 200 161 200 0 0 0 0 0 0 0 0 0 0 0 0 0 0 0 0 0 0 0 0 0 0 0 0 0 0 0 0 0 0 0; 176 2 200 11 191 0 0 0 0 0 0 0 0 0 0 0 0 0 0 0 0 0 0 0 0 0 0 0 0 0 0 0 0 0 0; 6 200 200 33 26 0 0 0 0 0 0 0 0 0 0 0 0 0 0 0 0 0 0 0 0 0 0 0 0 0 0 0 0 0 0; 200 0 200 16 170 200 8 0 0 0 0 0 0 0 0 0 0 0 0 0 0 0 0 0 0 0 0 0 0 0 0 0 0 0 0; 200 200 2 200 174 200 200 57 0 0 0 0 0 0 0 0 0 0 0 0 0 0 0 0 0 0 0 0 0 0 0 0 0 0 0; 200 200 32 200 165 118 175 200 200 0 0 0 0 0 0 0 0 0 0 0 0 0 0 0 0 0 0 0 0 0 0 0 0 0 0; 33 200 200 200 200 193 200 200 21 200 0 0 0 0 0 0 0 0 0 0 0 0 0 0 0 0 0 0 0 0 0 0 0 0 0; 122 190 200 0 200 9 191 187 8 200 181 0 0 0 0 0 0 0 0 0 0 0 0 0 0 0 0 0 0 0 0 0 0 0 0; 200 191 1 190 200 200 200 200 200 200 164 23 0 0 0 0 0 0 0 0 0 0 0 0 0 0 0 0 0 0 0 0 0 0 0; 200 200 187 200 200 2 200 141 200 200 187 176 153 0 0 0 0 0 0 0 0 0 0 0 0 0 0 0 0 0 0 0 0 0 0; 56 196 200 197 200 44 200 200 29 192 200 8 164 193 0 0 0 0 0 0 0 0 0 0 0 0 0 0 0 0 0 0 0 0 0; 179 200 200 200 200 200 193 165 12 6 17 200 0 200 200 0 0 0 0 0 0 0 0 0 0 0 0 0 0 0 0 0 0 0 0; 200 191 200 200 137 6 71 200 151 85 196 187 200 194 2 200 0 0 0 0 0 0 0 0 0 0 0 0 0 0 0 0 0 0 0; 180 200 10 185 200 200 200 200 14 200 42 200 163 5 200 200 200 0 0 0 0 0 0 0 0 0 0 0 0 0 0 0 0 0 0; 200 197 200 155 177 55 154 187 200 200 171 200 151 200 179 36 200 0 0 0 0 0 0 0 0 0 0 0 0 0 0 0 0 0 0; 32 200 31 200 200 200 200 200 200 10 200 14 188 200 199 189 141 5 55 0 0 0 0 0 0 0 0 0 0 0 0 0 0 0 0; 200 200 186 180 200 10 4 1 160 200 200 190 185 37 5 192 200 197 8 200 0 0 0 0 0 0 0 0 0 0 0 0 0 0 0; 0 200 200 200 11 200 200 18 200 26 182 200 200 200 138 175 200 34 200 199 200 0 0 0 0 0 0 0 0 0 0 0 0 0 0; 179 187 200 200 6 47 200 200 190 200 200 200 200 199 174 200 184 32 200 2 28 200 0 0 0 0 0 0 0 0 0 0 0 0 0; 30 200 200 200 177 133 200 7 196 159 200 200 50 116 29 200 200 134 11 200 22 1 27 0 0 0 0 0 0 0 0 0 0 0 0; 194 200 200 5 33 200 5 200 200 200 200 200 1 6 199 162 189 11 187 187 40 200 189 36 0 0 0 0 0 0 0 0 0 0 0; 196 1 10 200 158 150 200 32 28 30 200 18 200 200 200 200 200 189 200 200 197 128 200 2 189 0 0 0 0 0 0 0 0 0 0; 200 200 200 121 200 200 200 200 7 2 9 200 192 200 200 39 200 200 79 199 65 15 152 1 146 198 0 0 0 0 0 0 0 0 0; 18 200 200 12 200 200 200 13 200 33 182 200 200 200 1 17 200 137 200 147 1 0 11 200 200 200 157 0 0 0 0 0 0 0 0; 200 200 200 185 31 3 200 200 200 200 13 200 30 5 51 37 26 200 195 200 155 200 200 200 200 200 200 200 0 0 0 0 0 0 0; 5 159 200 62 6 200 72 11 200 0 200 16 199 200 200 200 200 61 200 53 38 194 11 188 200 200 200 183 51 0 0 0 0 0 0; 128 198 200 200 182 200 200 200 188 7 163 38 7 200 200 195 200 200 6 142 200 200 200 200 162 200 200 200 174 200 0 0 0 0 0; 200 200 200 180 19 200 167 200 155 200 200 200 18 200 15 200 200 14 200 199 5 200 149 200 28 200 27 197 200 24 200 0 0 0 0; 200 200 200 193 16 20 193 12 188 181 200 200 21 55 200 200 200 20 33 46 200 10 200 195 175 177 200 200 25 200 200 200 0 0 0; 80 25 200 175 200 197 200 200 176 200 68 173 200 1 187 22 178 180 200 200 194 200 32 3 200 200 163 196 200 200 200 188 32 0 0; 200 200 200 15 200 175 200 200 192 200 200 200 200 175 152 200 200 200 2 200 200 174 9 200 200 200 5 174 80 200 28 39 200 200 0; 186 148 200 177 200 200 200 200 192 200 200 185 158 177 200 200 26 13 77 200 200 12 200 200 150 155 166 200 27 200 200 1 200 200 194]
