n=25
density=100
Q1=[110 0 0 0 0 0 0 0 0 0 0 0 0 0 0 0 0 0 0 0 0 0 0 0 0 ;
72 21 0 0 0 0 0 0 0 0 0 0 0 0 0 0 0 0 0 0 0 0 0 0 0 ;
145 181 41 0 0 0 0 0 0 0 0 0 0 0 0 0 0 0 0 0 0 0 0 0 0 ;
91 100 113 69 0 0 0 0 0 0 0 0 0 0 0 0 0 0 0 0 0 0 0 0 0 ;
115 150 39 104 158 0 0 0 0 0 0 0 0 0 0 0 0 0 0 0 0 0 0 0 0 ;
31 168 59 169 194 40 0 0 0 0 0 0 0 0 0 0 0 0 0 0 0 0 0 0 0 ;
57 26 120 115 82 44 133 0 0 0 0 0 0 0 0 0 0 0 0 0 0 0 0 0 0 ;
177 199 194 19 98 62 186 104 0 0 0 0 0 0 0 0 0 0 0 0 0 0 0 0 0 ;
92 169 33 7 178 103 60 152 52 0 0 0 0 0 0 0 0 0 0 0 0 0 0 0 0 ;
68 178 163 158 78 81 39 108 170 196 0 0 0 0 0 0 0 0 0 0 0 0 0 0 0 ;
160 194 169 137 26 161 1 41 36 49 9 0 0 0 0 0 0 0 0 0 0 0 0 0 0 ;
84 89 77 90 16 61 70 36 99 175 168 155 0 0 0 0 0 0 0 0 0 0 0 0 0 ;
57 160 90 195 196 90 34 65 81 136 148 194 65 0 0 0 0 0 0 0 0 0 0 0 0 ;
42 46 27 138 24 2 151 68 69 140 124 183 64 193 0 0 0 0 0 0 0 0 0 0 0 ;
57 163 46 197 187 25 54 91 149 114 54 107 39 128 108 0 0 0 0 0 0 0 0 0 0 ;
200 37 167 51 12 162 198 88 39 44 131 118 129 82 173 9 0 0 0 0 0 0 0 0 0 ;
152 194 193 139 144 130 80 38 175 167 172 12 9 89 179 69 150 0 0 0 0 0 0 0 0 ;
148 135 199 100 48 153 171 131 112 151 86 39 60 4 124 67 36 133 0 0 0 0 0 0 0 ;
75 45 73 61 49 25 117 44 39 155 88 23 45 116 4 105 76 16 106 0 0 0 0 0 0 ;
124 14 100 88 12 46 62 11 173 23 162 141 52 34 19 173 34 173 87 124 0 0 0 0 0 ;
1 78 163 4 44 3 76 125 44 84 140 195 54 71 39 180 142 36 85 194 125 0 0 0 0 ;
15 85 136 160 71 107 98 114 48 180 42 43 169 82 54 22 145 98 161 131 148 52 0 0 0 ;
180 182 145 38 11 21 85 136 196 200 129 139 18 20 151 98 143 47 91 71 42 176 20 0 0 ;
110 132 48 117 134 27 120 4 148 132 23 65 58 12 3 135 45 189 109 19 105 145 15 12 0 ;
138 133 92 123 193 70 153 7 178 57 137 84 198 120 13 199 17 139 91 55 112 42 40 77 187 ]
w=[54, 40, 65, 71, 62, 52, 33, 39, 50, 47, 59, 18, 78, 78, 97, 19, 32, 8, 19, 55, 77, 85, 2, 45, 80]
W=57 
k=2 
inst_name = "QKP_25_200_100" 
feasible = true 
Q2=[22 0 0 0 0 0 0 0 0 0 0 0 0 0 0 0 0 0 0 0 0 0 0 0 0; 157 187 0 0 0 0 0 0 0 0 0 0 0 0 0 0 0 0 0 0 0 0 0 0 0; 31 13 162 0 0 0 0 0 0 0 0 0 0 0 0 0 0 0 0 0 0 0 0 0 0; 193 1 78 146 0 0 0 0 0 0 0 0 0 0 0 0 0 0 0 0 0 0 0 0 0; 3 7 175 32 7 0 0 0 0 0 0 0 0 0 0 0 0 0 0 0 0 0 0 0 0; 189 9 149 27 2 177 0 0 0 0 0 0 0 0 0 0 0 0 0 0 0 0 0 0 0; 161 184 62 37 154 186 51 0 0 0 0 0 0 0 0 0 0 0 0 0 0 0 0 0 0; 7 0 2 192 156 172 12 3 0 0 0 0 0 0 0 0 0 0 0 0 0 0 0 0 0; 170 2 170 198 5 30 177 12 150 0 0 0 0 0 0 0 0 0 0 0 0 0 0 0 0; 152 19 34 19 156 141 190 13 2 1 0 0 0 0 0 0 0 0 0 0 0 0 0 0 0; 4 1 8 62 187 25 199 174 196 165 199 0 0 0 0 0 0 0 0 0 0 0 0 0 0; 145 197 173 133 195 173 164 191 108 22 18 44 0 0 0 0 0 0 0 0 0 0 0 0 0; 157 15 150 0 1 166 191 144 119 15 10 0 185 0 0 0 0 0 0 0 0 0 0 0 0; 191 193 175 35 190 200 36 177 151 18 73 10 194 4 0 0 0 0 0 0 0 0 0 0 0; 188 36 155 2 13 193 160 134 17 10 189 55 164 62 17 0 0 0 0 0 0 0 0 0 0; 0 191 22 198 190 37 2 181 171 161 18 52 48 138 8 191 0 0 0 0 0 0 0 0 0; 43 4 7 17 23 11 137 198 24 19 20 196 194 162 16 132 47 0 0 0 0 0 0 0 0; 35 57 1 13 160 5 11 11 32 3 167 195 182 200 54 152 180 6 0 0 0 0 0 0 0; 156 175 142 199 194 191 63 184 187 37 161 182 181 62 198 57 144 186 84 0 0 0 0 0 0; 26 199 63 167 193 187 176 200 10 181 0 27 155 200 193 27 168 21 161 24 0 0 0 0 0; 199 183 2 200 193 197 156 37 170 133 1 3 159 194 190 4 40 182 168 5 6 0 0 0 0; 188 192 22 32 142 59 131 54 156 5 163 157 26 121 153 179 41 127 28 8 25 152 0 0 0; 12 5 4 180 190 195 163 20 3 0 68 7 200 185 7 199 8 155 160 181 188 12 194 0 0; 64 8 192 4 26 187 73 196 34 18 185 194 177 198 200 18 174 5 31 184 26 47 199 195 0; 60 6 153 17 6 146 18 198 12 164 31 132 1 72 194 0 191 54 156 159 49 197 192 171 1]
