n=35
density=75
Q1=[96 0 0 0 0 0 0 0 0 0 0 0 0 0 0 0 0 0 0 0 0 0 0 0 0 0 0 0 0 0 0 0 0 0 0 ;
0 186 0 0 0 0 0 0 0 0 0 0 0 0 0 0 0 0 0 0 0 0 0 0 0 0 0 0 0 0 0 0 0 0 0 ;
148 85 149 0 0 0 0 0 0 0 0 0 0 0 0 0 0 0 0 0 0 0 0 0 0 0 0 0 0 0 0 0 0 0 0 ;
121 0 150 0 0 0 0 0 0 0 0 0 0 0 0 0 0 0 0 0 0 0 0 0 0 0 0 0 0 0 0 0 0 0 0 ;
87 0 117 160 145 0 0 0 0 0 0 0 0 0 0 0 0 0 0 0 0 0 0 0 0 0 0 0 0 0 0 0 0 0 0 ;
0 16 0 0 156 167 0 0 0 0 0 0 0 0 0 0 0 0 0 0 0 0 0 0 0 0 0 0 0 0 0 0 0 0 0 ;
195 124 114 100 0 164 0 0 0 0 0 0 0 0 0 0 0 0 0 0 0 0 0 0 0 0 0 0 0 0 0 0 0 0 0 ;
0 0 172 0 33 0 0 0 0 0 0 0 0 0 0 0 0 0 0 0 0 0 0 0 0 0 0 0 0 0 0 0 0 0 0 ;
0 101 197 0 156 96 188 34 127 0 0 0 0 0 0 0 0 0 0 0 0 0 0 0 0 0 0 0 0 0 0 0 0 0 0 ;
187 43 57 0 46 169 21 0 94 95 0 0 0 0 0 0 0 0 0 0 0 0 0 0 0 0 0 0 0 0 0 0 0 0 0 ;
188 165 88 96 0 176 0 174 140 0 113 0 0 0 0 0 0 0 0 0 0 0 0 0 0 0 0 0 0 0 0 0 0 0 0 ;
6 47 22 131 104 0 0 0 0 140 0 187 0 0 0 0 0 0 0 0 0 0 0 0 0 0 0 0 0 0 0 0 0 0 0 ;
41 30 107 7 44 2 47 0 66 69 61 0 58 0 0 0 0 0 0 0 0 0 0 0 0 0 0 0 0 0 0 0 0 0 0 ;
0 0 107 178 92 149 14 0 12 152 124 35 64 9 0 0 0 0 0 0 0 0 0 0 0 0 0 0 0 0 0 0 0 0 0 ;
187 166 0 0 154 182 75 60 0 105 198 87 22 70 0 0 0 0 0 0 0 0 0 0 0 0 0 0 0 0 0 0 0 0 0 ;
10 179 185 197 0 40 55 5 11 136 117 175 172 184 77 145 0 0 0 0 0 0 0 0 0 0 0 0 0 0 0 0 0 0 0 ;
99 79 34 199 81 61 38 196 72 0 109 54 0 0 89 75 0 0 0 0 0 0 0 0 0 0 0 0 0 0 0 0 0 0 0 ;
138 155 0 0 82 116 187 149 0 118 29 196 65 96 0 22 94 0 0 0 0 0 0 0 0 0 0 0 0 0 0 0 0 0 0 ;
3 45 183 184 83 72 0 129 14 98 91 181 149 98 0 152 156 168 0 0 0 0 0 0 0 0 0 0 0 0 0 0 0 0 0 ;
162 153 152 160 0 139 0 0 100 0 127 67 0 0 159 174 129 85 170 57 0 0 0 0 0 0 0 0 0 0 0 0 0 0 0 ;
156 89 21 123 161 62 89 62 104 0 138 52 0 56 184 109 0 0 0 89 0 0 0 0 0 0 0 0 0 0 0 0 0 0 0 ;
127 107 123 1 72 0 47 97 198 0 123 160 0 127 27 0 0 0 198 23 134 0 0 0 0 0 0 0 0 0 0 0 0 0 0 ;
126 0 0 176 193 185 78 96 14 0 0 180 15 0 9 127 178 0 184 46 125 199 63 0 0 0 0 0 0 0 0 0 0 0 0 ;
78 84 149 11 52 80 200 91 12 0 171 116 0 198 159 73 34 0 88 133 15 39 154 158 0 0 0 0 0 0 0 0 0 0 0 ;
0 83 0 46 10 32 0 28 25 0 115 158 72 124 139 156 168 102 138 135 120 0 91 83 172 0 0 0 0 0 0 0 0 0 0 ;
126 81 171 0 109 41 142 0 71 183 79 0 126 30 101 98 183 84 79 0 150 180 93 0 75 33 0 0 0 0 0 0 0 0 0 ;
0 139 0 50 85 199 153 58 0 0 40 167 107 0 154 0 193 23 146 0 136 0 51 0 29 0 0 0 0 0 0 0 0 0 0 ;
56 0 70 0 31 141 193 191 52 48 184 156 132 156 43 59 186 2 0 9 68 0 34 197 0 160 77 0 0 0 0 0 0 0 0 ;
36 0 159 25 119 138 188 0 126 57 0 19 28 70 0 169 144 192 107 40 54 78 134 0 22 53 198 150 80 0 0 0 0 0 0 ;
0 23 147 0 78 0 0 84 186 101 198 0 16 173 0 27 179 0 0 189 85 104 171 48 120 0 56 144 23 153 0 0 0 0 0 ;
184 16 0 16 97 146 39 114 93 14 0 55 0 164 10 0 76 122 77 26 10 0 68 159 33 0 167 134 0 68 194 0 0 0 0 ;
0 0 130 154 28 189 0 94 198 26 35 69 69 41 85 170 144 189 142 177 0 17 194 178 108 129 173 0 167 90 0 178 0 0 0 ;
98 183 0 66 195 159 53 2 167 182 141 40 195 28 167 188 21 51 188 184 61 0 182 0 48 40 122 36 0 0 136 94 0 0 0 ;
0 111 116 80 96 0 158 11 51 1 32 157 36 0 0 45 119 157 70 0 0 146 0 33 64 194 0 84 15 11 0 109 80 0 0 ;
129 115 86 92 161 150 51 72 0 30 156 96 15 151 3 181 138 49 14 0 17 76 110 59 176 190 66 0 56 5 0 195 44 0 0 ]
w=[56, 87, 31, 19, 12, 33, 94, 95, 94, 34, 52, 45, 55, 64, 69, 30, 100, 63, 73, 72, 55, 94, 90, 18, 30, 14, 5, 15, 35, 27, 15, 100, 73, 51, 18]
W=143 
k=6 
inst_name = "QKP_35_200_75" 
feasible = true 
Q2=[175 0 0 0 0 0 0 0 0 0 0 0 0 0 0 0 0 0 0 0 0 0 0 0 0 0 0 0 0 0 0 0 0 0 0; 200 11 0 0 0 0 0 0 0 0 0 0 0 0 0 0 0 0 0 0 0 0 0 0 0 0 0 0 0 0 0 0 0 0 0; 37 116 35 0 0 0 0 0 0 0 0 0 0 0 0 0 0 0 0 0 0 0 0 0 0 0 0 0 0 0 0 0 0 0 0; 3 200 4 200 0 0 0 0 0 0 0 0 0 0 0 0 0 0 0 0 0 0 0 0 0 0 0 0 0 0 0 0 0 0 0; 143 200 5 20 14 0 0 0 0 0 0 0 0 0 0 0 0 0 0 0 0 0 0 0 0 0 0 0 0 0 0 0 0 0 0; 200 194 200 200 17 10 0 0 0 0 0 0 0 0 0 0 0 0 0 0 0 0 0 0 0 0 0 0 0 0 0 0 0 0 0; 3 43 44 15 200 14 200 0 0 0 0 0 0 0 0 0 0 0 0 0 0 0 0 0 0 0 0 0 0 0 0 0 0 0 0; 200 200 6 200 168 200 200 200 0 0 0 0 0 0 0 0 0 0 0 0 0 0 0 0 0 0 0 0 0 0 0 0 0 0 0; 200 74 1 200 14 188 9 195 71 0 0 0 0 0 0 0 0 0 0 0 0 0 0 0 0 0 0 0 0 0 0 0 0 0 0; 5 168 165 200 196 6 191 200 170 125 0 0 0 0 0 0 0 0 0 0 0 0 0 0 0 0 0 0 0 0 0 0 0 0 0; 3 21 128 170 200 23 200 6 25 200 80 0 0 0 0 0 0 0 0 0 0 0 0 0 0 0 0 0 0 0 0 0 0 0 0; 194 185 192 25 74 200 200 200 200 14 200 4 0 0 0 0 0 0 0 0 0 0 0 0 0 0 0 0 0 0 0 0 0 0 0; 175 178 42 200 189 199 200 200 163 163 174 200 194 0 0 0 0 0 0 0 0 0 0 0 0 0 0 0 0 0 0 0 0 0 0; 200 200 34 8 173 38 195 200 188 29 35 166 145 199 0 0 0 0 0 0 0 0 0 0 0 0 0 0 0 0 0 0 0 0 0; 8 17 200 200 18 14 142 200 200 11 2 157 185 140 200 0 0 0 0 0 0 0 0 0 0 0 0 0 0 0 0 0 0 0 0; 192 1 10 3 200 167 145 199 190 0 29 15 8 8 151 22 0 0 0 0 0 0 0 0 0 0 0 0 0 0 0 0 0 0 0; 121 179 190 0 179 190 182 4 189 200 18 147 200 200 118 128 200 0 0 0 0 0 0 0 0 0 0 0 0 0 0 0 0 0 0; 55 28 200 200 120 0 8 43 200 46 181 1 137 151 200 185 164 200 0 0 0 0 0 0 0 0 0 0 0 0 0 0 0 0 0; 199 166 1 16 121 145 200 27 198 154 193 13 18 137 200 28 15 22 200 0 0 0 0 0 0 0 0 0 0 0 0 0 0 0 0; 5 33 6 7 200 4 200 200 57 200 17 145 200 200 17 0 64 157 20 183 0 0 0 0 0 0 0 0 0 0 0 0 0 0 0; 7 164 187 30 36 182 200 165 95 200 54 177 200 166 9 71 200 200 200 142 200 0 0 0 0 0 0 0 0 0 0 0 0 0 0; 40 9 71 200 174 200 164 153 2 200 77 35 200 66 182 200 200 200 2 185 2 200 0 0 0 0 0 0 0 0 0 0 0 0 0; 56 200 200 24 6 15 132 105 194 200 200 15 191 200 200 15 12 200 14 166 45 0 193 0 0 0 0 0 0 0 0 0 0 0 0; 181 197 16 189 191 149 0 132 195 200 3 29 200 0 28 172 196 200 166 37 186 186 35 13 0 0 0 0 0 0 0 0 0 0 0; 200 140 200 166 190 192 200 199 199 200 69 42 200 50 35 16 32 47 58 38 43 200 113 129 14 0 0 0 0 0 0 0 0 0 0; 72 124 5 200 74 163 4 200 149 4 174 200 72 170 16 104 2 163 199 200 5 9 120 200 161 174 0 0 0 0 0 0 0 0 0; 200 27 200 188 127 1 1 167 200 200 161 15 11 200 16 200 3 191 7 200 14 200 195 200 197 200 200 0 0 0 0 0 0 0 0; 168 200 168 200 193 23 6 0 195 189 13 22 31 38 178 195 6 198 200 196 134 200 169 1 200 12 123 200 0 0 0 0 0 0 0; 179 200 6 175 49 31 10 200 69 197 200 192 177 149 200 10 4 0 26 168 164 141 60 200 197 153 2 0 186 0 0 0 0 0 0; 200 190 44 200 187 200 200 141 14 85 1 200 195 23 200 177 8 200 200 4 192 95 10 158 32 200 169 2 195 8 0 0 0 0 0; 7 184 200 194 109 4 194 52 156 195 200 166 200 21 195 200 193 42 145 183 200 200 149 28 182 200 18 20 200 190 0 0 0 0 0; 200 200 40 25 190 0 200 169 1 181 174 161 186 185 188 7 34 1 8 21 200 191 1 15 53 46 11 200 26 110 200 15 0 0 0; 106 7 200 169 1 17 190 200 28 17 16 173 0 191 32 3 187 178 7 8 147 200 15 200 184 185 72 180 200 200 64 189 200 0 0; 200 63 52 152 147 200 21 200 178 200 183 37 191 200 200 186 80 5 139 200 200 1 200 191 178 5 200 120 194 200 200 17 128 200 0; 50 56 182 185 32 32 165 162 200 181 41 142 193 5 199 4 21 198 188 200 193 146 63 165 4 6 163 200 164 198 200 4 159 200 200]
