n=30
density=50
Q1=[100 0 0 0 0 0 0 0 0 0 0 0 0 0 0 0 0 0 0 0 0 0 0 0 0 0 0 0 0 0 ;
0 0 0 0 0 0 0 0 0 0 0 0 0 0 0 0 0 0 0 0 0 0 0 0 0 0 0 0 0 0 ;
122 0 48 0 0 0 0 0 0 0 0 0 0 0 0 0 0 0 0 0 0 0 0 0 0 0 0 0 0 0 ;
0 114 0 0 0 0 0 0 0 0 0 0 0 0 0 0 0 0 0 0 0 0 0 0 0 0 0 0 0 0 ;
89 0 145 10 90 0 0 0 0 0 0 0 0 0 0 0 0 0 0 0 0 0 0 0 0 0 0 0 0 0 ;
0 0 0 0 44 0 0 0 0 0 0 0 0 0 0 0 0 0 0 0 0 0 0 0 0 0 0 0 0 0 ;
0 172 83 78 2 149 131 0 0 0 0 0 0 0 0 0 0 0 0 0 0 0 0 0 0 0 0 0 0 0 ;
53 0 0 198 48 39 59 94 0 0 0 0 0 0 0 0 0 0 0 0 0 0 0 0 0 0 0 0 0 0 ;
123 146 15 74 0 0 146 0 0 0 0 0 0 0 0 0 0 0 0 0 0 0 0 0 0 0 0 0 0 0 ;
0 0 0 0 40 0 0 169 0 48 0 0 0 0 0 0 0 0 0 0 0 0 0 0 0 0 0 0 0 0 ;
0 45 0 200 109 65 17 0 0 0 0 0 0 0 0 0 0 0 0 0 0 0 0 0 0 0 0 0 0 0 ;
0 33 0 0 0 0 0 0 0 9 0 176 0 0 0 0 0 0 0 0 0 0 0 0 0 0 0 0 0 0 ;
0 89 19 0 37 0 0 0 0 0 0 0 133 0 0 0 0 0 0 0 0 0 0 0 0 0 0 0 0 0 ;
0 0 134 0 200 0 0 163 62 0 84 0 0 169 0 0 0 0 0 0 0 0 0 0 0 0 0 0 0 0 ;
8 0 0 0 70 0 37 0 0 0 0 0 0 116 0 0 0 0 0 0 0 0 0 0 0 0 0 0 0 0 ;
0 0 138 189 0 0 198 7 0 91 0 84 145 0 191 192 0 0 0 0 0 0 0 0 0 0 0 0 0 0 ;
132 0 0 172 0 169 45 0 0 39 0 0 113 69 0 163 140 0 0 0 0 0 0 0 0 0 0 0 0 0 ;
0 0 63 0 0 0 189 126 0 0 43 24 0 89 0 0 191 149 0 0 0 0 0 0 0 0 0 0 0 0 ;
165 80 0 23 65 0 0 42 25 0 139 8 142 0 0 5 39 0 175 0 0 0 0 0 0 0 0 0 0 0 ;
0 19 0 0 0 70 0 0 147 0 76 21 0 114 0 0 77 20 28 7 0 0 0 0 0 0 0 0 0 0 ;
72 169 0 0 0 0 15 49 0 80 0 0 0 0 173 154 181 0 0 0 178 0 0 0 0 0 0 0 0 0 ;
177 0 82 0 63 167 28 19 174 30 0 0 39 2 0 142 0 0 40 178 0 0 0 0 0 0 0 0 0 0 ;
0 107 0 198 0 69 0 0 85 19 182 0 0 0 84 113 0 26 0 0 23 12 0 0 0 0 0 0 0 0 ;
90 154 119 128 0 16 49 194 151 0 0 190 154 112 0 161 0 66 0 187 0 0 0 134 0 0 0 0 0 0 ;
3 0 63 0 35 0 3 0 191 17 96 165 0 0 0 0 146 0 120 0 0 164 86 0 137 0 0 0 0 0 ;
143 0 0 162 0 0 59 175 0 141 0 36 0 116 112 0 161 0 0 0 74 73 0 170 163 0 0 0 0 0 ;
0 0 0 148 63 0 0 0 0 0 25 129 0 0 0 0 0 73 167 0 177 124 193 0 6 0 0 0 0 0 ;
128 0 0 0 0 133 0 0 169 114 89 130 172 0 98 0 0 47 0 0 197 0 102 160 0 0 200 0 0 0 ;
0 3 87 0 0 0 0 68 0 0 0 175 0 0 13 0 152 173 16 19 0 129 0 0 182 188 63 24 145 0 ;
166 0 112 57 0 0 0 122 14 197 0 0 0 0 23 145 0 0 0 43 104 0 122 0 0 9 61 0 0 4 ]
w=[86, 86, 11, 37, 72, 76, 7, 98, 22, 51, 14, 57, 88, 88, 16, 81, 87, 42, 43, 99, 87, 18, 9, 58, 7, 68, 71, 66, 73, 9]
W=163 
k=6 
inst_name = "QKP_30_200_50" 
feasible = true 
Q2=[55 0 0 0 0 0 0 0 0 0 0 0 0 0 0 0 0 0 0 0 0 0 0 0 0 0 0 0 0 0; 200 200 0 0 0 0 0 0 0 0 0 0 0 0 0 0 0 0 0 0 0 0 0 0 0 0 0 0 0 0; 67 200 176 0 0 0 0 0 0 0 0 0 0 0 0 0 0 0 0 0 0 0 0 0 0 0 0 0 0 0; 200 42 200 200 0 0 0 0 0 0 0 0 0 0 0 0 0 0 0 0 0 0 0 0 0 0 0 0 0 0; 155 200 10 191 128 0 0 0 0 0 0 0 0 0 0 0 0 0 0 0 0 0 0 0 0 0 0 0 0 0; 200 200 200 200 161 200 0 0 0 0 0 0 0 0 0 0 0 0 0 0 0 0 0 0 0 0 0 0 0 0; 200 10 188 149 199 45 39 0 0 0 0 0 0 0 0 0 0 0 0 0 0 0 0 0 0 0 0 0 0 0; 160 200 200 0 170 165 166 161 0 0 0 0 0 0 0 0 0 0 0 0 0 0 0 0 0 0 0 0 0 0; 1 23 187 150 200 200 12 200 200 0 0 0 0 0 0 0 0 0 0 0 0 0 0 0 0 0 0 0 0 0; 200 200 200 200 177 200 200 0 200 189 0 0 0 0 0 0 0 0 0 0 0 0 0 0 0 0 0 0 0 0; 200 191 200 0 30 172 198 200 200 200 200 0 0 0 0 0 0 0 0 0 0 0 0 0 0 0 0 0 0 0; 200 175 200 200 200 200 200 200 200 196 200 6 0 0 0 0 0 0 0 0 0 0 0 0 0 0 0 0 0 0; 200 155 182 200 172 200 200 200 200 200 200 200 64 0 0 0 0 0 0 0 0 0 0 0 0 0 0 0 0 0; 200 200 28 200 0 200 200 12 178 200 200 200 200 17 0 0 0 0 0 0 0 0 0 0 0 0 0 0 0 0; 199 200 200 200 151 200 164 200 200 200 200 200 200 48 200 0 0 0 0 0 0 0 0 0 0 0 0 0 0 0; 200 200 52 4 200 200 1 200 200 155 200 156 4 200 4 4 0 0 0 0 0 0 0 0 0 0 0 0 0 0; 49 200 200 15 200 20 178 200 200 185 200 200 6 147 200 28 24 0 0 0 0 0 0 0 0 0 0 0 0 0; 200 200 170 200 200 200 0 28 200 200 158 181 200 179 200 200 6 6 0 0 0 0 0 0 0 0 0 0 0 0; 18 134 200 180 193 200 200 192 189 200 36 199 45 200 200 198 166 200 20 0 0 0 0 0 0 0 0 0 0 0; 200 190 200 200 200 132 200 200 2 200 161 200 200 69 200 200 141 190 185 194 0 0 0 0 0 0 0 0 0 0; 172 6 200 200 200 200 189 184 200 173 200 200 200 200 19 2 19 200 200 200 3 0 0 0 0 0 0 0 0 0; 1 200 120 200 192 14 181 195 16 190 200 200 175 198 200 58 200 200 166 18 200 200 0 0 0 0 0 0 0 0; 200 86 200 1 200 191 200 200 155 199 3 200 200 200 140 20 200 189 200 200 197 189 200 0 0 0 0 0 0 0; 116 42 11 42 200 199 192 3 29 200 200 1 10 24 200 27 200 141 200 9 200 200 200 63 0 0 0 0 0 0; 198 200 173 200 171 200 199 200 3 192 195 27 200 200 200 200 21 200 21 200 200 31 122 200 5 0 0 0 0 0; 34 200 200 28 200 200 151 1 200 14 200 198 200 13 13 200 30 200 200 200 132 142 200 28 0 200 0 0 0 0; 200 200 200 17 166 200 200 200 200 200 180 68 200 200 200 200 200 133 27 200 23 33 1 200 195 200 200 0 0 0; 13 200 200 200 200 63 200 200 8 41 161 47 23 200 148 200 200 159 200 200 1 200 52 10 200 200 0 200 0 0; 200 200 119 200 200 200 200 172 200 200 200 16 200 200 197 200 21 3 199 195 200 34 200 200 1 2 195 180 23 0; 34 200 78 162 200 200 200 41 190 0 200 200 200 200 177 50 200 200 200 199 60 200 76 200 200 195 200 200 200 200]
