n=30
density=50
Q1=[0 0 0 0 0 0 0 0 0 0 0 0 0 0 0 0 0 0 0 0 0 0 0 0 0 0 0 0 0 0 ;
0 131 0 0 0 0 0 0 0 0 0 0 0 0 0 0 0 0 0 0 0 0 0 0 0 0 0 0 0 0 ;
0 93 123 0 0 0 0 0 0 0 0 0 0 0 0 0 0 0 0 0 0 0 0 0 0 0 0 0 0 0 ;
0 93 62 0 0 0 0 0 0 0 0 0 0 0 0 0 0 0 0 0 0 0 0 0 0 0 0 0 0 0 ;
0 0 164 117 45 0 0 0 0 0 0 0 0 0 0 0 0 0 0 0 0 0 0 0 0 0 0 0 0 0 ;
68 0 0 75 15 40 0 0 0 0 0 0 0 0 0 0 0 0 0 0 0 0 0 0 0 0 0 0 0 0 ;
86 0 0 101 0 0 94 0 0 0 0 0 0 0 0 0 0 0 0 0 0 0 0 0 0 0 0 0 0 0 ;
0 123 145 0 39 86 138 0 0 0 0 0 0 0 0 0 0 0 0 0 0 0 0 0 0 0 0 0 0 0 ;
169 0 0 0 0 106 0 118 149 0 0 0 0 0 0 0 0 0 0 0 0 0 0 0 0 0 0 0 0 0 ;
0 0 185 107 175 136 0 172 139 67 0 0 0 0 0 0 0 0 0 0 0 0 0 0 0 0 0 0 0 0 ;
0 0 0 0 140 48 72 0 0 185 71 0 0 0 0 0 0 0 0 0 0 0 0 0 0 0 0 0 0 0 ;
4 0 0 59 0 0 180 0 39 179 0 0 0 0 0 0 0 0 0 0 0 0 0 0 0 0 0 0 0 0 ;
182 152 61 3 0 0 0 0 135 200 0 108 0 0 0 0 0 0 0 0 0 0 0 0 0 0 0 0 0 0 ;
0 0 0 0 21 13 96 0 164 0 95 0 115 65 0 0 0 0 0 0 0 0 0 0 0 0 0 0 0 0 ;
124 49 20 0 0 0 182 0 66 1 0 0 0 0 77 0 0 0 0 0 0 0 0 0 0 0 0 0 0 0 ;
0 90 0 73 0 72 0 170 0 176 171 0 0 51 0 60 0 0 0 0 0 0 0 0 0 0 0 0 0 0 ;
0 162 178 0 107 0 56 0 0 186 0 156 99 140 0 96 158 0 0 0 0 0 0 0 0 0 0 0 0 0 ;
138 90 103 141 0 163 0 0 0 0 169 0 111 0 58 0 0 0 0 0 0 0 0 0 0 0 0 0 0 0 ;
53 0 0 146 0 0 200 82 35 0 86 0 170 0 0 198 106 0 173 0 0 0 0 0 0 0 0 0 0 0 ;
59 153 95 104 0 0 0 198 0 0 99 3 38 0 0 110 140 0 0 39 0 0 0 0 0 0 0 0 0 0 ;
172 0 7 175 0 24 0 185 52 0 199 0 162 48 0 69 0 0 34 166 0 0 0 0 0 0 0 0 0 0 ;
90 0 0 90 0 0 188 141 193 178 0 0 13 0 1 0 158 136 0 0 0 0 0 0 0 0 0 0 0 0 ;
0 0 67 6 8 65 107 0 0 178 0 0 0 0 0 0 0 0 96 160 0 0 149 0 0 0 0 0 0 0 ;
147 198 0 0 0 86 74 109 0 6 0 0 52 54 0 140 27 0 114 49 0 0 0 54 0 0 0 0 0 0 ;
46 198 0 0 0 171 185 49 151 81 180 0 25 0 49 179 53 60 0 0 0 0 0 0 0 0 0 0 0 0 ;
0 82 52 186 8 0 0 192 0 0 195 129 158 0 198 115 138 89 0 0 119 0 168 167 18 13 0 0 0 0 ;
0 0 120 200 40 0 0 145 113 122 0 0 0 0 0 0 148 143 0 156 0 132 152 44 0 161 0 0 0 0 ;
0 48 0 158 96 93 0 156 0 0 0 0 85 0 139 107 0 95 153 149 118 8 0 0 48 103 138 0 0 0 ;
0 158 52 51 192 0 158 189 0 200 46 0 67 126 95 0 144 97 0 0 0 0 155 143 45 0 106 0 185 0 ;
0 0 161 0 117 0 0 89 0 0 165 18 0 0 0 0 0 0 0 96 149 139 0 119 15 0 0 170 165 0 ]
w=[23, 81, 58, 59, 47, 23, 86, 65, 80, 90, 18, 57, 95, 63, 5, 31, 61, 63, 17, 94, 3, 37, 95, 58, 29, 40, 29, 70, 68, 56]
W=89 
k=6 
inst_name = "QKP_30_200_50" 
feasible = true 
Q2=[200 0 0 0 0 0 0 0 0 0 0 0 0 0 0 0 0 0 0 0 0 0 0 0 0 0 0 0 0 0; 200 6 0 0 0 0 0 0 0 0 0 0 0 0 0 0 0 0 0 0 0 0 0 0 0 0 0 0 0 0; 200 141 39 0 0 0 0 0 0 0 0 0 0 0 0 0 0 0 0 0 0 0 0 0 0 0 0 0 0 0; 200 153 194 200 0 0 0 0 0 0 0 0 0 0 0 0 0 0 0 0 0 0 0 0 0 0 0 0 0 0; 200 200 6 8 164 0 0 0 0 0 0 0 0 0 0 0 0 0 0 0 0 0 0 0 0 0 0 0 0 0; 141 200 200 158 186 191 0 0 0 0 0 0 0 0 0 0 0 0 0 0 0 0 0 0 0 0 0 0 0 0; 172 200 200 35 200 200 160 0 0 0 0 0 0 0 0 0 0 0 0 0 0 0 0 0 0 0 0 0 0 0; 200 65 50 200 176 124 26 200 0 0 0 0 0 0 0 0 0 0 0 0 0 0 0 0 0 0 0 0 0 0; 0 200 200 200 200 37 200 3 43 0 0 0 0 0 0 0 0 0 0 0 0 0 0 0 0 0 0 0 0 0; 200 200 11 50 11 29 200 0 18 185 0 0 0 0 0 0 0 0 0 0 0 0 0 0 0 0 0 0 0 0; 200 200 200 200 20 179 190 200 200 6 135 0 0 0 0 0 0 0 0 0 0 0 0 0 0 0 0 0 0 0; 196 200 200 148 200 200 7 200 186 12 200 200 0 0 0 0 0 0 0 0 0 0 0 0 0 0 0 0 0 0; 3 24 142 198 200 200 200 200 65 0 200 38 200 0 0 0 0 0 0 0 0 0 0 0 0 0 0 0 0 0; 200 200 200 200 185 199 122 200 23 200 200 200 12 171 0 0 0 0 0 0 0 0 0 0 0 0 0 0 0 0; 60 173 199 200 200 200 0 200 177 199 200 200 200 200 164 0 0 0 0 0 0 0 0 0 0 0 0 0 0 0; 200 137 200 151 200 189 200 28 200 12 4 200 200 194 200 167 0 0 0 0 0 0 0 0 0 0 0 0 0 0; 200 18 2 200 82 200 172 200 200 9 200 9 108 14 200 175 17 0 0 0 0 0 0 0 0 0 0 0 0 0; 57 142 51 18 200 33 200 200 200 200 0 200 27 200 176 200 200 200 0 0 0 0 0 0 0 0 0 0 0 0; 174 200 200 7 200 200 0 183 184 200 165 200 23 200 200 1 12 200 21 0 0 0 0 0 0 0 0 0 0 0; 173 23 148 47 200 200 200 2 200 200 149 200 200 200 200 77 14 200 200 170 0 0 0 0 0 0 0 0 0 0; 17 200 197 4 200 198 200 10 186 200 0 200 22 156 200 135 200 200 186 32 200 0 0 0 0 0 0 0 0 0; 115 200 200 151 200 200 4 43 4 15 200 200 192 200 199 200 30 6 200 200 200 200 0 0 0 0 0 0 0 0; 200 200 187 196 200 192 3 200 200 20 200 200 200 200 200 200 200 200 170 40 200 200 51 0 0 0 0 0 0 0; 3 2 200 200 200 195 188 44 200 199 200 200 159 161 200 42 173 200 28 185 200 200 200 197 0 0 0 0 0 0; 174 0 200 200 200 18 9 178 17 162 19 200 184 200 166 5 168 160 200 200 200 200 200 200 200 0 0 0 0 0; 200 160 160 11 198 200 200 0 200 200 0 66 36 200 0 76 47 154 200 200 7 200 8 31 182 199 0 0 0 0; 200 200 10 0 179 200 200 15 19 51 200 200 200 200 200 200 16 4 200 35 200 30 7 191 200 12 200 0 0 0; 200 176 200 15 124 194 200 20 200 200 200 200 183 200 29 90 200 118 12 18 24 200 200 200 187 8 45 200 0 0; 200 42 151 149 8 200 16 7 200 0 176 200 157 4 177 200 25 114 200 200 200 200 9 13 159 200 86 200 6 0; 200 200 35 200 45 200 200 158 200 200 29 183 200 200 200 200 200 200 200 198 32 59 200 46 197 200 200 27 10 200]
