n=35
density=50
Q1=[80 0 0 0 0 0 0 0 0 0 0 0 0 0 0 0 0 0 0 0 0 0 0 0 0 0 0 0 0 0 0 0 0 0 0 ;
96 5 0 0 0 0 0 0 0 0 0 0 0 0 0 0 0 0 0 0 0 0 0 0 0 0 0 0 0 0 0 0 0 0 0 ;
0 0 0 0 0 0 0 0 0 0 0 0 0 0 0 0 0 0 0 0 0 0 0 0 0 0 0 0 0 0 0 0 0 0 0 ;
0 0 10 33 0 0 0 0 0 0 0 0 0 0 0 0 0 0 0 0 0 0 0 0 0 0 0 0 0 0 0 0 0 0 0 ;
6 29 82 50 43 0 0 0 0 0 0 0 0 0 0 0 0 0 0 0 0 0 0 0 0 0 0 0 0 0 0 0 0 0 0 ;
74 0 0 88 0 12 0 0 0 0 0 0 0 0 0 0 0 0 0 0 0 0 0 0 0 0 0 0 0 0 0 0 0 0 0 ;
16 25 74 0 0 0 10 0 0 0 0 0 0 0 0 0 0 0 0 0 0 0 0 0 0 0 0 0 0 0 0 0 0 0 0 ;
94 0 32 0 0 0 3 18 0 0 0 0 0 0 0 0 0 0 0 0 0 0 0 0 0 0 0 0 0 0 0 0 0 0 0 ;
0 77 0 39 0 39 0 0 29 0 0 0 0 0 0 0 0 0 0 0 0 0 0 0 0 0 0 0 0 0 0 0 0 0 0 ;
65 0 0 0 12 0 0 0 0 0 0 0 0 0 0 0 0 0 0 0 0 0 0 0 0 0 0 0 0 0 0 0 0 0 0 ;
0 0 27 0 62 29 0 45 0 2 87 0 0 0 0 0 0 0 0 0 0 0 0 0 0 0 0 0 0 0 0 0 0 0 0 ;
56 0 0 18 50 61 66 0 30 13 42 98 0 0 0 0 0 0 0 0 0 0 0 0 0 0 0 0 0 0 0 0 0 0 0 ;
0 0 28 0 0 0 0 3 85 0 0 32 57 0 0 0 0 0 0 0 0 0 0 0 0 0 0 0 0 0 0 0 0 0 0 ;
53 85 83 0 0 0 0 0 4 20 24 23 31 92 0 0 0 0 0 0 0 0 0 0 0 0 0 0 0 0 0 0 0 0 0 ;
0 10 17 40 84 16 87 42 25 59 0 0 0 54 0 0 0 0 0 0 0 0 0 0 0 0 0 0 0 0 0 0 0 0 0 ;
2 28 0 44 0 4 0 0 69 41 0 0 0 24 60 0 0 0 0 0 0 0 0 0 0 0 0 0 0 0 0 0 0 0 0 ;
0 11 89 77 0 83 72 0 0 0 83 98 0 89 22 0 6 0 0 0 0 0 0 0 0 0 0 0 0 0 0 0 0 0 0 ;
0 0 0 0 19 0 0 0 0 0 0 37 4 0 0 0 37 0 0 0 0 0 0 0 0 0 0 0 0 0 0 0 0 0 0 ;
0 0 33 0 0 77 0 0 91 100 0 3 5 0 0 25 15 0 88 0 0 0 0 0 0 0 0 0 0 0 0 0 0 0 0 ;
0 0 0 18 0 48 63 0 63 0 89 92 0 0 0 0 31 0 0 0 0 0 0 0 0 0 0 0 0 0 0 0 0 0 0 ;
0 0 0 0 15 37 0 0 0 0 0 97 49 24 0 76 48 71 37 0 2 0 0 0 0 0 0 0 0 0 0 0 0 0 0 ;
0 31 11 64 39 46 0 53 71 10 96 2 0 76 0 0 92 61 0 54 14 92 0 0 0 0 0 0 0 0 0 0 0 0 0 ;
0 36 0 0 0 0 77 22 100 0 0 0 0 55 7 0 96 0 0 42 0 0 83 0 0 0 0 0 0 0 0 0 0 0 0 ;
0 60 31 0 22 0 30 0 0 0 22 48 95 0 23 0 0 55 20 0 0 98 0 41 0 0 0 0 0 0 0 0 0 0 0 ;
0 52 9 0 0 0 11 97 52 0 40 0 48 0 55 72 90 0 0 0 68 0 0 35 0 0 0 0 0 0 0 0 0 0 0 ;
14 0 45 0 17 47 0 0 45 0 3 0 48 42 0 85 51 40 0 0 0 0 0 0 0 68 0 0 0 0 0 0 0 0 0 ;
0 56 91 0 0 59 0 25 1 0 0 0 0 30 0 0 91 93 0 0 57 0 0 0 0 71 0 0 0 0 0 0 0 0 0 ;
0 0 0 16 84 2 22 33 0 10 0 0 42 63 0 67 2 17 0 0 0 0 0 0 12 0 14 0 0 0 0 0 0 0 0 ;
0 51 0 8 0 84 89 62 0 0 0 29 0 60 0 0 84 0 26 17 78 26 0 0 0 0 0 53 73 0 0 0 0 0 0 ;
0 0 0 63 80 4 86 78 81 66 0 33 90 0 26 0 0 22 30 42 0 0 0 85 12 0 24 56 0 44 0 0 0 0 0 ;
0 0 0 0 77 31 90 9 9 0 6 0 0 32 48 0 0 11 61 76 0 11 25 81 0 45 0 0 0 65 0 0 0 0 0 ;
0 14 62 58 78 0 5 0 0 74 0 0 0 64 98 0 0 0 98 51 0 0 0 0 32 82 32 84 0 16 0 0 0 0 0 ;
0 0 0 0 31 0 21 0 0 0 0 23 44 17 0 0 53 32 21 0 0 60 0 0 5 0 92 1 0 0 56 35 0 0 0 ;
0 21 34 90 0 0 0 40 30 26 56 0 39 0 0 99 75 11 14 0 27 0 20 97 0 0 46 46 0 0 87 9 30 0 0 ;
0 88 0 0 96 76 0 0 0 22 0 0 70 45 0 42 98 85 73 0 0 0 0 5 41 65 0 64 4 0 15 0 60 0 47 ]
w=[38, 46, 41, 10, 31, 30, 43, 30, 13, 47, 8, 13, 15, 4, 21, 14, 15, 8, 10, 13, 37, 5, 38, 45, 14, 15, 38, 32, 17, 7, 37, 25, 9, 20, 17]
W=74 
k=3 
