n=30
density=100
Q1=[53 0 0 0 0 0 0 0 0 0 0 0 0 0 0 0 0 0 0 0 0 0 0 0 0 0 0 0 0 0 ;
93 94 0 0 0 0 0 0 0 0 0 0 0 0 0 0 0 0 0 0 0 0 0 0 0 0 0 0 0 0 ;
29 8 33 0 0 0 0 0 0 0 0 0 0 0 0 0 0 0 0 0 0 0 0 0 0 0 0 0 0 0 ;
16 73 15 62 0 0 0 0 0 0 0 0 0 0 0 0 0 0 0 0 0 0 0 0 0 0 0 0 0 0 ;
66 57 38 79 93 0 0 0 0 0 0 0 0 0 0 0 0 0 0 0 0 0 0 0 0 0 0 0 0 0 ;
76 57 72 23 39 86 0 0 0 0 0 0 0 0 0 0 0 0 0 0 0 0 0 0 0 0 0 0 0 0 ;
12 54 59 47 89 44 92 0 0 0 0 0 0 0 0 0 0 0 0 0 0 0 0 0 0 0 0 0 0 0 ;
39 48 59 60 43 88 47 90 0 0 0 0 0 0 0 0 0 0 0 0 0 0 0 0 0 0 0 0 0 0 ;
39 45 73 90 82 90 4 16 80 0 0 0 0 0 0 0 0 0 0 0 0 0 0 0 0 0 0 0 0 0 ;
90 99 88 15 4 19 4 6 51 61 0 0 0 0 0 0 0 0 0 0 0 0 0 0 0 0 0 0 0 0 ;
55 33 89 49 62 32 68 41 28 45 44 0 0 0 0 0 0 0 0 0 0 0 0 0 0 0 0 0 0 0 ;
89 54 51 52 30 14 92 6 41 69 46 93 0 0 0 0 0 0 0 0 0 0 0 0 0 0 0 0 0 0 ;
48 56 41 42 7 86 65 9 89 88 7 42 64 0 0 0 0 0 0 0 0 0 0 0 0 0 0 0 0 0 ;
75 51 24 51 61 75 8 29 94 22 22 92 22 70 0 0 0 0 0 0 0 0 0 0 0 0 0 0 0 0 ;
1 23 93 12 10 92 13 94 49 34 49 38 3 4 32 0 0 0 0 0 0 0 0 0 0 0 0 0 0 0 ;
98 26 13 8 66 3 64 89 72 74 9 7 46 96 82 66 0 0 0 0 0 0 0 0 0 0 0 0 0 0 ;
91 82 32 34 60 86 52 94 67 23 92 71 37 28 23 28 10 0 0 0 0 0 0 0 0 0 0 0 0 0 ;
21 37 52 45 14 71 73 68 78 21 4 25 82 18 49 80 73 11 0 0 0 0 0 0 0 0 0 0 0 0 ;
70 49 60 56 8 73 12 55 59 90 100 71 73 63 3 73 32 27 42 0 0 0 0 0 0 0 0 0 0 0 ;
10 100 22 62 2 4 63 25 98 44 27 63 90 92 61 10 91 3 44 57 0 0 0 0 0 0 0 0 0 0 ;
57 18 31 100 64 99 67 53 56 40 43 38 41 35 47 44 74 92 5 38 20 0 0 0 0 0 0 0 0 0 ;
40 38 5 38 57 25 47 31 10 90 80 69 46 32 19 11 62 16 6 88 2 34 0 0 0 0 0 0 0 0 ;
72 78 21 74 90 72 17 12 55 20 89 14 41 52 34 90 55 46 22 22 18 95 63 0 0 0 0 0 0 0 ;
52 10 81 87 35 37 54 94 17 57 69 35 95 98 89 56 14 35 70 100 27 38 81 77 0 0 0 0 0 0 ;
61 45 59 55 36 86 97 70 73 76 32 3 14 96 17 86 36 91 46 59 31 53 4 9 54 0 0 0 0 0 ;
71 31 36 89 69 91 31 94 79 97 96 38 47 7 95 23 15 92 2 30 98 17 61 84 20 77 0 0 0 0 ;
4 78 46 96 54 52 51 57 13 49 3 56 14 21 91 33 30 42 14 53 5 5 76 11 75 23 7 0 0 0 ;
30 5 95 48 27 7 49 32 47 56 57 78 61 59 33 13 33 49 82 70 80 60 62 57 54 7 83 63 0 0 ;
84 94 89 42 44 17 1 62 46 5 66 84 85 65 1 46 35 63 80 15 12 66 48 72 88 35 84 96 56 0 ;
96 96 92 34 77 37 78 21 66 21 4 49 72 57 47 33 17 89 33 36 79 30 25 47 15 34 22 3 80 38 ]
w=[45, 23, 41, 4, 9, 3, 47, 45, 33, 2, 19, 1, 30, 25, 23, 27, 30, 30, 14, 34, 10, 5, 20, 21, 18, 40, 36, 36, 32, 5]
W=61 
k=3 
inst_name = "QKP_30_100_100" 
feasible = true 
Q2=[42 0 0 0 0 0 0 0 0 0 0 0 0 0 0 0 0 0 0 0 0 0 0 0 0 0 0 0 0 0; 5 4 0 0 0 0 0 0 0 0 0 0 0 0 0 0 0 0 0 0 0 0 0 0 0 0 0 0 0 0; 82 97 100 0 0 0 0 0 0 0 0 0 0 0 0 0 0 0 0 0 0 0 0 0 0 0 0 0 0 0; 95 4 89 13 0 0 0 0 0 0 0 0 0 0 0 0 0 0 0 0 0 0 0 0 0 0 0 0 0 0; 18 37 81 12 7 0 0 0 0 0 0 0 0 0 0 0 0 0 0 0 0 0 0 0 0 0 0 0 0 0; 18 25 17 89 71 5 0 0 0 0 0 0 0 0 0 0 0 0 0 0 0 0 0 0 0 0 0 0 0 0; 88 32 5 82 8 57 0 0 0 0 0 0 0 0 0 0 0 0 0 0 0 0 0 0 0 0 0 0 0 0; 96 79 2 17 89 4 69 7 0 0 0 0 0 0 0 0 0 0 0 0 0 0 0 0 0 0 0 0 0 0; 67 89 11 4 6 10 99 88 14 0 0 0 0 0 0 0 0 0 0 0 0 0 0 0 0 0 0 0 0 0; 3 1 9 86 99 100 100 95 42 19 0 0 0 0 0 0 0 0 0 0 0 0 0 0 0 0 0 0 0 0; 35 70 2 57 30 74 24 91 85 66 100 0 0 0 0 0 0 0 0 0 0 0 0 0 0 0 0 0 0 0; 11 42 31 24 87 97 2 99 85 5 60 3 0 0 0 0 0 0 0 0 0 0 0 0 0 0 0 0 0 0; 59 42 60 59 93 6 7 93 8 7 94 91 32 0 0 0 0 0 0 0 0 0 0 0 0 0 0 0 0 0; 3 10 79 46 26 11 92 100 4 85 86 1 84 15 0 0 0 0 0 0 0 0 0 0 0 0 0 0 0 0; 99 98 4 93 93 8 89 4 80 68 64 93 99 97 78 0 0 0 0 0 0 0 0 0 0 0 0 0 0 0; 1 79 97 98 24 99 18 2 9 19 98 94 55 0 7 4 0 0 0 0 0 0 0 0 0 0 0 0 0 0; 7 12 82 89 10 2 6 2 21 78 0 16 95 79 79 72 95 0 0 0 0 0 0 0 0 0 0 0 0 0; 86 84 35 85 98 20 9 28 15 84 99 86 1 96 54 4 25 99 0 0 0 0 0 0 0 0 0 0 0 0; 20 57 16 0 96 7 89 1 0 7 0 1 1 18 100 8 93 84 67 0 0 0 0 0 0 0 0 0 0 0; 98 0 78 32 98 96 6 78 1 96 93 28 5 2 28 90 2 98 70 41 0 0 0 0 0 0 0 0 0 0; 14 86 89 0 13 0 11 21 28 67 98 70 93 71 96 73 7 1 98 66 81 0 0 0 0 0 0 0 0 0; 84 75 98 73 4 76 99 76 91 8 6 3 59 95 96 94 20 93 94 2 99 83 0 0 0 0 0 0 0 0; 7 18 87 11 9 0 83 96 42 81 3 96 68 0 70 8 36 59 78 93 99 3 5 0 0 0 0 0 0 0; 47 95 15 13 88 72 31 2 90 30 16 80 3 2 2 21 91 94 6 0 91 96 16 16 0 0 0 0 0 0; 17 62 19 36 85 5 3 18 5 0 81 97 98 0 83 3 86 8 63 35 71 19 96 97 33 0 0 0 0 0; 28 75 86 7 25 4 98 4 18 2 0 66 83 96 0 82 100 5 98 72 0 98 2 10 86 22 0 0 0 0; 100 17 79 1 19 32 48 2 97 81 100 30 99 85 4 96 94 58 95 22 96 95 8 100 9 88 95 0 0 0; 73 96 4 78 95 93 84 75 92 2 27 19 6 36 99 97 71 51 8 4 5 3 17 24 28 98 16 22 0 0; 1 3 2 73 92 83 100 11 78 95 29 13 9 3 100 95 79 19 19 93 88 12 59 26 3 90 1 2 36 0; 4 4 7 85 15 71 20 98 19 84 100 54 1 19 59 73 86 2 86 75 0 74 80 66 99 85 80 98 16 62]
