n=25
density=50
Q1=[0 0 0 0 0 0 0 0 0 0 0 0 0 0 0 0 0 0 0 0 0 0 0 0 0 ;
0 99 0 0 0 0 0 0 0 0 0 0 0 0 0 0 0 0 0 0 0 0 0 0 0 ;
0 13 182 0 0 0 0 0 0 0 0 0 0 0 0 0 0 0 0 0 0 0 0 0 0 ;
0 184 142 0 0 0 0 0 0 0 0 0 0 0 0 0 0 0 0 0 0 0 0 0 0 ;
0 166 78 2 181 0 0 0 0 0 0 0 0 0 0 0 0 0 0 0 0 0 0 0 0 ;
73 0 45 133 81 188 0 0 0 0 0 0 0 0 0 0 0 0 0 0 0 0 0 0 0 ;
0 0 0 0 147 85 0 0 0 0 0 0 0 0 0 0 0 0 0 0 0 0 0 0 0 ;
0 0 44 62 180 82 0 67 0 0 0 0 0 0 0 0 0 0 0 0 0 0 0 0 0 ;
178 0 138 120 184 0 0 117 102 0 0 0 0 0 0 0 0 0 0 0 0 0 0 0 0 ;
0 72 0 0 0 0 0 0 6 0 0 0 0 0 0 0 0 0 0 0 0 0 0 0 0 ;
0 112 0 0 0 54 21 162 104 155 93 0 0 0 0 0 0 0 0 0 0 0 0 0 0 ;
0 151 7 86 0 0 0 168 0 0 0 0 0 0 0 0 0 0 0 0 0 0 0 0 0 ;
104 0 67 69 102 0 40 122 0 0 8 0 109 0 0 0 0 0 0 0 0 0 0 0 0 ;
197 0 0 0 0 0 86 0 17 68 0 150 0 0 0 0 0 0 0 0 0 0 0 0 0 ;
137 26 0 0 0 0 33 160 0 108 57 0 0 82 5 0 0 0 0 0 0 0 0 0 0 ;
15 0 0 195 0 179 141 0 86 0 0 93 0 0 85 59 0 0 0 0 0 0 0 0 0 ;
0 0 0 88 114 165 0 32 14 194 129 0 0 37 0 21 26 0 0 0 0 0 0 0 0 ;
179 188 32 187 0 0 0 161 0 111 0 97 0 0 170 0 23 0 0 0 0 0 0 0 0 ;
9 60 93 128 84 0 31 0 0 192 106 0 23 174 0 0 0 0 0 0 0 0 0 0 0 ;
138 0 43 120 104 0 26 0 0 111 0 0 0 0 18 0 0 43 0 0 0 0 0 0 0 ;
0 174 0 0 0 149 0 0 37 198 15 0 0 0 95 0 151 0 0 0 0 0 0 0 0 ;
101 0 0 42 39 0 0 0 46 0 0 135 182 36 0 146 0 40 0 0 111 0 0 0 0 ;
0 71 0 0 0 71 41 21 0 177 38 184 82 61 0 92 120 0 0 62 0 117 0 0 0 ;
0 0 71 0 48 157 0 0 83 0 120 0 0 10 0 75 83 0 0 90 69 0 0 0 0 ;
163 0 106 0 148 153 108 100 0 16 147 179 0 0 150 5 165 0 75 0 0 0 46 0 67 ]
w=[65, 7, 84, 67, 61, 94, 21, 96, 44, 11, 78, 37, 77, 55, 19, 87, 58, 22, 33, 95, 77, 81, 52, 94, 89]
W=132 
k=6 
inst_name = "QKP_25_200_50" 
feasible = true 
Q2=[198 0 0 0 0 0 0 0 0 0 0 0 0 0 0 0 0 0 0 0 0 0 0 0 0; 198 67 0 0 0 0 0 0 0 0 0 0 0 0 0 0 0 0 0 0 0 0 0 0 0; 198 194 6 0 0 0 0 0 0 0 0 0 0 0 0 0 0 0 0 0 0 0 0 0 0; 198 6 6 198 0 0 0 0 0 0 0 0 0 0 0 0 0 0 0 0 0 0 0 0 0; 198 2 136 198 14 0 0 0 0 0 0 0 0 0 0 0 0 0 0 0 0 0 0 0 0; 164 198 191 27 142 0 0 0 0 0 0 0 0 0 0 0 0 0 0 0 0 0 0 0 0; 198 198 198 198 8 132 198 0 0 0 0 0 0 0 0 0 0 0 0 0 0 0 0 0 0; 198 198 173 165 9 121 198 186 0 0 0 0 0 0 0 0 0 0 0 0 0 0 0 0 0; 8 198 29 9 3 198 198 8 39 0 0 0 0 0 0 0 0 0 0 0 0 0 0 0 0; 198 190 198 198 198 198 198 198 195 198 0 0 0 0 0 0 0 0 0 0 0 0 0 0 0; 198 74 198 198 198 150 192 12 72 39 105 0 0 0 0 0 0 0 0 0 0 0 0 0 0; 198 24 197 138 198 198 198 8 198 198 198 198 0 0 0 0 0 0 0 0 0 0 0 0 0; 51 198 198 148 91 198 173 24 198 198 193 198 65 0 0 0 0 0 0 0 0 0 0 0 0; 0 198 198 198 198 198 178 198 195 178 198 9 198 198 0 0 0 0 0 0 0 0 0 0 0; 54 186 198 198 198 198 192 33 198 32 194 198 198 142 198 0 0 0 0 0 0 0 0 0 0; 193 198 198 2 198 11 4 198 166 198 198 154 198 198 184 172 0 0 0 0 0 0 0 0 0; 198 198 198 112 15 33 198 167 187 2 48 198 198 176 198 181 196 0 0 0 0 0 0 0 0; 13 2 190 2 198 198 198 7 198 19 198 188 198 198 10 198 176 198 0 0 0 0 0 0 0; 194 184 191 10 151 198 167 198 198 4 42 198 197 5 198 198 198 198 198 0 0 0 0 0 0; 57 198 185 75 20 198 187 198 198 50 198 198 198 198 186 198 198 174 198 198 0 0 0 0 0; 198 15 198 198 198 36 198 198 174 0 194 198 198 198 114 198 28 198 198 198 198 0 0 0 0; 9 198 198 176 168 198 198 198 180 198 198 10 8 187 198 26 198 170 198 198 76 198 0 0 0; 198 129 198 198 198 195 191 178 198 8 195 13 136 178 198 181 58 198 198 158 198 49 198 0 0; 198 198 129 198 170 38 198 198 150 198 36 198 198 192 198 159 148 198 198 120 184 198 198 198 0; 13 198 9 198 38 45 56 92 198 183 1 4 198 198 35 197 32 198 159 198 198 198 185 198 166]
