n=25
density=25
Q1=[82 0 0 0 0 0 0 0 0 0 0 0 0 0 0 0 0 0 0 0 0 0 0 0 0 ;
0 0 0 0 0 0 0 0 0 0 0 0 0 0 0 0 0 0 0 0 0 0 0 0 0 ;
0 0 0 0 0 0 0 0 0 0 0 0 0 0 0 0 0 0 0 0 0 0 0 0 0 ;
0 0 0 0 0 0 0 0 0 0 0 0 0 0 0 0 0 0 0 0 0 0 0 0 0 ;
0 0 0 0 0 0 0 0 0 0 0 0 0 0 0 0 0 0 0 0 0 0 0 0 0 ;
0 0 0 0 0 0 0 0 0 0 0 0 0 0 0 0 0 0 0 0 0 0 0 0 0 ;
67 0 111 0 66 54 0 0 0 0 0 0 0 0 0 0 0 0 0 0 0 0 0 0 0 ;
0 0 0 0 0 0 0 0 0 0 0 0 0 0 0 0 0 0 0 0 0 0 0 0 0 ;
0 0 0 12 0 143 0 16 49 0 0 0 0 0 0 0 0 0 0 0 0 0 0 0 0 ;
0 0 0 0 0 0 0 0 0 189 0 0 0 0 0 0 0 0 0 0 0 0 0 0 0 ;
54 0 0 0 184 0 0 0 0 0 0 0 0 0 0 0 0 0 0 0 0 0 0 0 0 ;
0 51 0 0 0 0 192 0 184 118 0 0 0 0 0 0 0 0 0 0 0 0 0 0 0 ;
0 0 0 0 0 0 126 0 0 0 72 0 0 0 0 0 0 0 0 0 0 0 0 0 0 ;
0 0 0 0 0 157 0 37 93 0 0 0 0 0 0 0 0 0 0 0 0 0 0 0 0 ;
0 0 0 0 0 189 177 0 0 0 0 0 0 0 0 0 0 0 0 0 0 0 0 0 0 ;
0 0 151 158 0 0 0 0 0 87 0 0 0 0 0 0 0 0 0 0 0 0 0 0 0 ;
142 0 114 0 0 0 156 0 0 0 0 0 0 0 30 0 0 0 0 0 0 0 0 0 0 ;
144 0 0 54 0 147 192 0 0 0 0 0 0 0 120 0 0 0 0 0 0 0 0 0 0 ;
0 0 0 0 0 24 0 47 0 187 0 0 0 0 0 22 0 0 39 0 0 0 0 0 0 ;
84 0 0 0 0 0 0 0 0 0 0 0 0 0 0 22 0 0 0 15 0 0 0 0 0 ;
0 13 0 0 0 0 0 0 0 0 0 0 0 0 0 0 0 136 0 0 170 0 0 0 0 ;
0 0 0 0 0 0 0 0 0 131 0 0 56 93 0 0 0 73 26 0 0 0 0 0 0 ;
0 0 0 0 0 0 0 13 0 0 0 0 28 147 0 0 179 0 0 0 0 136 0 0 0 ;
0 0 0 84 0 0 0 30 166 0 173 0 0 0 0 56 0 0 103 148 0 0 0 0 0 ;
0 0 151 45 0 0 0 0 75 0 0 0 9 0 140 0 0 0 0 122 0 115 0 0 3 ]
w=[38, 40, 85, 77, 89, 58, 77, 46, 17, 70, 33, 63, 20, 25, 52, 84, 72, 6, 55, 3, 64, 58, 47, 78, 50]
W=82 
k=3 
inst_name = "QKP_25_200_25" 
feasible = true 
Q2=[173 0 0 0 0 0 0 0 0 0 0 0 0 0 0 0 0 0 0 0 0 0 0 0 0; 192 192 0 0 0 0 0 0 0 0 0 0 0 0 0 0 0 0 0 0 0 0 0 0 0; 192 192 192 0 0 0 0 0 0 0 0 0 0 0 0 0 0 0 0 0 0 0 0 0 0; 192 192 192 192 0 0 0 0 0 0 0 0 0 0 0 0 0 0 0 0 0 0 0 0 0; 192 192 192 192 192 0 0 0 0 0 0 0 0 0 0 0 0 0 0 0 0 0 0 0 0; 192 192 192 192 192 192 0 0 0 0 0 0 0 0 0 0 0 0 0 0 0 0 0 0 0; 128 192 20 192 168 169 192 0 0 0 0 0 0 0 0 0 0 0 0 0 0 0 0 0 0; 192 192 192 192 192 192 192 192 0 0 0 0 0 0 0 0 0 0 0 0 0 0 0 0 0; 192 192 192 185 192 37 192 185 170 0 0 0 0 0 0 0 0 0 0 0 0 0 0 0 0; 192 192 192 192 192 192 192 192 192 1 0 0 0 0 0 0 0 0 0 0 0 0 0 0 0; 141 192 192 192 3 192 192 192 192 192 192 0 0 0 0 0 0 0 0 0 0 0 0 0 0; 192 177 192 192 192 192 0 192 3 6 192 192 0 0 0 0 0 0 0 0 0 0 0 0 0; 192 192 192 192 192 192 64 192 192 192 150 192 192 0 0 0 0 0 0 0 0 0 0 0 0; 192 192 192 192 192 12 192 162 134 192 192 192 192 192 0 0 0 0 0 0 0 0 0 0 0; 192 192 192 192 192 2 8 192 192 192 192 192 192 192 192 0 0 0 0 0 0 0 0 0 0; 192 192 36 33 192 192 192 192 192 170 192 192 192 192 192 192 0 0 0 0 0 0 0 0 0; 31 192 68 192 192 192 5 192 192 192 192 192 192 192 173 192 192 0 0 0 0 0 0 0 0; 47 192 192 191 192 30 0 192 192 192 192 192 192 192 50 192 192 192 0 0 0 0 0 0 0; 192 192 192 192 192 171 192 173 192 2 192 192 192 192 192 187 192 192 163 0 0 0 0 0 0; 121 192 192 192 192 192 192 192 192 192 192 192 192 192 192 183 192 192 192 182 0 0 0 0 0; 192 180 192 192 192 192 192 192 192 192 192 192 192 192 192 192 192 53 192 192 2 0 0 0 0; 192 192 192 192 192 192 192 192 192 17 192 192 190 99 192 192 192 183 182 192 192 192 0 0 0; 192 192 192 192 192 192 192 186 192 192 192 192 192 38 192 192 9 192 192 192 192 27 192 0 0; 192 192 192 160 192 192 192 191 8 192 14 192 192 192 192 141 192 192 59 39 192 192 192 192 0; 192 192 9 185 192 192 192 192 176 192 192 192 190 192 22 192 192 192 192 70 192 3 192 192 190]
