n=50
density=25
Q1=[0 0 0 0 0 0 0 0 0 0 0 0 0 0 0 0 0 0 0 0 0 0 0 0 0 0 0 0 0 0 0 0 0 0 0 0 0 0 0 0 0 0 0 0 0 0 0 0 0 0 ;
0 160 0 0 0 0 0 0 0 0 0 0 0 0 0 0 0 0 0 0 0 0 0 0 0 0 0 0 0 0 0 0 0 0 0 0 0 0 0 0 0 0 0 0 0 0 0 0 0 0 ;
0 0 0 0 0 0 0 0 0 0 0 0 0 0 0 0 0 0 0 0 0 0 0 0 0 0 0 0 0 0 0 0 0 0 0 0 0 0 0 0 0 0 0 0 0 0 0 0 0 0 ;
37 0 0 0 0 0 0 0 0 0 0 0 0 0 0 0 0 0 0 0 0 0 0 0 0 0 0 0 0 0 0 0 0 0 0 0 0 0 0 0 0 0 0 0 0 0 0 0 0 0 ;
0 0 0 0 0 0 0 0 0 0 0 0 0 0 0 0 0 0 0 0 0 0 0 0 0 0 0 0 0 0 0 0 0 0 0 0 0 0 0 0 0 0 0 0 0 0 0 0 0 0 ;
0 0 0 0 0 114 0 0 0 0 0 0 0 0 0 0 0 0 0 0 0 0 0 0 0 0 0 0 0 0 0 0 0 0 0 0 0 0 0 0 0 0 0 0 0 0 0 0 0 0 ;
0 179 0 94 0 0 0 0 0 0 0 0 0 0 0 0 0 0 0 0 0 0 0 0 0 0 0 0 0 0 0 0 0 0 0 0 0 0 0 0 0 0 0 0 0 0 0 0 0 0 ;
0 0 155 0 0 84 177 0 0 0 0 0 0 0 0 0 0 0 0 0 0 0 0 0 0 0 0 0 0 0 0 0 0 0 0 0 0 0 0 0 0 0 0 0 0 0 0 0 0 0 ;
0 9 0 0 0 0 31 0 0 0 0 0 0 0 0 0 0 0 0 0 0 0 0 0 0 0 0 0 0 0 0 0 0 0 0 0 0 0 0 0 0 0 0 0 0 0 0 0 0 0 ;
0 0 0 0 0 0 169 0 0 0 0 0 0 0 0 0 0 0 0 0 0 0 0 0 0 0 0 0 0 0 0 0 0 0 0 0 0 0 0 0 0 0 0 0 0 0 0 0 0 0 ;
0 184 117 99 0 0 0 0 21 0 135 0 0 0 0 0 0 0 0 0 0 0 0 0 0 0 0 0 0 0 0 0 0 0 0 0 0 0 0 0 0 0 0 0 0 0 0 0 0 0 ;
0 144 28 0 12 122 0 59 0 0 0 0 0 0 0 0 0 0 0 0 0 0 0 0 0 0 0 0 0 0 0 0 0 0 0 0 0 0 0 0 0 0 0 0 0 0 0 0 0 0 ;
0 0 20 0 0 0 0 0 0 0 186 89 193 0 0 0 0 0 0 0 0 0 0 0 0 0 0 0 0 0 0 0 0 0 0 0 0 0 0 0 0 0 0 0 0 0 0 0 0 0 ;
0 0 0 0 152 0 52 0 91 0 0 0 0 0 0 0 0 0 0 0 0 0 0 0 0 0 0 0 0 0 0 0 0 0 0 0 0 0 0 0 0 0 0 0 0 0 0 0 0 0 ;
0 0 0 0 0 0 13 0 0 0 0 0 11 0 0 0 0 0 0 0 0 0 0 0 0 0 0 0 0 0 0 0 0 0 0 0 0 0 0 0 0 0 0 0 0 0 0 0 0 0 ;
0 0 0 0 0 64 106 0 0 0 21 0 0 190 74 0 0 0 0 0 0 0 0 0 0 0 0 0 0 0 0 0 0 0 0 0 0 0 0 0 0 0 0 0 0 0 0 0 0 0 ;
0 28 0 0 0 170 0 0 0 0 0 0 0 0 144 0 73 0 0 0 0 0 0 0 0 0 0 0 0 0 0 0 0 0 0 0 0 0 0 0 0 0 0 0 0 0 0 0 0 0 ;
0 0 125 0 124 6 188 0 0 0 0 0 0 11 0 0 21 0 0 0 0 0 0 0 0 0 0 0 0 0 0 0 0 0 0 0 0 0 0 0 0 0 0 0 0 0 0 0 0 0 ;
0 0 0 0 11 0 0 0 0 0 0 0 0 111 0 0 0 0 0 0 0 0 0 0 0 0 0 0 0 0 0 0 0 0 0 0 0 0 0 0 0 0 0 0 0 0 0 0 0 0 ;
0 197 0 0 0 0 0 88 162 0 0 0 31 0 0 0 95 0 0 0 0 0 0 0 0 0 0 0 0 0 0 0 0 0 0 0 0 0 0 0 0 0 0 0 0 0 0 0 0 0 ;
160 0 0 0 0 80 0 0 0 0 0 0 0 0 90 0 0 0 0 0 182 0 0 0 0 0 0 0 0 0 0 0 0 0 0 0 0 0 0 0 0 0 0 0 0 0 0 0 0 0 ;
0 0 180 137 0 0 171 0 0 102 0 0 86 0 0 0 0 93 0 0 176 18 0 0 0 0 0 0 0 0 0 0 0 0 0 0 0 0 0 0 0 0 0 0 0 0 0 0 0 0 ;
0 0 0 70 0 0 0 0 7 0 0 0 0 0 0 0 0 0 0 0 190 0 0 0 0 0 0 0 0 0 0 0 0 0 0 0 0 0 0 0 0 0 0 0 0 0 0 0 0 0 ;
0 22 0 0 0 0 91 0 0 155 0 0 0 0 26 2 0 0 0 0 0 0 0 0 0 0 0 0 0 0 0 0 0 0 0 0 0 0 0 0 0 0 0 0 0 0 0 0 0 0 ;
0 0 144 0 94 0 0 0 0 0 0 0 0 0 0 0 143 0 167 0 0 0 165 0 170 0 0 0 0 0 0 0 0 0 0 0 0 0 0 0 0 0 0 0 0 0 0 0 0 0 ;
0 0 0 0 0 0 0 0 0 0 131 0 0 0 0 0 0 0 0 0 0 155 0 0 0 0 0 0 0 0 0 0 0 0 0 0 0 0 0 0 0 0 0 0 0 0 0 0 0 0 ;
132 0 148 0 0 118 0 0 0 0 0 0 0 0 0 0 0 0 0 0 0 0 0 79 0 72 0 0 0 0 0 0 0 0 0 0 0 0 0 0 0 0 0 0 0 0 0 0 0 0 ;
0 0 0 0 0 0 0 0 0 0 0 0 0 0 0 187 0 0 0 0 0 11 0 105 0 168 0 0 0 0 0 0 0 0 0 0 0 0 0 0 0 0 0 0 0 0 0 0 0 0 ;
0 0 0 0 0 0 0 0 48 0 38 107 181 0 117 0 0 0 200 0 0 0 0 0 112 102 0 0 0 0 0 0 0 0 0 0 0 0 0 0 0 0 0 0 0 0 0 0 0 0 ;
4 0 19 0 0 0 0 0 0 20 0 0 0 108 168 0 0 54 179 0 105 0 68 0 0 0 0 0 0 0 0 0 0 0 0 0 0 0 0 0 0 0 0 0 0 0 0 0 0 0 ;
0 0 0 0 0 0 37 93 0 0 3 0 0 97 0 0 0 0 0 0 131 0 0 76 0 57 0 172 0 0 0 0 0 0 0 0 0 0 0 0 0 0 0 0 0 0 0 0 0 0 ;
0 57 0 0 0 0 0 0 0 0 0 0 0 0 105 0 85 0 0 2 0 0 0 0 0 0 0 0 0 118 198 0 0 0 0 0 0 0 0 0 0 0 0 0 0 0 0 0 0 0 ;
0 148 0 0 0 139 0 0 0 0 0 99 0 0 0 0 0 69 0 0 0 0 0 0 10 116 0 0 0 0 0 0 0 0 0 0 0 0 0 0 0 0 0 0 0 0 0 0 0 0 ;
0 78 0 0 0 0 0 0 0 0 198 150 0 0 0 49 0 0 21 198 0 18 0 0 0 0 0 0 0 0 0 0 0 0 0 0 0 0 0 0 0 0 0 0 0 0 0 0 0 0 ;
39 6 102 105 0 93 0 0 0 0 0 0 0 24 105 190 125 85 0 45 0 0 0 0 0 0 0 0 0 0 0 0 0 0 164 0 0 0 0 0 0 0 0 0 0 0 0 0 0 0 ;
0 0 0 0 0 0 0 180 0 67 11 46 0 0 0 16 0 0 0 0 0 0 0 26 0 60 0 0 0 0 0 0 0 0 0 0 0 0 0 0 0 0 0 0 0 0 0 0 0 0 ;
154 23 186 0 0 45 0 0 141 153 0 91 93 0 0 0 0 171 0 0 0 0 0 52 0 0 68 0 0 0 0 145 0 0 0 0 72 0 0 0 0 0 0 0 0 0 0 0 0 0 ;
0 107 0 0 0 4 0 0 0 0 187 0 0 0 178 0 0 46 0 0 71 0 0 0 148 0 0 0 48 42 0 0 0 0 0 165 0 0 0 0 0 0 0 0 0 0 0 0 0 0 ;
0 74 0 0 0 97 0 0 25 0 0 0 0 0 96 0 0 0 0 0 118 0 0 0 0 0 5 108 64 193 0 0 0 0 0 0 0 0 0 0 0 0 0 0 0 0 0 0 0 0 ;
0 0 0 24 0 0 0 0 0 0 0 0 0 0 0 0 0 0 0 0 185 0 0 124 137 0 0 0 190 0 0 46 0 0 0 0 0 0 58 44 0 0 0 0 0 0 0 0 0 0 ;
0 0 0 0 106 0 0 0 0 0 0 0 142 42 0 0 0 0 0 0 0 0 0 0 0 171 19 187 0 0 169 0 110 0 180 0 0 62 0 0 165 0 0 0 0 0 0 0 0 0 ;
0 107 0 0 0 0 132 0 0 0 178 0 0 193 6 0 0 0 0 0 0 137 0 53 0 146 0 0 0 0 0 0 0 0 26 24 0 0 0 56 0 0 0 0 0 0 0 0 0 0 ;
0 0 0 0 0 0 185 155 0 0 174 0 0 0 0 0 67 0 0 0 69 0 0 0 0 7 170 0 0 0 0 85 0 0 0 0 0 0 0 52 0 0 0 0 0 0 0 0 0 0 ;
126 0 149 0 0 10 135 0 0 0 0 0 0 0 0 0 136 0 0 72 160 140 0 0 0 0 176 0 0 0 0 0 0 0 0 121 0 0 0 0 0 0 0 52 0 0 0 0 0 0 ;
0 0 40 0 0 0 0 0 0 0 0 0 0 48 0 0 0 0 0 137 0 6 0 0 0 0 0 104 111 0 0 80 0 166 0 0 0 0 0 0 0 0 0 0 0 0 0 0 0 0 ;
0 84 0 123 0 0 0 137 0 0 0 0 0 0 0 0 0 0 0 0 31 0 44 0 0 0 0 0 0 0 10 0 0 0 0 0 0 155 0 0 15 0 0 0 0 0 0 0 0 0 ;
0 0 165 0 0 0 0 0 0 0 0 0 0 0 0 0 196 0 0 0 69 0 0 0 24 0 0 0 94 0 68 0 11 139 0 0 169 0 0 0 0 0 80 0 0 0 0 0 0 0 ;
0 0 0 0 47 0 0 0 0 0 0 0 0 179 152 140 86 0 0 0 0 0 0 0 0 0 1 0 0 0 0 0 0 77 0 0 0 0 82 0 0 0 0 0 27 0 0 113 0 0 ;
0 0 0 195 110 0 153 7 127 0 27 0 82 71 135 54 0 0 0 152 0 0 0 0 0 0 0 0 0 0 158 0 19 0 0 0 0 0 98 0 16 0 0 0 54 124 0 0 0 0 ;
0 0 0 58 0 0 0 0 0 194 0 141 114 15 0 0 23 0 0 0 0 104 0 0 195 0 0 154 0 0 0 0 0 0 0 0 0 0 0 69 54 0 0 0 0 0 132 0 0 0 ]
w=[90, 12, 89, 11, 23, 91, 89, 2, 96, 95, 3, 93, 37, 73, 12, 73, 31, 59, 98, 22, 59, 95, 21, 28, 89, 69, 67, 39, 74, 30, 24, 77, 34, 55, 93, 18, 82, 28, 74, 32, 62, 83, 68, 33, 81, 71, 96, 78, 83, 11]
W=122 
k=8 
inst_name = "QKP_50_200_25" 
feasible = true 
Q2=[200 0 0 0 0 0 0 0 0 0 0 0 0 0 0 0 0 0 0 0 0 0 0 0 0 0 0 0 0 0 0 0 0 0 0 0 0 0 0 0 0 0 0 0 0 0 0 0 0 0; 200 27 0 0 0 0 0 0 0 0 0 0 0 0 0 0 0 0 0 0 0 0 0 0 0 0 0 0 0 0 0 0 0 0 0 0 0 0 0 0 0 0 0 0 0 0 0 0 0 0; 200 200 200 0 0 0 0 0 0 0 0 0 0 0 0 0 0 0 0 0 0 0 0 0 0 0 0 0 0 0 0 0 0 0 0 0 0 0 0 0 0 0 0 0 0 0 0 0 0 0; 163 200 200 200 0 0 0 0 0 0 0 0 0 0 0 0 0 0 0 0 0 0 0 0 0 0 0 0 0 0 0 0 0 0 0 0 0 0 0 0 0 0 0 0 0 0 0 0 0 0; 200 200 200 200 200 0 0 0 0 0 0 0 0 0 0 0 0 0 0 0 0 0 0 0 0 0 0 0 0 0 0 0 0 0 0 0 0 0 0 0 0 0 0 0 0 0 0 0 0 0; 200 200 200 200 200 7 0 0 0 0 0 0 0 0 0 0 0 0 0 0 0 0 0 0 0 0 0 0 0 0 0 0 0 0 0 0 0 0 0 0 0 0 0 0 0 0 0 0 0 0; 200 21 200 126 200 200 200 0 0 0 0 0 0 0 0 0 0 0 0 0 0 0 0 0 0 0 0 0 0 0 0 0 0 0 0 0 0 0 0 0 0 0 0 0 0 0 0 0 0 0; 200 200 19 200 200 121 10 200 0 0 0 0 0 0 0 0 0 0 0 0 0 0 0 0 0 0 0 0 0 0 0 0 0 0 0 0 0 0 0 0 0 0 0 0 0 0 0 0 0 0; 200 196 200 200 200 200 197 200 200 0 0 0 0 0 0 0 0 0 0 0 0 0 0 0 0 0 0 0 0 0 0 0 0 0 0 0 0 0 0 0 0 0 0 0 0 0 0 0 0 0; 200 200 200 200 200 200 23 200 200 200 0 0 0 0 0 0 0 0 0 0 0 0 0 0 0 0 0 0 0 0 0 0 0 0 0 0 0 0 0 0 0 0 0 0 0 0 0 0 0 0; 200 14 51 169 200 200 200 200 195 200 0 0 0 0 0 0 0 0 0 0 0 0 0 0 0 0 0 0 0 0 0 0 0 0 0 0 0 0 0 0 0 0 0 0 0 0 0 0 0 0; 200 29 196 200 200 39 200 158 200 200 200 200 0 0 0 0 0 0 0 0 0 0 0 0 0 0 0 0 0 0 0 0 0 0 0 0 0 0 0 0 0 0 0 0 0 0 0 0 0 0; 200 200 200 200 200 200 200 200 200 200 5 153 5 0 0 0 0 0 0 0 0 0 0 0 0 0 0 0 0 0 0 0 0 0 0 0 0 0 0 0 0 0 0 0 0 0 0 0 0 0; 200 200 200 200 24 200 188 200 185 200 200 200 200 200 0 0 0 0 0 0 0 0 0 0 0 0 0 0 0 0 0 0 0 0 0 0 0 0 0 0 0 0 0 0 0 0 0 0 0 0; 200 200 200 200 200 200 198 200 200 200 200 200 200 200 200 0 0 0 0 0 0 0 0 0 0 0 0 0 0 0 0 0 0 0 0 0 0 0 0 0 0 0 0 0 0 0 0 0 0 0; 200 200 200 200 200 172 7 200 200 200 184 200 200 4 188 200 0 0 0 0 0 0 0 0 0 0 0 0 0 0 0 0 0 0 0 0 0 0 0 0 0 0 0 0 0 0 0 0 0 0; 200 185 200 200 200 30 200 200 200 200 200 200 200 200 36 200 195 0 0 0 0 0 0 0 0 0 0 0 0 0 0 0 0 0 0 0 0 0 0 0 0 0 0 0 0 0 0 0 0 0; 200 200 55 200 20 196 10 200 200 200 200 200 200 194 200 200 180 200 0 0 0 0 0 0 0 0 0 0 0 0 0 0 0 0 0 0 0 0 0 0 0 0 0 0 0 0 0 0 0 0; 200 200 200 200 194 200 200 200 200 200 200 200 200 20 200 200 200 200 200 0 0 0 0 0 0 0 0 0 0 0 0 0 0 0 0 0 0 0 0 0 0 0 0 0 0 0 0 0 0 0; 200 2 200 200 200 200 200 115 37 200 200 200 178 200 200 200 158 200 200 200 0 0 0 0 0 0 0 0 0 0 0 0 0 0 0 0 0 0 0 0 0 0 0 0 0 0 0 0 0 0; 23 200 200 200 200 178 200 200 200 200 200 200 200 200 120 200 200 200 200 200 7 0 0 0 0 0 0 0 0 0 0 0 0 0 0 0 0 0 0 0 0 0 0 0 0 0 0 0 0 0; 200 200 14 30 200 200 1 200 200 27 200 200 157 200 200 200 200 134 200 200 21 192 0 0 0 0 0 0 0 0 0 0 0 0 0 0 0 0 0 0 0 0 0 0 0 0 0 0 0 0; 200 200 200 163 200 200 200 200 196 200 200 200 200 200 200 200 200 200 200 200 7 200 200 0 0 0 0 0 0 0 0 0 0 0 0 0 0 0 0 0 0 0 0 0 0 0 0 0 0 0; 200 184 200 200 200 200 152 200 200 10 200 200 200 200 180 199 200 200 200 200 200 200 200 200 0 0 0 0 0 0 0 0 0 0 0 0 0 0 0 0 0 0 0 0 0 0 0 0 0 0; 200 200 5 200 177 200 200 200 200 200 200 200 200 200 200 200 56 200 16 200 200 200 25 200 16 0 0 0 0 0 0 0 0 0 0 0 0 0 0 0 0 0 0 0 0 0 0 0 0 0; 200 200 200 200 200 200 200 200 200 200 22 200 200 200 200 200 200 200 200 200 200 16 200 200 200 200 0 0 0 0 0 0 0 0 0 0 0 0 0 0 0 0 0 0 0 0 0 0 0 0; 64 200 26 200 200 53 200 200 200 200 200 200 200 200 200 200 200 200 200 200 200 200 200 200 200 142 200 0 0 0 0 0 0 0 0 0 0 0 0 0 0 0 0 0 0 0 0 0 0 0; 200 200 200 200 200 200 200 200 200 200 200 200 200 200 200 10 200 200 200 200 200 189 200 75 200 28 200 200 0 0 0 0 0 0 0 0 0 0 0 0 0 0 0 0 0 0 0 0 0 0; 200 200 200 200 200 200 200 200 175 200 181 51 2 200 15 200 200 200 0 200 200 200 200 200 58 69 200 200 200 0 0 0 0 0 0 0 0 0 0 0 0 0 0 0 0 0 0 0 0 0; 198 200 194 200 200 200 200 200 200 187 200 200 200 79 7 200 200 150 17 200 30 200 175 200 200 200 200 200 200 200 0 0 0 0 0 0 0 0 0 0 0 0 0 0 0 0 0 0 0 0; 200 200 200 200 200 200 189 135 200 200 198 200 200 111 200 200 200 200 200 200 15 200 200 136 200 145 200 24 200 200 200 0 0 0 0 0 0 0 0 0 0 0 0 0 0 0 0 0 0 0; 200 160 200 200 200 200 200 200 200 200 200 200 200 200 59 200 127 200 200 199 200 200 200 200 200 200 200 200 200 22 0 200 0 0 0 0 0 0 0 0 0 0 0 0 0 0 0 0 0 0; 200 21 200 200 200 18 200 200 200 200 200 145 200 200 200 200 200 166 200 200 200 200 200 200 194 11 200 200 200 200 200 200 200 0 0 0 0 0 0 0 0 0 0 0 0 0 0 0 0 0; 200 186 200 200 200 200 200 200 200 200 0 19 200 200 200 171 200 200 200 0 200 199 200 200 200 200 200 200 200 200 200 200 200 200 0 0 0 0 0 0 0 0 0 0 0 0 0 0 0 0; 180 197 63 67 200 165 200 200 200 200 200 200 200 183 89 7 47 172 200 199 200 200 200 200 200 200 200 200 200 200 200 200 200 200 30 0 0 0 0 0 0 0 0 0 0 0 0 0 0 0; 200 200 200 200 200 200 200 4 200 134 192 170 200 200 200 196 200 200 200 200 200 200 200 200 200 199 200 200 200 200 200 200 200 200 200 200 0 0 0 0 0 0 0 0 0 0 0 0 0 0; 15 195 2 200 200 163 200 200 7 9 200 144 109 200 200 200 200 8 200 200 200 200 200 180 200 200 193 200 200 200 200 42 200 200 200 200 168 0 0 0 0 0 0 0 0 0 0 0 0 0; 200 17 200 200 200 197 200 200 200 200 9 200 200 200 14 200 200 165 200 200 130 200 200 200 52 200 200 200 197 183 200 200 200 200 200 17 200 200 0 0 0 0 0 0 0 0 0 0 0 0; 200 151 200 200 200 172 200 200 196 200 200 200 200 200 180 200 200 200 200 200 26 200 200 200 200 200 197 9 152 7 200 200 200 200 200 200 200 200 200 0 0 0 0 0 0 0 0 0 0 0; 200 200 200 200 200 200 200 200 200 200 200 200 200 200 200 200 200 200 200 200 6 200 200 19 3 200 200 200 1 200 200 180 200 200 200 200 200 200 189 161 0 0 0 0 0 0 0 0 0 0; 200 200 200 200 18 200 200 200 200 200 200 200 21 170 200 200 200 200 200 200 200 200 200 200 200 10 196 12 200 200 0 200 28 200 9 200 200 154 200 200 28 0 0 0 0 0 0 0 0 0; 200 60 200 200 200 200 15 200 200 200 13 200 200 4 200 200 200 200 200 200 200 23 200 185 200 8 200 200 200 200 200 200 200 200 193 176 200 200 200 165 200 200 0 0 0 0 0 0 0 0; 200 200 200 200 200 200 0 42 200 200 6 200 200 200 200 200 176 200 200 200 199 200 200 200 200 198 11 200 200 200 200 124 200 200 200 200 200 200 200 185 200 200 200 0 0 0 0 0 0 0; 68 200 49 200 200 190 12 200 200 200 200 200 200 200 200 200 58 200 200 136 7 50 200 200 200 200 2 200 200 200 200 200 200 200 200 13 200 200 200 200 200 200 200 152 0 0 0 0 0 0; 200 200 180 200 200 200 200 200 200 200 200 200 200 169 200 200 200 200 200 7 200 195 200 200 200 200 200 40 56 200 200 158 200 1 200 200 200 200 200 200 200 200 200 200 200 0 0 0 0 0; 200 163 200 17 200 200 200 41 200 200 200 200 200 200 200 200 200 200 200 200 199 200 177 200 200 200 200 200 200 200 193 200 200 200 200 200 200 35 200 200 196 200 200 200 200 200 0 0 0 0; 200 200 6 200 200 200 200 200 200 200 200 200 200 200 200 200 4 200 200 200 171 200 200 200 180 200 200 200 118 200 151 200 197 16 200 200 21 200 200 200 200 200 148 200 200 200 200 0 0 0; 200 200 200 200 167 200 200 200 200 200 200 200 200 8 20 15 174 200 200 200 200 200 200 200 200 200 199 200 200 200 200 200 200 147 200 200 200 200 150 200 200 200 200 200 186 200 200 6 0 0; 200 200 200 4 78 200 12 193 4 200 180 200 121 172 16 197 200 200 200 6 200 200 200 200 200 200 200 200 200 200 12 200 182 200 200 200 200 200 193 200 199 200 200 200 181 58 200 200 200 0; 200 200 200 164 200 200 200 200 200 5 200 3 23 195 200 200 182 200 200 200 200 5 200 200 3 200 200 15 200 200 200 200 200 200 200 200 200 200 200 145 177 200 200 200 200 200 23 200 200 200]
