n=25
density=25
Q1=[0 0 0 0 0 0 0 0 0 0 0 0 0 0 0 0 0 0 0 0 0 0 0 0 0 ;
13 0 0 0 0 0 0 0 0 0 0 0 0 0 0 0 0 0 0 0 0 0 0 0 0 ;
58 64 159 0 0 0 0 0 0 0 0 0 0 0 0 0 0 0 0 0 0 0 0 0 0 ;
0 0 0 0 0 0 0 0 0 0 0 0 0 0 0 0 0 0 0 0 0 0 0 0 0 ;
0 0 0 0 0 0 0 0 0 0 0 0 0 0 0 0 0 0 0 0 0 0 0 0 0 ;
0 0 0 0 0 171 0 0 0 0 0 0 0 0 0 0 0 0 0 0 0 0 0 0 0 ;
36 0 0 0 0 0 0 0 0 0 0 0 0 0 0 0 0 0 0 0 0 0 0 0 0 ;
0 0 0 0 0 0 0 0 0 0 0 0 0 0 0 0 0 0 0 0 0 0 0 0 0 ;
0 0 0 38 0 0 0 0 0 0 0 0 0 0 0 0 0 0 0 0 0 0 0 0 0 ;
0 0 0 0 0 0 0 0 0 0 0 0 0 0 0 0 0 0 0 0 0 0 0 0 0 ;
0 155 0 109 0 165 0 0 0 0 0 0 0 0 0 0 0 0 0 0 0 0 0 0 0 ;
0 0 0 57 11 0 189 0 0 0 0 0 0 0 0 0 0 0 0 0 0 0 0 0 0 ;
0 0 0 0 0 0 70 23 0 0 0 62 0 0 0 0 0 0 0 0 0 0 0 0 0 ;
0 0 0 174 177 0 193 0 0 95 0 0 0 0 0 0 0 0 0 0 0 0 0 0 0 ;
0 103 0 0 0 0 0 0 0 0 0 0 0 0 187 0 0 0 0 0 0 0 0 0 0 ;
89 132 0 0 0 0 0 96 0 0 0 0 0 0 0 0 0 0 0 0 0 0 0 0 0 ;
0 0 0 0 0 0 0 0 0 0 0 0 0 0 0 0 143 0 0 0 0 0 0 0 0 ;
0 0 0 0 131 0 32 0 0 15 0 0 0 148 0 61 91 0 0 0 0 0 0 0 0 ;
0 180 80 0 0 0 0 0 0 0 7 183 0 0 0 0 0 0 0 0 0 0 0 0 0 ;
61 0 174 0 0 0 0 0 105 0 0 0 0 0 0 0 0 0 29 0 0 0 0 0 0 ;
118 0 0 0 0 0 0 0 0 120 11 0 0 0 47 0 0 4 81 0 0 0 0 0 0 ;
0 99 183 0 0 0 0 0 0 0 0 0 0 0 187 2 0 199 0 0 0 0 0 0 0 ;
0 0 0 56 0 13 0 0 8 0 0 105 0 0 0 0 0 0 0 105 0 0 0 0 0 ;
0 180 0 0 0 0 112 0 0 0 0 0 0 0 0 11 0 126 0 141 0 0 0 0 0 ;
0 0 127 0 0 0 0 180 165 0 0 45 0 48 0 0 12 0 0 0 0 89 0 0 0 ]
w=[16, 82, 87, 45, 57, 46, 87, 55, 16, 35, 48, 90, 53, 56, 71, 40, 22, 73, 54, 56, 75, 96, 51, 78, 32]
W=102 
k=4 
inst_name = "QKP_25_200_25" 
feasible = true 
Q2=[199 0 0 0 0 0 0 0 0 0 0 0 0 0 0 0 0 0 0 0 0 0 0 0 0; 193 199 0 0 0 0 0 0 0 0 0 0 0 0 0 0 0 0 0 0 0 0 0 0 0; 147 155 36 0 0 0 0 0 0 0 0 0 0 0 0 0 0 0 0 0 0 0 0 0 0; 199 199 199 199 0 0 0 0 0 0 0 0 0 0 0 0 0 0 0 0 0 0 0 0 0; 199 199 199 199 199 0 0 0 0 0 0 0 0 0 0 0 0 0 0 0 0 0 0 0 0; 199 199 199 199 199 10 0 0 0 0 0 0 0 0 0 0 0 0 0 0 0 0 0 0 0; 164 199 199 199 199 199 199 0 0 0 0 0 0 0 0 0 0 0 0 0 0 0 0 0 0; 199 199 199 199 199 199 199 199 0 0 0 0 0 0 0 0 0 0 0 0 0 0 0 0 0; 199 199 199 176 199 199 199 199 199 0 0 0 0 0 0 0 0 0 0 0 0 0 0 0 0; 199 199 199 199 199 199 199 199 199 199 0 0 0 0 0 0 0 0 0 0 0 0 0 0 0; 199 31 199 17 199 1 199 199 199 199 199 0 0 0 0 0 0 0 0 0 0 0 0 0 0; 199 199 199 189 197 199 3 199 199 199 199 199 0 0 0 0 0 0 0 0 0 0 0 0 0; 199 199 199 199 199 199 197 190 199 199 199 165 199 0 0 0 0 0 0 0 0 0 0 0 0; 199 199 199 24 22 199 0 199 199 116 199 199 199 199 0 0 0 0 0 0 0 0 0 0 0; 199 38 199 199 199 199 199 199 199 199 199 199 199 199 3 0 0 0 0 0 0 0 0 0 0; 183 47 199 199 199 199 199 144 199 199 199 199 199 199 199 199 0 0 0 0 0 0 0 0 0; 199 199 199 199 199 199 199 199 199 199 199 199 199 199 199 199 17 0 0 0 0 0 0 0 0; 199 199 199 199 31 199 168 199 199 188 199 199 199 25 199 138 158 199 0 0 0 0 0 0 0; 199 15 166 199 199 199 199 199 199 199 195 1 199 199 199 199 199 199 199 0 0 0 0 0 0; 148 199 24 199 199 199 199 199 40 199 199 199 199 199 199 199 199 199 197 199 0 0 0 0 0; 43 199 199 199 199 199 199 199 199 71 190 199 199 199 163 199 199 199 118 199 199 0 0 0 0; 199 160 13 199 199 199 199 199 199 199 199 199 199 199 3 199 199 0 199 199 199 199 0 0 0; 199 199 199 181 199 196 199 199 191 199 199 7 199 199 199 199 199 199 199 24 199 199 199 0 0; 199 15 199 199 199 199 84 199 199 199 199 199 199 199 199 189 199 9 199 51 199 199 199 199 0; 199 199 16 199 199 199 199 19 27 199 199 162 199 193 199 199 198 199 199 199 199 113 199 199 199]
