n=40
density=100
Q1=[36 0 0 0 0 0 0 0 0 0 0 0 0 0 0 0 0 0 0 0 0 0 0 0 0 0 0 0 0 0 0 0 0 0 0 0 0 0 0 0 ;
2 47 0 0 0 0 0 0 0 0 0 0 0 0 0 0 0 0 0 0 0 0 0 0 0 0 0 0 0 0 0 0 0 0 0 0 0 0 0 0 ;
27 63 75 0 0 0 0 0 0 0 0 0 0 0 0 0 0 0 0 0 0 0 0 0 0 0 0 0 0 0 0 0 0 0 0 0 0 0 0 0 ;
1 38 91 67 0 0 0 0 0 0 0 0 0 0 0 0 0 0 0 0 0 0 0 0 0 0 0 0 0 0 0 0 0 0 0 0 0 0 0 0 ;
1 100 89 18 8 0 0 0 0 0 0 0 0 0 0 0 0 0 0 0 0 0 0 0 0 0 0 0 0 0 0 0 0 0 0 0 0 0 0 0 ;
17 50 53 55 48 54 0 0 0 0 0 0 0 0 0 0 0 0 0 0 0 0 0 0 0 0 0 0 0 0 0 0 0 0 0 0 0 0 0 0 ;
55 92 86 65 76 6 63 0 0 0 0 0 0 0 0 0 0 0 0 0 0 0 0 0 0 0 0 0 0 0 0 0 0 0 0 0 0 0 0 0 ;
23 61 88 21 40 24 24 82 0 0 0 0 0 0 0 0 0 0 0 0 0 0 0 0 0 0 0 0 0 0 0 0 0 0 0 0 0 0 0 0 ;
62 35 27 13 60 53 6 98 62 0 0 0 0 0 0 0 0 0 0 0 0 0 0 0 0 0 0 0 0 0 0 0 0 0 0 0 0 0 0 0 ;
90 56 49 40 8 87 17 18 40 74 0 0 0 0 0 0 0 0 0 0 0 0 0 0 0 0 0 0 0 0 0 0 0 0 0 0 0 0 0 0 ;
78 12 15 71 96 95 47 95 54 95 51 0 0 0 0 0 0 0 0 0 0 0 0 0 0 0 0 0 0 0 0 0 0 0 0 0 0 0 0 0 ;
6 39 31 20 70 31 56 82 77 61 66 69 0 0 0 0 0 0 0 0 0 0 0 0 0 0 0 0 0 0 0 0 0 0 0 0 0 0 0 0 ;
27 2 20 81 46 80 92 95 19 50 10 84 39 0 0 0 0 0 0 0 0 0 0 0 0 0 0 0 0 0 0 0 0 0 0 0 0 0 0 0 ;
56 28 81 84 62 8 9 86 15 2 38 61 82 47 0 0 0 0 0 0 0 0 0 0 0 0 0 0 0 0 0 0 0 0 0 0 0 0 0 0 ;
75 77 52 87 65 83 88 5 91 100 96 49 29 78 6 0 0 0 0 0 0 0 0 0 0 0 0 0 0 0 0 0 0 0 0 0 0 0 0 0 ;
62 95 69 49 18 8 4 38 53 14 57 56 91 44 35 91 0 0 0 0 0 0 0 0 0 0 0 0 0 0 0 0 0 0 0 0 0 0 0 0 ;
30 32 51 37 2 12 46 100 25 33 82 14 11 11 49 43 20 0 0 0 0 0 0 0 0 0 0 0 0 0 0 0 0 0 0 0 0 0 0 0 ;
26 97 73 74 90 79 17 89 98 85 12 73 42 38 54 5 34 63 0 0 0 0 0 0 0 0 0 0 0 0 0 0 0 0 0 0 0 0 0 0 ;
13 59 15 27 79 35 23 14 45 41 34 49 67 86 34 95 14 34 44 0 0 0 0 0 0 0 0 0 0 0 0 0 0 0 0 0 0 0 0 0 ;
26 36 14 78 98 20 4 85 11 1 32 91 94 28 5 75 92 87 53 10 0 0 0 0 0 0 0 0 0 0 0 0 0 0 0 0 0 0 0 0 ;
79 60 9 50 30 85 54 63 54 74 22 85 8 41 41 98 64 70 47 68 19 0 0 0 0 0 0 0 0 0 0 0 0 0 0 0 0 0 0 0 ;
97 15 66 86 81 85 56 72 46 26 20 73 35 96 24 84 71 68 7 41 90 70 0 0 0 0 0 0 0 0 0 0 0 0 0 0 0 0 0 0 ;
2 16 67 88 33 95 87 50 42 18 59 85 68 10 61 80 57 45 61 69 52 62 54 0 0 0 0 0 0 0 0 0 0 0 0 0 0 0 0 0 ;
40 62 46 75 36 1 58 6 6 82 29 3 8 46 17 73 51 3 35 5 3 19 33 10 0 0 0 0 0 0 0 0 0 0 0 0 0 0 0 0 ;
28 63 90 45 75 12 63 57 76 75 27 38 68 50 31 29 7 37 53 1 30 24 22 95 93 0 0 0 0 0 0 0 0 0 0 0 0 0 0 0 ;
36 71 17 6 77 72 56 90 27 9 33 39 40 100 12 52 44 24 47 91 82 62 81 100 100 22 0 0 0 0 0 0 0 0 0 0 0 0 0 0 ;
35 32 89 35 96 71 42 75 68 7 98 18 65 88 42 100 29 9 16 12 3 72 94 58 6 85 78 0 0 0 0 0 0 0 0 0 0 0 0 0 ;
58 42 32 85 15 7 14 93 100 17 9 99 38 12 17 6 58 70 34 39 48 100 67 22 54 100 52 67 0 0 0 0 0 0 0 0 0 0 0 0 ;
23 20 52 61 67 12 72 68 89 96 28 87 84 43 63 20 86 33 82 62 82 9 7 78 31 2 14 55 75 0 0 0 0 0 0 0 0 0 0 0 ;
40 65 32 87 34 58 62 82 51 57 33 25 97 70 20 9 30 57 26 45 36 58 62 35 95 15 26 84 48 86 0 0 0 0 0 0 0 0 0 0 ;
51 6 7 83 65 6 19 54 49 44 7 12 31 88 9 59 8 68 77 30 40 68 8 26 100 55 64 42 41 55 72 0 0 0 0 0 0 0 0 0 ;
4 92 32 6 86 97 68 33 24 28 60 12 12 34 22 65 58 65 20 14 80 44 64 85 61 80 23 25 95 10 64 33 0 0 0 0 0 0 0 0 ;
95 82 92 30 60 28 99 27 51 81 2 41 2 17 77 24 84 38 72 33 15 64 37 99 19 25 26 50 24 61 7 67 48 0 0 0 0 0 0 0 ;
63 1 38 57 97 7 69 58 88 41 7 45 38 91 47 39 13 41 60 54 56 83 6 14 94 43 18 67 31 39 75 91 44 53 0 0 0 0 0 0 ;
40 47 91 9 86 91 22 78 62 22 42 2 49 88 27 35 35 76 40 16 10 83 4 94 44 15 71 39 97 46 64 67 21 14 92 0 0 0 0 0 ;
36 37 30 21 3 90 29 91 55 43 45 11 23 82 58 23 26 48 23 54 59 18 8 19 83 45 34 10 29 79 8 76 10 25 29 37 0 0 0 0 ;
2 40 24 100 51 62 83 55 47 84 22 13 34 46 46 43 16 66 66 33 46 97 14 97 98 48 89 94 6 91 18 70 96 5 54 30 72 0 0 0 ;
31 95 57 29 10 2 64 3 14 80 35 39 8 21 98 41 55 6 83 36 79 50 53 35 23 46 79 37 44 3 5 86 58 1 47 49 48 83 0 0 ;
22 74 58 80 65 46 83 42 56 53 48 28 82 54 42 83 26 48 76 18 97 81 88 87 34 7 52 67 100 41 34 81 50 2 6 52 25 5 12 0 ;
43 60 18 96 28 23 12 87 31 51 88 47 42 82 25 3 6 99 92 19 4 13 72 39 8 3 73 22 100 70 23 28 15 2 82 57 91 47 93 72 ]
w=[48, 22, 39, 47, 8, 42, 47, 23, 4, 49, 45, 12, 26, 36, 9, 33, 42, 38, 7, 15, 1, 15, 26, 21, 30, 2, 11, 36, 40, 15, 22, 13, 20, 40, 12, 20, 20, 8, 14, 3]
W=136 
k=10 
