n=25
density=75
Q1=[60 0 0 0 0 0 0 0 0 0 0 0 0 0 0 0 0 0 0 0 0 0 0 0 0 ;
0 0 0 0 0 0 0 0 0 0 0 0 0 0 0 0 0 0 0 0 0 0 0 0 0 ;
62 0 45 0 0 0 0 0 0 0 0 0 0 0 0 0 0 0 0 0 0 0 0 0 0 ;
0 75 0 0 0 0 0 0 0 0 0 0 0 0 0 0 0 0 0 0 0 0 0 0 0 ;
68 41 21 0 40 0 0 0 0 0 0 0 0 0 0 0 0 0 0 0 0 0 0 0 0 ;
37 94 8 0 0 0 0 0 0 0 0 0 0 0 0 0 0 0 0 0 0 0 0 0 0 ;
3 51 0 20 0 0 24 0 0 0 0 0 0 0 0 0 0 0 0 0 0 0 0 0 0 ;
92 0 7 1 11 33 43 19 0 0 0 0 0 0 0 0 0 0 0 0 0 0 0 0 0 ;
97 33 95 55 65 64 0 23 0 0 0 0 0 0 0 0 0 0 0 0 0 0 0 0 0 ;
2 53 3 0 25 38 14 0 28 42 0 0 0 0 0 0 0 0 0 0 0 0 0 0 0 ;
0 0 81 0 80 71 37 54 80 26 52 0 0 0 0 0 0 0 0 0 0 0 0 0 0 ;
44 71 91 24 39 23 51 10 3 35 61 43 0 0 0 0 0 0 0 0 0 0 0 0 0 ;
11 84 34 0 31 66 0 77 0 52 79 48 0 0 0 0 0 0 0 0 0 0 0 0 0 ;
26 68 57 42 8 92 99 0 23 0 74 68 0 28 0 0 0 0 0 0 0 0 0 0 0 ;
58 0 57 0 59 40 59 85 0 11 86 54 53 50 83 0 0 0 0 0 0 0 0 0 0 ;
39 37 8 55 25 7 60 9 23 16 80 73 65 54 22 88 0 0 0 0 0 0 0 0 0 ;
0 98 0 13 58 0 48 0 42 65 58 0 73 0 95 12 0 0 0 0 0 0 0 0 0 ;
0 0 57 38 0 91 1 90 48 86 52 0 0 97 38 58 19 55 0 0 0 0 0 0 0 ;
89 17 26 0 4 7 90 99 1 38 24 31 68 4 0 0 16 13 42 0 0 0 0 0 0 ;
41 50 0 2 13 0 32 48 24 81 58 89 19 0 0 26 38 32 0 0 0 0 0 0 0 ;
0 69 39 9 14 81 54 40 0 46 0 30 0 78 0 97 19 89 72 15 54 0 0 0 0 ;
27 69 16 0 0 67 0 6 89 72 9 19 15 35 39 0 23 70 0 0 22 0 0 0 0 ;
0 0 0 0 85 74 0 21 80 44 37 27 97 39 74 30 61 89 92 92 62 66 60 0 0 ;
48 14 0 4 52 0 92 38 0 45 82 38 0 94 32 0 35 92 95 83 0 46 30 0 0 ;
23 0 78 0 86 0 52 32 74 31 0 21 44 58 94 6 57 60 8 89 3 0 86 14 6 ]
w=[18, 38, 15, 30, 16, 26, 15, 4, 21, 37, 42, 43, 11, 38, 40, 20, 21, 39, 6, 10, 5, 31, 34, 14, 18]
W=105 
k=4 
inst_name = "QKP_25_100_75" 
feasible = true 
Q2=[23 0 0 0 0 0 0 0 0 0 0 0 0 0 0 0 0 0 0 0 0 0 0 0 0; 99 99 0 0 0 0 0 0 0 0 0 0 0 0 0 0 0 0 0 0 0 0 0 0 0; 3 99 77 0 0 0 0 0 0 0 0 0 0 0 0 0 0 0 0 0 0 0 0 0 0; 99 17 99 99 0 0 0 0 0 0 0 0 0 0 0 0 0 0 0 0 0 0 0 0 0; 4 58 86 99 81 0 0 0 0 0 0 0 0 0 0 0 0 0 0 0 0 0 0 0 0; 78 3 96 99 99 99 0 0 0 0 0 0 0 0 0 0 0 0 0 0 0 0 0 0 0; 98 20 99 89 99 99 96 0 0 0 0 0 0 0 0 0 0 0 0 0 0 0 0 0 0; 6 99 99 99 90 67 72 94 0 0 0 0 0 0 0 0 0 0 0 0 0 0 0 0 0; 0 86 2 0 14 16 99 76 99 0 0 0 0 0 0 0 0 0 0 0 0 0 0 0 0; 97 2 98 99 86 74 98 99 96 73 0 0 0 0 0 0 0 0 0 0 0 0 0 0 0; 99 99 0 99 5 7 68 26 0 97 32 0 0 0 0 0 0 0 0 0 0 0 0 0 0; 93 19 1 87 66 85 26 96 96 84 11 56 0 0 0 0 0 0 0 0 0 0 0 0 0; 91 6 81 99 74 13 99 7 99 36 17 64 99 0 0 0 0 0 0 0 0 0 0 0 0; 98 20 10 89 96 6 0 99 81 99 19 14 99 87 0 0 0 0 0 0 0 0 0 0 0; 23 99 28 99 14 73 38 2 99 96 11 41 46 12 12 0 0 0 0 0 0 0 0 0 0; 88 83 95 27 91 98 16 99 86 89 11 7 17 4 80 2 0 0 0 0 0 0 0 0 0; 99 0 99 90 0 99 84 99 97 24 21 99 16 99 4 89 99 0 0 0 0 0 0 0 0; 99 99 19 69 99 6 98 8 99 8 13 99 99 2 75 25 90 23 0 0 0 0 0 0 0; 6 83 75 99 97 92 8 0 99 63 76 75 27 99 99 99 89 96 64 0 0 0 0 0 0; 72 35 99 99 96 99 80 80 90 3 8 8 80 99 99 86 87 98 99 99 0 0 0 0 0; 99 20 67 99 92 0 11 89 99 69 99 75 99 8 99 0 91 5 22 95 40 0 0 0 0; 94 4 96 99 99 26 99 99 4 1 93 80 86 94 76 99 87 1 99 99 94 99 0 0 0; 99 99 99 99 6 14 99 98 2 63 84 83 2 65 3 94 37 0 4 1 33 22 12 0 0; 72 95 99 98 4 99 1 72 99 91 0 75 99 4 70 99 66 7 3 6 99 85 95 99 0; 78 99 5 99 6 99 46 68 12 96 99 86 91 11 1 98 21 3 92 8 98 99 9 94 96]
