n=30
density=75
Q1=[185 0 0 0 0 0 0 0 0 0 0 0 0 0 0 0 0 0 0 0 0 0 0 0 0 0 0 0 0 0 ;
185 18 0 0 0 0 0 0 0 0 0 0 0 0 0 0 0 0 0 0 0 0 0 0 0 0 0 0 0 0 ;
13 0 52 0 0 0 0 0 0 0 0 0 0 0 0 0 0 0 0 0 0 0 0 0 0 0 0 0 0 0 ;
95 106 126 42 0 0 0 0 0 0 0 0 0 0 0 0 0 0 0 0 0 0 0 0 0 0 0 0 0 0 ;
163 51 0 26 199 0 0 0 0 0 0 0 0 0 0 0 0 0 0 0 0 0 0 0 0 0 0 0 0 0 ;
0 117 198 109 69 0 0 0 0 0 0 0 0 0 0 0 0 0 0 0 0 0 0 0 0 0 0 0 0 0 ;
39 3 0 87 33 199 45 0 0 0 0 0 0 0 0 0 0 0 0 0 0 0 0 0 0 0 0 0 0 0 ;
84 8 99 0 60 83 0 0 0 0 0 0 0 0 0 0 0 0 0 0 0 0 0 0 0 0 0 0 0 0 ;
84 2 66 175 159 153 165 0 0 0 0 0 0 0 0 0 0 0 0 0 0 0 0 0 0 0 0 0 0 0 ;
2 25 65 62 87 46 0 38 158 56 0 0 0 0 0 0 0 0 0 0 0 0 0 0 0 0 0 0 0 0 ;
127 104 0 175 67 0 0 131 9 77 0 0 0 0 0 0 0 0 0 0 0 0 0 0 0 0 0 0 0 0 ;
6 0 180 0 0 147 89 53 13 0 0 14 0 0 0 0 0 0 0 0 0 0 0 0 0 0 0 0 0 0 ;
2 197 33 56 0 154 197 149 2 121 29 17 55 0 0 0 0 0 0 0 0 0 0 0 0 0 0 0 0 0 ;
2 119 106 0 188 100 23 127 12 24 200 67 0 152 0 0 0 0 0 0 0 0 0 0 0 0 0 0 0 0 ;
0 97 0 7 0 0 0 62 0 34 166 44 138 70 24 0 0 0 0 0 0 0 0 0 0 0 0 0 0 0 ;
139 97 132 38 120 57 0 0 41 130 49 98 131 160 0 187 0 0 0 0 0 0 0 0 0 0 0 0 0 0 ;
0 58 153 176 94 103 8 189 16 0 177 18 0 50 8 190 0 0 0 0 0 0 0 0 0 0 0 0 0 0 ;
56 0 162 92 50 180 10 132 0 65 0 39 56 163 189 40 0 100 0 0 0 0 0 0 0 0 0 0 0 0 ;
58 121 129 20 0 0 164 162 135 93 56 174 93 0 133 46 34 0 26 0 0 0 0 0 0 0 0 0 0 0 ;
21 0 152 0 100 107 55 192 0 153 56 67 59 0 0 60 0 27 167 104 0 0 0 0 0 0 0 0 0 0 ;
129 0 173 0 0 4 198 4 102 110 0 9 0 71 169 142 44 195 99 0 140 0 0 0 0 0 0 0 0 0 ;
69 0 14 0 35 176 73 49 124 84 147 83 0 0 138 0 181 192 60 7 0 44 0 0 0 0 0 0 0 0 ;
7 0 55 196 0 44 25 162 152 140 0 0 191 87 157 167 18 88 0 0 135 65 187 0 0 0 0 0 0 0 ;
170 32 183 171 178 56 74 136 46 2 94 189 169 127 164 0 28 25 160 111 120 109 34 0 0 0 0 0 0 0 ;
60 90 66 171 62 0 10 23 152 114 56 0 198 161 0 0 98 197 32 0 34 149 121 0 24 0 0 0 0 0 ;
51 0 198 159 161 0 179 38 0 76 112 171 0 0 101 109 125 63 147 0 0 22 0 12 117 110 0 0 0 0 ;
0 45 100 10 0 145 134 196 3 14 143 11 97 148 93 0 86 127 55 120 9 117 0 0 183 54 95 0 0 0 ;
158 31 61 0 139 39 127 171 16 50 0 89 51 14 147 145 150 102 0 0 0 192 19 194 134 0 171 53 0 0 ;
0 189 0 0 0 0 26 121 0 40 86 0 166 0 30 118 0 77 136 179 0 0 91 43 49 0 113 151 100 0 ;
0 143 97 72 23 52 157 170 0 56 55 0 177 17 0 127 0 142 140 172 126 0 133 132 172 0 3 48 122 100 ]
w=[47, 55, 61, 70, 76, 42, 21, 64, 98, 100, 89, 61, 65, 16, 81, 33, 78, 52, 4, 39, 60, 17, 89, 85, 99, 76, 78, 3, 56, 65]
W=53 
k=2 
inst_name = "QKP_30_200_75" 
feasible = true 
Q2=[13 0 0 0 0 0 0 0 0 0 0 0 0 0 0 0 0 0 0 0 0 0 0 0 0 0 0 0 0 0; 10 187 0 0 0 0 0 0 0 0 0 0 0 0 0 0 0 0 0 0 0 0 0 0 0 0 0 0 0 0; 189 200 152 0 0 0 0 0 0 0 0 0 0 0 0 0 0 0 0 0 0 0 0 0 0 0 0 0 0 0; 165 6 41 173 0 0 0 0 0 0 0 0 0 0 0 0 0 0 0 0 0 0 0 0 0 0 0 0 0 0; 16 182 200 185 1 0 0 0 0 0 0 0 0 0 0 0 0 0 0 0 0 0 0 0 0 0 0 0 0 0; 200 48 0 17 197 200 0 0 0 0 0 0 0 0 0 0 0 0 0 0 0 0 0 0 0 0 0 0 0 0; 181 198 200 166 176 0 193 0 0 0 0 0 0 0 0 0 0 0 0 0 0 0 0 0 0 0 0 0 0 0; 124 198 147 200 156 198 200 200 0 0 0 0 0 0 0 0 0 0 0 0 0 0 0 0 0 0 0 0 0 0; 176 200 192 10 15 6 14 200 200 0 0 0 0 0 0 0 0 0 0 0 0 0 0 0 0 0 0 0 0 0; 200 190 187 194 196 199 200 191 8 150 0 0 0 0 0 0 0 0 0 0 0 0 0 0 0 0 0 0 0 0; 1 12 200 15 176 200 200 19 198 175 200 0 0 0 0 0 0 0 0 0 0 0 0 0 0 0 0 0 0 0; 198 200 20 200 200 34 130 194 200 200 200 199 0 0 0 0 0 0 0 0 0 0 0 0 0 0 0 0 0 0; 200 2 192 153 200 38 1 21 200 49 180 190 197 0 0 0 0 0 0 0 0 0 0 0 0 0 0 0 0 0; 200 37 92 200 9 60 194 32 198 196 0 155 200 33 0 0 0 0 0 0 0 0 0 0 0 0 0 0 0 0; 200 146 200 193 200 200 200 147 200 197 26 192 23 192 199 0 0 0 0 0 0 0 0 0 0 0 0 0 0 0; 49 200 57 163 75 171 200 200 196 45 188 136 13 36 200 8 0 0 0 0 0 0 0 0 0 0 0 0 0 0; 200 176 3 2 184 20 200 7 198 200 0 187 200 179 200 2 200 0 0 0 0 0 0 0 0 0 0 0 0 0; 198 200 23 148 173 14 193 39 200 176 200 166 146 33 0 183 200 44 0 0 0 0 0 0 0 0 0 0 0 0; 198 40 47 189 200 200 28 35 11 120 188 7 184 200 65 179 196 200 200 0 0 0 0 0 0 0 0 0 0 0; 192 200 2 200 12 60 165 7 200 23 166 156 183 200 200 157 200 197 25 47 0 0 0 0 0 0 0 0 0 0; 14 200 21 200 200 197 2 197 23 54 200 192 200 141 8 48 197 3 189 200 18 0 0 0 0 0 0 0 0 0; 161 200 190 200 172 1 176 190 29 119 23 163 200 200 57 200 16 8 191 200 200 190 0 0 0 0 0 0 0 0; 200 200 169 2 200 169 179 35 25 38 200 200 1 177 28 27 193 190 200 200 5 150 1 0 0 0 0 0 0 0; 27 170 10 2 4 198 174 46 156 200 180 3 7 6 10 200 187 192 35 54 52 48 174 200 0 0 0 0 0 0; 143 147 136 24 184 200 194 188 33 5 146 200 0 23 200 200 198 2 184 200 178 22 58 200 191 0 0 0 0 0; 196 200 2 3 28 200 6 179 200 149 1 26 200 200 49 36 64 187 30 200 200 182 200 189 19 79 0 0 0 0; 200 161 34 190 200 25 1 0 197 198 19 190 145 37 190 200 173 28 159 15 191 18 200 200 17 165 159 0 0 0; 6 196 192 200 15 182 71 1 188 163 200 195 164 198 42 40 29 50 200 200 200 0 187 6 47 200 12 149 0 0; 200 9 200 200 200 200 195 35 200 171 157 200 27 200 187 10 200 194 28 1 200 200 125 196 163 200 29 21 66 0; 200 57 145 190 192 196 4 8 200 145 174 200 6 192 200 19 200 33 39 14 73 200 27 24 27 200 200 176 58 29]
