n=20
density=50
Q1=[0 0 0 0 0 0 0 0 0 0 0 0 0 0 0 0 0 0 0 0 ;
49 0 0 0 0 0 0 0 0 0 0 0 0 0 0 0 0 0 0 0 ;
0 61 46 0 0 0 0 0 0 0 0 0 0 0 0 0 0 0 0 0 ;
88 0 0 85 0 0 0 0 0 0 0 0 0 0 0 0 0 0 0 0 ;
24 28 0 42 65 0 0 0 0 0 0 0 0 0 0 0 0 0 0 0 ;
0 0 18 0 0 0 0 0 0 0 0 0 0 0 0 0 0 0 0 0 ;
47 22 88 0 59 0 21 0 0 0 0 0 0 0 0 0 0 0 0 0 ;
93 0 100 0 37 0 74 0 0 0 0 0 0 0 0 0 0 0 0 0 ;
0 31 58 0 66 1 0 0 0 0 0 0 0 0 0 0 0 0 0 0 ;
0 42 0 62 95 0 0 0 0 59 0 0 0 0 0 0 0 0 0 0 ;
0 78 24 0 0 67 9 42 0 0 0 0 0 0 0 0 0 0 0 0 ;
0 73 0 0 0 97 0 0 0 0 0 0 0 0 0 0 0 0 0 0 ;
52 68 21 36 0 63 97 14 82 0 10 0 0 0 0 0 0 0 0 0 ;
72 0 85 9 92 11 0 0 0 0 5 0 26 22 0 0 0 0 0 0 ;
83 0 0 26 27 77 0 9 93 8 53 82 0 0 53 0 0 0 0 0 ;
55 79 15 0 0 37 28 0 27 56 0 0 0 0 46 63 0 0 0 0 ;
81 0 0 0 98 63 0 70 0 58 53 0 72 0 0 0 0 0 0 0 ;
6 0 11 0 0 89 82 39 0 0 0 87 45 65 0 0 62 0 0 0 ;
34 61 24 37 84 44 74 0 5 68 0 81 0 49 91 65 0 93 0 0 ;
0 67 0 0 24 62 24 13 0 0 97 0 0 0 83 35 0 19 45 100 ]
w=[3, 41, 16, 31, 1, 18, 34, 2, 9, 18, 45, 29, 34, 36, 31, 48, 49, 15, 26, 25]
W=79 
k=5 
inst_name = "QKP_20_100_50" 
feasible = true 
Q2=[100 0 0 0 0 0 0 0 0 0 0 0 0 0 0 0 0 0 0 0; 83 100 0 0 0 0 0 0 0 0 0 0 0 0 0 0 0 0 0 0; 100 9 77 0 0 0 0 0 0 0 0 0 0 0 0 0 0 0 0 0; 8 100 100 0 0 0 0 0 0 0 0 0 0 0 0 0 0 0 0 0; 80 98 100 100 12 0 0 0 0 0 0 0 0 0 0 0 0 0 0 0; 100 100 98 100 100 100 0 0 0 0 0 0 0 0 0 0 0 0 0 0; 62 84 8 100 10 100 79 0 0 0 0 0 0 0 0 0 0 0 0 0; 1 100 0 100 99 100 8 100 0 0 0 0 0 0 0 0 0 0 0 0; 100 80 42 100 2 100 100 100 100 0 0 0 0 0 0 0 0 0 0 0; 100 95 100 22 1 100 100 100 100 40 0 0 0 0 0 0 0 0 0 0; 100 13 94 100 100 5 99 80 100 100 100 0 0 0 0 0 0 0 0 0; 100 9 100 100 100 3 100 100 100 100 100 100 0 0 0 0 0 0 0 0; 2 22 99 70 100 32 0 98 17 100 100 100 100 0 0 0 0 0 0 0; 15 100 13 98 2 92 100 100 100 100 99 100 85 88 0 0 0 0 0 0; 14 100 100 94 77 23 100 98 7 93 27 4 100 100 16 0 0 0 0 0; 28 19 91 100 100 70 83 100 91 37 100 100 100 100 68 33 0 0 0 0; 3 100 100 100 2 34 100 5 100 16 14 100 23 100 100 100 100 0 0 0; 100 100 92 100 100 7 17 88 100 100 100 13 59 11 100 100 38 100 0 0; 67 36 99 91 1 64 4 100 96 2 100 0 100 65 1 14 100 6 100 0; 100 21 100 100 96 35 96 89 100 100 2 100 100 100 7 86 100 84 97 0]
