n=50
density=25
Q1=[0 0 0 0 0 0 0 0 0 0 0 0 0 0 0 0 0 0 0 0 0 0 0 0 0 0 0 0 0 0 0 0 0 0 0 0 0 0 0 0 0 0 0 0 0 0 0 0 0 0 ;
0 0 0 0 0 0 0 0 0 0 0 0 0 0 0 0 0 0 0 0 0 0 0 0 0 0 0 0 0 0 0 0 0 0 0 0 0 0 0 0 0 0 0 0 0 0 0 0 0 0 ;
53 0 0 0 0 0 0 0 0 0 0 0 0 0 0 0 0 0 0 0 0 0 0 0 0 0 0 0 0 0 0 0 0 0 0 0 0 0 0 0 0 0 0 0 0 0 0 0 0 0 ;
0 0 0 0 0 0 0 0 0 0 0 0 0 0 0 0 0 0 0 0 0 0 0 0 0 0 0 0 0 0 0 0 0 0 0 0 0 0 0 0 0 0 0 0 0 0 0 0 0 0 ;
0 0 0 0 0 0 0 0 0 0 0 0 0 0 0 0 0 0 0 0 0 0 0 0 0 0 0 0 0 0 0 0 0 0 0 0 0 0 0 0 0 0 0 0 0 0 0 0 0 0 ;
0 75 0 0 0 34 0 0 0 0 0 0 0 0 0 0 0 0 0 0 0 0 0 0 0 0 0 0 0 0 0 0 0 0 0 0 0 0 0 0 0 0 0 0 0 0 0 0 0 0 ;
0 0 0 0 82 0 0 0 0 0 0 0 0 0 0 0 0 0 0 0 0 0 0 0 0 0 0 0 0 0 0 0 0 0 0 0 0 0 0 0 0 0 0 0 0 0 0 0 0 0 ;
0 0 0 0 0 44 52 0 0 0 0 0 0 0 0 0 0 0 0 0 0 0 0 0 0 0 0 0 0 0 0 0 0 0 0 0 0 0 0 0 0 0 0 0 0 0 0 0 0 0 ;
0 88 0 83 0 0 28 33 0 0 0 0 0 0 0 0 0 0 0 0 0 0 0 0 0 0 0 0 0 0 0 0 0 0 0 0 0 0 0 0 0 0 0 0 0 0 0 0 0 0 ;
0 35 0 0 0 0 0 0 0 35 0 0 0 0 0 0 0 0 0 0 0 0 0 0 0 0 0 0 0 0 0 0 0 0 0 0 0 0 0 0 0 0 0 0 0 0 0 0 0 0 ;
0 59 0 0 0 0 0 0 0 0 0 0 0 0 0 0 0 0 0 0 0 0 0 0 0 0 0 0 0 0 0 0 0 0 0 0 0 0 0 0 0 0 0 0 0 0 0 0 0 0 ;
0 0 0 0 0 0 0 94 28 0 0 0 0 0 0 0 0 0 0 0 0 0 0 0 0 0 0 0 0 0 0 0 0 0 0 0 0 0 0 0 0 0 0 0 0 0 0 0 0 0 ;
0 0 0 0 41 3 0 4 0 52 66 0 0 0 0 0 0 0 0 0 0 0 0 0 0 0 0 0 0 0 0 0 0 0 0 0 0 0 0 0 0 0 0 0 0 0 0 0 0 0 ;
0 0 0 0 0 30 78 0 0 0 4 0 67 0 0 0 0 0 0 0 0 0 0 0 0 0 0 0 0 0 0 0 0 0 0 0 0 0 0 0 0 0 0 0 0 0 0 0 0 0 ;
0 0 0 0 0 0 0 0 0 46 0 0 8 0 0 0 0 0 0 0 0 0 0 0 0 0 0 0 0 0 0 0 0 0 0 0 0 0 0 0 0 0 0 0 0 0 0 0 0 0 ;
0 66 0 0 0 0 0 0 84 14 0 0 0 0 0 10 0 0 0 0 0 0 0 0 0 0 0 0 0 0 0 0 0 0 0 0 0 0 0 0 0 0 0 0 0 0 0 0 0 0 ;
0 0 0 0 76 0 0 82 0 0 0 0 0 26 0 0 18 0 0 0 0 0 0 0 0 0 0 0 0 0 0 0 0 0 0 0 0 0 0 0 0 0 0 0 0 0 0 0 0 0 ;
0 0 0 0 0 48 0 0 88 0 90 44 0 0 0 0 0 0 0 0 0 0 0 0 0 0 0 0 0 0 0 0 0 0 0 0 0 0 0 0 0 0 0 0 0 0 0 0 0 0 ;
0 0 84 85 91 0 0 0 0 0 0 0 74 34 31 0 0 0 0 0 0 0 0 0 0 0 0 0 0 0 0 0 0 0 0 0 0 0 0 0 0 0 0 0 0 0 0 0 0 0 ;
0 0 96 0 92 26 55 12 0 0 21 15 40 0 59 0 0 41 0 24 0 0 0 0 0 0 0 0 0 0 0 0 0 0 0 0 0 0 0 0 0 0 0 0 0 0 0 0 0 0 ;
73 0 0 0 0 16 0 0 0 0 0 0 0 0 0 0 0 0 0 91 0 0 0 0 0 0 0 0 0 0 0 0 0 0 0 0 0 0 0 0 0 0 0 0 0 0 0 0 0 0 ;
0 16 0 0 0 0 75 0 0 0 0 0 0 0 0 0 84 0 0 0 0 0 0 0 0 0 0 0 0 0 0 0 0 0 0 0 0 0 0 0 0 0 0 0 0 0 0 0 0 0 ;
0 39 0 0 27 0 0 0 78 0 28 0 71 30 0 0 0 37 0 0 46 0 37 0 0 0 0 0 0 0 0 0 0 0 0 0 0 0 0 0 0 0 0 0 0 0 0 0 0 0 ;
0 0 0 21 0 0 0 0 0 40 0 0 0 0 0 80 0 0 0 0 0 0 0 0 0 0 0 0 0 0 0 0 0 0 0 0 0 0 0 0 0 0 0 0 0 0 0 0 0 0 ;
0 0 0 0 0 85 0 92 0 0 0 0 0 0 0 0 0 0 0 3 0 0 0 4 70 0 0 0 0 0 0 0 0 0 0 0 0 0 0 0 0 0 0 0 0 0 0 0 0 0 ;
0 0 0 0 0 0 0 0 0 0 0 39 94 0 0 0 0 0 0 0 0 0 0 0 0 0 0 0 0 0 0 0 0 0 0 0 0 0 0 0 0 0 0 0 0 0 0 0 0 0 ;
0 0 0 0 0 0 0 0 0 0 0 0 0 0 23 0 68 0 78 0 0 0 0 0 34 48 0 0 0 0 0 0 0 0 0 0 0 0 0 0 0 0 0 0 0 0 0 0 0 0 ;
0 0 0 0 0 0 97 0 0 0 0 0 0 100 0 0 0 18 0 31 0 21 0 0 0 53 0 0 0 0 0 0 0 0 0 0 0 0 0 0 0 0 0 0 0 0 0 0 0 0 ;
60 0 24 0 0 0 0 0 0 0 0 0 0 69 0 41 48 0 0 0 0 0 0 0 92 0 0 0 14 0 0 0 0 0 0 0 0 0 0 0 0 0 0 0 0 0 0 0 0 0 ;
0 0 0 0 79 0 0 0 0 0 0 0 0 0 0 0 0 0 0 0 0 49 0 0 0 0 0 72 92 0 0 0 0 0 0 0 0 0 0 0 0 0 0 0 0 0 0 0 0 0 ;
0 0 0 0 84 0 0 0 0 21 0 57 0 0 8 96 0 51 0 0 28 0 0 0 0 0 0 0 93 0 52 0 0 0 0 0 0 0 0 0 0 0 0 0 0 0 0 0 0 0 ;
0 0 0 0 85 0 0 0 0 0 0 92 0 0 0 0 0 10 0 0 65 0 76 0 0 0 29 0 0 60 0 78 0 0 0 0 0 0 0 0 0 0 0 0 0 0 0 0 0 0 ;
0 0 0 52 0 0 71 20 0 69 0 95 20 0 0 0 0 93 0 2 0 58 88 23 0 0 99 0 0 0 14 0 0 0 0 0 0 0 0 0 0 0 0 0 0 0 0 0 0 0 ;
62 0 0 78 71 77 0 0 0 81 3 0 0 0 0 0 0 0 0 0 59 0 0 0 82 24 21 0 0 0 0 73 41 0 0 0 0 0 0 0 0 0 0 0 0 0 0 0 0 0 ;
0 0 15 0 0 0 0 43 76 0 0 0 0 0 33 82 0 0 0 35 0 0 39 0 0 17 0 0 0 0 0 0 0 0 56 0 0 0 0 0 0 0 0 0 0 0 0 0 0 0 ;
0 0 59 15 0 42 97 0 0 0 0 18 0 0 0 0 0 0 0 0 0 70 0 0 17 18 0 0 98 0 0 0 0 0 0 17 0 0 0 0 0 0 0 0 0 0 0 0 0 0 ;
66 28 38 0 0 0 0 27 0 0 15 0 0 0 1 0 0 49 0 0 68 17 0 0 0 0 24 0 0 0 0 95 0 0 24 0 0 0 0 0 0 0 0 0 0 0 0 0 0 0 ;
77 0 0 0 0 0 0 0 0 0 98 0 19 16 59 0 0 0 0 0 0 16 0 0 0 0 0 20 69 52 28 0 0 0 0 0 0 0 0 0 0 0 0 0 0 0 0 0 0 0 ;
0 83 0 0 0 8 0 14 0 0 0 0 0 0 0 0 0 0 0 0 56 0 0 0 14 0 0 0 0 4 0 0 0 0 0 0 0 0 0 0 0 0 0 0 0 0 0 0 0 0 ;
0 0 0 54 0 23 0 0 0 0 0 0 0 0 0 70 0 0 0 0 0 0 0 82 0 98 38 50 0 0 98 32 0 0 11 72 55 0 52 0 0 0 0 0 0 0 0 0 0 0 ;
0 0 0 0 0 0 0 15 0 0 5 0 0 0 27 0 0 0 0 0 0 0 65 0 0 0 0 0 30 94 0 0 0 0 0 0 0 0 0 79 0 0 0 0 0 0 0 0 0 0 ;
68 0 0 0 0 0 0 0 0 0 0 80 36 0 66 0 0 0 21 0 67 0 0 0 0 0 89 70 0 0 0 0 0 28 0 71 0 0 0 0 55 0 0 0 0 0 0 0 0 0 ;
0 0 0 0 0 0 31 0 0 0 0 12 49 5 0 0 47 0 0 0 0 12 14 0 12 0 64 0 0 0 96 0 0 0 69 0 0 0 0 0 0 0 0 0 0 0 0 0 0 0 ;
0 11 0 13 0 0 0 0 0 0 73 0 24 19 0 0 0 0 11 0 0 0 0 72 0 25 0 0 0 0 54 0 0 0 0 0 21 25 0 78 37 0 53 85 0 0 0 0 0 0 ;
0 0 0 97 98 45 0 0 94 82 43 48 0 0 0 38 39 46 95 0 0 0 0 0 0 90 0 0 41 78 0 0 0 50 0 0 0 0 0 0 56 0 0 0 0 0 0 0 0 0 ;
0 0 83 0 0 16 33 0 0 0 66 0 0 0 0 0 0 0 26 24 0 16 0 78 0 0 0 0 0 0 49 0 49 60 0 27 0 0 0 0 0 0 0 0 26 0 0 0 0 0 ;
0 0 0 0 0 0 0 73 0 0 0 32 18 0 0 52 0 0 0 0 0 0 0 0 2 0 68 0 0 0 0 0 0 0 0 93 0 0 19 0 0 0 59 32 46 85 0 0 0 0 ;
0 0 0 0 0 0 0 0 0 0 0 93 0 0 77 0 48 0 0 0 0 0 0 0 0 2 0 0 0 63 6 49 0 67 0 0 0 23 0 82 19 0 0 0 0 16 0 0 0 0 ;
0 0 0 0 93 0 33 76 0 62 23 5 0 0 0 0 100 58 0 56 0 0 94 0 0 0 0 0 0 0 0 0 35 0 89 14 41 0 0 67 0 0 0 0 0 0 20 0 0 0 ;
63 0 0 0 0 0 34 0 0 75 0 0 0 54 65 0 0 0 76 0 0 0 98 0 35 37 55 0 0 0 0 0 0 39 0 0 9 0 0 0 62 0 0 0 32 0 95 0 0 0 ]
w=[48, 38, 3, 1, 29, 31, 20, 31, 28, 28, 36, 15, 6, 3, 47, 14, 3, 23, 1, 23, 42, 2, 16, 8, 31, 13, 39, 44, 11, 25, 43, 35, 45, 9, 31, 19, 8, 12, 6, 14, 1, 17, 35, 19, 46, 16, 42, 32, 21, 42]
W=175 
k=8 
inst_name = "QKP_50_100_25" 
feasible = true 
Q2=[100 0 0 0 0 0 0 0 0 0 0 0 0 0 0 0 0 0 0 0 0 0 0 0 0 0 0 0 0 0 0 0 0 0 0 0 0 0 0 0 0 0 0 0 0 0 0 0 0 0; 100 100 0 0 0 0 0 0 0 0 0 0 0 0 0 0 0 0 0 0 0 0 0 0 0 0 0 0 0 0 0 0 0 0 0 0 0 0 0 0 0 0 0 0 0 0 0 0 0 0; 34 100 100 0 0 0 0 0 0 0 0 0 0 0 0 0 0 0 0 0 0 0 0 0 0 0 0 0 0 0 0 0 0 0 0 0 0 0 0 0 0 0 0 0 0 0 0 0 0 0; 100 100 100 100 0 0 0 0 0 0 0 0 0 0 0 0 0 0 0 0 0 0 0 0 0 0 0 0 0 0 0 0 0 0 0 0 0 0 0 0 0 0 0 0 0 0 0 0 0 0; 100 100 100 100 100 0 0 0 0 0 0 0 0 0 0 0 0 0 0 0 0 0 0 0 0 0 0 0 0 0 0 0 0 0 0 0 0 0 0 0 0 0 0 0 0 0 0 0 0 0; 100 3 100 100 100 68 0 0 0 0 0 0 0 0 0 0 0 0 0 0 0 0 0 0 0 0 0 0 0 0 0 0 0 0 0 0 0 0 0 0 0 0 0 0 0 0 0 0 0 0; 100 100 100 100 3 100 100 0 0 0 0 0 0 0 0 0 0 0 0 0 0 0 0 0 0 0 0 0 0 0 0 0 0 0 0 0 0 0 0 0 0 0 0 0 0 0 0 0 0 0; 100 100 100 100 100 58 22 100 0 0 0 0 0 0 0 0 0 0 0 0 0 0 0 0 0 0 0 0 0 0 0 0 0 0 0 0 0 0 0 0 0 0 0 0 0 0 0 0 0 0; 100 6 100 2 100 100 98 70 100 0 0 0 0 0 0 0 0 0 0 0 0 0 0 0 0 0 0 0 0 0 0 0 0 0 0 0 0 0 0 0 0 0 0 0 0 0 0 0 0 0; 100 97 100 100 100 100 100 100 100 65 0 0 0 0 0 0 0 0 0 0 0 0 0 0 0 0 0 0 0 0 0 0 0 0 0 0 0 0 0 0 0 0 0 0 0 0 0 0 0 0; 100 35 100 100 100 100 100 100 100 100 100 0 0 0 0 0 0 0 0 0 0 0 0 0 0 0 0 0 0 0 0 0 0 0 0 0 0 0 0 0 0 0 0 0 0 0 0 0 0 0; 100 100 100 100 100 100 100 2 73 100 100 100 0 0 0 0 0 0 0 0 0 0 0 0 0 0 0 0 0 0 0 0 0 0 0 0 0 0 0 0 0 0 0 0 0 0 0 0 0 0; 100 100 100 100 98 97 100 97 100 18 12 100 100 0 0 0 0 0 0 0 0 0 0 0 0 0 0 0 0 0 0 0 0 0 0 0 0 0 0 0 0 0 0 0 0 0 0 0 0 0; 100 100 100 100 100 89 17 100 100 100 98 100 2 100 0 0 0 0 0 0 0 0 0 0 0 0 0 0 0 0 0 0 0 0 0 0 0 0 0 0 0 0 0 0 0 0 0 0 0 0; 100 100 100 100 100 100 100 100 100 70 100 100 100 100 100 0 0 0 0 0 0 0 0 0 0 0 0 0 0 0 0 0 0 0 0 0 0 0 0 0 0 0 0 0 0 0 0 0 0 0; 100 27 100 100 100 100 100 100 10 99 100 100 100 100 100 96 0 0 0 0 0 0 0 0 0 0 0 0 0 0 0 0 0 0 0 0 0 0 0 0 0 0 0 0 0 0 0 0 0 0; 100 100 100 100 4 100 100 0 100 100 100 100 100 85 100 100 99 0 0 0 0 0 0 0 0 0 0 0 0 0 0 0 0 0 0 0 0 0 0 0 0 0 0 0 0 0 0 0 0 0; 100 100 100 100 100 69 100 100 7 100 0 96 100 100 100 100 100 100 0 0 0 0 0 0 0 0 0 0 0 0 0 0 0 0 0 0 0 0 0 0 0 0 0 0 0 0 0 0 0 0; 100 100 15 2 4 100 100 100 100 100 100 100 25 73 81 100 100 100 100 0 0 0 0 0 0 0 0 0 0 0 0 0 0 0 0 0 0 0 0 0 0 0 0 0 0 0 0 0 0 0; 100 100 3 100 1 98 26 88 100 100 85 97 72 100 13 100 100 77 100 86 0 0 0 0 0 0 0 0 0 0 0 0 0 0 0 0 0 0 0 0 0 0 0 0 0 0 0 0 0 0; 15 100 100 100 100 96 100 100 100 100 100 100 100 100 100 100 100 100 100 6 100 0 0 0 0 0 0 0 0 0 0 0 0 0 0 0 0 0 0 0 0 0 0 0 0 0 0 0 0 0; 100 89 100 100 100 100 0 100 100 100 100 100 100 100 100 100 10 100 100 100 100 100 0 0 0 0 0 0 0 0 0 0 0 0 0 0 0 0 0 0 0 0 0 0 0 0 0 0 0 0; 100 62 100 100 93 100 100 100 10 100 98 100 7 90 100 100 100 91 100 100 87 100 82 0 0 0 0 0 0 0 0 0 0 0 0 0 0 0 0 0 0 0 0 0 0 0 0 0 0 0; 100 100 100 96 100 100 100 100 100 69 100 100 100 100 100 10 100 100 100 100 100 100 100 100 0 0 0 0 0 0 0 0 0 0 0 0 0 0 0 0 0 0 0 0 0 0 0 0 0 0; 100 100 100 100 100 15 100 8 100 100 100 100 100 100 100 100 100 100 100 97 100 100 100 100 16 0 0 0 0 0 0 0 0 0 0 0 0 0 0 0 0 0 0 0 0 0 0 0 0 0; 100 100 100 100 100 100 100 100 100 100 100 73 5 100 100 100 100 100 100 100 100 100 100 100 100 100 0 0 0 0 0 0 0 0 0 0 0 0 0 0 0 0 0 0 0 0 0 0 0 0; 100 100 100 100 100 100 100 100 100 100 100 100 100 100 83 100 1 100 5 100 100 100 100 100 100 61 100 0 0 0 0 0 0 0 0 0 0 0 0 0 0 0 0 0 0 0 0 0 0 0; 100 100 100 100 100 100 2 100 100 100 100 100 100 0 100 100 100 98 100 86 100 79 100 100 100 40 100 100 0 0 0 0 0 0 0 0 0 0 0 0 0 0 0 0 0 0 0 0 0 0; 13 100 77 100 100 100 100 100 100 100 100 100 100 29 100 98 67 100 100 100 100 100 100 100 5 100 100 100 95 0 0 0 0 0 0 0 0 0 0 0 0 0 0 0 0 0 0 0 0 0; 100 100 100 100 9 100 100 100 100 100 100 100 100 100 100 100 100 100 100 100 100 61 100 100 100 100 100 24 3 100 0 0 0 0 0 0 0 0 0 0 0 0 0 0 0 0 0 0 0 0; 100 100 100 100 5 100 100 100 100 94 100 15 100 100 92 4 100 6 100 100 78 100 100 100 100 100 100 100 1 100 36 0 0 0 0 0 0 0 0 0 0 0 0 0 0 0 0 0 0 0; 100 100 100 100 8 100 100 100 100 100 100 4 100 100 100 100 100 95 100 100 34 100 15 100 100 100 80 100 100 11 100 0 0 0 0 0 0 0 0 0 0 0 0 0 0 0 0 0 0 0; 100 100 100 25 100 100 27 87 100 16 100 2 83 100 100 100 100 4 100 99 100 1 4 86 100 100 1 100 100 100 87 100 100 0 0 0 0 0 0 0 0 0 0 0 0 0 0 0 0 0; 1 100 100 18 27 14 100 100 100 12 97 100 100 100 100 100 100 100 100 100 13 100 100 100 11 84 81 100 100 100 100 26 97 100 0 0 0 0 0 0 0 0 0 0 0 0 0 0 0 0; 100 100 95 100 100 100 100 98 16 100 100 100 100 100 98 12 100 100 100 100 100 100 75 100 100 84 100 100 100 100 100 100 100 100 36 0 0 0 0 0 0 0 0 0 0 0 0 0 0 0; 100 100 18 87 100 85 0 100 100 100 100 88 100 100 100 100 100 100 100 100 100 16 100 100 98 100 100 100 2 100 100 100 100 100 100 98 0 0 0 0 0 0 0 0 0 0 0 0 0 0; 11 93 68 100 100 100 100 77 100 100 93 100 100 100 99 100 100 64 100 100 7 96 100 100 100 100 98 100 100 100 100 4 100 100 86 100 100 0 0 0 0 0 0 0 0 0 0 0 0 0; 19 100 100 100 100 100 100 100 100 100 2 100 90 92 26 100 100 100 100 100 100 96 100 100 100 100 100 89 29 28 94 100 100 100 100 100 100 100 0 0 0 0 0 0 0 0 0 0 0 0; 100 6 100 100 100 98 100 91 100 100 100 100 100 100 100 100 100 100 100 100 14 100 100 100 97 100 100 100 100 100 100 100 100 100 100 100 100 100 100 0 0 0 0 0 0 0 0 0 0 0; 100 100 100 45 100 94 100 100 100 100 100 100 100 100 100 7 100 100 100 100 100 100 100 4 100 0 81 9 100 100 0 86 100 100 100 16 15 100 39 100 0 0 0 0 0 0 0 0 0 0; 100 100 100 100 100 100 100 94 100 100 96 100 100 100 100 100 100 100 100 100 100 100 0 100 100 100 100 100 77 5 100 100 100 100 100 100 100 100 100 21 100 0 0 0 0 0 0 0 0 0; 5 100 100 100 100 100 100 100 100 100 100 10 79 100 31 100 100 100 93 100 7 100 100 100 100 100 11 27 100 100 100 100 100 85 100 0 100 100 100 100 44 100 0 0 0 0 0 0 0 0; 100 100 100 100 100 100 69 100 100 100 100 91 90 95 100 100 83 100 100 100 100 92 97 100 99 100 13 100 100 100 3 100 100 100 9 100 100 100 100 100 100 100 100 0 0 0 0 0 0 0; 100 98 100 94 100 100 100 100 100 100 21 100 97 95 100 100 100 100 96 100 100 100 100 0 100 76 100 100 100 100 22 100 100 100 100 100 93 89 100 22 66 100 19 1 0 0 0 0 0 0; 100 100 100 2 0 57 100 100 3 11 72 82 100 100 100 64 80 87 0 100 100 100 100 100 100 8 100 100 85 14 100 100 100 2 100 100 100 100 100 100 20 100 100 100 100 0 0 0 0 0; 100 100 13 100 100 85 95 100 100 100 26 100 100 100 100 100 100 100 83 77 100 99 100 1 100 100 100 100 100 100 67 100 73 23 100 92 100 100 100 100 100 100 100 100 98 100 0 0 0 0; 100 100 100 100 100 100 100 3 100 100 100 75 87 100 100 24 100 100 100 100 100 100 100 100 98 100 15 100 100 100 100 100 100 100 100 7 100 100 85 100 100 100 14 73 74 8 100 0 0 0; 100 100 100 100 100 100 100 100 100 100 100 6 100 100 10 100 85 100 100 100 100 100 100 100 100 98 100 100 100 1 100 96 100 10 100 100 100 90 100 15 85 100 100 100 100 84 100 100 0 0; 100 100 100 100 6 100 75 2 100 0 83 100 100 100 100 100 0 31 100 5 100 100 5 100 100 100 100 100 100 100 100 100 67 100 3 91 95 100 100 32 100 100 100 100 100 100 87 100 100 0; 4 100 100 100 100 100 87 100 100 19 100 100 100 30 32 100 100 100 0 100 100 100 2 100 85 73 34 100 100 100 100 100 100 71 100 100 91 100 100 100 22 100 100 100 98 100 2 100 100 100]
