n=40
density=50
Q1=[0 0 0 0 0 0 0 0 0 0 0 0 0 0 0 0 0 0 0 0 0 0 0 0 0 0 0 0 0 0 0 0 0 0 0 0 0 0 0 0 ;
178 0 0 0 0 0 0 0 0 0 0 0 0 0 0 0 0 0 0 0 0 0 0 0 0 0 0 0 0 0 0 0 0 0 0 0 0 0 0 0 ;
40 0 19 0 0 0 0 0 0 0 0 0 0 0 0 0 0 0 0 0 0 0 0 0 0 0 0 0 0 0 0 0 0 0 0 0 0 0 0 0 ;
0 141 147 0 0 0 0 0 0 0 0 0 0 0 0 0 0 0 0 0 0 0 0 0 0 0 0 0 0 0 0 0 0 0 0 0 0 0 0 0 ;
193 0 0 0 171 0 0 0 0 0 0 0 0 0 0 0 0 0 0 0 0 0 0 0 0 0 0 0 0 0 0 0 0 0 0 0 0 0 0 0 ;
82 142 155 0 0 39 0 0 0 0 0 0 0 0 0 0 0 0 0 0 0 0 0 0 0 0 0 0 0 0 0 0 0 0 0 0 0 0 0 0 ;
37 0 89 10 56 0 0 0 0 0 0 0 0 0 0 0 0 0 0 0 0 0 0 0 0 0 0 0 0 0 0 0 0 0 0 0 0 0 0 0 ;
114 0 0 171 74 196 109 0 0 0 0 0 0 0 0 0 0 0 0 0 0 0 0 0 0 0 0 0 0 0 0 0 0 0 0 0 0 0 0 0 ;
0 183 0 75 105 0 0 0 0 0 0 0 0 0 0 0 0 0 0 0 0 0 0 0 0 0 0 0 0 0 0 0 0 0 0 0 0 0 0 0 ;
64 0 0 0 0 116 39 0 114 0 0 0 0 0 0 0 0 0 0 0 0 0 0 0 0 0 0 0 0 0 0 0 0 0 0 0 0 0 0 0 ;
0 195 0 44 181 0 0 0 171 0 0 0 0 0 0 0 0 0 0 0 0 0 0 0 0 0 0 0 0 0 0 0 0 0 0 0 0 0 0 0 ;
20 166 10 104 112 159 104 0 61 0 1 0 0 0 0 0 0 0 0 0 0 0 0 0 0 0 0 0 0 0 0 0 0 0 0 0 0 0 0 0 ;
193 0 144 0 0 91 123 0 3 0 185 197 2 0 0 0 0 0 0 0 0 0 0 0 0 0 0 0 0 0 0 0 0 0 0 0 0 0 0 0 ;
38 0 0 0 124 3 0 0 0 0 0 6 73 16 0 0 0 0 0 0 0 0 0 0 0 0 0 0 0 0 0 0 0 0 0 0 0 0 0 0 ;
0 0 96 0 0 0 0 190 178 89 70 0 0 0 0 0 0 0 0 0 0 0 0 0 0 0 0 0 0 0 0 0 0 0 0 0 0 0 0 0 ;
28 64 0 131 58 0 0 0 25 151 0 85 0 0 0 0 0 0 0 0 0 0 0 0 0 0 0 0 0 0 0 0 0 0 0 0 0 0 0 0 ;
164 41 0 95 147 51 92 0 35 97 0 190 29 106 0 0 40 0 0 0 0 0 0 0 0 0 0 0 0 0 0 0 0 0 0 0 0 0 0 0 ;
87 112 0 0 0 0 0 0 44 10 103 8 130 193 179 0 0 97 0 0 0 0 0 0 0 0 0 0 0 0 0 0 0 0 0 0 0 0 0 0 ;
0 81 122 0 0 0 25 39 0 0 76 0 0 0 0 76 179 0 142 0 0 0 0 0 0 0 0 0 0 0 0 0 0 0 0 0 0 0 0 0 ;
110 7 0 0 0 0 9 151 0 0 199 52 0 102 13 0 0 0 96 0 0 0 0 0 0 0 0 0 0 0 0 0 0 0 0 0 0 0 0 0 ;
0 154 0 0 42 0 0 74 134 159 0 0 0 11 0 0 53 9 70 0 9 0 0 0 0 0 0 0 0 0 0 0 0 0 0 0 0 0 0 0 ;
0 0 0 0 44 99 0 0 0 107 0 0 0 146 98 0 0 0 153 0 0 0 0 0 0 0 0 0 0 0 0 0 0 0 0 0 0 0 0 0 ;
122 0 0 0 6 180 136 44 182 30 0 0 45 127 10 189 0 0 0 0 171 0 38 0 0 0 0 0 0 0 0 0 0 0 0 0 0 0 0 0 ;
0 0 0 0 0 0 119 0 0 0 0 157 0 140 0 0 0 95 117 172 179 0 0 0 0 0 0 0 0 0 0 0 0 0 0 0 0 0 0 0 ;
136 0 0 49 115 0 84 149 154 69 53 0 0 0 32 64 199 0 0 2 66 24 0 113 0 0 0 0 0 0 0 0 0 0 0 0 0 0 0 0 ;
138 0 0 0 0 0 134 89 82 0 17 122 75 129 188 102 0 0 46 0 9 193 0 0 0 76 0 0 0 0 0 0 0 0 0 0 0 0 0 0 ;
0 0 0 0 0 0 0 76 23 178 0 0 71 139 0 0 0 34 145 2 134 116 0 0 61 110 0 0 0 0 0 0 0 0 0 0 0 0 0 0 ;
0 0 0 170 0 52 0 21 103 187 71 0 23 133 61 0 118 180 108 35 128 0 0 186 0 103 0 139 0 0 0 0 0 0 0 0 0 0 0 0 ;
163 0 0 62 132 192 109 0 20 62 0 0 53 55 177 35 123 191 88 0 127 0 0 0 0 0 0 62 169 0 0 0 0 0 0 0 0 0 0 0 ;
115 0 51 0 195 0 0 177 0 0 199 0 69 10 110 6 90 194 0 76 95 113 47 190 159 0 0 0 0 0 0 0 0 0 0 0 0 0 0 0 ;
121 0 0 0 134 185 0 137 176 61 102 149 116 0 80 0 0 0 4 0 0 0 0 63 22 0 0 0 113 0 180 0 0 0 0 0 0 0 0 0 ;
7 190 12 0 49 0 52 0 85 0 77 25 176 195 46 7 99 13 0 5 16 167 0 0 81 200 0 0 139 6 0 0 0 0 0 0 0 0 0 0 ;
128 32 0 156 0 37 0 0 36 83 89 78 15 0 58 0 0 0 0 178 42 0 159 186 88 0 0 0 120 75 8 0 0 0 0 0 0 0 0 0 ;
0 3 0 0 0 193 0 0 90 122 0 177 72 88 0 86 165 84 52 0 196 0 121 0 0 0 0 0 0 123 168 118 11 140 0 0 0 0 0 0 ;
56 183 0 182 0 0 0 0 0 0 133 0 0 0 0 142 0 96 79 137 120 33 0 0 27 104 141 0 0 0 126 96 0 18 53 0 0 0 0 0 ;
0 35 177 74 0 0 0 0 0 84 2 23 52 0 194 161 0 0 0 0 95 197 162 0 0 113 182 0 200 8 0 159 0 43 0 42 0 0 0 0 ;
174 190 0 155 84 0 19 24 87 0 0 64 0 42 0 186 27 0 78 0 89 0 0 0 0 36 66 0 5 0 97 70 0 12 74 0 0 0 0 0 ;
0 0 194 0 147 0 155 0 0 0 0 103 0 0 0 58 92 46 0 0 0 28 25 118 25 66 69 12 0 138 19 129 0 118 0 176 0 0 0 0 ;
0 24 0 0 0 0 0 171 0 197 175 104 0 199 0 137 0 0 0 193 0 0 175 106 172 138 141 0 36 15 44 0 0 22 196 86 0 149 9 0 ;
99 168 50 0 0 85 0 0 168 5 128 24 0 0 0 172 187 83 0 86 129 0 0 0 69 157 95 59 0 0 0 0 197 46 0 45 121 0 0 0 ]
w=[58, 88, 13, 76, 14, 22, 29, 56, 26, 79, 85, 30, 90, 21, 53, 14, 15, 59, 19, 65, 90, 8, 50, 54, 56, 12, 47, 74, 5, 38, 28, 13, 35, 25, 49, 26, 79, 7, 97, 31]
W=265 
k=9 
inst_name = "QKP_40_200_50" 
feasible = true 
Q2=[200 0 0 0 0 0 0 0 0 0 0 0 0 0 0 0 0 0 0 0 0 0 0 0 0 0 0 0 0 0 0 0 0 0 0 0 0 0 0 0; 11 200 0 0 0 0 0 0 0 0 0 0 0 0 0 0 0 0 0 0 0 0 0 0 0 0 0 0 0 0 0 0 0 0 0 0 0 0 0 0; 195 200 199 0 0 0 0 0 0 0 0 0 0 0 0 0 0 0 0 0 0 0 0 0 0 0 0 0 0 0 0 0 0 0 0 0 0 0 0 0; 200 0 11 200 0 0 0 0 0 0 0 0 0 0 0 0 0 0 0 0 0 0 0 0 0 0 0 0 0 0 0 0 0 0 0 0 0 0 0 0; 2 200 200 200 5 0 0 0 0 0 0 0 0 0 0 0 0 0 0 0 0 0 0 0 0 0 0 0 0 0 0 0 0 0 0 0 0 0 0 0; 161 11 5 200 200 166 0 0 0 0 0 0 0 0 0 0 0 0 0 0 0 0 0 0 0 0 0 0 0 0 0 0 0 0 0 0 0 0 0 0; 176 200 114 191 165 200 200 0 0 0 0 0 0 0 0 0 0 0 0 0 0 0 0 0 0 0 0 0 0 0 0 0 0 0 0 0 0 0 0 0; 60 200 200 0 194 2 81 200 0 0 0 0 0 0 0 0 0 0 0 0 0 0 0 0 0 0 0 0 0 0 0 0 0 0 0 0 0 0 0 0; 200 13 200 126 21 200 200 200 200 0 0 0 0 0 0 0 0 0 0 0 0 0 0 0 0 0 0 0 0 0 0 0 0 0 0 0 0 0 0 0; 165 200 200 200 200 81 186 200 84 200 0 0 0 0 0 0 0 0 0 0 0 0 0 0 0 0 0 0 0 0 0 0 0 0 0 0 0 0 0 0; 200 1 200 164 1 200 200 200 13 200 200 0 0 0 0 0 0 0 0 0 0 0 0 0 0 0 0 0 0 0 0 0 0 0 0 0 0 0 0 0; 195 30 190 0 10 15 91 200 166 200 200 200 0 0 0 0 0 0 0 0 0 0 0 0 0 0 0 0 0 0 0 0 0 0 0 0 0 0 0 0; 2 200 25 200 200 140 34 200 197 200 4 1 198 0 0 0 0 0 0 0 0 0 0 0 0 0 0 0 0 0 0 0 0 0 0 0 0 0 0 0; 173 200 200 200 12 197 200 200 200 200 200 198 175 192 0 0 0 0 0 0 0 0 0 0 0 0 0 0 0 0 0 0 0 0 0 0 0 0 0 0; 200 200 170 200 200 200 200 6 0 196 162 200 200 200 200 0 0 0 0 0 0 0 0 0 0 0 0 0 0 0 0 0 0 0 0 0 0 0 0 0; 191 156 200 23 181 200 200 200 179 0 200 165 200 200 200 200 0 0 0 0 0 0 0 0 0 0 0 0 0 0 0 0 0 0 0 0 0 0 0 0; 25 176 200 182 41 160 134 200 200 195 200 0 181 18 200 200 166 0 0 0 0 0 0 0 0 0 0 0 0 0 0 0 0 0 0 0 0 0 0 0; 125 44 200 200 200 200 200 200 184 192 34 196 20 6 2 200 200 137 0 0 0 0 0 0 0 0 0 0 0 0 0 0 0 0 0 0 0 0 0 0; 200 122 71 200 200 200 180 166 200 200 176 200 200 200 200 165 21 200 54 0 0 0 0 0 0 0 0 0 0 0 0 0 0 0 0 0 0 0 0 0; 46 199 200 200 200 200 198 23 200 200 1 169 200 23 198 200 200 200 114 200 0 0 0 0 0 0 0 0 0 0 0 0 0 0 0 0 0 0 0 0; 200 37 200 200 170 200 200 173 31 28 200 200 200 199 200 200 154 199 199 200 194 0 0 0 0 0 0 0 0 0 0 0 0 0 0 0 0 0 0 0; 200 200 200 200 193 134 200 200 200 85 200 200 200 27 127 200 200 200 9 200 200 200 0 0 0 0 0 0 0 0 0 0 0 0 0 0 0 0 0 0; 78 200 200 200 199 9 47 194 17 189 200 200 158 8 196 6 200 200 200 200 11 200 162 0 0 0 0 0 0 0 0 0 0 0 0 0 0 0 0 0; 200 200 200 200 200 200 32 200 200 200 200 5 200 7 200 200 200 135 11 0 8 200 200 200 0 0 0 0 0 0 0 0 0 0 0 0 0 0 0 0; 58 200 200 189 25 200 152 9 10 162 189 200 200 200 197 192 0 200 200 199 182 196 200 9 200 0 0 0 0 0 0 0 0 0 0 0 0 0 0 0; 9 200 200 200 200 200 32 146 165 200 186 74 127 20 6 94 200 200 165 200 199 7 200 200 200 186 0 0 0 0 0 0 0 0 0 0 0 0 0 0; 200 200 200 200 200 200 200 182 190 11 200 200 145 24 200 200 200 173 43 199 24 51 200 200 160 89 200 0 0 0 0 0 0 0 0 0 0 0 0 0; 200 200 200 29 200 175 200 192 90 9 187 200 179 6 190 200 31 1 29 166 25 200 200 5 200 84 200 41 0 0 0 0 0 0 0 0 0 0 0 0; 7 200 200 186 41 0 88 200 195 178 200 200 192 152 21 198 59 6 139 200 10 200 200 200 200 200 200 160 2 0 0 0 0 0 0 0 0 0 0 0; 8 200 177 200 5 200 200 15 200 200 1 200 158 198 66 199 132 0 200 165 175 33 175 2 1 200 200 200 200 200 0 0 0 0 0 0 0 0 0 0; 75 200 200 200 50 2 200 27 9 165 14 47 21 200 151 200 200 200 197 200 200 200 200 165 178 200 200 200 23 200 18 0 0 0 0 0 0 0 0 0; 200 4 188 200 187 200 191 200 122 200 176 197 11 4 185 194 200 196 200 195 191 8 200 200 144 0 200 200 48 195 200 200 0 0 0 0 0 0 0 0; 27 189 200 30 200 167 200 200 194 158 177 160 192 200 149 200 200 200 200 5 178 200 38 4 199 200 200 200 8 163 194 200 200 0 0 0 0 0 0 0; 200 200 200 200 200 6 200 200 178 19 200 14 138 148 200 193 25 176 183 200 1 200 4 200 200 200 200 200 200 45 18 16 191 36 0 0 0 0 0 0; 172 7 200 16 200 200 200 200 200 200 4 200 200 200 200 45 200 104 121 17 39 173 200 200 188 32 39 200 200 200 49 173 200 193 193 0 0 0 0 0; 200 181 6 195 200 200 200 200 200 166 199 200 199 200 2 18 200 200 200 200 110 3 22 200 200 8 4 200 0 199 200 4 200 168 200 175 0 0 0 0; 19 10 200 10 118 200 184 176 177 200 200 182 200 178 200 10 175 200 159 200 184 200 200 200 200 176 142 200 195 200 194 166 200 193 131 200 200 0 0 0; 200 200 3 200 27 200 36 200 200 200 200 59 200 200 200 155 139 174 200 200 200 172 193 34 179 164 196 199 200 40 199 8 200 45 200 6 200 200 0 0; 200 190 200 200 200 200 200 22 200 1 5 14 200 0 200 38 200 200 200 5 200 200 12 92 24 20 11 200 177 192 192 200 200 186 4 131 200 32 194 0; 187 3 188 200 200 187 200 200 31 196 66 192 200 200 200 5 7 158 200 150 20 200 200 200 158 30 161 146 200 200 200 200 2 177 200 156 55 200 200 200]
