n=50
density=100
Q1=[5 0 0 0 0 0 0 0 0 0 0 0 0 0 0 0 0 0 0 0 0 0 0 0 0 0 0 0 0 0 0 0 0 0 0 0 0 0 0 0 0 0 0 0 0 0 0 0 0 0 ;
67 32 0 0 0 0 0 0 0 0 0 0 0 0 0 0 0 0 0 0 0 0 0 0 0 0 0 0 0 0 0 0 0 0 0 0 0 0 0 0 0 0 0 0 0 0 0 0 0 0 ;
4 12 16 0 0 0 0 0 0 0 0 0 0 0 0 0 0 0 0 0 0 0 0 0 0 0 0 0 0 0 0 0 0 0 0 0 0 0 0 0 0 0 0 0 0 0 0 0 0 0 ;
42 75 80 52 0 0 0 0 0 0 0 0 0 0 0 0 0 0 0 0 0 0 0 0 0 0 0 0 0 0 0 0 0 0 0 0 0 0 0 0 0 0 0 0 0 0 0 0 0 0 ;
74 85 26 99 21 0 0 0 0 0 0 0 0 0 0 0 0 0 0 0 0 0 0 0 0 0 0 0 0 0 0 0 0 0 0 0 0 0 0 0 0 0 0 0 0 0 0 0 0 0 ;
74 43 86 8 81 83 0 0 0 0 0 0 0 0 0 0 0 0 0 0 0 0 0 0 0 0 0 0 0 0 0 0 0 0 0 0 0 0 0 0 0 0 0 0 0 0 0 0 0 0 ;
16 41 15 18 73 63 28 0 0 0 0 0 0 0 0 0 0 0 0 0 0 0 0 0 0 0 0 0 0 0 0 0 0 0 0 0 0 0 0 0 0 0 0 0 0 0 0 0 0 0 ;
100 94 1 86 45 93 5 67 0 0 0 0 0 0 0 0 0 0 0 0 0 0 0 0 0 0 0 0 0 0 0 0 0 0 0 0 0 0 0 0 0 0 0 0 0 0 0 0 0 0 ;
31 4 84 14 65 22 35 55 87 0 0 0 0 0 0 0 0 0 0 0 0 0 0 0 0 0 0 0 0 0 0 0 0 0 0 0 0 0 0 0 0 0 0 0 0 0 0 0 0 0 ;
15 33 22 37 53 80 50 47 17 47 0 0 0 0 0 0 0 0 0 0 0 0 0 0 0 0 0 0 0 0 0 0 0 0 0 0 0 0 0 0 0 0 0 0 0 0 0 0 0 0 ;
11 17 88 28 13 96 28 44 39 80 4 0 0 0 0 0 0 0 0 0 0 0 0 0 0 0 0 0 0 0 0 0 0 0 0 0 0 0 0 0 0 0 0 0 0 0 0 0 0 0 ;
95 24 60 17 43 52 21 67 38 2 79 38 0 0 0 0 0 0 0 0 0 0 0 0 0 0 0 0 0 0 0 0 0 0 0 0 0 0 0 0 0 0 0 0 0 0 0 0 0 0 ;
68 83 21 74 83 25 41 56 20 43 31 13 32 0 0 0 0 0 0 0 0 0 0 0 0 0 0 0 0 0 0 0 0 0 0 0 0 0 0 0 0 0 0 0 0 0 0 0 0 0 ;
9 13 38 53 39 1 26 87 16 31 47 14 27 12 0 0 0 0 0 0 0 0 0 0 0 0 0 0 0 0 0 0 0 0 0 0 0 0 0 0 0 0 0 0 0 0 0 0 0 0 ;
8 86 89 32 50 16 97 30 8 33 13 54 58 59 27 0 0 0 0 0 0 0 0 0 0 0 0 0 0 0 0 0 0 0 0 0 0 0 0 0 0 0 0 0 0 0 0 0 0 0 ;
35 28 26 70 7 45 33 87 38 79 38 97 64 53 64 76 0 0 0 0 0 0 0 0 0 0 0 0 0 0 0 0 0 0 0 0 0 0 0 0 0 0 0 0 0 0 0 0 0 0 ;
95 93 92 82 55 29 11 13 86 30 19 27 8 88 82 4 21 0 0 0 0 0 0 0 0 0 0 0 0 0 0 0 0 0 0 0 0 0 0 0 0 0 0 0 0 0 0 0 0 0 ;
35 66 18 31 91 16 30 30 51 42 17 42 99 67 91 34 91 76 0 0 0 0 0 0 0 0 0 0 0 0 0 0 0 0 0 0 0 0 0 0 0 0 0 0 0 0 0 0 0 0 ;
14 76 24 48 20 64 80 75 82 78 55 98 88 91 67 28 59 15 69 0 0 0 0 0 0 0 0 0 0 0 0 0 0 0 0 0 0 0 0 0 0 0 0 0 0 0 0 0 0 0 ;
7 85 11 27 91 81 81 70 60 30 73 48 91 33 22 56 5 60 94 11 0 0 0 0 0 0 0 0 0 0 0 0 0 0 0 0 0 0 0 0 0 0 0 0 0 0 0 0 0 0 ;
60 85 2 55 7 50 59 48 39 95 59 86 25 14 30 91 9 11 64 57 92 0 0 0 0 0 0 0 0 0 0 0 0 0 0 0 0 0 0 0 0 0 0 0 0 0 0 0 0 0 ;
22 8 15 11 34 46 85 41 55 91 61 42 64 85 17 93 48 81 88 90 55 15 0 0 0 0 0 0 0 0 0 0 0 0 0 0 0 0 0 0 0 0 0 0 0 0 0 0 0 0 ;
79 37 96 33 42 68 64 39 83 95 4 42 37 67 90 53 14 90 30 82 93 63 43 0 0 0 0 0 0 0 0 0 0 0 0 0 0 0 0 0 0 0 0 0 0 0 0 0 0 0 ;
33 55 35 12 41 6 39 67 19 95 10 48 13 71 82 78 44 64 64 94 32 20 74 3 0 0 0 0 0 0 0 0 0 0 0 0 0 0 0 0 0 0 0 0 0 0 0 0 0 0 ;
77 72 27 34 40 21 100 30 97 52 64 83 65 95 40 98 20 50 14 70 63 13 59 36 46 0 0 0 0 0 0 0 0 0 0 0 0 0 0 0 0 0 0 0 0 0 0 0 0 0 ;
97 60 50 15 54 37 65 7 52 14 54 100 61 69 49 9 13 53 28 64 27 7 54 49 13 83 0 0 0 0 0 0 0 0 0 0 0 0 0 0 0 0 0 0 0 0 0 0 0 0 ;
40 73 98 56 25 92 39 4 5 100 87 59 30 13 99 41 46 62 53 45 56 97 31 55 3 2 83 0 0 0 0 0 0 0 0 0 0 0 0 0 0 0 0 0 0 0 0 0 0 0 ;
59 15 89 54 88 68 11 62 17 98 78 88 75 49 46 23 3 27 3 44 45 85 92 63 87 25 81 60 0 0 0 0 0 0 0 0 0 0 0 0 0 0 0 0 0 0 0 0 0 0 ;
64 1 5 94 40 29 1 65 54 21 25 76 33 68 56 29 87 58 91 23 91 54 56 87 24 43 63 64 20 0 0 0 0 0 0 0 0 0 0 0 0 0 0 0 0 0 0 0 0 0 ;
57 50 81 8 91 3 39 99 8 10 70 94 2 71 9 46 31 2 47 82 69 87 7 84 48 88 3 81 13 83 0 0 0 0 0 0 0 0 0 0 0 0 0 0 0 0 0 0 0 0 ;
56 31 88 76 2 31 8 51 54 13 80 93 64 37 26 72 89 85 94 83 53 41 93 63 21 44 73 99 30 40 37 0 0 0 0 0 0 0 0 0 0 0 0 0 0 0 0 0 0 0 ;
33 89 29 79 83 90 69 62 45 85 97 53 93 67 35 90 71 38 73 3 65 81 5 66 74 49 4 14 60 35 1 46 0 0 0 0 0 0 0 0 0 0 0 0 0 0 0 0 0 0 ;
16 99 93 15 25 57 96 32 64 50 75 94 51 50 38 29 53 51 33 14 84 61 94 32 12 90 47 99 17 70 36 48 9 0 0 0 0 0 0 0 0 0 0 0 0 0 0 0 0 0 ;
52 30 91 42 10 68 54 79 37 98 20 78 11 60 40 100 46 90 97 15 13 32 7 63 47 20 83 12 84 56 12 8 13 74 0 0 0 0 0 0 0 0 0 0 0 0 0 0 0 0 ;
57 60 60 78 19 68 43 63 67 63 59 87 98 17 40 40 88 93 57 85 75 80 85 47 41 84 48 44 18 51 9 76 82 19 9 0 0 0 0 0 0 0 0 0 0 0 0 0 0 0 ;
5 78 27 2 32 39 62 52 88 24 38 12 100 75 43 84 35 61 48 23 36 55 17 60 88 66 15 27 74 8 37 25 63 46 6 58 0 0 0 0 0 0 0 0 0 0 0 0 0 0 ;
95 77 53 17 68 87 100 44 12 33 27 22 11 39 23 76 9 3 19 94 95 74 43 82 19 53 94 11 39 36 3 67 37 22 91 43 25 0 0 0 0 0 0 0 0 0 0 0 0 0 ;
64 68 62 90 35 99 57 44 11 21 88 20 69 78 87 58 96 87 60 57 88 63 78 96 24 63 76 62 97 24 6 83 23 38 84 58 85 92 0 0 0 0 0 0 0 0 0 0 0 0 ;
95 47 59 85 34 71 80 55 97 42 49 73 35 99 79 20 11 25 13 79 98 2 61 100 23 76 97 16 9 78 95 14 39 99 39 33 6 2 57 0 0 0 0 0 0 0 0 0 0 0 ;
32 45 15 33 57 4 57 88 60 24 33 64 51 7 22 52 63 56 21 20 53 66 9 64 17 100 62 47 29 43 96 41 36 63 39 82 28 68 62 93 0 0 0 0 0 0 0 0 0 0 ;
28 2 83 20 35 95 32 81 46 78 62 55 62 85 55 75 8 9 35 49 80 72 78 49 54 53 75 39 87 12 53 39 60 43 37 77 62 97 25 62 11 0 0 0 0 0 0 0 0 0 ;
82 8 89 17 96 27 74 72 84 18 83 93 82 60 24 64 14 58 24 24 39 92 15 22 86 99 89 14 49 87 55 7 90 8 62 61 99 66 43 66 13 98 0 0 0 0 0 0 0 0 ;
98 67 11 6 85 81 86 69 93 29 32 80 62 99 87 33 12 9 9 90 75 11 68 98 89 47 51 70 50 9 75 13 15 72 35 47 99 30 47 21 16 16 82 0 0 0 0 0 0 0 ;
50 62 56 99 22 88 32 83 38 88 54 30 74 34 81 90 79 56 18 82 81 72 100 5 6 33 96 35 2 95 56 57 31 98 42 11 20 76 31 45 75 77 54 16 0 0 0 0 0 0 ;
64 86 68 90 20 23 89 24 33 9 34 83 55 36 44 10 7 39 29 82 97 45 83 14 50 25 68 64 69 70 32 2 81 55 30 89 41 71 34 96 31 34 32 49 37 0 0 0 0 0 ;
77 64 81 36 80 64 42 96 80 65 21 55 38 96 91 91 30 84 48 98 6 11 6 71 52 12 92 53 91 39 2 61 22 45 1 25 97 91 13 89 98 64 12 100 26 85 0 0 0 0 ;
94 46 99 26 81 73 40 64 20 59 36 90 14 6 63 20 86 30 32 51 86 88 50 76 93 54 6 7 5 64 38 37 97 51 16 21 90 9 72 60 14 35 33 100 12 26 96 0 0 0 ;
53 8 63 71 15 72 61 63 76 57 52 68 69 13 84 93 93 25 93 32 3 52 51 43 51 20 58 54 66 6 68 85 71 40 52 24 2 14 42 33 49 43 49 69 46 90 75 100 0 0 ;
6 38 99 20 42 58 19 49 21 30 11 57 84 4 3 97 55 10 95 96 58 94 38 3 42 88 56 73 53 56 28 39 85 55 34 57 1 61 13 39 47 98 58 32 70 44 30 26 86 0 ;
12 28 36 86 37 99 60 96 59 67 7 94 30 23 1 42 5 55 41 84 44 77 89 24 87 52 80 49 2 28 38 73 25 99 32 13 71 24 46 84 48 35 18 8 41 93 80 94 72 39 ]
w=[17, 49, 4, 14, 3, 39, 10, 20, 47, 2, 2, 29, 1, 23, 42, 48, 47, 9, 26, 40, 32, 24, 27, 36, 49, 43, 42, 11, 3, 44, 45, 38, 23, 9, 29, 7, 31, 25, 11, 24, 17, 22, 9, 22, 2, 33, 29, 37, 27, 3]
W=58 
k=2 
