n=20
density=25
Q1=[0 0 0 0 0 0 0 0 0 0 0 0 0 0 0 0 0 0 0 0 ;
0 117 0 0 0 0 0 0 0 0 0 0 0 0 0 0 0 0 0 0 ;
0 87 8 0 0 0 0 0 0 0 0 0 0 0 0 0 0 0 0 0 ;
0 0 0 0 0 0 0 0 0 0 0 0 0 0 0 0 0 0 0 0 ;
0 167 0 0 0 0 0 0 0 0 0 0 0 0 0 0 0 0 0 0 ;
0 0 0 0 0 0 0 0 0 0 0 0 0 0 0 0 0 0 0 0 ;
0 0 0 103 0 21 0 0 0 0 0 0 0 0 0 0 0 0 0 0 ;
0 108 0 0 0 0 146 0 0 0 0 0 0 0 0 0 0 0 0 0 ;
0 102 0 0 190 0 0 0 0 0 0 0 0 0 0 0 0 0 0 0 ;
13 0 199 112 0 0 0 164 0 0 0 0 0 0 0 0 0 0 0 0 ;
0 0 0 0 0 0 0 0 0 0 0 0 0 0 0 0 0 0 0 0 ;
0 0 80 0 0 151 0 0 0 0 0 0 0 0 0 0 0 0 0 0 ;
0 0 0 0 103 0 0 0 0 9 0 135 0 0 0 0 0 0 0 0 ;
10 177 150 0 0 0 170 0 0 0 0 0 32 0 0 0 0 0 0 0 ;
177 0 146 0 0 0 21 98 0 0 0 132 156 0 0 0 0 0 0 0 ;
0 0 168 168 90 59 0 0 0 0 7 0 0 0 0 6 0 0 0 0 ;
0 92 0 138 0 0 0 0 0 0 0 0 186 0 0 0 0 0 0 0 ;
0 72 31 141 0 0 0 0 0 0 0 0 0 0 0 0 0 0 0 0 ;
0 0 0 0 0 0 0 0 0 0 0 0 0 0 0 0 0 0 0 0 ;
118 0 0 0 0 50 0 0 40 33 0 0 0 74 0 0 0 0 114 112 ]
w=[83, 13, 38, 20, 88, 59, 44, 3, 9, 77, 97, 56, 65, 96, 25, 53, 28, 53, 17, 19]
W=87 
k=3 
inst_name = "QKP_20_200_25" 
feasible = true 
Q2=[199 0 0 0 0 0 0 0 0 0 0 0 0 0 0 0 0 0 0 0; 199 13 0 0 0 0 0 0 0 0 0 0 0 0 0 0 0 0 0 0; 199 119 196 0 0 0 0 0 0 0 0 0 0 0 0 0 0 0 0 0; 199 199 199 199 0 0 0 0 0 0 0 0 0 0 0 0 0 0 0 0; 199 20 199 199 199 0 0 0 0 0 0 0 0 0 0 0 0 0 0 0; 199 199 199 199 199 199 0 0 0 0 0 0 0 0 0 0 0 0 0 0; 199 199 199 53 199 195 199 0 0 0 0 0 0 0 0 0 0 0 0 0; 199 12 199 199 199 199 17 199 0 0 0 0 0 0 0 0 0 0 0 0; 199 0 199 199 1 199 199 199 199 0 0 0 0 0 0 0 0 0 0 0; 199 199 0 65 199 199 199 1 199 199 0 0 0 0 0 0 0 0 0 0; 199 199 199 199 199 199 199 199 199 199 199 0 0 0 0 0 0 0 0 0; 199 199 174 199 199 13 199 199 199 199 199 199 0 0 0 0 0 0 0 0; 199 199 199 199 58 199 199 199 199 192 199 26 199 0 0 0 0 0 0 0; 198 11 33 199 199 199 13 199 199 199 199 199 181 199 0 0 0 0 0 0; 1 199 41 199 199 199 186 186 199 199 199 63 38 199 199 0 0 0 0 0; 199 199 9 23 137 168 199 199 199 199 197 199 199 199 199 194 0 0 0 0; 199 114 199 52 199 199 199 199 199 199 199 199 5 199 199 199 199 0 0 0; 199 182 181 16 199 199 199 199 199 199 199 199 199 199 199 199 199 199 0 0; 199 199 199 199 199 199 199 199 199 199 199 199 199 199 199 199 199 199 199 0; 42 199 199 199 199 156 199 199 163 190 199 199 199 190 199 199 199 199 63 0]
