n=20
density=50
Q1=[87 0 0 0 0 0 0 0 0 0 0 0 0 0 0 0 0 0 0 0 ;
0 0 0 0 0 0 0 0 0 0 0 0 0 0 0 0 0 0 0 0 ;
0 93 35 0 0 0 0 0 0 0 0 0 0 0 0 0 0 0 0 0 ;
0 0 0 78 0 0 0 0 0 0 0 0 0 0 0 0 0 0 0 0 ;
0 85 8 0 80 0 0 0 0 0 0 0 0 0 0 0 0 0 0 0 ;
0 12 0 62 0 99 0 0 0 0 0 0 0 0 0 0 0 0 0 0 ;
0 0 0 0 0 0 0 0 0 0 0 0 0 0 0 0 0 0 0 0 ;
0 29 50 56 77 0 67 0 0 0 0 0 0 0 0 0 0 0 0 0 ;
75 65 33 42 0 0 0 98 0 0 0 0 0 0 0 0 0 0 0 0 ;
0 13 0 61 29 0 11 0 96 0 0 0 0 0 0 0 0 0 0 0 ;
0 55 0 14 78 23 12 0 2 0 0 0 0 0 0 0 0 0 0 0 ;
0 69 0 60 0 85 15 0 0 0 0 0 0 0 0 0 0 0 0 0 ;
0 3 0 0 0 0 82 99 0 0 0 0 70 0 0 0 0 0 0 0 ;
7 0 47 72 27 0 0 0 0 0 0 0 67 79 0 0 0 0 0 0 ;
0 23 0 50 0 0 39 32 0 0 76 0 0 0 0 0 0 0 0 0 ;
9 97 22 0 0 82 61 0 82 2 75 52 0 50 71 0 0 0 0 0 ;
48 0 23 58 0 0 7 99 0 0 0 0 0 0 0 0 2 0 0 0 ;
38 13 14 0 99 0 0 0 0 0 29 73 60 0 0 0 0 30 0 0 ;
0 0 56 71 0 14 0 7 20 51 0 0 0 8 0 33 53 16 0 0 ;
0 0 42 0 0 62 0 39 69 0 74 89 99 18 21 0 0 0 4 0 ]
w=[27, 33, 10, 14, 21, 36, 47, 2, 4, 8, 12, 39, 25, 15, 42, 36, 4, 32, 40, 15]
W=68 
k=5 
inst_name = "QKP_20_100_50" 
feasible = true 
Q2=[0 0 0 0 0 0 0 0 0 0 0 0 0 0 0 0 0 0 0 0; 99 99 0 0 0 0 0 0 0 0 0 0 0 0 0 0 0 0 0 0; 99 1 81 0 0 0 0 0 0 0 0 0 0 0 0 0 0 0 0 0; 99 99 99 1 0 0 0 0 0 0 0 0 0 0 0 0 0 0 0 0; 99 13 97 99 7 0 0 0 0 0 0 0 0 0 0 0 0 0 0 0; 99 95 99 13 99 0 0 0 0 0 0 0 0 0 0 0 0 0 0 0; 99 99 99 99 99 99 99 0 0 0 0 0 0 0 0 0 0 0 0 0; 99 87 20 41 22 99 9 99 0 0 0 0 0 0 0 0 0 0 0 0; 19 12 99 90 99 99 99 0 99 0 0 0 0 0 0 0 0 0 0 0; 99 98 99 22 79 99 89 99 3 99 0 0 0 0 0 0 0 0 0 0; 99 26 99 93 18 79 97 99 99 99 99 0 0 0 0 0 0 0 0 0; 99 10 99 29 99 12 98 99 99 99 99 99 0 0 0 0 0 0 0 0; 99 98 99 99 99 99 3 0 99 99 99 99 27 0 0 0 0 0 0 0; 96 99 93 22 80 99 99 99 99 99 99 99 13 9 0 0 0 0 0 0; 99 87 99 38 99 99 62 91 99 99 13 99 99 99 99 0 0 0 0 0; 96 2 87 99 99 3 15 99 11 99 24 7 99 25 9 99 0 0 0 0; 60 99 76 34 99 99 98 0 99 99 99 99 99 99 99 99 99 0 0 0; 94 97 89 99 0 99 99 99 99 99 83 26 4 99 99 99 99 75 0 0; 99 99 41 21 99 87 99 95 85 3 99 99 99 93 99 79 9 97 99 0; 99 99 74 99 99 34 99 66 5 99 14 5 0 89 87 99 99 99 99 99]
