n=35
density=25
Q1=[162 0 0 0 0 0 0 0 0 0 0 0 0 0 0 0 0 0 0 0 0 0 0 0 0 0 0 0 0 0 0 0 0 0 0 ;
0 0 0 0 0 0 0 0 0 0 0 0 0 0 0 0 0 0 0 0 0 0 0 0 0 0 0 0 0 0 0 0 0 0 0 ;
0 0 0 0 0 0 0 0 0 0 0 0 0 0 0 0 0 0 0 0 0 0 0 0 0 0 0 0 0 0 0 0 0 0 0 ;
0 65 0 0 0 0 0 0 0 0 0 0 0 0 0 0 0 0 0 0 0 0 0 0 0 0 0 0 0 0 0 0 0 0 0 ;
0 0 0 0 0 0 0 0 0 0 0 0 0 0 0 0 0 0 0 0 0 0 0 0 0 0 0 0 0 0 0 0 0 0 0 ;
0 0 0 0 0 0 0 0 0 0 0 0 0 0 0 0 0 0 0 0 0 0 0 0 0 0 0 0 0 0 0 0 0 0 0 ;
0 32 0 132 0 0 0 0 0 0 0 0 0 0 0 0 0 0 0 0 0 0 0 0 0 0 0 0 0 0 0 0 0 0 0 ;
169 0 0 0 0 0 0 145 0 0 0 0 0 0 0 0 0 0 0 0 0 0 0 0 0 0 0 0 0 0 0 0 0 0 0 ;
0 38 0 0 0 0 0 0 0 0 0 0 0 0 0 0 0 0 0 0 0 0 0 0 0 0 0 0 0 0 0 0 0 0 0 ;
0 52 0 0 139 0 133 64 0 0 0 0 0 0 0 0 0 0 0 0 0 0 0 0 0 0 0 0 0 0 0 0 0 0 0 ;
0 0 0 0 200 0 0 174 0 0 111 0 0 0 0 0 0 0 0 0 0 0 0 0 0 0 0 0 0 0 0 0 0 0 0 ;
70 0 0 0 65 134 0 0 151 0 0 0 0 0 0 0 0 0 0 0 0 0 0 0 0 0 0 0 0 0 0 0 0 0 0 ;
0 180 0 0 103 48 134 25 71 0 0 0 0 0 0 0 0 0 0 0 0 0 0 0 0 0 0 0 0 0 0 0 0 0 0 ;
0 0 0 33 0 162 0 0 0 0 0 82 0 29 0 0 0 0 0 0 0 0 0 0 0 0 0 0 0 0 0 0 0 0 0 ;
0 195 0 0 0 55 0 0 135 0 183 0 0 0 0 0 0 0 0 0 0 0 0 0 0 0 0 0 0 0 0 0 0 0 0 ;
0 0 0 169 30 0 0 0 0 0 0 0 0 0 0 0 0 0 0 0 0 0 0 0 0 0 0 0 0 0 0 0 0 0 0 ;
0 0 0 0 0 0 0 0 0 72 0 0 0 0 60 0 0 0 0 0 0 0 0 0 0 0 0 0 0 0 0 0 0 0 0 ;
0 0 3 0 123 0 0 0 0 137 0 0 0 0 0 0 0 0 0 0 0 0 0 0 0 0 0 0 0 0 0 0 0 0 0 ;
0 0 0 0 7 49 26 0 0 0 0 11 0 0 0 0 0 115 32 0 0 0 0 0 0 0 0 0 0 0 0 0 0 0 0 ;
0 0 0 23 0 0 0 0 0 20 51 0 0 108 0 0 0 0 0 0 0 0 0 0 0 0 0 0 0 0 0 0 0 0 0 ;
0 0 0 0 0 0 0 0 0 0 0 83 0 167 0 0 0 67 0 69 0 0 0 0 0 0 0 0 0 0 0 0 0 0 0 ;
0 0 174 0 0 0 166 0 182 0 0 0 0 0 0 0 0 18 5 0 85 0 0 0 0 0 0 0 0 0 0 0 0 0 0 ;
0 154 0 0 0 0 0 0 0 198 0 0 0 0 72 0 0 0 0 0 0 0 0 0 0 0 0 0 0 0 0 0 0 0 0 ;
0 0 160 0 0 0 0 0 0 0 0 93 0 0 45 0 0 0 0 0 0 132 149 0 0 0 0 0 0 0 0 0 0 0 0 ;
0 0 50 0 71 0 0 0 0 0 0 0 0 0 51 145 0 0 0 0 179 0 0 0 0 0 0 0 0 0 0 0 0 0 0 ;
157 21 0 0 0 0 0 0 159 0 0 0 0 0 0 0 193 0 0 152 0 0 0 108 192 0 0 0 0 0 0 0 0 0 0 ;
0 0 0 1 0 0 0 90 0 0 0 132 0 0 0 133 0 0 43 0 0 0 141 0 0 0 0 0 0 0 0 0 0 0 0 ;
0 0 0 0 0 0 0 0 0 55 0 0 0 76 0 0 0 0 157 200 112 0 0 0 0 0 189 0 0 0 0 0 0 0 0 ;
191 51 0 0 0 14 0 137 0 173 74 0 0 0 0 0 0 126 187 0 0 0 0 3 0 0 4 0 0 0 0 0 0 0 0 ;
0 0 180 0 136 0 0 0 0 0 0 114 0 200 44 0 0 0 0 0 0 74 0 0 0 0 0 79 192 0 0 0 0 0 0 ;
0 169 0 112 0 0 0 0 0 0 0 147 0 0 0 0 0 0 0 0 0 144 0 0 0 0 119 0 81 138 0 0 0 0 0 ;
0 0 0 0 0 67 161 0 0 0 46 0 156 0 115 145 0 162 0 0 0 0 0 0 0 0 0 0 0 165 0 0 0 0 0 ;
0 0 0 44 0 1 0 0 0 0 0 0 134 0 0 0 164 0 0 0 0 0 0 0 0 0 178 196 0 142 105 0 0 0 0 ;
0 0 0 139 0 119 0 135 0 145 0 0 0 0 66 0 0 0 109 119 0 0 0 0 141 0 0 0 0 0 0 0 0 195 0 ;
0 0 0 0 0 110 0 52 0 0 0 3 0 54 0 0 0 0 0 0 0 0 0 0 96 0 0 137 0 135 0 0 0 40 0 ]
w=[48, 36, 74, 32, 51, 73, 86, 37, 2, 3, 31, 21, 58, 43, 94, 14, 11, 96, 1, 8, 74, 51, 23, 34, 29, 42, 12, 63, 55, 19, 43, 20, 55, 26, 60]
W=62 
k=6 
inst_name = "QKP_35_200_25" 
feasible = true 
Q2=[28 0 0 0 0 0 0 0 0 0 0 0 0 0 0 0 0 0 0 0 0 0 0 0 0 0 0 0 0 0 0 0 0 0 0; 200 200 0 0 0 0 0 0 0 0 0 0 0 0 0 0 0 0 0 0 0 0 0 0 0 0 0 0 0 0 0 0 0 0 0; 200 200 200 0 0 0 0 0 0 0 0 0 0 0 0 0 0 0 0 0 0 0 0 0 0 0 0 0 0 0 0 0 0 0 0; 200 157 200 200 0 0 0 0 0 0 0 0 0 0 0 0 0 0 0 0 0 0 0 0 0 0 0 0 0 0 0 0 0 0 0; 200 200 200 200 200 0 0 0 0 0 0 0 0 0 0 0 0 0 0 0 0 0 0 0 0 0 0 0 0 0 0 0 0 0 0; 200 200 200 200 200 200 0 0 0 0 0 0 0 0 0 0 0 0 0 0 0 0 0 0 0 0 0 0 0 0 0 0 0 0 0; 200 199 200 32 200 200 200 0 0 0 0 0 0 0 0 0 0 0 0 0 0 0 0 0 0 0 0 0 0 0 0 0 0 0 0; 20 200 200 200 200 200 200 25 0 0 0 0 0 0 0 0 0 0 0 0 0 0 0 0 0 0 0 0 0 0 0 0 0 0 0; 200 170 200 200 200 200 200 200 200 0 0 0 0 0 0 0 0 0 0 0 0 0 0 0 0 0 0 0 0 0 0 0 0 0 0; 200 156 200 200 29 200 3 186 200 200 0 0 0 0 0 0 0 0 0 0 0 0 0 0 0 0 0 0 0 0 0 0 0 0 0; 200 200 200 200 0 200 200 25 200 200 48 0 0 0 0 0 0 0 0 0 0 0 0 0 0 0 0 0 0 0 0 0 0 0 0; 191 200 200 200 174 8 200 200 24 200 200 200 0 0 0 0 0 0 0 0 0 0 0 0 0 0 0 0 0 0 0 0 0 0 0; 200 12 200 200 88 177 0 191 200 200 200 200 200 0 0 0 0 0 0 0 0 0 0 0 0 0 0 0 0 0 0 0 0 0 0; 200 200 200 178 200 3 200 200 200 200 200 149 200 174 0 0 0 0 0 0 0 0 0 0 0 0 0 0 0 0 0 0 0 0 0; 200 1 200 200 200 175 200 200 39 200 10 200 200 200 200 0 0 0 0 0 0 0 0 0 0 0 0 0 0 0 0 0 0 0 0; 200 200 200 12 170 200 200 200 200 200 200 200 200 200 200 200 0 0 0 0 0 0 0 0 0 0 0 0 0 0 0 0 0 0 0; 200 200 200 200 200 200 200 200 200 199 200 200 200 200 145 200 200 0 0 0 0 0 0 0 0 0 0 0 0 0 0 0 0 0 0; 200 200 198 200 2 200 200 200 200 18 200 200 200 200 200 200 200 200 0 0 0 0 0 0 0 0 0 0 0 0 0 0 0 0 0; 200 200 200 200 200 154 191 200 200 200 200 197 200 200 200 200 200 68 184 0 0 0 0 0 0 0 0 0 0 0 0 0 0 0 0; 200 200 200 196 200 200 200 200 200 182 176 200 200 17 200 200 200 200 200 200 0 0 0 0 0 0 0 0 0 0 0 0 0 0 0; 200 200 200 200 200 200 200 200 200 200 200 198 200 20 200 200 200 184 200 133 200 0 0 0 0 0 0 0 0 0 0 0 0 0 0; 200 200 26 200 200 200 11 200 15 200 200 200 200 200 200 200 200 200 196 200 144 200 0 0 0 0 0 0 0 0 0 0 0 0 0; 200 6 200 200 200 200 200 200 200 1 200 200 200 200 190 200 200 200 200 200 200 200 200 0 0 0 0 0 0 0 0 0 0 0 0; 200 200 13 200 200 200 200 200 200 200 200 132 200 200 169 200 200 200 200 200 200 6 2 200 0 0 0 0 0 0 0 0 0 0 0; 200 200 183 200 192 200 200 200 200 200 200 200 200 200 196 33 200 200 200 200 19 200 200 200 200 0 0 0 0 0 0 0 0 0 0; 9 191 200 200 200 200 200 200 38 200 200 200 200 200 200 200 1 200 200 13 200 200 200 52 2 200 0 0 0 0 0 0 0 0 0; 200 200 200 199 200 200 200 151 200 200 200 3 200 200 200 7 200 200 200 200 200 200 11 200 200 200 200 0 0 0 0 0 0 0 0; 200 200 200 200 200 200 200 200 200 164 200 200 200 127 200 200 200 200 39 0 50 200 200 200 200 200 1 200 0 0 0 0 0 0 0; 0 156 200 200 200 189 200 26 200 0 197 200 200 200 200 200 200 47 7 200 200 200 200 200 200 200 197 200 200 0 0 0 0 0 0; 200 200 0 200 23 200 200 200 200 200 200 31 200 0 179 200 200 200 200 200 200 186 200 200 200 200 200 163 5 200 0 0 0 0 0; 200 5 200 47 200 200 200 200 200 200 200 42 200 200 200 200 200 200 200 200 200 6 200 200 200 200 46 200 140 36 200 0 0 0 0; 200 200 200 200 200 173 25 200 200 200 175 200 36 200 19 26 200 28 200 200 200 200 200 200 200 200 200 200 200 31 200 200 0 0 0; 200 200 200 174 200 199 200 200 200 200 200 200 57 200 200 200 20 200 200 200 200 200 200 200 200 200 17 3 200 47 79 200 200 0 0; 200 200 200 56 200 26 200 1 200 11 200 200 200 200 163 200 200 200 48 74 200 200 200 200 42 200 200 200 200 200 200 200 200 3 0; 200 200 200 200 200 90 200 152 200 200 200 200 200 170 200 200 200 200 200 200 200 200 200 200 160 200 200 20 200 18 200 200 200 187 200]
