n=45
density=50
Q1=[0 0 0 0 0 0 0 0 0 0 0 0 0 0 0 0 0 0 0 0 0 0 0 0 0 0 0 0 0 0 0 0 0 0 0 0 0 0 0 0 0 0 0 0 0 ;
45 62 0 0 0 0 0 0 0 0 0 0 0 0 0 0 0 0 0 0 0 0 0 0 0 0 0 0 0 0 0 0 0 0 0 0 0 0 0 0 0 0 0 0 0 ;
0 0 0 0 0 0 0 0 0 0 0 0 0 0 0 0 0 0 0 0 0 0 0 0 0 0 0 0 0 0 0 0 0 0 0 0 0 0 0 0 0 0 0 0 0 ;
0 0 50 67 0 0 0 0 0 0 0 0 0 0 0 0 0 0 0 0 0 0 0 0 0 0 0 0 0 0 0 0 0 0 0 0 0 0 0 0 0 0 0 0 0 ;
0 186 185 0 57 0 0 0 0 0 0 0 0 0 0 0 0 0 0 0 0 0 0 0 0 0 0 0 0 0 0 0 0 0 0 0 0 0 0 0 0 0 0 0 0 ;
0 0 171 179 0 152 0 0 0 0 0 0 0 0 0 0 0 0 0 0 0 0 0 0 0 0 0 0 0 0 0 0 0 0 0 0 0 0 0 0 0 0 0 0 0 ;
0 144 112 93 0 197 75 0 0 0 0 0 0 0 0 0 0 0 0 0 0 0 0 0 0 0 0 0 0 0 0 0 0 0 0 0 0 0 0 0 0 0 0 0 0 ;
0 0 0 0 22 0 125 0 0 0 0 0 0 0 0 0 0 0 0 0 0 0 0 0 0 0 0 0 0 0 0 0 0 0 0 0 0 0 0 0 0 0 0 0 0 ;
0 102 0 75 0 0 119 0 39 0 0 0 0 0 0 0 0 0 0 0 0 0 0 0 0 0 0 0 0 0 0 0 0 0 0 0 0 0 0 0 0 0 0 0 0 ;
0 93 0 0 90 0 0 8 0 173 0 0 0 0 0 0 0 0 0 0 0 0 0 0 0 0 0 0 0 0 0 0 0 0 0 0 0 0 0 0 0 0 0 0 0 ;
89 195 0 173 94 0 53 0 0 41 75 0 0 0 0 0 0 0 0 0 0 0 0 0 0 0 0 0 0 0 0 0 0 0 0 0 0 0 0 0 0 0 0 0 0 ;
0 144 41 0 0 0 8 0 46 0 22 0 0 0 0 0 0 0 0 0 0 0 0 0 0 0 0 0 0 0 0 0 0 0 0 0 0 0 0 0 0 0 0 0 0 ;
0 0 0 67 7 52 0 0 60 199 0 196 0 0 0 0 0 0 0 0 0 0 0 0 0 0 0 0 0 0 0 0 0 0 0 0 0 0 0 0 0 0 0 0 0 ;
38 175 169 89 0 0 0 174 33 4 148 0 0 0 0 0 0 0 0 0 0 0 0 0 0 0 0 0 0 0 0 0 0 0 0 0 0 0 0 0 0 0 0 0 0 ;
0 0 0 0 109 82 0 75 0 0 3 0 75 162 0 0 0 0 0 0 0 0 0 0 0 0 0 0 0 0 0 0 0 0 0 0 0 0 0 0 0 0 0 0 0 ;
0 127 114 178 59 142 56 0 0 0 29 81 0 0 79 0 0 0 0 0 0 0 0 0 0 0 0 0 0 0 0 0 0 0 0 0 0 0 0 0 0 0 0 0 0 ;
0 0 0 0 44 0 0 0 139 0 87 0 0 0 167 0 0 0 0 0 0 0 0 0 0 0 0 0 0 0 0 0 0 0 0 0 0 0 0 0 0 0 0 0 0 ;
0 0 197 0 13 155 181 0 0 0 0 0 46 71 0 103 5 0 0 0 0 0 0 0 0 0 0 0 0 0 0 0 0 0 0 0 0 0 0 0 0 0 0 0 0 ;
31 140 0 139 0 52 0 0 0 0 199 61 93 0 0 176 188 0 53 0 0 0 0 0 0 0 0 0 0 0 0 0 0 0 0 0 0 0 0 0 0 0 0 0 0 ;
136 0 167 97 0 42 80 142 0 192 0 0 0 0 0 191 0 196 44 199 0 0 0 0 0 0 0 0 0 0 0 0 0 0 0 0 0 0 0 0 0 0 0 0 0 ;
0 143 21 0 0 0 0 0 169 0 0 0 0 0 0 0 125 50 173 0 0 0 0 0 0 0 0 0 0 0 0 0 0 0 0 0 0 0 0 0 0 0 0 0 0 ;
0 131 0 147 170 62 0 55 124 99 6 0 0 0 112 0 10 0 0 0 0 0 0 0 0 0 0 0 0 0 0 0 0 0 0 0 0 0 0 0 0 0 0 0 0 ;
0 0 179 98 9 114 198 144 134 0 141 0 175 0 0 0 93 0 0 0 11 119 159 0 0 0 0 0 0 0 0 0 0 0 0 0 0 0 0 0 0 0 0 0 0 ;
0 110 0 0 105 83 190 0 128 0 0 187 0 0 42 186 0 138 0 5 0 0 27 0 0 0 0 0 0 0 0 0 0 0 0 0 0 0 0 0 0 0 0 0 0 ;
35 0 34 78 63 0 0 103 0 179 0 0 0 31 0 0 0 0 0 53 0 162 0 42 0 0 0 0 0 0 0 0 0 0 0 0 0 0 0 0 0 0 0 0 0 ;
153 57 0 182 109 67 0 190 0 90 77 0 193 0 0 181 0 108 0 0 137 128 0 0 0 0 0 0 0 0 0 0 0 0 0 0 0 0 0 0 0 0 0 0 0 ;
74 41 0 0 53 163 0 0 0 64 55 61 0 111 0 0 65 113 0 169 186 0 0 0 31 0 156 0 0 0 0 0 0 0 0 0 0 0 0 0 0 0 0 0 0 ;
154 62 24 1 0 0 36 0 5 0 102 194 9 28 75 0 42 195 0 167 0 27 14 0 0 0 48 0 0 0 0 0 0 0 0 0 0 0 0 0 0 0 0 0 0 ;
0 0 0 158 63 0 140 179 76 165 0 183 190 61 0 0 84 0 0 183 0 0 153 26 78 108 111 152 169 0 0 0 0 0 0 0 0 0 0 0 0 0 0 0 0 ;
166 166 87 200 140 82 0 0 0 0 0 0 80 0 114 88 0 0 0 150 0 55 0 0 87 0 173 0 198 65 0 0 0 0 0 0 0 0 0 0 0 0 0 0 0 ;
83 0 49 0 124 13 31 194 105 0 0 174 0 176 196 96 0 127 0 0 0 196 106 0 0 81 65 117 144 128 152 0 0 0 0 0 0 0 0 0 0 0 0 0 0 ;
0 0 136 0 0 0 0 183 197 88 0 0 179 0 28 190 0 103 54 171 36 81 0 0 0 162 0 0 0 0 0 0 0 0 0 0 0 0 0 0 0 0 0 0 0 ;
0 154 150 0 0 0 0 85 0 25 0 79 136 53 139 0 155 0 0 0 195 128 72 0 0 61 188 0 0 0 0 0 143 0 0 0 0 0 0 0 0 0 0 0 0 ;
80 13 0 0 190 63 194 0 62 14 12 145 0 0 0 0 47 73 197 0 0 0 19 48 133 0 0 0 181 76 25 0 121 170 0 0 0 0 0 0 0 0 0 0 0 ;
75 0 0 62 0 0 0 112 0 0 0 35 174 0 85 0 106 110 0 0 0 6 0 0 0 53 0 87 107 0 60 79 0 67 0 0 0 0 0 0 0 0 0 0 0 ;
0 127 59 0 0 0 109 44 165 169 0 145 127 14 96 45 0 0 0 0 0 67 0 123 0 100 182 0 0 0 190 30 0 0 26 3 0 0 0 0 0 0 0 0 0 ;
0 80 0 169 0 8 0 0 0 121 0 0 0 83 0 0 121 56 81 0 21 86 0 0 0 163 107 0 0 163 0 0 106 0 149 81 118 0 0 0 0 0 0 0 0 ;
0 0 132 86 71 100 0 57 0 64 0 0 35 0 30 0 0 18 0 0 74 146 0 0 0 61 0 77 85 44 184 0 0 183 71 189 0 105 0 0 0 0 0 0 0 ;
0 0 149 0 0 103 192 107 72 0 0 118 0 0 16 0 139 120 0 30 171 0 67 0 159 2 169 85 0 99 0 0 128 0 0 90 20 169 0 0 0 0 0 0 0 ;
0 95 0 0 0 0 92 0 94 0 40 0 0 3 0 172 0 19 142 0 85 16 136 163 119 61 96 0 0 123 16 47 0 151 172 0 4 0 0 177 0 0 0 0 0 ;
48 155 0 0 80 0 33 0 0 0 0 0 0 90 11 174 0 44 170 6 0 0 0 0 82 0 173 27 0 70 0 0 97 157 112 143 80 164 118 0 0 0 0 0 0 ;
113 181 0 169 43 72 169 2 0 0 75 0 0 0 18 0 164 104 0 168 176 0 33 146 153 93 133 3 167 155 0 0 36 0 141 139 0 126 0 72 0 23 0 0 0 ;
0 0 133 92 0 11 0 0 0 191 84 95 0 0 21 68 0 0 0 167 0 0 32 129 0 0 0 143 109 0 164 0 92 0 122 0 8 118 170 61 0 185 117 0 0 ;
0 0 88 0 148 0 0 61 0 17 110 0 61 127 174 0 130 173 106 0 179 119 0 63 0 0 109 0 0 0 88 0 0 0 121 0 0 0 0 0 166 121 0 105 0 ;
87 0 135 163 12 82 47 47 0 0 0 0 16 98 69 119 107 59 0 0 134 0 0 170 0 0 0 0 0 65 0 191 0 0 55 0 0 0 103 56 0 98 68 0 0 ]
w=[16, 33, 60, 57, 26, 43, 59, 4, 15, 41, 55, 73, 77, 19, 69, 80, 5, 66, 43, 35, 64, 6, 55, 84, 74, 89, 4, 84, 17, 88, 65, 80, 76, 64, 60, 35, 35, 94, 56, 16, 70, 13, 98, 30, 40]
W=95 
k=7 
inst_name = "QKP_45_200_50" 
feasible = true 
Q2=[200 0 0 0 0 0 0 0 0 0 0 0 0 0 0 0 0 0 0 0 0 0 0 0 0 0 0 0 0 0 0 0 0 0 0 0 0 0 0 0 0 0 0 0 0; 160 149 0 0 0 0 0 0 0 0 0 0 0 0 0 0 0 0 0 0 0 0 0 0 0 0 0 0 0 0 0 0 0 0 0 0 0 0 0 0 0 0 0 0 0; 200 200 200 0 0 0 0 0 0 0 0 0 0 0 0 0 0 0 0 0 0 0 0 0 0 0 0 0 0 0 0 0 0 0 0 0 0 0 0 0 0 0 0 0 0; 200 200 185 164 0 0 0 0 0 0 0 0 0 0 0 0 0 0 0 0 0 0 0 0 0 0 0 0 0 0 0 0 0 0 0 0 0 0 0 0 0 0 0 0 0; 200 7 7 200 160 0 0 0 0 0 0 0 0 0 0 0 0 0 0 0 0 0 0 0 0 0 0 0 0 0 0 0 0 0 0 0 0 0 0 0 0 0 0 0 0; 200 200 14 6 200 33 0 0 0 0 0 0 0 0 0 0 0 0 0 0 0 0 0 0 0 0 0 0 0 0 0 0 0 0 0 0 0 0 0 0 0 0 0 0 0; 200 50 33 150 200 3 172 0 0 0 0 0 0 0 0 0 0 0 0 0 0 0 0 0 0 0 0 0 0 0 0 0 0 0 0 0 0 0 0 0 0 0 0 0 0; 200 200 200 200 197 200 74 200 0 0 0 0 0 0 0 0 0 0 0 0 0 0 0 0 0 0 0 0 0 0 0 0 0 0 0 0 0 0 0 0 0 0 0 0 0; 200 82 200 139 200 200 77 200 183 0 0 0 0 0 0 0 0 0 0 0 0 0 0 0 0 0 0 0 0 0 0 0 0 0 0 0 0 0 0 0 0 0 0 0 0; 200 136 200 200 191 200 200 198 200 27 0 0 0 0 0 0 0 0 0 0 0 0 0 0 0 0 0 0 0 0 0 0 0 0 0 0 0 0 0 0 0 0 0 0 0; 179 4 200 23 171 200 190 200 200 197 184 0 0 0 0 0 0 0 0 0 0 0 0 0 0 0 0 0 0 0 0 0 0 0 0 0 0 0 0 0 0 0 0 0 0; 200 45 177 200 200 200 192 200 176 200 193 200 0 0 0 0 0 0 0 0 0 0 0 0 0 0 0 0 0 0 0 0 0 0 0 0 0 0 0 0 0 0 0 0 0; 200 200 200 166 200 198 200 200 152 0 200 1 200 0 0 0 0 0 0 0 0 0 0 0 0 0 0 0 0 0 0 0 0 0 0 0 0 0 0 0 0 0 0 0 0; 170 10 6 126 200 200 200 21 196 199 52 200 200 200 0 0 0 0 0 0 0 0 0 0 0 0 0 0 0 0 0 0 0 0 0 0 0 0 0 0 0 0 0 0 0; 200 200 200 200 7 188 200 126 200 200 200 200 183 35 200 0 0 0 0 0 0 0 0 0 0 0 0 0 0 0 0 0 0 0 0 0 0 0 0 0 0 0 0 0 0; 200 42 55 7 183 54 172 200 200 200 199 181 200 200 155 200 0 0 0 0 0 0 0 0 0 0 0 0 0 0 0 0 0 0 0 0 0 0 0 0 0 0 0 0 0; 200 200 200 200 183 200 200 200 36 200 132 200 200 200 5 200 200 0 0 0 0 0 0 0 0 0 0 0 0 0 0 0 0 0 0 0 0 0 0 0 0 0 0 0 0; 200 200 1 200 194 32 5 200 200 200 200 200 175 195 200 5 198 200 0 0 0 0 0 0 0 0 0 0 0 0 0 0 0 0 0 0 0 0 0 0 0 0 0 0 0; 180 49 200 19 200 158 200 200 200 200 0 171 185 200 200 19 4 200 193 0 0 0 0 0 0 0 0 0 0 0 0 0 0 0 0 0 0 0 0 0 0 0 0 0 0; 58 200 15 109 200 199 154 55 200 3 200 200 200 200 200 8 200 2 177 1 0 0 0 0 0 0 0 0 0 0 0 0 0 0 0 0 0 0 0 0 0 0 0 0 0; 200 7 183 200 200 200 200 200 0 200 200 200 200 200 200 200 64 192 9 200 200 0 0 0 0 0 0 0 0 0 0 0 0 0 0 0 0 0 0 0 0 0 0 0 0; 200 20 200 31 26 154 200 182 21 188 200 200 200 200 25 200 198 200 200 200 200 200 0 0 0 0 0 0 0 0 0 0 0 0 0 0 0 0 0 0 0 0 0 0 0; 200 200 6 167 193 30 0 46 28 200 1 200 2 200 200 200 123 200 200 200 191 74 18 0 0 0 0 0 0 0 0 0 0 0 0 0 0 0 0 0 0 0 0 0 0; 200 58 200 200 70 190 4 200 24 200 200 10 200 200 160 6 200 28 200 195 200 200 196 200 0 0 0 0 0 0 0 0 0 0 0 0 0 0 0 0 0 0 0 0 0; 197 200 186 123 155 200 200 55 200 11 200 200 200 185 200 200 200 200 200 147 200 16 200 190 200 0 0 0 0 0 0 0 0 0 0 0 0 0 0 0 0 0 0 0 0; 11 157 200 0 27 159 200 0 200 150 137 200 4 200 200 4 200 33 200 200 28 35 200 200 200 200 0 0 0 0 0 0 0 0 0 0 0 0 0 0 0 0 0 0 0; 153 159 200 200 157 29 200 200 200 184 178 186 200 7 200 200 166 62 200 12 0 200 200 200 195 200 27 0 0 0 0 0 0 0 0 0 0 0 0 0 0 0 0 0 0; 26 186 182 200 200 200 174 200 199 200 96 2 195 179 159 200 189 1 200 17 200 185 187 200 200 200 181 200 0 0 0 0 0 0 0 0 0 0 0 0 0 0 0 0 0; 200 200 200 26 190 200 15 13 140 1 200 2 8 168 200 200 137 200 200 0 200 200 16 195 179 17 25 21 9 0 0 0 0 0 0 0 0 0 0 0 0 0 0 0 0; 28 26 120 0 17 118 200 200 200 200 200 200 185 200 75 133 200 200 200 16 200 159 200 200 116 200 10 200 1 136 0 0 0 0 0 0 0 0 0 0 0 0 0 0 0; 191 200 174 200 71 191 179 0 44 200 200 19 200 14 3 162 200 67 200 200 200 1 53 200 200 191 146 71 2 40 48 0 0 0 0 0 0 0 0 0 0 0 0 0 0; 200 200 8 200 200 200 200 15 0 190 200 200 3 200 176 3 200 62 152 13 184 183 200 200 200 28 200 200 200 200 200 200 0 0 0 0 0 0 0 0 0 0 0 0 0; 200 19 40 200 200 200 200 156 200 196 200 195 10 194 58 200 28 200 200 200 1 15 137 200 200 151 12 200 200 200 200 200 32 0 0 0 0 0 0 0 0 0 0 0 0; 189 197 200 200 5 187 5 200 161 198 199 42 200 200 200 200 153 166 1 200 200 200 189 156 34 200 200 200 12 128 194 200 42 26 0 0 0 0 0 0 0 0 0 0 0; 154 200 200 157 200 200 200 19 200 200 200 199 21 200 120 200 56 43 200 200 200 199 200 200 200 157 200 155 34 200 164 130 200 172 200 0 0 0 0 0 0 0 0 0 0; 200 56 154 200 200 200 22 199 10 18 200 39 27 198 175 197 200 200 200 200 200 189 200 71 200 98 2 200 200 200 5 197 200 200 175 199 0 0 0 0 0 0 0 0 0; 200 154 200 10 200 193 200 200 200 12 200 200 200 193 200 200 24 168 129 200 194 132 200 200 200 37 46 200 200 14 200 200 82 200 28 177 14 0 0 0 0 0 0 0 0; 200 200 27 149 179 90 200 143 200 142 200 200 195 200 194 200 200 188 200 200 137 46 200 200 200 196 200 148 190 194 9 200 200 15 197 8 200 12 0 0 0 0 0 0 0; 200 200 2 200 200 60 0 42 186 200 200 36 200 200 200 200 37 64 200 177 21 200 156 200 24 199 17 161 200 130 200 200 66 200 200 124 188 1 200 0 0 0 0 0 0; 200 120 200 200 200 200 137 200 187 200 192 200 200 197 200 7 200 194 36 200 190 195 63 7 49 198 137 200 200 52 190 188 200 34 0 200 196 200 200 2 0 0 0 0 0; 188 28 200 200 163 200 172 200 200 200 200 200 200 164 196 16 200 161 30 198 200 200 200 200 161 200 18 181 200 145 200 200 151 8 29 52 195 22 61 200 200 0 0 0 0; 16 4 200 3 195 135 21 199 200 200 180 200 200 200 194 200 18 47 200 5 12 200 179 31 39 123 42 198 8 23 200 200 193 200 53 31 200 38 200 149 200 183 0 0 0; 200 200 18 179 200 196 200 200 200 3 163 147 200 200 185 183 200 200 200 16 200 200 182 63 200 200 200 4 5 200 25 200 117 200 67 200 192 50 22 200 200 15 64 0 0; 200 200 133 200 48 200 200 194 200 197 9 200 165 1 8 200 3 6 54 200 12 2 200 190 200 200 45 200 200 200 179 200 200 200 60 200 200 200 200 200 13 54 200 73 0; 171 200 29 29 188 138 154 168 200 200 200 200 197 184 137 57 8 141 200 200 44 200 200 7 200 200 200 200 200 188 200 5 200 200 171 200 200 200 29 168 200 108 147 200 200]
