n=45
density=75
Q1=[9 0 0 0 0 0 0 0 0 0 0 0 0 0 0 0 0 0 0 0 0 0 0 0 0 0 0 0 0 0 0 0 0 0 0 0 0 0 0 0 0 0 0 0 0 ;
41 54 0 0 0 0 0 0 0 0 0 0 0 0 0 0 0 0 0 0 0 0 0 0 0 0 0 0 0 0 0 0 0 0 0 0 0 0 0 0 0 0 0 0 0 ;
33 12 61 0 0 0 0 0 0 0 0 0 0 0 0 0 0 0 0 0 0 0 0 0 0 0 0 0 0 0 0 0 0 0 0 0 0 0 0 0 0 0 0 0 0 ;
72 89 35 58 0 0 0 0 0 0 0 0 0 0 0 0 0 0 0 0 0 0 0 0 0 0 0 0 0 0 0 0 0 0 0 0 0 0 0 0 0 0 0 0 0 ;
2 97 42 3 49 0 0 0 0 0 0 0 0 0 0 0 0 0 0 0 0 0 0 0 0 0 0 0 0 0 0 0 0 0 0 0 0 0 0 0 0 0 0 0 0 ;
0 38 57 0 0 0 0 0 0 0 0 0 0 0 0 0 0 0 0 0 0 0 0 0 0 0 0 0 0 0 0 0 0 0 0 0 0 0 0 0 0 0 0 0 0 ;
31 19 24 0 45 31 61 0 0 0 0 0 0 0 0 0 0 0 0 0 0 0 0 0 0 0 0 0 0 0 0 0 0 0 0 0 0 0 0 0 0 0 0 0 0 ;
40 96 0 3 16 7 8 15 0 0 0 0 0 0 0 0 0 0 0 0 0 0 0 0 0 0 0 0 0 0 0 0 0 0 0 0 0 0 0 0 0 0 0 0 0 ;
10 38 19 75 89 0 0 0 0 0 0 0 0 0 0 0 0 0 0 0 0 0 0 0 0 0 0 0 0 0 0 0 0 0 0 0 0 0 0 0 0 0 0 0 0 ;
86 57 37 74 39 82 7 24 35 32 0 0 0 0 0 0 0 0 0 0 0 0 0 0 0 0 0 0 0 0 0 0 0 0 0 0 0 0 0 0 0 0 0 0 0 ;
0 76 34 31 0 46 79 93 1 0 0 0 0 0 0 0 0 0 0 0 0 0 0 0 0 0 0 0 0 0 0 0 0 0 0 0 0 0 0 0 0 0 0 0 0 ;
75 92 2 15 61 61 0 94 48 21 0 0 0 0 0 0 0 0 0 0 0 0 0 0 0 0 0 0 0 0 0 0 0 0 0 0 0 0 0 0 0 0 0 0 0 ;
38 6 80 30 0 86 0 90 93 0 48 84 0 0 0 0 0 0 0 0 0 0 0 0 0 0 0 0 0 0 0 0 0 0 0 0 0 0 0 0 0 0 0 0 0 ;
62 0 82 8 16 0 0 87 11 100 0 0 20 91 0 0 0 0 0 0 0 0 0 0 0 0 0 0 0 0 0 0 0 0 0 0 0 0 0 0 0 0 0 0 0 ;
0 84 7 97 59 0 22 0 6 0 24 0 84 86 78 0 0 0 0 0 0 0 0 0 0 0 0 0 0 0 0 0 0 0 0 0 0 0 0 0 0 0 0 0 0 ;
77 59 89 0 66 48 80 32 99 76 95 26 8 34 3 75 0 0 0 0 0 0 0 0 0 0 0 0 0 0 0 0 0 0 0 0 0 0 0 0 0 0 0 0 0 ;
0 18 73 100 66 43 12 73 52 94 21 51 0 1 88 13 0 0 0 0 0 0 0 0 0 0 0 0 0 0 0 0 0 0 0 0 0 0 0 0 0 0 0 0 0 ;
75 30 44 74 16 10 24 62 0 7 45 0 43 57 56 0 32 0 0 0 0 0 0 0 0 0 0 0 0 0 0 0 0 0 0 0 0 0 0 0 0 0 0 0 0 ;
14 25 0 0 88 0 32 38 0 29 96 0 42 85 0 93 0 70 39 0 0 0 0 0 0 0 0 0 0 0 0 0 0 0 0 0 0 0 0 0 0 0 0 0 0 ;
0 29 57 84 0 0 9 0 0 84 20 1 40 75 35 0 65 2 67 15 0 0 0 0 0 0 0 0 0 0 0 0 0 0 0 0 0 0 0 0 0 0 0 0 0 ;
71 33 0 0 63 18 91 79 0 54 74 0 69 56 0 25 94 52 63 71 0 0 0 0 0 0 0 0 0 0 0 0 0 0 0 0 0 0 0 0 0 0 0 0 0 ;
44 81 2 19 19 16 41 29 84 12 15 67 67 22 92 0 16 96 99 34 73 99 0 0 0 0 0 0 0 0 0 0 0 0 0 0 0 0 0 0 0 0 0 0 0 ;
0 24 42 60 0 44 32 0 24 49 0 81 10 49 0 98 68 85 0 22 0 27 6 0 0 0 0 0 0 0 0 0 0 0 0 0 0 0 0 0 0 0 0 0 0 ;
28 0 43 79 42 0 74 0 0 70 50 62 0 86 21 6 70 68 0 98 99 0 76 0 0 0 0 0 0 0 0 0 0 0 0 0 0 0 0 0 0 0 0 0 0 ;
30 9 32 0 39 28 45 82 98 31 48 0 23 0 92 0 45 70 0 75 57 22 18 89 53 0 0 0 0 0 0 0 0 0 0 0 0 0 0 0 0 0 0 0 0 ;
44 0 43 22 0 59 49 0 79 0 0 40 0 8 39 0 25 1 45 0 0 85 96 72 89 88 0 0 0 0 0 0 0 0 0 0 0 0 0 0 0 0 0 0 0 ;
0 38 79 0 19 0 86 0 25 50 28 0 43 0 91 43 0 0 56 49 0 0 0 79 91 0 10 0 0 0 0 0 0 0 0 0 0 0 0 0 0 0 0 0 0 ;
0 38 7 36 92 0 77 84 54 0 0 3 0 81 68 77 92 18 25 0 57 69 0 69 26 78 68 30 0 0 0 0 0 0 0 0 0 0 0 0 0 0 0 0 0 ;
23 18 6 71 0 73 69 33 83 0 62 0 41 15 73 0 90 0 6 21 81 25 44 95 0 79 26 84 14 0 0 0 0 0 0 0 0 0 0 0 0 0 0 0 0 ;
45 97 96 0 0 27 0 76 0 85 96 75 48 32 75 67 16 53 23 11 51 29 100 50 17 0 59 99 27 88 0 0 0 0 0 0 0 0 0 0 0 0 0 0 0 ;
62 25 30 20 65 0 55 49 13 0 46 36 1 0 42 60 29 39 0 0 0 79 96 34 72 0 0 76 95 0 76 0 0 0 0 0 0 0 0 0 0 0 0 0 0 ;
0 0 3 0 68 4 82 0 18 39 0 85 94 5 44 21 60 97 0 93 87 29 71 31 68 0 50 0 0 75 79 0 0 0 0 0 0 0 0 0 0 0 0 0 0 ;
62 0 11 8 47 60 88 9 0 100 48 29 59 48 40 90 0 50 13 0 74 13 66 20 0 11 48 42 62 0 62 0 90 0 0 0 0 0 0 0 0 0 0 0 0 ;
38 0 27 83 76 0 35 59 0 49 32 89 88 0 0 65 0 0 89 78 23 5 0 97 34 77 82 0 14 83 11 93 0 0 0 0 0 0 0 0 0 0 0 0 0 ;
81 56 59 7 0 30 74 23 54 53 53 0 36 53 35 89 13 66 0 45 59 44 19 20 0 1 84 82 0 43 66 42 53 0 0 0 0 0 0 0 0 0 0 0 0 ;
20 6 20 11 78 59 39 0 13 96 0 64 30 13 0 7 67 17 18 0 5 0 15 80 0 84 0 72 35 86 34 0 0 24 41 23 0 0 0 0 0 0 0 0 0 ;
79 25 22 0 51 16 94 51 0 38 0 22 57 50 0 12 17 23 3 14 42 41 89 60 60 6 29 12 36 69 40 3 27 27 89 45 66 0 0 0 0 0 0 0 0 ;
29 28 14 33 60 0 59 38 31 3 52 79 0 53 0 71 29 78 29 99 50 68 39 0 0 31 0 90 9 76 49 69 7 27 36 6 70 0 0 0 0 0 0 0 0 ;
92 57 94 15 10 28 100 49 56 65 5 0 57 89 0 0 78 81 46 36 45 0 4 8 76 77 1 56 3 19 0 77 65 42 0 40 0 0 14 0 0 0 0 0 0 ;
92 99 36 0 63 21 0 0 91 59 5 0 83 74 98 57 0 35 33 27 5 47 37 99 0 33 31 27 26 80 58 95 0 0 93 30 73 74 73 86 0 0 0 0 0 ;
44 0 37 0 47 73 2 96 92 96 36 24 30 99 85 36 0 0 18 0 18 0 0 41 74 30 0 6 47 40 40 10 71 0 79 28 76 85 0 61 0 0 0 0 0 ;
34 0 24 0 62 0 0 30 56 32 12 6 41 50 22 60 0 0 0 69 84 16 33 71 33 85 75 0 79 52 90 34 100 75 76 84 60 0 0 35 1 67 0 0 0 ;
27 14 54 24 82 0 0 0 32 0 39 0 0 39 0 67 4 11 43 0 19 6 0 12 17 0 0 0 70 36 0 50 0 0 31 59 97 79 24 0 55 0 26 0 0 ;
91 14 95 18 0 36 60 0 86 0 40 65 52 1 0 37 0 0 0 26 31 3 16 0 35 0 100 49 87 45 38 14 18 49 27 24 99 66 57 96 41 31 0 88 0 ;
0 7 80 81 63 24 78 79 0 0 0 68 1 91 0 17 62 61 20 4 78 3 81 8 61 37 21 20 0 18 69 54 0 32 0 14 20 28 34 78 47 32 15 98 65 ]
w=[47, 27, 45, 50, 33, 4, 49, 38, 2, 35, 19, 4, 9, 2, 21, 3, 5, 4, 7, 1, 30, 42, 42, 41, 34, 4, 1, 44, 22, 6, 18, 48, 10, 50, 14, 43, 3, 6, 30, 31, 41, 21, 7, 1, 38]
W=189 
k=11 
inst_name = "QKP_45_100_75" 
feasible = true 
Q2=[93 0 0 0 0 0 0 0 0 0 0 0 0 0 0 0 0 0 0 0 0 0 0 0 0 0 0 0 0 0 0 0 0 0 0 0 0 0 0 0 0 0 0 0 0; 82 21 0 0 0 0 0 0 0 0 0 0 0 0 0 0 0 0 0 0 0 0 0 0 0 0 0 0 0 0 0 0 0 0 0 0 0 0 0 0 0 0 0 0 0; 88 90 16 0 0 0 0 0 0 0 0 0 0 0 0 0 0 0 0 0 0 0 0 0 0 0 0 0 0 0 0 0 0 0 0 0 0 0 0 0 0 0 0 0 0; 13 2 88 18 0 0 0 0 0 0 0 0 0 0 0 0 0 0 0 0 0 0 0 0 0 0 0 0 0 0 0 0 0 0 0 0 0 0 0 0 0 0 0 0 0; 98 0 63 98 56 0 0 0 0 0 0 0 0 0 0 0 0 0 0 0 0 0 0 0 0 0 0 0 0 0 0 0 0 0 0 0 0 0 0 0 0 0 0 0 0; 100 90 9 100 100 100 0 0 0 0 0 0 0 0 0 0 0 0 0 0 0 0 0 0 0 0 0 0 0 0 0 0 0 0 0 0 0 0 0 0 0 0 0 0 0; 86 87 100 100 90 89 4 0 0 0 0 0 0 0 0 0 0 0 0 0 0 0 0 0 0 0 0 0 0 0 0 0 0 0 0 0 0 0 0 0 0 0 0 0 0; 72 4 100 100 96 97 100 99 0 0 0 0 0 0 0 0 0 0 0 0 0 0 0 0 0 0 0 0 0 0 0 0 0 0 0 0 0 0 0 0 0 0 0 0 0; 92 80 91 19 6 100 100 100 100 0 0 0 0 0 0 0 0 0 0 0 0 0 0 0 0 0 0 0 0 0 0 0 0 0 0 0 0 0 0 0 0 0 0 0 0; 1 20 75 6 75 7 97 80 78 76 0 0 0 0 0 0 0 0 0 0 0 0 0 0 0 0 0 0 0 0 0 0 0 0 0 0 0 0 0 0 0 0 0 0 0; 100 12 98 85 100 81 15 3 99 100 100 0 0 0 0 0 0 0 0 0 0 0 0 0 0 0 0 0 0 0 0 0 0 0 0 0 0 0 0 0 0 0 0 0 0; 0 2 98 86 6 13 100 2 99 86 100 100 0 0 0 0 0 0 0 0 0 0 0 0 0 0 0 0 0 0 0 0 0 0 0 0 0 0 0 0 0 0 0 0 0; 68 94 7 84 100 7 100 1 5 100 93 16 100 0 0 0 0 0 0 0 0 0 0 0 0 0 0 0 0 0 0 0 0 0 0 0 0 0 0 0 0 0 0 0 0; 32 100 9 94 84 100 100 3 95 0 100 100 94 7 0 0 0 0 0 0 0 0 0 0 0 0 0 0 0 0 0 0 0 0 0 0 0 0 0 0 0 0 0 0 0; 100 15 97 0 13 100 91 100 94 100 85 100 14 14 6 0 0 0 0 0 0 0 0 0 0 0 0 0 0 0 0 0 0 0 0 0 0 0 0 0 0 0 0 0 0; 1 14 6 100 10 77 4 92 0 24 5 80 96 95 98 11 0 0 0 0 0 0 0 0 0 0 0 0 0 0 0 0 0 0 0 0 0 0 0 0 0 0 0 0 0; 100 95 0 0 5 62 88 18 43 0 100 48 100 99 10 98 100 0 0 0 0 0 0 0 0 0 0 0 0 0 0 0 0 0 0 0 0 0 0 0 0 0 0 0 0; 9 99 85 6 99 98 97 0 100 100 73 100 69 11 4 100 89 100 0 0 0 0 0 0 0 0 0 0 0 0 0 0 0 0 0 0 0 0 0 0 0 0 0 0 0; 97 92 100 100 1 100 70 66 100 81 2 100 70 9 100 1 100 1 100 0 0 0 0 0 0 0 0 0 0 0 0 0 0 0 0 0 0 0 0 0 0 0 0 0 0; 100 92 17 15 100 100 100 100 100 10 93 99 76 19 91 100 21 99 11 90 0 0 0 0 0 0 0 0 0 0 0 0 0 0 0 0 0 0 0 0 0 0 0 0 0; 0 68 100 100 33 97 2 12 100 36 22 100 27 30 100 91 5 4 21 10 100 0 0 0 0 0 0 0 0 0 0 0 0 0 0 0 0 0 0 0 0 0 0 0 0; 59 12 100 85 95 91 59 91 0 99 91 16 1 79 7 100 89 0 0 79 12 0 0 0 0 0 0 0 0 0 0 0 0 0 0 0 0 0 0 0 0 0 0 0 0; 100 83 63 18 100 83 74 100 77 85 100 2 96 84 100 1 23 10 100 85 100 87 97 0 0 0 0 0 0 0 0 0 0 0 0 0 0 0 0 0 0 0 0 0 0; 94 100 65 17 85 100 22 100 100 29 37 17 100 1 98 94 27 16 100 2 0 100 6 100 0 0 0 0 0 0 0 0 0 0 0 0 0 0 0 0 0 0 0 0 0; 96 96 91 100 89 72 87 2 0 82 78 100 82 100 3 100 65 23 100 0 0 84 86 7 9 0 0 0 0 0 0 0 0 0 0 0 0 0 0 0 0 0 0 0 0; 81 100 93 98 100 29 56 100 12 100 100 87 100 92 78 100 94 99 59 100 100 1 4 19 11 4 0 0 0 0 0 0 0 0 0 0 0 0 0 0 0 0 0 0 0; 100 95 2 100 88 100 10 100 79 41 72 100 63 100 6 71 100 100 37 59 100 100 100 5 6 100 93 0 0 0 0 0 0 0 0 0 0 0 0 0 0 0 0 0 0; 100 77 93 65 3 100 22 3 6 100 100 98 100 1 3 3 5 98 98 100 34 28 100 5 94 8 24 98 0 0 0 0 0 0 0 0 0 0 0 0 0 0 0 0 0; 99 85 95 23 100 14 13 74 11 100 18 100 90 86 1 100 5 100 95 95 1 76 96 4 100 11 95 13 96 0 0 0 0 0 0 0 0 0 0 0 0 0 0 0 0; 62 0 2 100 100 87 100 16 100 11 3 0 77 73 15 5 84 37 86 90 10 71 0 37 91 100 29 0 78 4 0 0 0 0 0 0 0 0 0 0 0 0 0 0 0; 27 85 84 97 3 100 33 59 95 100 87 91 99 100 94 30 88 94 100 100 100 7 4 73 7 100 100 18 0 100 21 0 0 0 0 0 0 0 0 0 0 0 0 0 0; 100 100 97 100 22 99 16 100 94 96 100 10 5 100 91 100 16 1 100 4 0 91 6 71 8 100 37 100 100 10 12 100 0 0 0 0 0 0 0 0 0 0 0 0 0; 4 100 99 99 83 33 2 98 100 0 79 89 31 87 60 0 100 34 97 100 11 93 0 99 100 90 84 82 26 100 14 100 6 0 0 0 0 0 0 0 0 0 0 0 0; 70 100 92 1 21 100 95 2 100 89 87 2 9 100 100 21 100 100 2 4 98 97 100 2 86 10 8 100 94 15 99 4 100 100 0 0 0 0 0 0 0 0 0 0 0; 17 40 31 100 100 99 15 89 44 21 17 100 96 20 70 11 93 11 100 71 4 69 85 84 100 99 12 14 100 77 31 62 31 100 100 0 0 0 0 0 0 0 0 0 0; 90 94 89 98 1 25 64 100 95 0 100 26 84 98 100 96 9 88 85 100 99 100 86 9 100 11 100 8 78 0 88 100 100 96 70 92 0 0 0 0 0 0 0 0 0; 3 95 78 100 19 91 4 2 100 83 100 93 24 46 100 89 97 78 98 91 60 85 11 19 33 97 94 88 93 1 61 100 89 95 9 66 8 0 0 0 0 0 0 0 0; 90 100 89 73 38 100 31 86 87 97 44 3 100 36 100 0 84 13 82 1 26 29 82 100 100 93 100 4 94 19 58 5 98 95 97 96 0 100 0 0 0 0 0 0 0; 1 41 0 92 93 72 0 78 16 3 95 100 16 1 100 100 6 17 84 96 64 100 98 98 22 21 99 43 98 86 100 18 7 83 100 77 100 100 93 0 0 0 0 0 0; 5 0 79 100 8 98 100 100 8 36 97 100 10 9 2 37 100 94 98 97 96 95 75 1 100 90 95 80 83 5 35 3 100 100 2 89 7 26 23 6 0 0 0 0 0; 83 100 83 100 78 6 98 4 2 1 90 79 80 0 14 81 100 100 97 100 91 100 100 88 12 97 100 97 94 80 98 93 6 100 0 96 6 2 100 23 100 0 0 0 0; 96 100 87 100 9 100 100 71 7 79 93 95 73 5 82 1 100 100 100 17 10 95 98 5 98 1 23 100 19 33 4 86 0 24 20 10 25 100 100 96 100 11 0 0 0; 83 99 39 95 12 100 100 100 77 100 80 100 100 74 100 25 98 90 82 100 85 96 100 91 96 100 100 100 10 90 100 18 100 100 92 17 1 0 88 100 6 100 94 0 0; 1 93 5 95 100 66 17 100 13 100 83 16 14 100 100 98 100 100 100 100 93 99 99 100 96 100 0 97 10 85 99 90 95 85 73 77 1 23 1 0 83 81 100 10 0; 100 97 18 3 2 97 6 12 100 100 100 27 99 9 100 85 29 35 95 100 16 98 17 99 15 81 100 85 100 83 29 3 100 85 100 89 99 78 93 21 91 81 92 0 35]
