n=35
density=75
Q1=[63 0 0 0 0 0 0 0 0 0 0 0 0 0 0 0 0 0 0 0 0 0 0 0 0 0 0 0 0 0 0 0 0 0 0 ;
15 24 0 0 0 0 0 0 0 0 0 0 0 0 0 0 0 0 0 0 0 0 0 0 0 0 0 0 0 0 0 0 0 0 0 ;
0 67 30 0 0 0 0 0 0 0 0 0 0 0 0 0 0 0 0 0 0 0 0 0 0 0 0 0 0 0 0 0 0 0 0 ;
61 0 99 89 0 0 0 0 0 0 0 0 0 0 0 0 0 0 0 0 0 0 0 0 0 0 0 0 0 0 0 0 0 0 0 ;
16 0 73 82 62 0 0 0 0 0 0 0 0 0 0 0 0 0 0 0 0 0 0 0 0 0 0 0 0 0 0 0 0 0 0 ;
67 55 76 43 63 20 0 0 0 0 0 0 0 0 0 0 0 0 0 0 0 0 0 0 0 0 0 0 0 0 0 0 0 0 0 ;
0 61 42 0 91 13 0 0 0 0 0 0 0 0 0 0 0 0 0 0 0 0 0 0 0 0 0 0 0 0 0 0 0 0 0 ;
52 71 21 37 30 0 73 42 0 0 0 0 0 0 0 0 0 0 0 0 0 0 0 0 0 0 0 0 0 0 0 0 0 0 0 ;
0 48 0 68 8 47 55 23 0 0 0 0 0 0 0 0 0 0 0 0 0 0 0 0 0 0 0 0 0 0 0 0 0 0 0 ;
8 59 0 98 30 3 56 0 0 0 0 0 0 0 0 0 0 0 0 0 0 0 0 0 0 0 0 0 0 0 0 0 0 0 0 ;
86 77 0 90 0 0 45 0 48 37 23 0 0 0 0 0 0 0 0 0 0 0 0 0 0 0 0 0 0 0 0 0 0 0 0 ;
80 0 76 30 6 43 6 75 86 56 14 15 0 0 0 0 0 0 0 0 0 0 0 0 0 0 0 0 0 0 0 0 0 0 0 ;
58 88 20 0 97 0 67 39 72 3 75 99 0 0 0 0 0 0 0 0 0 0 0 0 0 0 0 0 0 0 0 0 0 0 0 ;
0 56 29 100 0 30 0 0 49 85 98 0 30 25 0 0 0 0 0 0 0 0 0 0 0 0 0 0 0 0 0 0 0 0 0 ;
77 10 0 51 24 27 60 52 0 64 0 3 2 0 40 0 0 0 0 0 0 0 0 0 0 0 0 0 0 0 0 0 0 0 0 ;
0 0 53 19 22 40 30 47 0 0 15 16 67 76 45 42 0 0 0 0 0 0 0 0 0 0 0 0 0 0 0 0 0 0 0 ;
0 35 73 30 84 64 53 36 79 0 2 0 0 0 0 0 87 0 0 0 0 0 0 0 0 0 0 0 0 0 0 0 0 0 0 ;
30 0 35 0 22 27 43 100 0 54 52 0 22 83 0 29 0 81 0 0 0 0 0 0 0 0 0 0 0 0 0 0 0 0 0 ;
0 0 74 5 58 8 47 79 74 6 0 0 100 73 11 82 84 91 59 0 0 0 0 0 0 0 0 0 0 0 0 0 0 0 0 ;
0 80 29 56 7 79 0 100 94 49 0 62 26 0 75 94 17 26 31 72 0 0 0 0 0 0 0 0 0 0 0 0 0 0 0 ;
79 0 2 59 81 75 100 0 13 0 2 76 0 87 3 94 24 45 39 28 0 0 0 0 0 0 0 0 0 0 0 0 0 0 0 ;
2 0 34 79 100 13 53 14 7 0 95 68 45 42 62 17 5 83 38 98 17 36 0 0 0 0 0 0 0 0 0 0 0 0 0 ;
27 74 77 94 0 62 0 22 50 48 90 100 0 53 7 61 32 0 41 44 60 50 31 0 0 0 0 0 0 0 0 0 0 0 0 ;
54 22 9 21 32 0 96 90 0 45 87 18 36 15 32 72 0 0 63 34 0 20 98 0 0 0 0 0 0 0 0 0 0 0 0 ;
16 19 0 76 0 0 89 56 32 96 88 93 33 14 76 91 20 60 79 0 92 24 91 83 7 0 0 0 0 0 0 0 0 0 0 ;
0 0 37 60 53 43 21 58 48 98 22 0 47 39 0 63 27 37 77 2 68 0 94 47 0 74 0 0 0 0 0 0 0 0 0 ;
71 98 84 27 0 100 0 38 17 48 46 73 11 0 27 0 0 56 39 31 52 49 48 45 38 42 0 0 0 0 0 0 0 0 0 ;
84 49 71 30 78 55 78 27 0 40 36 60 79 15 86 46 7 99 84 0 28 2 92 0 13 39 5 0 0 0 0 0 0 0 0 ;
37 18 100 0 71 29 99 48 88 0 0 0 0 47 0 100 91 15 0 37 49 67 0 7 0 47 6 71 33 0 0 0 0 0 0 ;
46 9 0 0 15 52 87 33 0 5 82 0 87 44 8 0 55 0 0 32 3 26 66 0 77 38 12 22 29 21 0 0 0 0 0 ;
0 59 0 16 68 7 20 6 87 15 15 28 85 61 62 0 79 9 97 7 72 41 34 0 26 70 89 97 0 46 92 0 0 0 0 ;
4 0 0 49 25 98 100 1 19 25 43 75 61 59 25 0 14 65 20 83 49 57 88 16 57 2 96 0 0 92 56 99 0 0 0 ;
69 42 11 0 62 58 4 0 16 23 0 0 96 39 23 28 33 46 0 0 68 27 54 0 18 72 6 32 0 30 56 2 6 0 0 ;
10 63 0 90 64 0 51 26 34 0 69 99 0 71 0 93 34 20 56 73 33 83 0 0 87 62 0 29 0 47 0 80 31 82 0 ;
59 31 62 19 0 9 59 55 48 0 67 65 90 81 58 33 93 44 32 93 36 8 31 83 17 10 0 0 48 73 0 89 0 8 0 ]
w=[5, 17, 1, 4, 17, 25, 1, 33, 24, 4, 9, 41, 1, 19, 3, 1, 48, 43, 37, 25, 12, 40, 6, 21, 2, 37, 20, 19, 5, 48, 12, 9, 13, 24, 5]
W=119 
k=4 
inst_name = "QKP_35_100_75" 
feasible = true 
Q2=[28 0 0 0 0 0 0 0 0 0 0 0 0 0 0 0 0 0 0 0 0 0 0 0 0 0 0 0 0 0 0 0 0 0 0; 93 94 0 0 0 0 0 0 0 0 0 0 0 0 0 0 0 0 0 0 0 0 0 0 0 0 0 0 0 0 0 0 0 0 0; 100 0 90 0 0 0 0 0 0 0 0 0 0 0 0 0 0 0 0 0 0 0 0 0 0 0 0 0 0 0 0 0 0 0 0; 1 100 0 9 0 0 0 0 0 0 0 0 0 0 0 0 0 0 0 0 0 0 0 0 0 0 0 0 0 0 0 0 0 0 0; 89 100 1 9 9 0 0 0 0 0 0 0 0 0 0 0 0 0 0 0 0 0 0 0 0 0 0 0 0 0 0 0 0 0 0; 25 28 8 89 14 86 0 0 0 0 0 0 0 0 0 0 0 0 0 0 0 0 0 0 0 0 0 0 0 0 0 0 0 0 0; 100 22 79 100 3 92 100 0 0 0 0 0 0 0 0 0 0 0 0 0 0 0 0 0 0 0 0 0 0 0 0 0 0 0 0; 46 16 83 69 71 100 21 91 0 0 0 0 0 0 0 0 0 0 0 0 0 0 0 0 0 0 0 0 0 0 0 0 0 0 0; 100 88 100 12 94 94 33 96 100 0 0 0 0 0 0 0 0 0 0 0 0 0 0 0 0 0 0 0 0 0 0 0 0 0 0; 95 11 100 1 97 97 24 100 100 100 0 0 0 0 0 0 0 0 0 0 0 0 0 0 0 0 0 0 0 0 0 0 0 0 0; 4 14 100 7 100 100 97 100 72 73 98 0 0 0 0 0 0 0 0 0 0 0 0 0 0 0 0 0 0 0 0 0 0 0 0; 0 100 15 81 99 92 98 13 1 10 99 90 0 0 0 0 0 0 0 0 0 0 0 0 0 0 0 0 0 0 0 0 0 0 0; 16 3 89 100 2 100 33 65 12 98 15 0 100 0 0 0 0 0 0 0 0 0 0 0 0 0 0 0 0 0 0 0 0 0 0; 100 34 82 0 100 92 100 100 53 9 1 100 74 98 0 0 0 0 0 0 0 0 0 0 0 0 0 0 0 0 0 0 0 0 0; 14 95 100 14 85 94 9 48 100 4 100 99 99 100 95 0 0 0 0 0 0 0 0 0 0 0 0 0 0 0 0 0 0 0 0; 100 100 31 100 96 67 70 91 100 100 90 94 10 12 72 75 0 0 0 0 0 0 0 0 0 0 0 0 0 0 0 0 0 0 0; 100 91 19 76 12 30 25 98 18 100 98 100 100 100 100 100 4 0 0 0 0 0 0 0 0 0 0 0 0 0 0 0 0 0 0; 97 100 82 100 78 73 85 0 100 26 16 100 78 8 100 81 100 7 0 0 0 0 0 0 0 0 0 0 0 0 0 0 0 0 0; 100 100 2 100 2 94 58 8 22 97 100 100 0 10 91 11 5 6 27 0 0 0 0 0 0 0 0 0 0 0 0 0 0 0 0; 100 14 74 8 95 1 100 0 3 99 100 6 96 100 10 0 99 87 90 20 0 0 0 0 0 0 0 0 0 0 0 0 0 0 0; 3 100 99 16 18 18 0 100 100 100 100 13 100 5 99 5 92 93 87 82 100 0 0 0 0 0 0 0 0 0 0 0 0 0 0; 99 100 97 17 0 89 11 93 100 100 5 28 90 96 13 100 95 7 95 1 83 75 0 0 0 0 0 0 0 0 0 0 0 0 0; 94 6 17 6 100 37 100 78 30 83 1 0 100 33 100 8 86 100 94 68 24 6 97 0 0 0 0 0 0 0 0 0 0 0 0; 35 99 94 80 95 100 0 2 100 62 1 88 75 87 90 17 100 100 23 85 100 93 2 100 0 0 0 0 0 0 0 0 0 0 0; 100 86 100 6 100 100 11 43 98 4 10 7 100 95 14 3 100 19 20 100 4 76 0 2 97 0 0 0 0 0 0 0 0 0 0; 100 100 70 27 39 61 80 25 65 0 93 100 99 61 100 1 77 84 23 100 3 100 1 55 100 5 0 0 0 0 0 0 0 0 0; 1 1 1 94 100 0 100 78 89 84 55 12 90 100 82 100 100 26 66 78 11 86 95 65 96 64 100 0 0 0 0 0 0 0 0; 7 95 16 76 17 17 18 73 100 91 92 20 9 98 7 96 96 0 8 100 73 98 0 100 96 73 95 100 0 0 0 0 0 0 0; 78 86 0 100 18 85 1 63 12 100 100 100 100 65 100 0 0 85 100 71 67 8 100 97 100 58 98 0 94 0 0 0 0 0 0; 73 96 100 100 98 35 4 77 100 100 10 100 9 93 94 100 17 100 100 80 100 100 12 100 9 66 93 78 94 83 0 0 0 0 0; 100 1 100 94 2 93 97 98 7 95 96 83 13 22 19 100 19 96 1 95 26 72 74 100 85 20 6 1 100 93 0 0 0 0 0; 97 100 100 78 91 0 0 100 89 82 68 11 31 26 97 100 95 4 82 16 55 21 3 95 25 99 1 100 100 0 20 1 0 0 0; 1 74 90 100 9 18 100 100 98 98 100 100 0 87 100 79 79 80 100 100 4 87 38 100 94 18 100 82 100 75 44 100 95 0 0; 95 27 100 4 16 100 25 98 85 100 14 1 100 1 100 5 100 82 6 20 98 0 100 100 9 30 100 72 100 100 100 4 72 3 0; 29 90 30 97 100 97 13 21 81 100 31 14 5 2 23 74 2 98 73 1 86 94 91 7 86 96 100 100 69 18 100 8 100 95 100]
