n=35
density=50
Q1=[59 0 0 0 0 0 0 0 0 0 0 0 0 0 0 0 0 0 0 0 0 0 0 0 0 0 0 0 0 0 0 0 0 0 0 ;
0 61 0 0 0 0 0 0 0 0 0 0 0 0 0 0 0 0 0 0 0 0 0 0 0 0 0 0 0 0 0 0 0 0 0 ;
0 0 0 0 0 0 0 0 0 0 0 0 0 0 0 0 0 0 0 0 0 0 0 0 0 0 0 0 0 0 0 0 0 0 0 ;
0 94 12 35 0 0 0 0 0 0 0 0 0 0 0 0 0 0 0 0 0 0 0 0 0 0 0 0 0 0 0 0 0 0 0 ;
18 62 27 103 91 0 0 0 0 0 0 0 0 0 0 0 0 0 0 0 0 0 0 0 0 0 0 0 0 0 0 0 0 0 0 ;
0 0 75 59 0 0 0 0 0 0 0 0 0 0 0 0 0 0 0 0 0 0 0 0 0 0 0 0 0 0 0 0 0 0 0 ;
0 0 178 0 0 0 81 0 0 0 0 0 0 0 0 0 0 0 0 0 0 0 0 0 0 0 0 0 0 0 0 0 0 0 0 ;
123 161 162 172 90 168 86 0 0 0 0 0 0 0 0 0 0 0 0 0 0 0 0 0 0 0 0 0 0 0 0 0 0 0 0 ;
0 40 96 0 0 190 0 0 0 0 0 0 0 0 0 0 0 0 0 0 0 0 0 0 0 0 0 0 0 0 0 0 0 0 0 ;
0 38 52 29 136 0 95 156 0 0 0 0 0 0 0 0 0 0 0 0 0 0 0 0 0 0 0 0 0 0 0 0 0 0 0 ;
190 0 0 0 196 0 180 0 174 65 75 0 0 0 0 0 0 0 0 0 0 0 0 0 0 0 0 0 0 0 0 0 0 0 0 ;
149 0 0 21 0 133 0 0 62 102 0 0 0 0 0 0 0 0 0 0 0 0 0 0 0 0 0 0 0 0 0 0 0 0 0 ;
83 0 0 139 44 76 0 0 0 0 10 174 3 0 0 0 0 0 0 0 0 0 0 0 0 0 0 0 0 0 0 0 0 0 0 ;
0 0 0 0 0 0 88 0 16 0 58 67 182 197 0 0 0 0 0 0 0 0 0 0 0 0 0 0 0 0 0 0 0 0 0 ;
0 0 0 193 135 151 70 0 0 125 49 103 54 9 149 0 0 0 0 0 0 0 0 0 0 0 0 0 0 0 0 0 0 0 0 ;
20 35 0 0 0 150 0 0 0 126 141 0 187 0 41 0 0 0 0 0 0 0 0 0 0 0 0 0 0 0 0 0 0 0 0 ;
0 0 0 120 0 0 66 0 12 0 19 136 50 0 194 17 0 0 0 0 0 0 0 0 0 0 0 0 0 0 0 0 0 0 0 ;
113 138 0 99 140 9 0 76 93 139 15 0 8 145 198 188 0 0 0 0 0 0 0 0 0 0 0 0 0 0 0 0 0 0 0 ;
0 117 0 0 0 168 101 0 134 0 55 0 7 157 0 168 0 0 0 0 0 0 0 0 0 0 0 0 0 0 0 0 0 0 0 ;
3 0 0 186 144 0 0 0 0 5 0 171 194 5 114 132 0 36 0 86 0 0 0 0 0 0 0 0 0 0 0 0 0 0 0 ;
0 0 0 0 0 0 0 188 0 69 116 0 0 0 0 0 152 2 182 74 0 0 0 0 0 0 0 0 0 0 0 0 0 0 0 ;
0 0 0 0 129 0 0 176 0 0 0 0 0 83 0 0 0 166 0 96 45 0 0 0 0 0 0 0 0 0 0 0 0 0 0 ;
0 85 26 101 183 0 151 47 156 0 0 0 0 0 186 0 0 102 158 68 0 0 88 0 0 0 0 0 0 0 0 0 0 0 0 ;
0 20 8 6 11 64 153 0 14 0 57 0 0 0 0 0 0 185 0 0 0 1 0 0 0 0 0 0 0 0 0 0 0 0 0 ;
81 0 0 0 43 0 87 66 0 104 14 0 0 153 0 0 60 187 0 0 0 65 30 0 156 0 0 0 0 0 0 0 0 0 0 ;
113 0 143 151 82 0 0 0 0 188 173 0 166 73 0 177 66 0 16 0 154 0 165 0 0 77 0 0 0 0 0 0 0 0 0 ;
149 197 185 0 0 0 127 124 172 0 37 23 171 0 9 0 23 101 57 0 24 0 84 145 45 0 0 0 0 0 0 0 0 0 0 ;
0 0 50 0 0 0 109 108 0 0 30 0 0 0 0 92 0 0 98 0 69 42 0 0 0 0 0 0 0 0 0 0 0 0 0 ;
91 0 115 6 68 0 0 0 38 0 0 172 118 184 25 0 118 184 0 0 0 91 163 0 181 0 0 0 0 0 0 0 0 0 0 ;
0 0 26 0 0 0 0 68 79 143 0 102 0 0 0 0 0 0 67 34 142 174 0 0 23 137 36 38 100 83 0 0 0 0 0 ;
127 0 0 113 28 0 0 111 0 170 0 0 70 0 136 190 0 114 0 0 0 0 52 0 138 0 31 0 0 0 0 0 0 0 0 ;
0 0 110 0 0 190 0 17 0 0 24 29 0 53 0 58 0 104 118 138 0 0 0 0 0 0 0 173 48 0 0 26 0 0 0 ;
0 12 94 174 125 24 136 195 0 166 0 0 0 0 103 175 0 0 136 0 107 0 0 0 135 48 0 47 0 0 188 159 55 0 0 ;
32 179 0 0 91 4 0 32 189 0 196 0 0 158 120 26 94 131 0 190 38 165 0 0 29 199 0 149 197 133 145 26 0 0 0 ;
0 0 0 0 0 0 51 0 0 84 190 0 69 0 0 151 41 0 164 0 0 0 190 0 0 31 187 0 0 134 161 0 6 0 72 ]
w=[47, 26, 40, 5, 80, 45, 39, 62, 43, 32, 64, 47, 19, 82, 79, 54, 56, 14, 84, 25, 38, 92, 66, 52, 87, 40, 87, 97, 33, 100, 39, 75, 88, 72, 72]
W=98 
k=5 
inst_name = "QKP_35_200_50" 
feasible = true 
Q2=[162 0 0 0 0 0 0 0 0 0 0 0 0 0 0 0 0 0 0 0 0 0 0 0 0 0 0 0 0 0 0 0 0 0 0; 199 156 0 0 0 0 0 0 0 0 0 0 0 0 0 0 0 0 0 0 0 0 0 0 0 0 0 0 0 0 0 0 0 0 0; 199 199 199 0 0 0 0 0 0 0 0 0 0 0 0 0 0 0 0 0 0 0 0 0 0 0 0 0 0 0 0 0 0 0 0; 199 139 191 182 0 0 0 0 0 0 0 0 0 0 0 0 0 0 0 0 0 0 0 0 0 0 0 0 0 0 0 0 0 0 0; 195 141 184 60 184 0 0 0 0 0 0 0 0 0 0 0 0 0 0 0 0 0 0 0 0 0 0 0 0 0 0 0 0 0 0; 199 199 188 161 199 199 0 0 0 0 0 0 0 0 0 0 0 0 0 0 0 0 0 0 0 0 0 0 0 0 0 0 0 0 0; 199 199 5 199 199 199 137 0 0 0 0 0 0 0 0 0 0 0 0 0 0 0 0 0 0 0 0 0 0 0 0 0 0 0 0; 56 13 22 27 137 13 119 199 0 0 0 0 0 0 0 0 0 0 0 0 0 0 0 0 0 0 0 0 0 0 0 0 0 0 0; 199 178 184 199 199 1 199 199 199 0 0 0 0 0 0 0 0 0 0 0 0 0 0 0 0 0 0 0 0 0 0 0 0 0 0; 199 191 189 192 8 199 198 2 199 199 0 0 0 0 0 0 0 0 0 0 0 0 0 0 0 0 0 0 0 0 0 0 0 0 0; 0 199 199 199 1 199 6 199 7 176 177 0 0 0 0 0 0 0 0 0 0 0 0 0 0 0 0 0 0 0 0 0 0 0 0; 18 199 199 194 199 21 199 199 162 40 199 199 0 0 0 0 0 0 0 0 0 0 0 0 0 0 0 0 0 0 0 0 0 0 0; 180 199 199 59 185 126 199 199 199 199 198 12 196 0 0 0 0 0 0 0 0 0 0 0 0 0 0 0 0 0 0 0 0 0 0; 199 199 199 199 199 199 145 199 197 199 151 192 7 2 0 0 0 0 0 0 0 0 0 0 0 0 0 0 0 0 0 0 0 0 0; 199 199 199 6 3 14 171 199 199 19 173 45 145 197 24 0 0 0 0 0 0 0 0 0 0 0 0 0 0 0 0 0 0 0 0; 198 192 199 199 199 17 199 199 199 71 47 199 7 199 167 199 0 0 0 0 0 0 0 0 0 0 0 0 0 0 0 0 0 0 0; 199 199 199 67 199 199 192 199 195 199 194 18 169 199 5 182 199 0 0 0 0 0 0 0 0 0 0 0 0 0 0 0 0 0 0; 43 20 199 130 36 195 199 136 115 29 192 199 192 14 1 6 199 199 0 0 0 0 0 0 0 0 0 0 0 0 0 0 0 0 0; 199 39 199 199 199 31 18 199 55 199 146 199 198 22 199 14 199 199 199 0 0 0 0 0 0 0 0 0 0 0 0 0 0 0 0; 198 199 199 9 44 199 199 199 199 196 199 17 2 198 30 57 199 191 199 114 0 0 0 0 0 0 0 0 0 0 0 0 0 0 0; 199 199 199 199 199 199 199 9 199 149 38 199 199 199 199 199 40 198 7 198 199 0 0 0 0 0 0 0 0 0 0 0 0 0 0; 199 199 199 199 9 199 199 21 199 199 199 199 199 198 199 199 199 22 199 120 182 199 0 0 0 0 0 0 0 0 0 0 0 0 0; 199 161 180 28 0 199 43 167 23 199 199 199 199 199 8 199 199 14 7 185 199 199 136 0 0 0 0 0 0 0 0 0 0 0 0; 199 179 194 196 196 164 16 199 187 199 142 199 199 199 199 199 199 4 199 199 199 199 199 199 0 0 0 0 0 0 0 0 0 0 0; 190 199 199 199 178 199 150 158 199 43 191 199 199 7 199 199 191 11 199 199 199 149 190 199 34 0 0 0 0 0 0 0 0 0 0; 11 199 9 9 171 199 199 199 199 2 10 199 17 133 199 12 179 199 199 199 42 199 9 199 199 192 0 0 0 0 0 0 0 0 0; 50 2 8 199 199 199 2 24 13 199 191 190 14 199 193 199 182 27 152 199 175 199 139 1 176 199 199 0 0 0 0 0 0 0 0; 199 199 181 199 199 199 27 23 199 199 194 199 199 199 199 142 199 199 116 199 156 166 199 199 199 199 199 199 0 0 0 0 0 0 0; 173 199 8 198 143 199 199 199 174 199 199 12 76 5 199 199 7 13 199 199 199 182 8 199 18 199 199 199 199 0 0 0 0 0 0; 199 199 179 199 199 199 199 196 188 25 199 49 199 199 199 199 199 199 178 179 44 15 199 199 190 41 190 182 8 138 0 0 0 0 0; 11 199 199 44 179 199 199 78 199 5 199 199 149 199 54 4 199 31 199 199 199 199 166 199 32 199 177 199 199 199 199 0 0 0 0; 199 199 52 199 199 7 199 184 199 199 180 190 199 177 199 154 199 58 52 32 199 199 199 199 199 199 199 24 194 199 199 183 0 0 0; 199 193 147 5 53 176 18 0 199 8 199 199 199 199 80 10 199 199 33 199 78 199 199 199 57 167 199 167 199 199 6 25 189 0 0; 197 20 199 199 122 196 199 195 8 199 2 199 199 9 31 183 154 59 199 8 187 24 199 199 190 0 199 36 2 3 26 193 199 199 0; 199 199 199 199 199 199 183 199 199 185 1 199 156 199 199 21 171 199 29 199 199 199 9 199 199 169 0 199 199 59 8 199 197 199 190]
