n=50
density=50
Q1=[60 0 0 0 0 0 0 0 0 0 0 0 0 0 0 0 0 0 0 0 0 0 0 0 0 0 0 0 0 0 0 0 0 0 0 0 0 0 0 0 0 0 0 0 0 0 0 0 0 0 ;
0 0 0 0 0 0 0 0 0 0 0 0 0 0 0 0 0 0 0 0 0 0 0 0 0 0 0 0 0 0 0 0 0 0 0 0 0 0 0 0 0 0 0 0 0 0 0 0 0 0 ;
62 0 0 0 0 0 0 0 0 0 0 0 0 0 0 0 0 0 0 0 0 0 0 0 0 0 0 0 0 0 0 0 0 0 0 0 0 0 0 0 0 0 0 0 0 0 0 0 0 0 ;
89 75 0 0 0 0 0 0 0 0 0 0 0 0 0 0 0 0 0 0 0 0 0 0 0 0 0 0 0 0 0 0 0 0 0 0 0 0 0 0 0 0 0 0 0 0 0 0 0 0 ;
68 41 21 0 0 0 0 0 0 0 0 0 0 0 0 0 0 0 0 0 0 0 0 0 0 0 0 0 0 0 0 0 0 0 0 0 0 0 0 0 0 0 0 0 0 0 0 0 0 0 ;
32 28 0 8 0 0 0 0 0 0 0 0 0 0 0 0 0 0 0 0 0 0 0 0 0 0 0 0 0 0 0 0 0 0 0 0 0 0 0 0 0 0 0 0 0 0 0 0 0 0 ;
0 3 51 0 20 0 0 0 0 0 0 0 0 0 0 0 0 0 0 0 0 0 0 0 0 0 0 0 0 0 0 0 0 0 0 0 0 0 0 0 0 0 0 0 0 0 0 0 0 0 ;
15 92 0 7 1 11 33 0 0 0 0 0 0 0 0 0 0 0 0 0 0 0 0 0 0 0 0 0 0 0 0 0 0 0 0 0 0 0 0 0 0 0 0 0 0 0 0 0 0 0 ;
0 54 97 33 0 0 0 0 65 0 0 0 0 0 0 0 0 0 0 0 0 0 0 0 0 0 0 0 0 0 0 0 0 0 0 0 0 0 0 0 0 0 0 0 0 0 0 0 0 0 ;
0 0 23 0 7 47 0 3 0 25 0 0 0 0 0 0 0 0 0 0 0 0 0 0 0 0 0 0 0 0 0 0 0 0 0 0 0 0 0 0 0 0 0 0 0 0 0 0 0 0 ;
17 91 28 0 37 0 0 81 0 80 71 0 0 0 0 0 0 0 0 0 0 0 0 0 0 0 0 0 0 0 0 0 0 0 0 0 0 0 0 0 0 0 0 0 0 0 0 0 0 0 ;
44 0 80 0 41 0 14 7 0 0 0 24 0 0 0 0 0 0 0 0 0 0 0 0 0 0 0 0 0 0 0 0 0 0 0 0 0 0 0 0 0 0 0 0 0 0 0 0 0 0 ;
28 62 0 10 0 41 65 0 43 51 72 0 34 0 0 0 0 0 0 0 0 0 0 0 0 0 0 0 0 0 0 0 0 0 0 0 0 0 0 0 0 0 0 0 0 0 0 0 0 0 ;
31 0 0 0 0 0 0 52 0 0 48 0 65 11 0 0 0 0 0 0 0 0 0 0 0 0 0 0 0 0 0 0 0 0 0 0 0 0 0 0 0 0 0 0 0 0 0 0 0 0 ;
57 0 63 52 0 99 0 0 78 0 0 0 0 0 28 0 0 0 0 0 0 0 0 0 0 0 0 0 0 0 0 0 0 0 0 0 0 0 0 0 0 0 0 0 0 0 0 0 0 0 ;
58 0 57 0 0 0 40 59 85 0 11 0 0 54 0 0 0 0 0 0 0 0 0 0 0 0 0 0 0 0 0 0 0 0 0 0 0 0 0 0 0 0 0 0 0 0 0 0 0 0 ;
47 0 25 5 25 14 0 0 41 61 0 9 23 16 80 73 0 0 0 0 0 0 0 0 0 0 0 0 0 0 0 0 0 0 0 0 0 0 0 0 0 0 0 0 0 0 0 0 0 0 ;
54 0 27 0 0 0 98 0 13 58 0 48 0 0 65 0 58 0 0 0 0 0 0 0 0 0 0 0 0 0 0 0 0 0 0 0 0 0 0 0 0 0 0 0 0 0 0 0 0 0 ;
0 0 0 0 12 0 0 0 0 0 0 38 0 0 0 1 90 0 13 0 0 0 0 0 0 0 0 0 0 0 0 0 0 0 0 0 0 0 0 0 0 0 0 0 0 0 0 0 0 0 ;
52 0 0 97 38 0 0 19 55 0 89 17 26 0 4 7 90 99 1 38 0 0 0 0 0 0 0 0 0 0 0 0 0 0 0 0 0 0 0 0 0 0 0 0 0 0 0 0 0 0 ;
73 34 0 0 88 0 16 13 42 45 60 84 2 13 0 32 48 24 81 0 0 0 0 0 0 0 0 0 0 0 0 0 0 0 0 0 0 0 0 0 0 0 0 0 0 0 0 0 0 0 ;
0 0 89 0 26 38 0 79 0 93 0 0 39 9 14 81 0 0 0 87 0 82 0 0 0 0 0 0 0 0 0 0 0 0 0 0 0 0 0 0 0 0 0 0 0 0 0 0 0 0 ;
76 0 0 0 97 19 89 72 15 54 0 0 45 0 16 0 0 67 0 6 89 72 0 0 0 0 0 0 0 0 0 0 0 0 0 0 0 0 0 0 0 0 0 0 0 0 0 0 0 0 ;
19 15 0 73 82 0 51 0 0 0 22 0 0 0 0 0 0 0 0 74 0 21 0 0 0 0 0 0 0 0 0 0 0 0 0 0 0 0 0 0 0 0 0 0 0 0 0 0 0 0 ;
16 75 11 0 39 74 30 0 0 0 0 92 92 62 0 0 60 45 71 92 4 52 0 92 38 0 0 0 0 0 0 0 0 0 0 0 0 0 0 0 0 0 0 0 0 0 0 0 0 0 ;
45 0 0 0 79 0 0 32 0 35 92 95 0 0 0 46 30 0 49 78 0 0 0 0 0 0 0 0 0 0 0 0 0 0 0 0 0 0 0 0 0 0 0 0 0 0 0 0 0 0 ;
0 32 74 31 0 21 44 58 94 6 0 0 60 8 0 0 0 85 0 0 14 6 0 56 7 0 0 0 0 0 0 0 0 0 0 0 0 0 0 0 0 0 0 0 0 0 0 0 0 0 ;
94 13 49 75 11 71 0 14 34 5 30 11 0 49 5 0 0 0 0 1 0 63 0 0 36 71 79 0 0 0 0 0 0 0 0 0 0 0 0 0 0 0 0 0 0 0 0 0 0 0 ;
76 66 0 0 5 0 44 0 9 29 0 16 1 27 50 2 40 0 0 0 49 0 69 0 0 68 0 0 27 0 0 0 0 0 0 0 0 0 0 0 0 0 0 0 0 0 0 0 0 0 ;
93 0 47 0 0 24 0 0 0 0 0 96 0 0 89 0 54 38 89 0 12 0 0 36 0 0 68 1 47 72 0 0 0 0 0 0 0 0 0 0 0 0 0 0 0 0 0 0 0 0 ;
0 2 63 16 0 0 38 98 9 0 0 0 0 0 0 0 43 20 31 0 0 71 83 62 89 32 0 0 37 6 46 0 0 0 0 0 0 0 0 0 0 0 0 0 0 0 0 0 0 0 ;
35 0 0 96 0 0 34 21 0 0 0 0 33 46 75 86 69 0 0 75 0 54 15 8 0 63 0 6 0 0 0 0 0 0 0 0 0 0 0 0 0 0 0 0 0 0 0 0 0 0 ;
15 0 0 55 48 0 0 0 0 23 88 0 0 0 0 0 17 0 0 0 0 81 56 0 39 0 0 34 0 9 0 70 0 0 0 0 0 0 0 0 0 0 0 0 0 0 0 0 0 0 ;
0 0 0 0 0 11 0 0 24 100 70 0 70 38 66 0 0 0 6 0 22 0 18 23 41 0 0 53 0 0 0 56 20 0 0 0 0 0 0 0 0 0 0 0 0 0 0 0 0 0 ;
0 73 94 0 0 0 0 38 0 45 61 14 0 0 6 78 30 49 0 0 0 0 0 49 0 61 0 94 0 0 0 0 16 90 55 0 0 0 0 0 0 0 0 0 0 0 0 0 0 0 ;
0 0 40 37 59 0 0 96 0 0 0 54 40 5 30 0 0 0 0 90 0 14 0 66 0 0 0 34 11 0 44 0 27 83 69 72 0 0 0 0 0 0 0 0 0 0 0 0 0 0 ;
0 44 72 53 7 0 0 74 22 0 58 73 4 0 0 84 0 0 0 0 0 83 0 48 0 0 25 0 33 0 0 0 33 0 0 0 70 0 0 0 0 0 0 0 0 0 0 0 0 0 ;
0 94 96 8 0 11 88 0 0 0 0 97 0 0 6 0 85 0 0 60 0 16 94 0 95 72 0 100 0 47 9 0 30 52 55 0 0 22 0 0 0 0 0 0 0 0 0 0 0 0 ;
0 8 0 91 73 0 17 0 16 41 0 74 0 25 34 12 5 87 0 23 0 44 0 93 64 0 0 0 0 39 0 0 0 0 0 62 86 0 83 0 0 0 0 0 0 0 0 0 0 0 ;
48 45 0 0 87 53 0 0 28 43 59 85 98 0 0 0 22 57 85 0 74 0 0 0 0 76 71 0 0 67 4 0 57 0 98 0 0 28 30 100 0 0 0 0 0 0 0 0 0 0 ;
0 63 0 91 75 0 0 59 0 0 11 76 0 45 14 27 82 98 0 90 41 43 0 94 0 0 0 0 0 71 54 0 0 79 38 92 0 0 30 0 72 0 0 0 0 0 0 0 0 0 ;
24 0 100 53 0 54 0 0 49 11 48 0 0 2 37 0 0 57 11 0 0 50 33 85 0 54 63 0 0 0 79 0 0 49 18 39 85 13 0 96 70 0 0 0 0 0 0 0 0 0 ;
0 0 0 32 0 50 0 0 18 0 54 15 22 0 0 0 0 0 38 76 41 0 0 82 8 61 72 0 33 37 6 66 0 82 60 0 0 24 0 0 87 0 93 0 0 0 0 0 0 0 ;
0 17 43 34 27 0 82 0 0 0 0 38 95 0 82 47 85 0 26 95 61 69 79 51 52 0 48 43 0 78 0 0 0 7 36 11 0 51 0 0 40 49 0 0 0 0 0 0 0 0 ;
21 64 74 96 2 84 94 89 37 0 0 29 63 0 82 0 4 0 0 73 2 77 59 21 89 72 0 80 0 0 9 0 74 0 0 68 0 51 92 0 0 0 28 35 67 0 0 0 0 0 ;
0 60 35 0 7 0 89 0 30 19 0 0 0 0 0 0 53 42 73 86 0 0 0 0 5 0 32 0 62 0 0 0 0 7 0 62 0 59 0 63 0 0 0 73 75 0 0 0 0 0 ;
0 0 67 0 0 0 91 0 0 92 0 9 17 90 49 84 50 0 0 83 0 0 34 0 0 0 0 7 0 0 0 0 0 30 0 38 0 51 36 0 48 18 39 30 0 93 0 0 0 0 ;
39 0 0 47 0 50 0 29 0 76 0 60 79 26 61 99 15 1 54 44 0 25 99 66 91 75 0 0 0 0 55 62 0 0 0 13 13 0 0 0 0 0 44 95 0 14 78 61 0 0 ;
65 0 48 18 9 58 17 72 0 0 0 0 0 2 74 61 0 0 52 37 0 33 44 54 0 31 0 0 14 14 0 92 21 0 0 0 89 0 0 0 52 0 0 0 40 26 0 27 8 0 ;
0 0 62 56 34 0 21 0 0 0 0 2 0 78 0 66 66 0 17 0 41 61 27 0 27 0 71 0 23 0 0 0 99 57 0 96 97 93 0 89 42 35 69 0 22 0 0 13 0 52 ]
w=[18, 38, 45, 30, 40, 39, 10, 43, 2, 33, 40, 8, 50, 18, 38, 24, 15, 29, 36, 13, 43, 2, 9, 27, 37, 45, 32, 12, 9, 2, 21, 38, 50, 17, 44, 15, 44, 43, 50, 35, 14, 4, 40, 33, 16, 49, 16, 9, 35, 4]
W=109 
k=5 
