n=30
density=25
Q1=[0 0 0 0 0 0 0 0 0 0 0 0 0 0 0 0 0 0 0 0 0 0 0 0 0 0 0 0 0 0 ;
0 0 0 0 0 0 0 0 0 0 0 0 0 0 0 0 0 0 0 0 0 0 0 0 0 0 0 0 0 0 ;
0 0 0 0 0 0 0 0 0 0 0 0 0 0 0 0 0 0 0 0 0 0 0 0 0 0 0 0 0 0 ;
0 0 0 77 0 0 0 0 0 0 0 0 0 0 0 0 0 0 0 0 0 0 0 0 0 0 0 0 0 0 ;
12 0 42 0 0 0 0 0 0 0 0 0 0 0 0 0 0 0 0 0 0 0 0 0 0 0 0 0 0 0 ;
0 0 0 0 0 0 0 0 0 0 0 0 0 0 0 0 0 0 0 0 0 0 0 0 0 0 0 0 0 0 ;
31 0 71 0 50 0 0 0 0 0 0 0 0 0 0 0 0 0 0 0 0 0 0 0 0 0 0 0 0 0 ;
0 0 0 0 0 0 96 0 0 0 0 0 0 0 0 0 0 0 0 0 0 0 0 0 0 0 0 0 0 0 ;
0 0 47 0 0 0 68 0 31 0 0 0 0 0 0 0 0 0 0 0 0 0 0 0 0 0 0 0 0 0 ;
0 0 0 0 0 0 0 0 0 96 0 0 0 0 0 0 0 0 0 0 0 0 0 0 0 0 0 0 0 0 ;
0 0 95 31 0 0 0 0 0 0 0 0 0 0 0 0 0 0 0 0 0 0 0 0 0 0 0 0 0 0 ;
0 0 0 0 52 0 31 6 91 0 0 11 0 0 0 0 0 0 0 0 0 0 0 0 0 0 0 0 0 0 ;
0 0 0 0 0 0 0 0 0 0 0 0 0 0 0 0 0 0 0 0 0 0 0 0 0 0 0 0 0 0 ;
21 0 0 0 0 94 0 48 0 81 24 69 0 0 0 0 0 0 0 0 0 0 0 0 0 0 0 0 0 0 ;
0 0 0 0 0 22 0 0 0 18 92 46 0 0 0 0 0 0 0 0 0 0 0 0 0 0 0 0 0 0 ;
0 0 97 37 0 0 0 0 0 86 0 0 0 0 0 0 0 0 0 0 0 0 0 0 0 0 0 0 0 0 ;
0 0 0 0 95 0 0 0 0 0 0 63 0 0 0 0 0 0 0 0 0 0 0 0 0 0 0 0 0 0 ;
93 51 56 0 38 0 0 0 66 68 0 0 62 36 64 0 0 0 0 0 0 0 0 0 0 0 0 0 0 0 ;
0 0 76 0 0 60 0 73 90 0 0 0 56 0 64 0 0 0 94 0 0 0 0 0 0 0 0 0 0 0 ;
0 41 40 0 47 0 0 49 31 0 94 0 74 97 0 0 0 0 0 0 0 0 0 0 0 0 0 0 0 0 ;
0 0 0 0 0 32 0 0 0 0 0 0 0 64 0 0 0 0 0 0 0 0 0 0 0 0 0 0 0 0 ;
0 5 0 0 0 0 84 0 0 0 0 17 0 0 64 0 0 0 0 0 0 5 0 0 0 0 0 0 0 0 ;
0 0 0 0 0 0 0 53 0 10 13 60 61 0 0 0 0 0 0 91 51 0 0 0 0 0 0 0 0 0 ;
17 0 92 51 0 38 60 0 87 0 0 0 0 41 0 0 57 0 0 20 0 47 0 0 0 0 0 0 0 0 ;
0 0 0 0 0 0 0 0 17 0 0 36 15 0 0 0 0 0 0 1 0 0 0 0 0 0 0 0 0 0 ;
0 0 0 0 0 93 0 0 43 0 0 4 0 0 0 0 0 0 0 0 0 0 0 0 0 0 0 0 0 0 ;
0 0 32 0 0 0 54 0 0 0 0 0 0 0 38 0 0 0 0 0 63 0 0 0 0 14 0 0 0 0 ;
0 50 0 0 0 0 0 58 0 20 0 0 0 0 2 0 0 0 0 0 0 0 0 0 0 78 0 62 0 0 ;
55 0 0 66 0 9 48 0 42 0 0 53 0 97 0 0 90 0 60 0 0 0 0 0 0 0 0 0 0 0 ;
87 8 14 0 0 0 0 0 0 0 0 0 74 0 0 0 54 0 0 0 0 0 0 0 0 30 0 0 0 26 ]
w=[23, 1, 17, 1, 26, 18, 48, 29, 29, 40, 4, 50, 13, 7, 47, 14, 43, 38, 25, 40, 5, 36, 30, 12, 31, 22, 42, 11, 27, 35]
W=53 
k=3 
