n=20
density=50
Q1=[54 0 0 0 0 0 0 0 0 0 0 0 0 0 0 0 0 0 0 0 ;
0 0 0 0 0 0 0 0 0 0 0 0 0 0 0 0 0 0 0 0 ;
0 0 0 0 0 0 0 0 0 0 0 0 0 0 0 0 0 0 0 0 ;
0 173 0 0 0 0 0 0 0 0 0 0 0 0 0 0 0 0 0 0 ;
191 91 143 0 84 0 0 0 0 0 0 0 0 0 0 0 0 0 0 0 ;
114 31 0 101 0 0 0 0 0 0 0 0 0 0 0 0 0 0 0 0 ;
0 30 0 0 104 0 0 0 0 0 0 0 0 0 0 0 0 0 0 0 ;
0 77 200 0 128 152 0 0 0 0 0 0 0 0 0 0 0 0 0 0 ;
0 0 0 0 0 0 0 95 0 0 0 0 0 0 0 0 0 0 0 0 ;
0 92 0 0 0 0 135 7 170 110 0 0 0 0 0 0 0 0 0 0 ;
187 131 0 50 2 0 0 8 0 167 0 0 0 0 0 0 0 0 0 0 ;
3 0 57 0 114 35 60 0 0 59 200 118 0 0 0 0 0 0 0 0 ;
0 0 196 68 141 0 174 165 0 142 0 0 46 0 0 0 0 0 0 0 ;
118 0 185 0 14 197 0 0 48 27 166 0 0 0 0 0 0 0 0 0 ;
105 141 0 0 79 0 0 127 82 54 0 0 173 180 135 0 0 0 0 0 ;
193 4 0 0 0 93 134 0 0 62 7 0 0 14 0 127 0 0 0 0 ;
73 114 54 0 153 0 0 0 0 0 195 125 0 197 0 182 55 0 0 0 ;
0 0 157 79 0 69 0 0 0 131 0 139 0 167 0 0 0 10 0 0 ;
0 0 115 30 0 126 0 89 0 0 15 169 194 150 0 7 129 0 0 0 ;
65 0 112 36 0 0 0 6 175 0 0 0 137 71 22 118 17 0 0 89 ]
w=[96, 80, 70, 80, 15, 50, 100, 23, 32, 18, 43, 60, 93, 78, 1, 18, 12, 18, 49, 19]
W=59 
k=2 
inst_name = "QKP_20_200_50" 
feasible = true 
Q2=[148 0 0 0 0 0 0 0 0 0 0 0 0 0 0 0 0 0 0 0; 200 200 0 0 0 0 0 0 0 0 0 0 0 0 0 0 0 0 0 0; 200 200 200 0 0 0 0 0 0 0 0 0 0 0 0 0 0 0 0 0; 200 5 200 200 0 0 0 0 0 0 0 0 0 0 0 0 0 0 0 0; 1 191 41 200 146 0 0 0 0 0 0 0 0 0 0 0 0 0 0 0; 85 189 200 34 200 200 0 0 0 0 0 0 0 0 0 0 0 0 0 0; 200 178 200 200 23 200 200 0 0 0 0 0 0 0 0 0 0 0 0 0; 200 168 0 200 70 44 200 200 0 0 0 0 0 0 0 0 0 0 0 0; 200 200 200 200 200 200 200 150 200 0 0 0 0 0 0 0 0 0 0 0; 200 188 200 200 200 200 9 196 27 87 0 0 0 0 0 0 0 0 0 0; 11 40 200 177 200 200 200 196 200 18 200 0 0 0 0 0 0 0 0 0; 197 200 156 200 73 194 197 200 200 174 0 9 0 0 0 0 0 0 0 0; 200 200 4 144 21 200 5 30 200 16 200 200 197 0 0 0 0 0 0 0; 43 200 13 200 190 1 200 200 168 199 28 200 200 200 0 0 0 0 0 0; 79 27 200 200 134 200 200 56 193 155 200 200 15 10 22 0 0 0 0 0; 4 200 200 200 200 125 26 200 200 190 200 200 200 193 200 65 0 0 0 0; 140 56 148 200 39 200 200 200 200 200 1 22 200 2 200 9 199 0 0 0; 200 200 13 196 200 176 200 200 200 66 200 60 200 10 200 200 200 192 0 0; 200 200 81 193 200 14 200 150 200 200 185 0 2 15 200 196 14 200 200 0; 161 200 35 186 200 200 200 195 4 200 200 200 32 162 188 49 191 200 200 126]
