n=35
density=25
Q1=[0 0 0 0 0 0 0 0 0 0 0 0 0 0 0 0 0 0 0 0 0 0 0 0 0 0 0 0 0 0 0 0 0 0 0 ;
0 0 0 0 0 0 0 0 0 0 0 0 0 0 0 0 0 0 0 0 0 0 0 0 0 0 0 0 0 0 0 0 0 0 0 ;
0 0 100 0 0 0 0 0 0 0 0 0 0 0 0 0 0 0 0 0 0 0 0 0 0 0 0 0 0 0 0 0 0 0 0 ;
67 47 0 0 0 0 0 0 0 0 0 0 0 0 0 0 0 0 0 0 0 0 0 0 0 0 0 0 0 0 0 0 0 0 0 ;
0 0 0 0 0 0 0 0 0 0 0 0 0 0 0 0 0 0 0 0 0 0 0 0 0 0 0 0 0 0 0 0 0 0 0 ;
0 0 0 0 0 37 0 0 0 0 0 0 0 0 0 0 0 0 0 0 0 0 0 0 0 0 0 0 0 0 0 0 0 0 0 ;
21 44 0 0 54 0 0 0 0 0 0 0 0 0 0 0 0 0 0 0 0 0 0 0 0 0 0 0 0 0 0 0 0 0 0 ;
0 44 0 0 0 23 0 0 0 0 0 0 0 0 0 0 0 0 0 0 0 0 0 0 0 0 0 0 0 0 0 0 0 0 0 ;
0 0 0 40 0 0 0 0 0 0 0 0 0 0 0 0 0 0 0 0 0 0 0 0 0 0 0 0 0 0 0 0 0 0 0 ;
22 0 0 0 0 51 0 0 0 28 0 0 0 0 0 0 0 0 0 0 0 0 0 0 0 0 0 0 0 0 0 0 0 0 0 ;
0 0 0 0 0 0 0 0 21 0 0 0 0 0 0 0 0 0 0 0 0 0 0 0 0 0 0 0 0 0 0 0 0 0 0 ;
0 0 65 0 0 0 87 0 0 0 0 0 0 0 0 0 0 0 0 0 0 0 0 0 0 0 0 0 0 0 0 0 0 0 0 ;
0 0 0 55 0 60 0 0 0 0 0 0 0 0 0 0 0 0 0 0 0 0 0 0 0 0 0 0 0 0 0 0 0 0 0 ;
0 35 0 0 79 52 0 0 0 0 0 0 0 63 0 0 0 0 0 0 0 0 0 0 0 0 0 0 0 0 0 0 0 0 0 ;
85 98 0 0 0 0 0 0 0 0 0 0 48 0 0 0 0 0 0 0 0 0 0 0 0 0 0 0 0 0 0 0 0 0 0 ;
0 41 0 23 0 0 0 0 0 19 28 0 0 0 84 0 0 0 0 0 0 0 0 0 0 0 0 0 0 0 0 0 0 0 0 ;
0 0 0 35 0 0 0 0 0 0 80 0 0 0 0 0 0 0 0 0 0 0 0 0 0 0 0 0 0 0 0 0 0 0 0 ;
0 0 0 72 0 0 0 0 0 0 0 0 0 0 0 0 0 83 0 0 0 0 0 0 0 0 0 0 0 0 0 0 0 0 0 ;
0 0 0 0 0 12 0 55 0 0 0 0 0 0 0 0 0 0 0 0 0 0 0 0 0 0 0 0 0 0 0 0 0 0 0 ;
0 0 0 0 54 0 0 0 0 0 0 0 0 0 40 0 0 0 8 0 0 0 0 0 0 0 0 0 0 0 0 0 0 0 0 ;
0 0 77 0 0 0 0 0 19 0 0 0 0 0 59 0 14 44 79 13 30 0 0 0 0 0 0 0 0 0 0 0 0 0 0 ;
0 0 0 0 0 0 0 0 0 0 0 0 0 0 0 47 0 0 63 0 0 27 0 0 0 0 0 0 0 0 0 0 0 0 0 ;
0 0 0 0 0 0 0 0 0 0 57 0 0 0 84 72 12 100 0 0 0 0 33 0 0 0 0 0 0 0 0 0 0 0 0 ;
66 0 66 13 0 36 0 0 28 0 0 42 0 74 0 0 0 0 0 0 13 0 0 0 0 0 0 0 0 0 0 0 0 0 0 ;
0 0 79 0 0 0 0 0 0 58 0 0 0 0 0 0 0 62 24 0 0 9 0 0 0 0 0 0 0 0 0 0 0 0 0 ;
60 0 0 0 27 0 0 0 31 0 0 0 0 0 0 0 0 0 0 0 0 65 0 0 0 0 0 0 0 0 0 0 0 0 0 ;
0 91 0 0 0 0 0 0 0 0 0 0 52 38 0 0 0 50 0 0 0 0 0 8 0 0 0 0 0 0 0 0 0 0 0 ;
0 0 0 0 82 0 0 0 0 0 0 76 64 0 0 6 0 0 0 0 0 14 0 84 0 94 64 0 0 0 0 0 0 0 0 ;
35 0 0 0 0 43 0 0 0 0 0 0 20 65 0 0 0 71 0 70 0 73 0 0 62 22 0 0 0 0 0 0 0 0 0 ;
0 0 0 0 0 1 0 8 0 0 91 0 46 0 0 0 0 0 75 0 0 0 23 0 0 0 0 0 0 0 0 0 0 0 0 ;
0 0 0 0 69 0 0 54 0 0 0 19 0 0 0 0 0 0 0 0 53 0 0 0 0 0 0 0 0 0 0 0 0 0 0 ;
0 0 0 0 0 68 0 0 0 0 0 0 0 0 0 0 0 0 0 0 0 0 0 0 0 0 0 65 0 0 0 24 0 0 0 ;
0 0 0 0 29 0 0 0 0 0 0 0 34 0 45 0 0 0 66 0 0 57 0 26 0 24 0 0 52 0 0 0 0 0 0 ;
86 0 0 51 0 0 0 0 0 0 32 0 0 0 57 0 4 65 0 59 0 0 75 0 51 0 54 48 0 0 0 0 65 0 0 ;
0 12 0 0 0 0 0 0 100 0 87 0 0 0 0 61 12 0 0 0 0 0 0 0 0 0 0 0 0 0 0 0 0 0 0 ]
w=[34, 34, 7, 33, 43, 36, 21, 30, 28, 20, 20, 11, 6, 45, 19, 42, 10, 21, 39, 38, 26, 2, 25, 36, 27, 16, 5, 28, 18, 16, 35, 14, 46, 13, 14]
W=50 
k=2 
inst_name = "QKP_35_100_25" 
feasible = true 
Q2=[100 0 0 0 0 0 0 0 0 0 0 0 0 0 0 0 0 0 0 0 0 0 0 0 0 0 0 0 0 0 0 0 0 0 0; 100 100 0 0 0 0 0 0 0 0 0 0 0 0 0 0 0 0 0 0 0 0 0 0 0 0 0 0 0 0 0 0 0 0 0; 100 100 0 0 0 0 0 0 0 0 0 0 0 0 0 0 0 0 0 0 0 0 0 0 0 0 0 0 0 0 0 0 0 0 0; 1 69 100 100 0 0 0 0 0 0 0 0 0 0 0 0 0 0 0 0 0 0 0 0 0 0 0 0 0 0 0 0 0 0 0; 100 100 100 100 100 0 0 0 0 0 0 0 0 0 0 0 0 0 0 0 0 0 0 0 0 0 0 0 0 0 0 0 0 0 0; 100 100 100 100 100 77 0 0 0 0 0 0 0 0 0 0 0 0 0 0 0 0 0 0 0 0 0 0 0 0 0 0 0 0 0; 98 98 100 100 4 100 100 0 0 0 0 0 0 0 0 0 0 0 0 0 0 0 0 0 0 0 0 0 0 0 0 0 0 0 0; 100 83 100 100 100 92 100 100 0 0 0 0 0 0 0 0 0 0 0 0 0 0 0 0 0 0 0 0 0 0 0 0 0 0 0; 100 100 100 65 100 100 100 100 100 0 0 0 0 0 0 0 0 0 0 0 0 0 0 0 0 0 0 0 0 0 0 0 0 0 0; 78 100 100 100 100 35 100 100 100 82 0 0 0 0 0 0 0 0 0 0 0 0 0 0 0 0 0 0 0 0 0 0 0 0 0; 100 100 100 100 100 100 100 100 80 100 100 0 0 0 0 0 0 0 0 0 0 0 0 0 0 0 0 0 0 0 0 0 0 0 0; 100 100 21 100 100 100 1 100 100 100 100 100 0 0 0 0 0 0 0 0 0 0 0 0 0 0 0 0 0 0 0 0 0 0 0; 100 100 100 43 100 21 100 100 100 100 100 100 100 0 0 0 0 0 0 0 0 0 0 0 0 0 0 0 0 0 0 0 0 0 0; 100 99 100 100 6 4 100 100 100 100 100 100 100 4 0 0 0 0 0 0 0 0 0 0 0 0 0 0 0 0 0 0 0 0 0; 12 0 100 100 100 100 100 100 100 100 100 100 90 100 100 0 0 0 0 0 0 0 0 0 0 0 0 0 0 0 0 0 0 0 0; 100 75 100 86 100 100 100 100 100 88 96 100 100 100 4 100 0 0 0 0 0 0 0 0 0 0 0 0 0 0 0 0 0 0 0; 100 100 100 79 100 100 100 100 100 100 2 100 100 100 100 100 100 0 0 0 0 0 0 0 0 0 0 0 0 0 0 0 0 0 0; 100 100 100 6 100 100 100 100 100 100 100 100 100 100 100 100 100 0 0 0 0 0 0 0 0 0 0 0 0 0 0 0 0 0 0; 100 100 100 100 100 89 100 44 100 100 100 100 100 100 100 100 100 100 100 0 0 0 0 0 0 0 0 0 0 0 0 0 0 0 0; 100 100 100 100 23 100 100 100 100 100 100 100 100 100 79 100 100 100 97 100 0 0 0 0 0 0 0 0 0 0 0 0 0 0 0; 100 100 20 100 100 100 100 100 90 100 100 100 100 100 18 100 91 90 4 87 93 0 0 0 0 0 0 0 0 0 0 0 0 0 0; 100 100 100 100 100 100 100 100 100 100 100 100 100 100 100 82 100 100 7 100 100 86 0 0 0 0 0 0 0 0 0 0 0 0 0; 100 100 100 100 100 100 100 100 100 100 17 100 100 100 14 1 98 0 100 100 100 100 80 0 0 0 0 0 0 0 0 0 0 0 0; 17 100 11 97 100 92 100 100 92 100 100 69 100 14 100 100 100 100 100 100 97 100 100 100 0 0 0 0 0 0 0 0 0 0 0; 100 100 14 100 100 100 100 100 100 41 100 100 100 100 100 100 100 35 89 100 100 98 100 100 100 0 0 0 0 0 0 0 0 0 0; 8 100 100 100 76 100 100 100 98 100 100 100 100 100 100 100 100 100 100 100 100 17 100 100 100 100 0 0 0 0 0 0 0 0 0; 100 8 100 100 100 100 100 100 100 100 100 100 13 94 100 100 100 32 100 100 100 100 100 93 100 100 100 0 0 0 0 0 0 0 0; 100 100 100 100 1 100 100 100 100 100 100 8 18 100 100 96 100 100 100 100 100 100 100 5 100 1 4 100 0 0 0 0 0 0 0; 65 100 100 100 100 67 100 100 100 100 100 100 85 14 100 100 100 18 100 0 100 6 100 100 22 95 100 100 100 0 0 0 0 0 0; 100 100 100 100 100 99 100 95 100 100 9 100 88 100 100 100 100 100 16 100 100 100 96 100 100 100 100 100 100 100 0 0 0 0 0; 100 100 100 100 11 100 100 43 100 100 100 96 100 100 100 100 100 100 100 100 1 100 100 100 100 100 100 100 100 100 100 0 0 0 0; 100 100 100 100 100 19 100 100 100 100 100 100 100 100 100 100 100 100 100 100 100 100 100 100 100 100 100 15 100 100 100 96 0 0 0; 100 100 100 100 77 100 100 100 100 100 100 100 96 100 98 100 100 100 21 100 100 35 100 97 100 93 100 100 20 100 100 100 100 0 0; 3 100 100 45 100 100 100 100 100 100 88 100 100 100 19 100 99 8 100 38 100 100 24 100 35 100 14 81 100 100 100 100 24 100 0; 100 100 100 100 100 100 100 100 0 100 1 100 100 100 100 21 89 100 100 100 100 100 100 100 100 100 100 100 100 100 100 100 100 100 100]
