n=40
density=100
Q1=[114 0 0 0 0 0 0 0 0 0 0 0 0 0 0 0 0 0 0 0 0 0 0 0 0 0 0 0 0 0 0 0 0 0 0 0 0 0 0 0 ;
30 119 0 0 0 0 0 0 0 0 0 0 0 0 0 0 0 0 0 0 0 0 0 0 0 0 0 0 0 0 0 0 0 0 0 0 0 0 0 0 ;
142 157 22 0 0 0 0 0 0 0 0 0 0 0 0 0 0 0 0 0 0 0 0 0 0 0 0 0 0 0 0 0 0 0 0 0 0 0 0 0 ;
97 182 104 199 0 0 0 0 0 0 0 0 0 0 0 0 0 0 0 0 0 0 0 0 0 0 0 0 0 0 0 0 0 0 0 0 0 0 0 0 ;
31 174 187 128 170 0 0 0 0 0 0 0 0 0 0 0 0 0 0 0 0 0 0 0 0 0 0 0 0 0 0 0 0 0 0 0 0 0 0 0 ;
29 82 81 44 144 19 0 0 0 0 0 0 0 0 0 0 0 0 0 0 0 0 0 0 0 0 0 0 0 0 0 0 0 0 0 0 0 0 0 0 ;
69 51 36 12 86 133 1 0 0 0 0 0 0 0 0 0 0 0 0 0 0 0 0 0 0 0 0 0 0 0 0 0 0 0 0 0 0 0 0 0 ;
56 177 24 5 8 121 80 139 0 0 0 0 0 0 0 0 0 0 0 0 0 0 0 0 0 0 0 0 0 0 0 0 0 0 0 0 0 0 0 0 ;
96 90 134 79 143 111 129 73 169 0 0 0 0 0 0 0 0 0 0 0 0 0 0 0 0 0 0 0 0 0 0 0 0 0 0 0 0 0 0 0 ;
99 28 153 72 45 12 165 31 168 30 0 0 0 0 0 0 0 0 0 0 0 0 0 0 0 0 0 0 0 0 0 0 0 0 0 0 0 0 0 0 ;
44 66 14 18 47 177 37 2 9 122 141 0 0 0 0 0 0 0 0 0 0 0 0 0 0 0 0 0 0 0 0 0 0 0 0 0 0 0 0 0 ;
18 83 164 109 127 31 93 127 58 162 143 6 0 0 0 0 0 0 0 0 0 0 0 0 0 0 0 0 0 0 0 0 0 0 0 0 0 0 0 0 ;
85 17 134 147 128 99 102 82 70 137 16 163 133 0 0 0 0 0 0 0 0 0 0 0 0 0 0 0 0 0 0 0 0 0 0 0 0 0 0 0 ;
40 152 129 68 54 92 149 150 83 175 59 153 143 139 0 0 0 0 0 0 0 0 0 0 0 0 0 0 0 0 0 0 0 0 0 0 0 0 0 0 ;
94 76 58 165 135 153 186 43 18 179 122 75 148 105 169 0 0 0 0 0 0 0 0 0 0 0 0 0 0 0 0 0 0 0 0 0 0 0 0 0 ;
23 135 118 69 139 20 165 194 29 199 98 144 119 5 83 171 0 0 0 0 0 0 0 0 0 0 0 0 0 0 0 0 0 0 0 0 0 0 0 0 ;
148 19 181 19 109 195 141 87 92 88 113 92 198 81 16 77 83 0 0 0 0 0 0 0 0 0 0 0 0 0 0 0 0 0 0 0 0 0 0 0 ;
50 26 77 158 175 132 162 13 119 66 21 154 123 151 98 173 34 104 0 0 0 0 0 0 0 0 0 0 0 0 0 0 0 0 0 0 0 0 0 0 ;
127 150 109 93 13 98 113 92 12 163 61 192 194 68 200 74 161 56 71 0 0 0 0 0 0 0 0 0 0 0 0 0 0 0 0 0 0 0 0 0 ;
43 137 3 75 187 193 44 22 163 25 24 16 187 45 154 191 120 200 109 134 0 0 0 0 0 0 0 0 0 0 0 0 0 0 0 0 0 0 0 0 ;
102 95 152 77 161 84 88 70 113 117 40 43 178 120 68 21 99 157 178 147 193 0 0 0 0 0 0 0 0 0 0 0 0 0 0 0 0 0 0 0 ;
189 31 182 123 150 198 120 140 23 199 137 62 159 125 52 120 23 61 79 181 131 55 0 0 0 0 0 0 0 0 0 0 0 0 0 0 0 0 0 0 ;
121 119 142 87 63 197 138 153 112 121 198 51 86 189 35 163 68 191 199 71 199 96 104 0 0 0 0 0 0 0 0 0 0 0 0 0 0 0 0 0 ;
181 111 198 48 188 182 39 79 26 110 30 84 120 23 58 65 171 112 19 77 64 99 118 46 0 0 0 0 0 0 0 0 0 0 0 0 0 0 0 0 ;
174 54 184 132 165 87 62 199 6 177 45 60 51 129 74 159 141 196 95 56 28 122 133 70 7 0 0 0 0 0 0 0 0 0 0 0 0 0 0 0 ;
132 172 77 30 42 64 20 139 164 142 53 7 8 48 124 156 184 69 47 147 23 114 126 97 81 170 0 0 0 0 0 0 0 0 0 0 0 0 0 0 ;
181 63 143 189 191 105 164 6 170 126 128 197 155 186 16 162 135 55 163 166 54 166 185 108 136 100 28 0 0 0 0 0 0 0 0 0 0 0 0 0 ;
59 150 20 137 124 4 22 53 108 65 10 95 106 56 10 22 62 22 91 67 65 185 83 10 143 192 180 200 0 0 0 0 0 0 0 0 0 0 0 0 ;
121 127 58 111 1 150 102 115 139 90 191 53 158 30 86 131 156 124 141 80 33 51 137 93 81 28 41 17 53 0 0 0 0 0 0 0 0 0 0 0 ;
21 137 149 111 186 22 115 58 63 38 17 26 129 2 132 126 138 42 58 169 4 155 154 136 196 119 15 16 89 171 0 0 0 0 0 0 0 0 0 0 ;
125 17 198 118 8 161 18 172 31 127 189 115 162 35 103 10 102 143 32 149 95 55 154 57 79 193 50 164 12 173 135 0 0 0 0 0 0 0 0 0 ;
28 72 145 162 46 189 165 110 189 197 92 48 41 182 167 62 135 25 141 138 4 1 9 38 169 112 40 50 7 158 1 130 0 0 0 0 0 0 0 0 ;
54 81 126 53 87 55 161 86 158 148 189 192 81 112 152 19 135 92 115 123 122 70 48 45 181 11 36 120 135 147 182 133 126 0 0 0 0 0 0 0 ;
63 170 138 57 73 132 81 30 44 26 179 177 135 103 124 51 2 25 185 30 176 176 186 199 198 43 82 35 196 79 68 51 16 145 0 0 0 0 0 0 ;
38 82 113 60 133 189 85 57 8 17 9 128 184 22 182 190 149 90 14 70 13 34 78 185 11 198 101 62 191 88 99 129 28 93 106 0 0 0 0 0 ;
104 14 159 58 192 131 65 88 147 108 10 39 80 107 10 56 54 196 95 155 32 54 73 51 176 145 119 150 45 136 124 172 199 166 126 85 0 0 0 0 ;
128 199 171 83 145 133 193 101 178 50 181 44 76 29 145 61 199 37 69 195 41 188 153 48 196 62 127 88 124 178 77 44 134 7 9 172 82 0 0 0 ;
180 11 106 21 46 190 100 168 131 113 95 80 56 54 127 6 111 82 143 172 35 174 170 119 96 115 200 109 181 59 109 190 27 45 15 5 156 71 0 0 ;
100 117 60 15 19 48 93 157 35 196 199 147 45 156 53 102 180 79 58 149 135 28 87 17 93 109 67 38 71 159 105 144 96 56 21 78 192 136 126 0 ;
168 1 155 61 76 95 77 71 79 175 45 199 3 199 154 176 147 151 149 167 117 130 57 196 9 92 170 167 96 82 40 44 183 87 122 81 187 139 109 141 ]
w=[56, 36, 12, 91, 48, 32, 12, 56, 64, 71, 42, 54, 29, 90, 60, 36, 3, 65, 21, 71, 47, 42, 25, 50, 39, 7, 81, 71, 43, 64, 96, 70, 53, 73, 28, 83, 27, 18, 22, 15]
W=52 
k=2 
inst_name = "QKP_40_200_100" 
feasible = true 
Q2=[68 0 0 0 0 0 0 0 0 0 0 0 0 0 0 0 0 0 0 0 0 0 0 0 0 0 0 0 0 0 0 0 0 0 0 0 0 0 0 0; 170 46 0 0 0 0 0 0 0 0 0 0 0 0 0 0 0 0 0 0 0 0 0 0 0 0 0 0 0 0 0 0 0 0 0 0 0 0 0 0; 40 10 180 0 0 0 0 0 0 0 0 0 0 0 0 0 0 0 0 0 0 0 0 0 0 0 0 0 0 0 0 0 0 0 0 0 0 0 0 0; 186 9 59 1 0 0 0 0 0 0 0 0 0 0 0 0 0 0 0 0 0 0 0 0 0 0 0 0 0 0 0 0 0 0 0 0 0 0 0 0; 173 14 4 14 8 0 0 0 0 0 0 0 0 0 0 0 0 0 0 0 0 0 0 0 0 0 0 0 0 0 0 0 0 0 0 0 0 0 0 0; 179 177 186 195 48 196 0 0 0 0 0 0 0 0 0 0 0 0 0 0 0 0 0 0 0 0 0 0 0 0 0 0 0 0 0 0 0 0 0 0; 197 165 180 188 140 67 199 0 0 0 0 0 0 0 0 0 0 0 0 0 0 0 0 0 0 0 0 0 0 0 0 0 0 0 0 0 0 0 0 0; 146 15 192 195 194 39 198 14 0 0 0 0 0 0 0 0 0 0 0 0 0 0 0 0 0 0 0 0 0 0 0 0 0 0 0 0 0 0 0 0; 141 185 64 168 37 71 2 142 11 0 0 0 0 0 0 0 0 0 0 0 0 0 0 0 0 0 0 0 0 0 0 0 0 0 0 0 0 0 0 0; 198 194 34 139 181 191 11 172 29 171 0 0 0 0 0 0 0 0 0 0 0 0 0 0 0 0 0 0 0 0 0 0 0 0 0 0 0 0 0 0; 161 149 189 191 199 18 198 198 192 7 13 0 0 0 0 0 0 0 0 0 0 0 0 0 0 0 0 0 0 0 0 0 0 0 0 0 0 0 0 0; 196 186 1 49 3 188 128 69 185 34 35 197 0 0 0 0 0 0 0 0 0 0 0 0 0 0 0 0 0 0 0 0 0 0 0 0 0 0 0 0; 151 183 23 12 57 138 42 143 163 12 187 37 36 0 0 0 0 0 0 0 0 0 0 0 0 0 0 0 0 0 0 0 0 0 0 0 0 0 0 0; 192 22 66 172 169 116 15 45 141 20 191 40 48 16 0 0 0 0 0 0 0 0 0 0 0 0 0 0 0 0 0 0 0 0 0 0 0 0 0 0; 199 161 142 15 30 35 11 159 195 14 65 181 25 10 6 0 0 0 0 0 0 0 0 0 0 0 0 0 0 0 0 0 0 0 0 0 0 0 0 0; 184 36 8 136 30 195 24 6 193 1 172 1 27 200 188 28 0 0 0 0 0 0 0 0 0 0 0 0 0 0 0 0 0 0 0 0 0 0 0 0; 38 191 11 184 83 0 54 119 112 165 71 164 2 174 193 130 132 0 0 0 0 0 0 0 0 0 0 0 0 0 0 0 0 0 0 0 0 0 0 0; 161 183 193 25 4 57 33 195 27 172 192 29 25 47 134 22 186 28 0 0 0 0 0 0 0 0 0 0 0 0 0 0 0 0 0 0 0 0 0 0; 41 41 22 197 199 156 77 195 196 3 168 0 0 150 0 152 12 191 147 0 0 0 0 0 0 0 0 0 0 0 0 0 0 0 0 0 0 0 0 0; 159 58 199 172 13 3 161 178 26 182 200 191 4 189 33 6 50 0 37 32 0 0 0 0 0 0 0 0 0 0 0 0 0 0 0 0 0 0 0 0; 45 173 44 162 35 142 150 170 58 73 163 174 21 69 179 181 165 37 12 26 5 0 0 0 0 0 0 0 0 0 0 0 0 0 0 0 0 0 0 0; 9 199 3 57 49 0 22 32 193 1 2 184 20 27 152 70 185 191 167 7 11 199 0 0 0 0 0 0 0 0 0 0 0 0 0 0 0 0 0 0; 65 37 33 128 191 2 56 5 29 4 0 175 168 4 195 29 141 0 0 159 0 167 77 0 0 0 0 0 0 0 0 0 0 0 0 0 0 0 0 0; 8 42 0 180 12 4 172 135 193 75 195 131 78 182 153 197 6 59 191 137 142 196 77 183 0 0 0 0 0 0 0 0 0 0 0 0 0 0 0 0; 0 167 10 67 2 128 181 0 194 18 160 177 172 39 178 11 32 3 110 191 180 15 16 146 196 0 0 0 0 0 0 0 0 0 0 0 0 0 0 0; 15 13 127 198 193 190 180 21 21 44 192 200 197 155 49 20 15 154 177 13 197 85 61 178 199 5 0 0 0 0 0 0 0 0 0 0 0 0 0 0; 17 184 26 2 1 85 36 195 8 7 17 3 19 13 185 33 4 191 14 23 153 9 1 0 44 75 179 0 0 0 0 0 0 0 0 0 0 0 0 0; 143 44 182 41 4 199 178 181 83 141 198 173 50 145 198 196 162 192 117 144 192 13 123 194 15 2 20 0 0 0 0 0 0 0 0 0 0 0 0 0; 11 13 166 34 200 44 18 44 49 200 7 189 5 183 183 2 9 64 9 164 170 188 0 172 179 179 178 192 190 0 0 0 0 0 0 0 0 0 0 0; 197 56 37 10 11 190 74 156 171 167 186 180 68 199 15 60 38 161 189 11 198 7 7 13 1 75 196 198 163 11 0 0 0 0 0 0 0 0 0 0; 57 184 0 43 198 39 186 19 180 64 7 48 25 185 28 193 51 10 182 0 198 161 13 159 124 1 165 7 195 26 58 0 0 0 0 0 0 0 0 0; 179 129 34 2 184 10 30 0 0 0 137 158 183 18 27 179 12 190 23 2 200 199 194 175 5 83 172 199 195 20 200 45 0 0 0 0 0 0 0 0; 174 170 30 179 174 189 6 136 31 0 1 5 164 84 45 197 51 183 3 21 42 163 190 183 12 192 190 8 37 46 8 36 60 0 0 0 0 0 0 0; 165 0 56 182 153 33 143 188 192 200 2 9 9 16 1 161 200 182 9 179 13 19 11 1 2 187 166 192 1 185 181 163 197 11 0 0 0 0 0 0; 166 121 7 158 23 6 166 200 195 191 198 70 1 199 2 6 12 176 200 162 191 170 145 12 198 0 20 184 3 187 126 27 196 109 6 0 0 0 0 0; 36 193 32 170 0 52 140 185 48 49 197 191 128 31 194 170 149 1 134 18 176 171 166 163 4 50 57 37 182 23 9 27 0 33 19 132 0 0 0 0; 16 0 19 129 41 67 7 68 4 163 14 189 134 188 24 193 1 177 133 2 192 9 24 200 1 150 27 174 52 1 200 172 47 193 196 5 137 0 0 0; 20 195 35 188 160 8 36 29 61 79 169 159 187 156 16 199 63 194 5 26 187 4 18 26 187 10 0 42 7 144 70 0 177 197 198 196 39 187 0 0; 28 42 191 188 186 163 148 24 177 0 1 35 157 0 191 28 17 199 150 29 22 182 135 189 129 21 133 163 180 0 52 36 178 185 188 144 8 0 59 0; 7 199 32 186 162 175 157 174 193 12 172 1 200 0 34 5 41 31 2 33 16 45 199 4 192 147 24 7 118 157 193 176 15 181 64 133 13 13 86 41]
