n=15
density=100
Q1=[87 0 0 0 0 0 0 0 0 0 0 0 0 0 0 ;
91 60 0 0 0 0 0 0 0 0 0 0 0 0 0 ;
35 38 23 0 0 0 0 0 0 0 0 0 0 0 0 ;
2 71 21 32 0 0 0 0 0 0 0 0 0 0 0 ;
68 67 44 65 51 0 0 0 0 0 0 0 0 0 0 ;
98 91 46 49 69 8 0 0 0 0 0 0 0 0 0 ;
54 92 85 9 79 62 50 0 0 0 0 0 0 0 0 ;
9 50 5 34 1 22 97 68 0 0 0 0 0 0 0 ;
41 11 35 40 76 4 58 2 74 0 0 0 0 0 0 ;
4 9 42 45 22 85 10 72 21 87 0 0 0 0 0 ;
17 99 83 27 52 66 94 75 90 83 66 0 0 0 0 ;
35 72 81 54 68 100 74 16 71 87 36 19 0 0 0 ;
46 74 43 96 25 48 91 67 19 18 5 12 34 0 0 ;
25 61 90 9 15 53 62 7 12 56 68 30 68 56 0 ;
67 1 87 22 28 78 95 20 23 92 79 8 57 50 78 ]
w=[47, 29, 49, 24, 43, 27, 13, 29, 43, 18, 1, 21, 14, 19, 3]
W=59 
k=2 
inst_name = "QKP_15_100_100" 
feasible = true 
Q2=[1 0 0 0 0 0 0 0 0 0 0 0 0 0 0; 8 33 0 0 0 0 0 0 0 0 0 0 0 0 0; 81 80 96 0 0 0 0 0 0 0 0 0 0 0 0; 99 8 80 100 0 0 0 0 0 0 0 0 0 0 0; 14 29 78 4 39 0 0 0 0 0 0 0 0 0 0; 2 8 78 59 10 98 0 0 0 0 0 0 0 0 0; 10 1 8 92 18 3 19 0 0 0 0 0 0 0 0; 94 5 97 95 99 89 2 13 0 0 0 0 0 0 0; 63 100 99 92 23 98 7 100 26 0 0 0 0 0 0; 99 96 77 80 85 15 94 6 90 12 0 0 0 0 0; 89 0 3 92 5 16 6 20 1 5 0 0 0 0 0; 83 14 12 32 15 0 19 92 9 12 96 84 0 0 0; 66 17 67 4 96 93 8 17 92 83 95 88 93 0 0; 97 13 4 92 97 8 28 100 100 40 27 90 15 39 0; 6 100 10 92 82 13 5 99 86 7 16 99 29 32 14]
