n=45
density=50
Q1=[0 0 0 0 0 0 0 0 0 0 0 0 0 0 0 0 0 0 0 0 0 0 0 0 0 0 0 0 0 0 0 0 0 0 0 0 0 0 0 0 0 0 0 0 0 ;
34 0 0 0 0 0 0 0 0 0 0 0 0 0 0 0 0 0 0 0 0 0 0 0 0 0 0 0 0 0 0 0 0 0 0 0 0 0 0 0 0 0 0 0 0 ;
0 67 5 0 0 0 0 0 0 0 0 0 0 0 0 0 0 0 0 0 0 0 0 0 0 0 0 0 0 0 0 0 0 0 0 0 0 0 0 0 0 0 0 0 0 ;
0 67 0 0 0 0 0 0 0 0 0 0 0 0 0 0 0 0 0 0 0 0 0 0 0 0 0 0 0 0 0 0 0 0 0 0 0 0 0 0 0 0 0 0 0 ;
0 0 0 14 0 0 0 0 0 0 0 0 0 0 0 0 0 0 0 0 0 0 0 0 0 0 0 0 0 0 0 0 0 0 0 0 0 0 0 0 0 0 0 0 0 ;
0 49 18 3 77 53 0 0 0 0 0 0 0 0 0 0 0 0 0 0 0 0 0 0 0 0 0 0 0 0 0 0 0 0 0 0 0 0 0 0 0 0 0 0 0 ;
5 80 0 0 0 0 2 0 0 0 0 0 0 0 0 0 0 0 0 0 0 0 0 0 0 0 0 0 0 0 0 0 0 0 0 0 0 0 0 0 0 0 0 0 0 ;
84 42 23 3 0 6 89 0 0 0 0 0 0 0 0 0 0 0 0 0 0 0 0 0 0 0 0 0 0 0 0 0 0 0 0 0 0 0 0 0 0 0 0 0 0 ;
0 75 58 0 0 56 84 0 87 0 0 0 0 0 0 0 0 0 0 0 0 0 0 0 0 0 0 0 0 0 0 0 0 0 0 0 0 0 0 0 0 0 0 0 0 ;
0 86 0 73 69 42 0 82 0 0 0 0 0 0 0 0 0 0 0 0 0 0 0 0 0 0 0 0 0 0 0 0 0 0 0 0 0 0 0 0 0 0 0 0 0 ;
0 46 0 89 0 3 48 51 32 0 0 0 0 0 0 0 0 0 0 0 0 0 0 0 0 0 0 0 0 0 0 0 0 0 0 0 0 0 0 0 0 0 0 0 0 ;
0 0 99 39 14 99 41 0 0 13 66 0 0 0 0 0 0 0 0 0 0 0 0 0 0 0 0 0 0 0 0 0 0 0 0 0 0 0 0 0 0 0 0 0 0 ;
32 77 68 0 0 0 37 0 0 50 0 0 12 0 0 0 0 0 0 0 0 0 0 0 0 0 0 0 0 0 0 0 0 0 0 0 0 0 0 0 0 0 0 0 0 ;
0 6 96 42 45 57 0 0 77 0 64 12 0 3 0 0 0 0 0 0 0 0 0 0 0 0 0 0 0 0 0 0 0 0 0 0 0 0 0 0 0 0 0 0 0 ;
0 38 0 41 0 12 63 83 0 0 0 0 0 27 0 0 0 0 0 0 0 0 0 0 0 0 0 0 0 0 0 0 0 0 0 0 0 0 0 0 0 0 0 0 0 ;
44 32 0 0 0 0 21 0 5 0 0 0 0 50 0 0 0 0 0 0 0 0 0 0 0 0 0 0 0 0 0 0 0 0 0 0 0 0 0 0 0 0 0 0 0 ;
0 0 97 49 31 13 32 58 0 20 12 0 0 8 0 0 0 0 0 0 0 0 0 0 0 0 0 0 0 0 0 0 0 0 0 0 0 0 0 0 0 0 0 0 0 ;
56 0 88 0 87 34 0 0 0 0 0 0 62 63 84 17 0 0 0 0 0 0 0 0 0 0 0 0 0 0 0 0 0 0 0 0 0 0 0 0 0 0 0 0 0 ;
73 0 91 0 0 8 6 82 0 0 93 41 6 32 97 0 0 0 46 0 0 0 0 0 0 0 0 0 0 0 0 0 0 0 0 0 0 0 0 0 0 0 0 0 0 ;
0 0 0 20 27 0 66 77 0 0 76 0 17 61 72 0 0 0 62 0 0 0 0 0 0 0 0 0 0 0 0 0 0 0 0 0 0 0 0 0 0 0 0 0 0 ;
5 52 58 0 93 41 21 46 0 0 0 76 0 21 92 38 81 96 0 44 56 0 0 0 0 0 0 0 0 0 0 0 0 0 0 0 0 0 0 0 0 0 0 0 0 ;
0 0 0 0 0 0 0 69 0 0 87 0 7 0 0 21 88 19 6 0 0 87 0 0 0 0 0 0 0 0 0 0 0 0 0 0 0 0 0 0 0 0 0 0 0 ;
0 27 0 34 0 0 83 5 0 0 100 27 0 0 6 0 92 0 0 58 0 0 28 0 0 0 0 0 0 0 0 0 0 0 0 0 0 0 0 0 0 0 0 0 0 ;
0 0 29 92 60 39 71 0 0 46 0 81 0 0 0 24 93 16 21 0 0 35 36 0 0 0 0 0 0 0 0 0 0 0 0 0 0 0 0 0 0 0 0 0 0 ;
0 69 98 64 0 36 0 3 27 0 85 9 51 0 0 0 91 0 0 7 78 0 24 0 59 0 0 0 0 0 0 0 0 0 0 0 0 0 0 0 0 0 0 0 0 ;
6 0 0 0 0 96 0 87 0 98 0 46 0 0 0 52 0 72 17 0 0 35 0 0 0 41 0 0 0 0 0 0 0 0 0 0 0 0 0 0 0 0 0 0 0 ;
77 8 6 0 0 0 0 70 0 0 0 95 0 0 54 20 0 0 46 0 0 31 59 57 46 0 66 0 0 0 0 0 0 0 0 0 0 0 0 0 0 0 0 0 0 ;
77 65 0 0 79 0 0 0 23 0 0 27 100 10 0 79 18 97 0 0 93 0 73 51 0 0 0 68 0 0 0 0 0 0 0 0 0 0 0 0 0 0 0 0 0 ;
0 36 0 1 8 60 0 16 0 92 0 0 94 0 0 87 0 0 95 7 0 9 78 0 10 0 0 17 45 0 0 0 0 0 0 0 0 0 0 0 0 0 0 0 0 ;
0 0 81 0 0 0 0 46 91 29 60 0 9 0 63 0 77 36 65 0 0 0 0 0 0 0 0 58 99 0 0 0 0 0 0 0 0 0 0 0 0 0 0 0 0 ;
6 66 0 0 0 0 22 0 98 6 0 3 49 21 0 47 80 0 0 73 51 0 0 42 38 11 0 0 2 0 0 0 0 0 0 0 0 0 0 0 0 0 0 0 0 ;
32 63 0 11 90 0 0 6 9 0 0 0 40 0 0 0 53 0 59 0 0 36 0 0 0 0 0 19 61 53 0 89 0 0 0 0 0 0 0 0 0 0 0 0 0 ;
94 38 84 0 36 30 25 16 0 75 23 64 42 0 0 0 6 0 0 0 77 27 85 25 0 90 0 41 0 5 0 0 30 0 0 0 0 0 0 0 0 0 0 0 0 ;
0 67 40 63 0 0 0 0 60 8 84 71 48 84 4 0 0 27 0 0 0 38 53 77 0 0 0 27 0 65 0 43 41 0 0 0 0 0 0 0 0 0 0 0 0 ;
0 0 0 0 11 0 25 0 0 0 32 0 74 77 91 0 0 58 0 67 0 0 48 35 0 0 0 0 45 0 0 0 0 48 97 0 0 0 0 0 0 0 0 0 0 ;
28 84 26 94 0 0 0 66 0 0 29 0 0 62 23 0 0 0 59 32 0 0 74 0 84 0 96 0 39 40 2 0 51 83 96 61 0 0 0 0 0 0 0 0 0 ;
0 52 0 0 0 23 57 0 67 0 0 0 0 61 0 0 73 0 86 10 71 67 0 0 25 0 73 0 45 0 35 81 0 0 0 79 0 0 0 0 0 0 0 0 0 ;
0 0 53 88 13 28 62 0 0 0 2 0 45 0 60 84 0 0 0 19 0 0 0 94 34 0 0 0 66 61 0 0 51 72 24 0 43 86 0 0 0 0 0 0 0 ;
26 0 32 98 4 0 36 0 73 97 48 0 0 0 10 76 0 15 0 0 30 92 42 0 0 27 0 0 41 68 0 33 0 71 91 57 0 7 0 0 0 0 0 0 0 ;
0 0 46 39 93 31 94 45 62 0 68 25 0 0 7 82 50 0 0 0 0 0 0 0 0 0 0 81 44 32 45 0 0 0 0 0 0 75 0 53 0 0 0 0 0 ;
0 0 0 0 0 0 68 43 0 48 13 82 0 0 0 43 0 0 99 0 73 0 99 0 85 0 85 0 61 2 74 39 12 0 0 0 0 0 0 0 0 0 0 0 0 ;
1 0 0 0 11 0 0 0 70 0 0 45 44 0 0 0 0 72 38 29 52 0 20 0 59 2 53 0 0 0 0 0 79 0 2 0 0 0 44 0 0 0 0 0 0 ;
0 0 0 58 74 56 0 0 2 0 0 57 0 0 0 0 0 28 0 0 72 27 36 0 0 7 0 49 0 87 0 39 75 0 0 82 2 93 42 0 0 0 0 0 0 ;
0 0 0 0 53 0 0 88 0 0 67 0 50 92 0 0 0 0 59 0 81 69 56 26 0 62 43 0 78 0 13 0 0 0 22 56 0 0 0 80 0 0 0 0 0 ;
0 18 8 0 57 0 79 0 29 0 97 98 0 6 58 31 0 79 0 0 0 55 0 0 22 0 0 0 49 88 93 0 0 14 4 0 42 39 6 4 64 0 0 70 0 ]
w=[49, 13, 40, 30, 13, 36, 37, 35, 4, 48, 11, 14, 27, 10, 16, 36, 12, 16, 35, 33, 31, 42, 24, 12, 23, 24, 23, 48, 46, 39, 11, 39, 7, 7, 17, 11, 44, 1, 31, 21, 6, 4, 19, 4, 19]
W=151 
k=11 
inst_name = "QKP_45_100_50" 
feasible = true 
Q2=[100 0 0 0 0 0 0 0 0 0 0 0 0 0 0 0 0 0 0 0 0 0 0 0 0 0 0 0 0 0 0 0 0 0 0 0 0 0 0 0 0 0 0 0 0; 70 100 0 0 0 0 0 0 0 0 0 0 0 0 0 0 0 0 0 0 0 0 0 0 0 0 0 0 0 0 0 0 0 0 0 0 0 0 0 0 0 0 0 0 0; 100 1 95 0 0 0 0 0 0 0 0 0 0 0 0 0 0 0 0 0 0 0 0 0 0 0 0 0 0 0 0 0 0 0 0 0 0 0 0 0 0 0 0 0 0; 100 15 100 100 0 0 0 0 0 0 0 0 0 0 0 0 0 0 0 0 0 0 0 0 0 0 0 0 0 0 0 0 0 0 0 0 0 0 0 0 0 0 0 0 0; 100 100 100 95 100 0 0 0 0 0 0 0 0 0 0 0 0 0 0 0 0 0 0 0 0 0 0 0 0 0 0 0 0 0 0 0 0 0 0 0 0 0 0 0 0; 100 85 91 98 20 32 0 0 0 0 0 0 0 0 0 0 0 0 0 0 0 0 0 0 0 0 0 0 0 0 0 0 0 0 0 0 0 0 0 0 0 0 0 0 0; 98 18 100 100 100 100 99 0 0 0 0 0 0 0 0 0 0 0 0 0 0 0 0 0 0 0 0 0 0 0 0 0 0 0 0 0 0 0 0 0 0 0 0 0 0; 2 93 84 98 100 95 11 100 0 0 0 0 0 0 0 0 0 0 0 0 0 0 0 0 0 0 0 0 0 0 0 0 0 0 0 0 0 0 0 0 0 0 0 0 0; 100 21 23 100 100 13 15 100 7 0 0 0 0 0 0 0 0 0 0 0 0 0 0 0 0 0 0 0 0 0 0 0 0 0 0 0 0 0 0 0 0 0 0 0 0; 100 4 100 18 28 67 100 13 100 100 0 0 0 0 0 0 0 0 0 0 0 0 0 0 0 0 0 0 0 0 0 0 0 0 0 0 0 0 0 0 0 0 0 0 0; 100 90 100 9 100 99 91 8 98 100 100 0 0 0 0 0 0 0 0 0 0 0 0 0 0 0 0 0 0 0 0 0 0 0 0 0 0 0 0 0 0 0 0 0 0; 100 100 0 83 90 0 61 100 100 89 24 100 0 0 0 0 0 0 0 0 0 0 0 0 0 0 0 0 0 0 0 0 0 0 0 0 0 0 0 0 0 0 0 0 0; 70 18 10 100 100 100 63 100 100 15 100 100 93 0 0 0 0 0 0 0 0 0 0 0 0 0 0 0 0 0 0 0 0 0 0 0 0 0 0 0 0 0 0 0 0; 100 96 1 65 78 12 100 100 20 100 36 90 100 97 0 0 0 0 0 0 0 0 0 0 0 0 0 0 0 0 0 0 0 0 0 0 0 0 0 0 0 0 0 0 0; 100 75 100 94 100 99 22 0 100 100 100 100 100 98 100 0 0 0 0 0 0 0 0 0 0 0 0 0 0 0 0 0 0 0 0 0 0 0 0 0 0 0 0 0 0; 88 86 100 100 100 100 89 100 96 100 100 100 100 2 100 100 0 0 0 0 0 0 0 0 0 0 0 0 0 0 0 0 0 0 0 0 0 0 0 0 0 0 0 0 0; 100 100 0 86 88 92 80 21 100 89 90 100 100 98 100 100 100 0 0 0 0 0 0 0 0 0 0 0 0 0 0 0 0 0 0 0 0 0 0 0 0 0 0 0 0; 21 100 3 100 7 90 100 100 100 100 100 100 18 35 10 83 100 100 0 0 0 0 0 0 0 0 0 0 0 0 0 0 0 0 0 0 0 0 0 0 0 0 0 0 0; 10 100 3 100 100 93 95 0 100 100 3 81 99 93 3 100 100 100 94 0 0 0 0 0 0 0 0 0 0 0 0 0 0 0 0 0 0 0 0 0 0 0 0 0 0; 100 100 100 81 75 100 14 22 100 100 4 100 95 29 15 100 100 100 18 100 0 0 0 0 0 0 0 0 0 0 0 0 0 0 0 0 0 0 0 0 0 0 0 0 0; 96 5 9 100 6 66 92 84 100 100 100 17 100 81 1 96 16 4 100 62 30 0 0 0 0 0 0 0 0 0 0 0 0 0 0 0 0 0 0 0 0 0 0 0 0; 100 100 100 100 100 100 100 21 100 100 12 100 93 100 100 84 10 95 100 100 100 6 0 0 0 0 0 0 0 0 0 0 0 0 0 0 0 0 0 0 0 0 0 0 0; 100 97 100 89 100 100 3 99 100 100 0 73 100 100 100 100 1 100 100 20 100 100 84 0 0 0 0 0 0 0 0 0 0 0 0 0 0 0 0 0 0 0 0 0 0; 100 100 71 2 30 95 11 100 100 72 100 15 100 100 100 86 6 91 90 100 100 81 95 100 0 0 0 0 0 0 0 0 0 0 0 0 0 0 0 0 0 0 0 0 0; 100 28 1 0 100 65 100 99 80 100 3 98 18 100 100 100 1 100 100 93 17 100 89 100 25 0 0 0 0 0 0 0 0 0 0 0 0 0 0 0 0 0 0 0 0; 95 100 100 100 100 1 100 0 100 1 100 65 100 100 100 12 100 10 98 100 100 82 100 100 100 75 0 0 0 0 0 0 0 0 0 0 0 0 0 0 0 0 0 0 0; 8 92 99 100 100 100 100 2 100 100 100 4 100 100 15 88 100 100 74 100 100 95 5 26 92 100 21 0 0 0 0 0 0 0 0 0 0 0 0 0 0 0 0 0 0; 13 27 100 100 17 100 100 100 96 100 100 83 0 92 100 17 95 1 100 100 3 100 2 28 100 100 100 19 0 0 0 0 0 0 0 0 0 0 0 0 0 0 0 0 0; 100 77 100 100 99 20 100 94 100 0 100 100 5 100 100 7 100 100 2 93 100 93 7 100 98 100 100 90 68 0 0 0 0 0 0 0 0 0 0 0 0 0 0 0 0; 100 100 1 100 100 100 100 97 7 92 4 100 99 100 32 100 22 96 15 100 100 100 100 100 100 100 100 25 1 100 0 0 0 0 0 0 0 0 0 0 0 0 0 0 0; 100 6 100 100 100 100 85 100 1 98 100 99 100 91 100 81 17 100 100 0 1 100 100 100 100 99 100 100 98 100 100 0 0 0 0 0 0 0 0 0 0 0 0 0 0; 94 14 100 100 6 100 100 99 91 100 100 100 66 100 100 100 29 100 4 100 100 93 100 100 100 100 100 83 8 10 100 3 0 0 0 0 0 0 0 0 0 0 0 0 0; 3 78 13 100 89 80 88 92 100 21 87 34 65 100 100 100 98 100 100 100 5 79 2 81 100 2 100 85 100 95 100 100 87 0 0 0 0 0 0 0 0 0 0 0 0; 100 24 67 4 100 100 100 100 15 99 15 23 100 3 98 100 100 87 100 100 100 93 19 2 100 100 100 79 100 2 100 58 81 100 0 0 0 0 0 0 0 0 0 0 0; 100 100 100 100 100 100 88 100 100 100 89 100 21 8 0 100 100 20 100 3 100 100 67 100 100 100 100 100 71 100 100 100 100 80 3 0 0 0 0 0 0 0 0 0 0; 91 13 80 4 100 100 100 33 100 100 84 100 100 32 94 100 100 100 9 83 100 100 16 100 8 100 0 100 70 86 99 100 19 6 0 22 0 0 0 0 0 0 0 0 0; 100 20 100 100 100 82 10 100 5 100 100 100 100 36 100 100 8 100 1 99 21 7 100 100 79 100 13 100 56 100 85 13 100 100 100 15 100 0 0 0 0 0 0 0 0; 100 100 18 5 96 97 2 100 100 100 99 100 94 100 32 16 100 100 100 95 100 100 100 6 86 100 100 100 30 34 100 100 37 24 99 100 75 1 0 0 0 0 0 0 0; 85 100 69 2 98 100 64 100 22 3 90 100 100 100 100 17 100 97 100 100 92 4 72 100 100 85 100 100 67 9 100 96 100 6 6 7 100 93 100 0 0 0 0 0 0; 100 100 71 94 2 95 2 69 33 100 26 91 100 100 99 4 41 100 100 100 100 100 100 100 100 100 100 3 94 90 72 100 100 100 100 100 100 16 100 4 0 0 0 0 0; 100 100 100 100 100 100 5 82 100 66 93 16 100 100 100 83 100 100 1 100 17 100 1 100 8 100 10 100 39 98 25 75 94 100 100 100 100 100 100 100 100 0 0 0 0; 99 100 100 100 99 100 100 100 4 100 100 58 64 100 100 100 100 14 86 76 24 100 87 100 34 98 30 100 100 100 100 100 17 100 100 100 100 100 89 100 100 100 0 0 0; 100 100 100 33 2 27 100 100 100 100 100 19 100 100 100 100 100 84 100 100 8 83 80 100 100 99 100 54 100 5 100 63 2 100 100 14 98 4 89 100 100 100 100 0 0; 100 100 100 100 44 100 100 11 100 100 3 100 21 0 100 100 100 100 23 100 11 0 24 96 100 26 78 100 19 100 97 100 100 100 95 27 100 100 100 10 100 100 100 100 0; 100 89 95 100 0 100 0 100 76 100 0 0 100 99 3 91 100 0 100 100 100 21 100 100 95 100 100 100 69 10 6 100 100 89 98 100 59 61 96 98 13 100 100 4 100]
