n=50
density=75
Q1=[20 0 0 0 0 0 0 0 0 0 0 0 0 0 0 0 0 0 0 0 0 0 0 0 0 0 0 0 0 0 0 0 0 0 0 0 0 0 0 0 0 0 0 0 0 0 0 0 0 0 ;
74 23 0 0 0 0 0 0 0 0 0 0 0 0 0 0 0 0 0 0 0 0 0 0 0 0 0 0 0 0 0 0 0 0 0 0 0 0 0 0 0 0 0 0 0 0 0 0 0 0 ;
0 17 0 0 0 0 0 0 0 0 0 0 0 0 0 0 0 0 0 0 0 0 0 0 0 0 0 0 0 0 0 0 0 0 0 0 0 0 0 0 0 0 0 0 0 0 0 0 0 0 ;
3 0 0 0 0 0 0 0 0 0 0 0 0 0 0 0 0 0 0 0 0 0 0 0 0 0 0 0 0 0 0 0 0 0 0 0 0 0 0 0 0 0 0 0 0 0 0 0 0 0 ;
79 0 85 89 64 0 0 0 0 0 0 0 0 0 0 0 0 0 0 0 0 0 0 0 0 0 0 0 0 0 0 0 0 0 0 0 0 0 0 0 0 0 0 0 0 0 0 0 0 0 ;
20 0 80 64 96 0 0 0 0 0 0 0 0 0 0 0 0 0 0 0 0 0 0 0 0 0 0 0 0 0 0 0 0 0 0 0 0 0 0 0 0 0 0 0 0 0 0 0 0 0 ;
63 0 0 0 6 0 55 0 0 0 0 0 0 0 0 0 0 0 0 0 0 0 0 0 0 0 0 0 0 0 0 0 0 0 0 0 0 0 0 0 0 0 0 0 0 0 0 0 0 0 ;
10 31 0 48 18 31 38 50 0 0 0 0 0 0 0 0 0 0 0 0 0 0 0 0 0 0 0 0 0 0 0 0 0 0 0 0 0 0 0 0 0 0 0 0 0 0 0 0 0 0 ;
64 0 3 0 4 80 2 39 29 0 0 0 0 0 0 0 0 0 0 0 0 0 0 0 0 0 0 0 0 0 0 0 0 0 0 0 0 0 0 0 0 0 0 0 0 0 0 0 0 0 ;
59 65 0 0 9 62 0 19 12 70 0 0 0 0 0 0 0 0 0 0 0 0 0 0 0 0 0 0 0 0 0 0 0 0 0 0 0 0 0 0 0 0 0 0 0 0 0 0 0 0 ;
0 0 77 0 80 67 17 22 44 50 64 0 0 0 0 0 0 0 0 0 0 0 0 0 0 0 0 0 0 0 0 0 0 0 0 0 0 0 0 0 0 0 0 0 0 0 0 0 0 0 ;
0 0 0 0 63 0 44 60 86 56 0 95 0 0 0 0 0 0 0 0 0 0 0 0 0 0 0 0 0 0 0 0 0 0 0 0 0 0 0 0 0 0 0 0 0 0 0 0 0 0 ;
85 98 0 11 96 0 98 91 36 22 25 25 46 0 0 0 0 0 0 0 0 0 0 0 0 0 0 0 0 0 0 0 0 0 0 0 0 0 0 0 0 0 0 0 0 0 0 0 0 0 ;
56 43 0 39 0 0 82 59 20 80 20 47 96 97 0 0 0 0 0 0 0 0 0 0 0 0 0 0 0 0 0 0 0 0 0 0 0 0 0 0 0 0 0 0 0 0 0 0 0 0 ;
0 0 74 94 0 13 92 0 0 32 21 58 7 50 90 0 0 0 0 0 0 0 0 0 0 0 0 0 0 0 0 0 0 0 0 0 0 0 0 0 0 0 0 0 0 0 0 0 0 0 ;
42 91 0 5 13 69 94 91 0 7 80 49 31 80 36 0 0 0 0 0 0 0 0 0 0 0 0 0 0 0 0 0 0 0 0 0 0 0 0 0 0 0 0 0 0 0 0 0 0 0 ;
53 0 23 0 80 45 74 88 0 62 88 76 98 45 2 13 0 0 0 0 0 0 0 0 0 0 0 0 0 0 0 0 0 0 0 0 0 0 0 0 0 0 0 0 0 0 0 0 0 0 ;
39 0 66 79 61 58 0 50 43 36 70 77 28 29 92 17 68 38 0 0 0 0 0 0 0 0 0 0 0 0 0 0 0 0 0 0 0 0 0 0 0 0 0 0 0 0 0 0 0 0 ;
0 9 41 45 42 54 37 0 42 19 0 23 85 17 78 21 28 53 0 0 0 0 0 0 0 0 0 0 0 0 0 0 0 0 0 0 0 0 0 0 0 0 0 0 0 0 0 0 0 0 ;
54 2 29 54 55 0 73 67 0 32 0 91 39 0 61 0 5 21 82 41 0 0 0 0 0 0 0 0 0 0 0 0 0 0 0 0 0 0 0 0 0 0 0 0 0 0 0 0 0 0 ;
4 9 93 27 85 42 29 18 24 78 98 42 76 92 65 0 28 41 83 83 0 0 0 0 0 0 0 0 0 0 0 0 0 0 0 0 0 0 0 0 0 0 0 0 0 0 0 0 0 0 ;
0 65 19 0 0 79 37 66 89 0 84 33 0 63 0 97 18 0 15 82 1 34 0 0 0 0 0 0 0 0 0 0 0 0 0 0 0 0 0 0 0 0 0 0 0 0 0 0 0 0 ;
0 22 0 0 0 0 57 21 44 84 29 19 17 0 34 77 0 25 93 12 0 51 22 0 0 0 0 0 0 0 0 0 0 0 0 0 0 0 0 0 0 0 0 0 0 0 0 0 0 0 ;
44 49 0 54 0 80 0 0 39 100 0 19 16 17 43 10 0 82 3 20 47 75 55 11 0 0 0 0 0 0 0 0 0 0 0 0 0 0 0 0 0 0 0 0 0 0 0 0 0 0 ;
38 63 0 98 62 88 36 68 70 67 46 0 0 20 67 40 0 33 48 36 1 0 33 0 87 0 0 0 0 0 0 0 0 0 0 0 0 0 0 0 0 0 0 0 0 0 0 0 0 0 ;
70 10 0 95 45 0 58 17 0 0 0 81 19 88 86 0 43 1 0 95 48 47 30 85 0 57 0 0 0 0 0 0 0 0 0 0 0 0 0 0 0 0 0 0 0 0 0 0 0 0 ;
31 17 0 10 0 19 42 0 75 29 54 53 52 83 47 32 12 17 87 38 86 84 0 31 65 0 17 0 0 0 0 0 0 0 0 0 0 0 0 0 0 0 0 0 0 0 0 0 0 0 ;
81 66 0 23 81 0 50 80 23 95 51 23 8 2 0 79 70 30 81 72 0 0 0 48 71 24 0 0 0 0 0 0 0 0 0 0 0 0 0 0 0 0 0 0 0 0 0 0 0 0 ;
39 54 0 0 0 87 64 79 78 0 2 57 35 20 0 85 33 48 0 0 7 0 0 62 0 0 14 0 90 0 0 0 0 0 0 0 0 0 0 0 0 0 0 0 0 0 0 0 0 0 ;
3 8 35 35 43 0 59 54 85 44 29 9 0 10 0 0 22 0 0 19 91 82 0 83 36 36 0 4 4 47 0 0 0 0 0 0 0 0 0 0 0 0 0 0 0 0 0 0 0 0 ;
64 99 0 0 26 0 76 97 0 0 76 0 59 0 33 4 44 7 76 95 59 0 0 18 13 0 30 93 28 7 33 0 0 0 0 0 0 0 0 0 0 0 0 0 0 0 0 0 0 0 ;
99 66 0 0 99 43 22 38 26 20 1 0 6 0 42 49 0 81 89 29 65 0 72 80 93 63 0 46 57 72 0 44 0 0 0 0 0 0 0 0 0 0 0 0 0 0 0 0 0 0 ;
23 55 11 74 0 0 52 74 7 26 31 0 55 21 0 46 56 13 72 54 47 32 87 58 94 0 80 20 0 30 86 100 65 0 0 0 0 0 0 0 0 0 0 0 0 0 0 0 0 0 ;
0 51 0 91 20 0 30 0 0 0 92 0 48 60 92 82 22 0 97 0 57 0 0 0 16 53 11 9 90 0 65 38 77 4 0 0 0 0 0 0 0 0 0 0 0 0 0 0 0 0 ;
0 88 68 20 0 99 20 69 20 16 49 0 100 0 0 0 63 0 36 0 98 0 10 97 23 36 0 93 54 45 70 5 69 28 0 0 0 0 0 0 0 0 0 0 0 0 0 0 0 0 ;
0 80 0 85 87 64 0 0 11 0 76 67 22 88 31 24 58 36 40 75 77 42 5 25 0 97 99 0 100 9 0 36 93 0 0 46 0 0 0 0 0 0 0 0 0 0 0 0 0 0 ;
99 81 0 70 0 82 96 27 74 46 66 71 0 68 62 84 45 44 99 93 94 0 57 0 63 17 54 35 66 0 37 37 42 0 0 0 0 0 0 0 0 0 0 0 0 0 0 0 0 0 ;
68 39 67 55 0 0 40 0 73 62 63 47 4 0 67 75 0 55 95 56 71 88 91 20 68 80 0 51 86 0 63 0 0 9 43 99 0 65 0 0 0 0 0 0 0 0 0 0 0 0 ;
43 11 58 0 8 1 86 58 100 37 64 94 0 0 0 0 0 0 9 62 82 11 26 87 0 90 93 0 47 96 22 56 0 0 0 1 60 55 97 0 0 0 0 0 0 0 0 0 0 0 ;
7 0 0 82 0 10 23 0 82 31 48 58 14 97 26 85 70 1 74 0 46 35 46 39 3 80 19 0 89 0 0 66 60 17 0 11 33 49 18 6 0 0 0 0 0 0 0 0 0 0 ;
0 47 98 100 35 35 4 0 64 0 57 95 38 99 24 0 68 0 0 0 0 63 0 42 99 29 84 83 0 37 61 15 87 32 0 56 0 96 18 0 0 0 0 0 0 0 0 0 0 0 ;
0 92 41 10 0 96 48 60 25 7 0 66 0 10 0 0 0 0 64 74 57 93 37 5 67 0 50 0 24 34 0 0 14 57 0 0 29 25 96 53 85 71 0 0 0 0 0 0 0 0 ;
12 64 90 61 0 0 32 37 0 0 66 0 79 0 0 88 79 58 58 0 0 27 42 0 45 0 0 0 28 73 76 27 0 0 11 5 30 100 0 46 67 0 0 0 0 0 0 0 0 0 ;
82 0 67 0 67 7 97 72 0 15 57 38 67 74 62 83 84 57 21 41 2 0 46 0 6 90 35 0 9 16 50 0 71 61 0 0 25 100 54 78 0 68 0 56 0 0 0 0 0 0 ;
91 73 39 13 12 87 0 0 15 66 0 0 53 63 20 12 55 0 13 11 0 19 0 49 0 0 0 17 59 79 99 65 0 87 0 55 6 67 82 25 33 14 24 17 28 0 0 0 0 0 ;
86 68 63 0 23 0 99 61 0 0 0 10 0 7 43 81 33 34 90 89 72 60 45 0 73 0 100 91 15 53 0 0 0 86 88 25 0 76 25 46 86 75 69 92 10 34 0 0 0 0 ;
36 0 80 22 32 78 3 0 0 94 6 13 0 4 0 31 3 0 4 0 89 69 39 71 0 87 0 27 64 76 74 0 73 81 97 68 49 0 86 34 12 70 27 29 0 12 81 0 0 0 ;
0 43 14 0 91 0 63 96 54 97 0 0 0 52 77 0 34 96 74 0 87 0 0 51 11 0 75 59 21 70 22 85 0 12 0 12 56 61 44 0 15 57 2 22 20 0 7 3 0 0 ;
62 65 29 44 0 22 52 54 80 42 35 85 65 85 0 28 82 85 47 74 0 60 23 36 69 44 7 84 0 72 49 53 37 75 5 25 12 17 32 43 75 48 47 0 67 0 32 85 0 0 ;
82 0 91 39 0 7 0 0 31 50 7 0 85 36 0 0 72 36 0 0 92 0 83 14 0 0 60 23 100 42 85 65 70 93 0 0 60 39 39 0 0 78 71 0 7 58 78 0 0 26 ]
w=[8, 16, 5, 32, 24, 15, 4, 9, 23, 37, 22, 3, 25, 4, 22, 47, 48, 31, 28, 10, 11, 35, 30, 42, 48, 34, 19, 36, 42, 24, 22, 38, 38, 38, 40, 11, 41, 39, 45, 37, 18, 11, 17, 16, 39, 43, 22, 38, 14, 33]
W=150 
k=9 
inst_name = "QKP_50_100_75" 
feasible = true 
Q2=[85 0 0 0 0 0 0 0 0 0 0 0 0 0 0 0 0 0 0 0 0 0 0 0 0 0 0 0 0 0 0 0 0 0 0 0 0 0 0 0 0 0 0 0 0 0 0 0 0 0; 11 85 0 0 0 0 0 0 0 0 0 0 0 0 0 0 0 0 0 0 0 0 0 0 0 0 0 0 0 0 0 0 0 0 0 0 0 0 0 0 0 0 0 0 0 0 0 0 0 0; 100 94 100 0 0 0 0 0 0 0 0 0 0 0 0 0 0 0 0 0 0 0 0 0 0 0 0 0 0 0 0 0 0 0 0 0 0 0 0 0 0 0 0 0 0 0 0 0 0 0; 100 100 100 100 0 0 0 0 0 0 0 0 0 0 0 0 0 0 0 0 0 0 0 0 0 0 0 0 0 0 0 0 0 0 0 0 0 0 0 0 0 0 0 0 0 0 0 0 0 0; 0 100 5 4 6 0 0 0 0 0 0 0 0 0 0 0 0 0 0 0 0 0 0 0 0 0 0 0 0 0 0 0 0 0 0 0 0 0 0 0 0 0 0 0 0 0 0 0 0 0; 93 100 2 32 1 100 0 0 0 0 0 0 0 0 0 0 0 0 0 0 0 0 0 0 0 0 0 0 0 0 0 0 0 0 0 0 0 0 0 0 0 0 0 0 0 0 0 0 0 0; 11 100 100 100 97 100 34 0 0 0 0 0 0 0 0 0 0 0 0 0 0 0 0 0 0 0 0 0 0 0 0 0 0 0 0 0 0 0 0 0 0 0 0 0 0 0 0 0 0 0; 93 77 100 80 92 86 93 1 0 0 0 0 0 0 0 0 0 0 0 0 0 0 0 0 0 0 0 0 0 0 0 0 0 0 0 0 0 0 0 0 0 0 0 0 0 0 0 0 0 0; 24 100 97 100 97 6 99 71 72 0 0 0 0 0 0 0 0 0 0 0 0 0 0 0 0 0 0 0 0 0 0 0 0 0 0 0 0 0 0 0 0 0 0 0 0 0 0 0 0 0; 12 30 100 100 95 10 100 83 89 7 0 0 0 0 0 0 0 0 0 0 0 0 0 0 0 0 0 0 0 0 0 0 0 0 0 0 0 0 0 0 0 0 0 0 0 0 0 0 0 0; 100 100 6 100 10 21 86 86 95 14 30 0 0 0 0 0 0 0 0 0 0 0 0 0 0 0 0 0 0 0 0 0 0 0 0 0 0 0 0 0 0 0 0 0 0 0 0 0 0 0; 100 100 100 100 26 100 78 30 1 39 100 5 0 0 0 0 0 0 0 0 0 0 0 0 0 0 0 0 0 0 0 0 0 0 0 0 0 0 0 0 0 0 0 0 0 0 0 0 0 0; 4 1 100 90 1 100 2 1 64 83 80 77 89 0 0 0 0 0 0 0 0 0 0 0 0 0 0 0 0 0 0 0 0 0 0 0 0 0 0 0 0 0 0 0 0 0 0 0 0 0; 35 94 100 83 100 100 13 27 86 6 99 80 4 2 0 0 0 0 0 0 0 0 0 0 0 0 0 0 0 0 0 0 0 0 0 0 0 0 0 0 0 0 0 0 0 0 0 0 0 0; 100 100 0 4 100 97 2 100 100 71 96 25 93 43 2 0 0 0 0 0 0 0 0 0 0 0 0 0 0 0 0 0 0 0 0 0 0 0 0 0 0 0 0 0 0 0 0 0 0 0; 91 7 100 100 89 31 5 7 100 93 5 82 90 5 74 100 0 0 0 0 0 0 0 0 0 0 0 0 0 0 0 0 0 0 0 0 0 0 0 0 0 0 0 0 0 0 0 0 0 0; 42 100 100 100 8 62 5 12 100 22 9 15 0 81 100 87 100 0 0 0 0 0 0 0 0 0 0 0 0 0 0 0 0 0 0 0 0 0 0 0 0 0 0 0 0 0 0 0 0 0; 87 100 23 2 7 5 100 8 73 66 19 20 92 97 6 88 14 65 0 0 0 0 0 0 0 0 0 0 0 0 0 0 0 0 0 0 0 0 0 0 0 0 0 0 0 0 0 0 0 0; 100 95 68 99 95 29 91 100 86 97 100 82 9 96 12 92 79 6 100 0 0 0 0 0 0 0 0 0 0 0 0 0 0 0 0 0 0 0 0 0 0 0 0 0 0 0 0 0 0 0; 15 100 89 29 20 100 17 33 100 74 100 4 67 100 25 100 95 96 10 72 0 0 0 0 0 0 0 0 0 0 0 0 0 0 0 0 0 0 0 0 0 0 0 0 0 0 0 0 0 0; 97 98 0 98 13 61 83 91 83 4 0 83 6 8 26 100 91 79 11 14 100 0 0 0 0 0 0 0 0 0 0 0 0 0 0 0 0 0 0 0 0 0 0 0 0 0 0 0 0 0; 100 32 88 100 100 13 74 21 1 100 2 67 100 1 100 0 95 100 96 2 99 68 0 0 0 0 0 0 0 0 0 0 0 0 0 0 0 0 0 0 0 0 0 0 0 0 0 0 0 0; 100 84 100 100 100 100 25 85 91 16 99 83 100 100 71 23 100 76 4 97 100 24 94 0 0 0 0 0 0 0 0 0 0 0 0 0 0 0 0 0 0 0 0 0 0 0 0 0 0 0; 87 57 100 2 100 11 100 100 87 0 100 99 94 97 98 93 100 8 98 83 66 21 41 95 0 0 0 0 0 0 0 0 0 0 0 0 0 0 0 0 0 0 0 0 0 0 0 0 0 0; 99 3 100 0 33 3 78 21 16 12 77 100 100 98 18 68 100 96 77 73 100 100 93 100 1 0 0 0 0 0 0 0 0 0 0 0 0 0 0 0 0 0 0 0 0 0 0 0 0 0; 9 93 100 4 76 100 40 84 100 100 100 17 95 9 7 100 89 100 100 4 64 64 86 13 100 26 0 0 0 0 0 0 0 0 0 0 0 0 0 0 0 0 0 0 0 0 0 0 0 0; 77 99 100 99 100 95 88 100 11 73 30 9 34 0 54 99 93 85 9 98 0 11 100 79 13 100 88 0 0 0 0 0 0 0 0 0 0 0 0 0 0 0 0 0 0 0 0 0 0 0; 2 33 100 97 1 100 20 18 88 5 40 92 96 98 100 12 1 100 7 5 100 100 100 96 10 94 100 100 0 0 0 0 0 0 0 0 0 0 0 0 0 0 0 0 0 0 0 0 0 0; 92 42 100 100 100 3 29 4 5 100 99 3 88 96 100 2 100 87 100 100 100 100 100 5 100 100 96 100 7 0 0 0 0 0 0 0 0 0 0 0 0 0 0 0 0 0 0 0 0 0; 99 93 88 72 63 100 3 34 9 89 75 95 100 92 100 100 93 100 100 90 1 5 100 4 83 78 100 100 100 100 0 0 0 0 0 0 0 0 0 0 0 0 0 0 0 0 0 0 0 0; 13 0 100 100 99 100 18 3 100 100 22 100 13 100 96 100 98 97 23 0 39 100 100 100 98 100 100 5 83 95 84 0 0 0 0 0 0 0 0 0 0 0 0 0 0 0 0 0 0 0; 0 1 100 100 1 92 91 78 93 85 99 100 96 100 77 69 100 2 4 79 5 100 17 3 4 7 100 61 24 7 100 74 0 0 0 0 0 0 0 0 0 0 0 0 0 0 0 0 0 0; 93 44 89 7 100 100 29 23 100 87 71 100 12 84 100 75 31 89 21 37 91 85 3 23 6 100 16 81 100 79 7 0 18 0 0 0 0 0 0 0 0 0 0 0 0 0 0 0 0 0; 100 32 100 5 97 100 92 100 100 100 7 100 76 14 7 4 98 100 1 100 14 100 100 100 88 33 90 98 6 100 17 85 16 98 0 0 0 0 0 0 0 0 0 0 0 0 0 0 0 0; 100 0 14 92 100 0 90 31 81 95 79 100 0 100 100 100 30 100 97 100 1 100 92 3 83 68 100 2 21 66 17 95 10 84 100 0 0 0 0 0 0 0 0 0 0 0 0 0 0 0; 100 19 100 0 0 12 100 100 91 100 1 2 88 12 95 91 17 77 76 13 21 78 100 81 100 0 1 100 0 94 100 87 3 100 100 71 0 0 0 0 0 0 0 0 0 0 0 0 0 0; 1 15 100 28 100 5 2 79 25 58 4 21 100 3 35 1 77 85 0 6 0 100 11 100 9 89 0 83 3 100 85 68 96 100 100 100 100 0 0 0 0 0 0 0 0 0 0 0 0 0; 16 84 33 6 100 100 61 100 7 31 30 60 97 100 32 11 100 45 0 43 5 9 2 95 24 3 100 14 2 100 19 100 100 96 98 0 100 2 0 0 0 0 0 0 0 0 0 0 0 0; 64 95 31 100 95 100 6 22 0 100 1 0 100 100 100 100 100 100 91 16 10 100 79 5 100 0 5 100 63 0 95 14 100 100 100 99 0 35 0 0 0 0 0 0 0 0 0 0 0 0; 98 100 100 3 100 96 82 100 4 92 69 19 99 1 93 15 19 99 25 100 93 69 56 100 100 13 93 100 9 100 100 20 36 92 100 92 85 68 98 96 0 0 0 0 0 0 0 0 0 0; 100 63 1 0 68 94 99 100 18 100 23 1 100 1 99 100 16 100 100 100 100 2 100 74 0 95 10 15 100 66 16 88 2 84 100 36 100 0 95 100 100 0 0 0 0 0 0 0 0 0; 100 5 85 97 100 2 84 7 82 93 100 20 100 94 100 100 100 100 12 8 28 6 88 100 25 100 17 100 90 96 100 100 92 16 100 100 94 85 0 27 12 1 0 0 0 0 0 0 0 0; 88 18 10 11 100 100 99 96 100 100 25 100 3 100 100 9 20 18 22 100 100 75 95 100 78 100 100 100 73 23 15 89 100 100 98 96 85 0 100 76 24 100 100 0 0 0 0 0 0 0; 8 100 30 100 17 100 1 17 100 86 38 66 32 20 15 2 0 39 91 93 100 100 63 100 95 3 94 100 100 87 16 100 20 33 100 100 81 0 18 4 100 17 100 43 0 0 0 0 0 0; 8 17 61 89 100 8 100 100 87 4 100 100 19 21 82 92 9 100 96 89 100 81 100 100 100 100 100 99 15 18 1 23 100 6 100 24 99 13 5 92 74 92 81 87 93 0 0 0 0 0; 3 11 9 100 77 100 1 24 100 100 100 91 100 96 59 13 84 73 2 9 3 8 58 100 22 100 0 1 85 20 100 100 100 3 7 93 100 20 86 82 14 24 21 4 92 84 0 0 0 0; 66 100 11 86 96 8 99 100 100 0 100 92 100 97 100 96 100 100 100 100 6 20 67 12 100 12 100 80 33 21 15 100 5 0 3 29 90 100 12 68 92 15 79 98 100 88 16 0 0 0; 100 65 95 100 8 100 33 1 9 0 100 100 100 22 7 100 93 0 2 100 9 100 100 0 95 100 0 24 84 4 81 13 100 91 100 99 33 11 85 100 95 35 100 100 96 100 100 97 0 0; 37 4 93 86 100 93 20 22 14 88 76 0 5 14 100 79 18 14 90 10 100 30 97 90 3 84 96 6 100 23 67 45 73 22 95 78 97 84 91 87 9 55 79 100 15 100 94 10 100 0; 14 100 8 98 100 100 100 100 76 9 93 100 4 69 100 100 17 77 100 100 3 100 11 91 100 100 17 95 0 94 9 20 14 7 100 100 3 99 63 100 100 10 23 100 99 34 6 100 100 86]
