n=20
density=100
Q1=[176 0 0 0 0 0 0 0 0 0 0 0 0 0 0 0 0 0 0 0 ;
52 149 0 0 0 0 0 0 0 0 0 0 0 0 0 0 0 0 0 0 ;
188 59 188 0 0 0 0 0 0 0 0 0 0 0 0 0 0 0 0 0 ;
167 60 78 181 0 0 0 0 0 0 0 0 0 0 0 0 0 0 0 0 ;
85 156 161 118 144 0 0 0 0 0 0 0 0 0 0 0 0 0 0 0 ;
115 96 15 138 30 161 0 0 0 0 0 0 0 0 0 0 0 0 0 0 ;
99 153 26 58 140 19 71 0 0 0 0 0 0 0 0 0 0 0 0 0 ;
54 159 198 75 46 79 70 17 0 0 0 0 0 0 0 0 0 0 0 0 ;
110 200 20 181 85 173 119 7 119 0 0 0 0 0 0 0 0 0 0 0 ;
49 122 159 126 155 130 51 125 14 132 0 0 0 0 0 0 0 0 0 0 ;
26 56 68 152 61 175 75 104 39 152 83 0 0 0 0 0 0 0 0 0 ;
192 161 154 67 85 37 115 53 184 32 69 116 0 0 0 0 0 0 0 0 ;
3 55 132 161 102 161 52 160 68 151 22 105 99 0 0 0 0 0 0 0 ;
134 30 167 178 196 58 163 196 81 117 193 199 101 57 0 0 0 0 0 0 ;
76 106 184 75 117 39 120 145 184 161 40 113 90 143 127 0 0 0 0 0 ;
77 69 4 27 9 146 11 96 11 21 184 110 21 139 25 1 0 0 0 0 ;
170 49 51 177 3 113 11 13 18 94 191 66 52 127 150 107 81 0 0 0 ;
32 136 83 196 173 106 184 131 13 200 59 16 57 141 24 115 16 78 0 0 ;
77 164 139 99 131 192 199 18 186 185 171 46 200 106 86 56 71 142 21 0 ;
81 191 57 177 153 119 90 4 17 119 142 102 41 187 24 181 94 102 179 132 ]
w=[66, 82, 30, 53, 6, 90, 86, 62, 78, 17, 76, 72, 31, 68, 94, 54, 45, 23, 83, 21]
W=69 
k=3 
inst_name = "QKP_20_200_100" 
feasible = true 
Q2=[6 0 0 0 0 0 0 0 0 0 0 0 0 0 0 0 0 0 0 0; 178 24 0 0 0 0 0 0 0 0 0 0 0 0 0 0 0 0 0 0; 8 153 5 0 0 0 0 0 0 0 0 0 0 0 0 0 0 0 0 0; 15 151 174 8 0 0 0 0 0 0 0 0 0 0 0 0 0 0 0 0; 136 2 5 26 6 0 0 0 0 0 0 0 0 0 0 0 0 0 0 0; 70 175 188 26 200 1 0 0 0 0 0 0 0 0 0 0 0 0 0 0; 154 15 200 148 46 193 137 0 0 0 0 0 0 0 0 0 0 0 0 0; 163 41 1 192 189 166 196 199 0 0 0 0 0 0 0 0 0 0 0 0; 24 0 190 14 163 17 3 193 30 0 0 0 0 0 0 0 0 0 0 0; 157 36 13 17 17 29 175 14 191 18 0 0 0 0 0 0 0 0 0 0; 199 171 196 24 158 15 178 41 163 30 142 0 0 0 0 0 0 0 0 0; 0 10 2 137 130 175 47 168 16 178 150 1 0 0 0 0 0 0 0 0; 197 145 23 18 67 20 170 4 176 35 197 91 198 0 0 0 0 0 0 0; 55 196 17 6 0 199 7 1 166 4 1 1 68 187 0 0 0 0 0 0; 160 89 10 137 26 175 48 41 0 29 176 85 187 54 21 0 0 0 0 0; 128 155 198 194 193 28 191 175 194 200 16 20 189 52 181 199 0 0 0 0; 18 185 149 5 197 10 189 196 198 115 9 198 194 28 42 74 148 0 0 0; 180 62 171 1 25 73 14 1 189 0 165 199 159 15 178 78 194 130 0 0; 182 24 13 163 9 8 0 183 11 5 13 162 0 56 135 156 156 2 200 0; 137 7 165 21 21 46 197 198 197 49 39 15 176 10 194 13 162 65 7 24]
