n=45
density=50
Q1=[0 0 0 0 0 0 0 0 0 0 0 0 0 0 0 0 0 0 0 0 0 0 0 0 0 0 0 0 0 0 0 0 0 0 0 0 0 0 0 0 0 0 0 0 0 ;
36 0 0 0 0 0 0 0 0 0 0 0 0 0 0 0 0 0 0 0 0 0 0 0 0 0 0 0 0 0 0 0 0 0 0 0 0 0 0 0 0 0 0 0 0 ;
138 0 173 0 0 0 0 0 0 0 0 0 0 0 0 0 0 0 0 0 0 0 0 0 0 0 0 0 0 0 0 0 0 0 0 0 0 0 0 0 0 0 0 0 0 ;
35 65 0 142 0 0 0 0 0 0 0 0 0 0 0 0 0 0 0 0 0 0 0 0 0 0 0 0 0 0 0 0 0 0 0 0 0 0 0 0 0 0 0 0 0 ;
17 81 5 72 0 0 0 0 0 0 0 0 0 0 0 0 0 0 0 0 0 0 0 0 0 0 0 0 0 0 0 0 0 0 0 0 0 0 0 0 0 0 0 0 0 ;
66 0 0 0 0 108 0 0 0 0 0 0 0 0 0 0 0 0 0 0 0 0 0 0 0 0 0 0 0 0 0 0 0 0 0 0 0 0 0 0 0 0 0 0 0 ;
109 0 101 0 66 156 0 0 0 0 0 0 0 0 0 0 0 0 0 0 0 0 0 0 0 0 0 0 0 0 0 0 0 0 0 0 0 0 0 0 0 0 0 0 0 ;
0 26 0 117 3 0 7 0 0 0 0 0 0 0 0 0 0 0 0 0 0 0 0 0 0 0 0 0 0 0 0 0 0 0 0 0 0 0 0 0 0 0 0 0 0 ;
0 49 0 157 67 35 0 92 154 0 0 0 0 0 0 0 0 0 0 0 0 0 0 0 0 0 0 0 0 0 0 0 0 0 0 0 0 0 0 0 0 0 0 0 0 ;
0 0 0 0 0 0 0 23 94 81 0 0 0 0 0 0 0 0 0 0 0 0 0 0 0 0 0 0 0 0 0 0 0 0 0 0 0 0 0 0 0 0 0 0 0 ;
10 0 68 62 0 48 0 0 0 0 0 0 0 0 0 0 0 0 0 0 0 0 0 0 0 0 0 0 0 0 0 0 0 0 0 0 0 0 0 0 0 0 0 0 0 ;
0 0 0 78 196 0 137 0 62 0 0 6 0 0 0 0 0 0 0 0 0 0 0 0 0 0 0 0 0 0 0 0 0 0 0 0 0 0 0 0 0 0 0 0 0 ;
116 147 75 0 0 0 93 0 99 61 0 0 0 0 0 0 0 0 0 0 0 0 0 0 0 0 0 0 0 0 0 0 0 0 0 0 0 0 0 0 0 0 0 0 0 ;
184 0 130 0 83 66 0 77 0 0 186 165 69 0 0 0 0 0 0 0 0 0 0 0 0 0 0 0 0 0 0 0 0 0 0 0 0 0 0 0 0 0 0 0 0 ;
0 156 77 0 0 28 52 131 0 0 18 70 0 9 68 0 0 0 0 0 0 0 0 0 0 0 0 0 0 0 0 0 0 0 0 0 0 0 0 0 0 0 0 0 0 ;
82 146 0 4 50 0 0 0 153 0 79 0 0 70 169 0 0 0 0 0 0 0 0 0 0 0 0 0 0 0 0 0 0 0 0 0 0 0 0 0 0 0 0 0 0 ;
0 52 0 53 0 0 38 143 165 17 32 127 0 52 24 0 157 0 0 0 0 0 0 0 0 0 0 0 0 0 0 0 0 0 0 0 0 0 0 0 0 0 0 0 0 ;
0 131 0 48 0 63 0 188 81 10 76 0 0 0 1 0 19 33 0 0 0 0 0 0 0 0 0 0 0 0 0 0 0 0 0 0 0 0 0 0 0 0 0 0 0 ;
0 0 0 0 103 163 0 10 20 0 0 0 0 146 172 0 12 17 168 0 0 0 0 0 0 0 0 0 0 0 0 0 0 0 0 0 0 0 0 0 0 0 0 0 0 ;
0 140 134 0 11 0 0 0 17 110 0 8 15 0 182 146 0 138 172 0 0 0 0 0 0 0 0 0 0 0 0 0 0 0 0 0 0 0 0 0 0 0 0 0 0 ;
0 0 0 120 0 0 0 0 190 0 9 144 96 0 35 0 0 0 0 0 0 0 0 0 0 0 0 0 0 0 0 0 0 0 0 0 0 0 0 0 0 0 0 0 0 ;
0 0 0 0 31 0 111 0 0 0 0 158 52 0 190 0 0 99 0 0 0 0 0 0 0 0 0 0 0 0 0 0 0 0 0 0 0 0 0 0 0 0 0 0 0 ;
0 0 0 0 0 0 190 154 22 0 134 165 97 96 0 68 0 159 0 28 109 55 0 0 0 0 0 0 0 0 0 0 0 0 0 0 0 0 0 0 0 0 0 0 0 ;
191 129 6 177 0 184 157 0 11 0 37 0 0 0 175 0 0 5 0 189 152 0 0 41 0 0 0 0 0 0 0 0 0 0 0 0 0 0 0 0 0 0 0 0 0 ;
0 0 73 0 0 0 0 0 0 59 129 0 0 18 0 0 0 0 21 0 103 0 0 166 0 0 0 0 0 0 0 0 0 0 0 0 0 0 0 0 0 0 0 0 0 ;
0 125 0 0 0 0 136 8 0 112 74 0 0 28 45 75 0 17 106 11 0 0 35 115 0 0 0 0 0 0 0 0 0 0 0 0 0 0 0 0 0 0 0 0 0 ;
6 2 139 141 196 0 0 129 52 81 17 0 134 120 116 0 150 0 64 94 146 55 64 37 0 43 172 0 0 0 0 0 0 0 0 0 0 0 0 0 0 0 0 0 0 ;
0 0 0 103 137 0 134 173 0 0 175 15 0 96 158 126 0 81 0 0 178 29 0 46 157 91 0 0 0 0 0 0 0 0 0 0 0 0 0 0 0 0 0 0 0 ;
48 0 132 0 0 131 0 141 95 153 0 0 145 144 47 99 180 0 0 177 0 0 42 2 32 115 0 117 0 0 0 0 0 0 0 0 0 0 0 0 0 0 0 0 0 ;
169 0 0 0 194 79 13 0 0 111 164 0 187 163 0 0 0 20 83 195 74 0 0 73 0 0 100 74 45 115 0 0 0 0 0 0 0 0 0 0 0 0 0 0 0 ;
77 143 0 0 139 26 0 71 42 68 29 58 0 148 190 124 0 131 0 176 0 0 163 0 0 0 118 0 142 141 0 0 0 0 0 0 0 0 0 0 0 0 0 0 0 ;
0 0 0 118 168 25 191 51 162 173 0 68 58 157 0 38 64 0 0 0 51 147 0 102 0 0 100 152 143 0 64 83 0 0 0 0 0 0 0 0 0 0 0 0 0 ;
104 55 145 0 88 192 0 80 0 0 186 127 0 0 93 0 0 0 175 188 0 0 91 0 117 0 0 0 98 0 0 0 0 0 0 0 0 0 0 0 0 0 0 0 0 ;
0 0 0 0 131 0 198 174 99 83 2 0 0 186 0 0 117 116 106 0 0 0 0 0 45 0 174 20 0 122 0 0 0 97 0 0 0 0 0 0 0 0 0 0 0 ;
9 0 0 129 32 0 0 22 191 151 63 0 0 80 0 0 0 0 63 82 199 0 31 109 0 18 0 62 157 0 106 139 0 39 12 0 0 0 0 0 0 0 0 0 0 ;
34 0 0 0 136 29 0 166 0 152 0 38 187 0 0 166 12 0 0 0 111 0 0 130 99 80 190 155 0 0 145 88 0 0 28 168 0 0 0 0 0 0 0 0 0 ;
120 172 0 166 0 69 178 0 172 0 58 0 108 0 0 99 0 0 0 0 0 0 0 0 0 0 0 0 197 0 121 0 0 195 0 196 150 0 0 0 0 0 0 0 0 ;
186 169 35 0 0 0 93 0 85 41 0 161 0 148 0 0 0 182 0 0 0 0 0 78 0 61 71 187 0 7 30 52 0 0 0 0 0 95 0 0 0 0 0 0 0 ;
0 0 0 155 121 0 0 9 0 107 125 110 0 0 49 103 25 0 0 87 0 0 75 29 0 6 87 0 0 53 0 38 126 34 171 70 131 159 0 0 0 0 0 0 0 ;
175 0 0 0 0 0 0 0 92 171 47 125 154 0 0 114 0 0 54 34 0 101 165 0 72 0 60 168 127 127 0 0 117 0 75 0 0 146 0 115 0 0 0 0 0 ;
179 135 0 119 164 15 0 177 94 0 176 0 0 85 0 134 186 4 33 0 135 95 0 177 152 0 139 82 0 0 0 149 126 0 0 0 0 61 12 0 60 0 0 0 0 ;
0 99 0 0 0 182 0 17 55 0 151 0 0 106 0 0 0 45 67 0 176 72 60 39 0 0 0 0 23 191 0 0 0 0 0 82 151 0 0 0 0 0 0 0 0 ;
0 22 130 0 40 0 117 0 0 137 106 40 29 82 0 59 79 0 14 0 0 0 162 54 0 144 17 128 5 0 0 162 0 182 24 0 160 27 0 0 0 15 0 0 0 ;
0 0 2 0 0 179 146 75 0 0 119 110 0 162 0 115 66 43 45 0 114 83 0 0 0 0 0 53 195 141 0 0 0 0 106 0 0 130 195 144 23 108 0 0 0 ;
0 176 0 196 0 0 0 0 0 0 0 188 66 0 56 112 118 133 0 33 163 0 170 0 0 184 39 132 41 0 115 17 0 170 0 0 40 5 0 0 0 0 0 171 192 ]
w=[80, 10, 35, 48, 17, 38, 16, 38, 17, 70, 22, 59, 43, 1, 78, 38, 69, 80, 53, 31, 95, 14, 36, 63, 63, 54, 94, 62, 18, 52, 82, 28, 56, 86, 98, 52, 56, 44, 51, 87, 51, 31, 8, 94, 69]
W=54 
k=2 
inst_name = "QKP_45_200_50" 
feasible = true 
Q2=[199 0 0 0 0 0 0 0 0 0 0 0 0 0 0 0 0 0 0 0 0 0 0 0 0 0 0 0 0 0 0 0 0 0 0 0 0 0 0 0 0 0 0 0 0; 167 199 0 0 0 0 0 0 0 0 0 0 0 0 0 0 0 0 0 0 0 0 0 0 0 0 0 0 0 0 0 0 0 0 0 0 0 0 0 0 0 0 0 0 0; 58 199 3 0 0 0 0 0 0 0 0 0 0 0 0 0 0 0 0 0 0 0 0 0 0 0 0 0 0 0 0 0 0 0 0 0 0 0 0 0 0 0 0 0 0; 181 163 199 27 0 0 0 0 0 0 0 0 0 0 0 0 0 0 0 0 0 0 0 0 0 0 0 0 0 0 0 0 0 0 0 0 0 0 0 0 0 0 0 0 0; 197 159 196 175 199 0 0 0 0 0 0 0 0 0 0 0 0 0 0 0 0 0 0 0 0 0 0 0 0 0 0 0 0 0 0 0 0 0 0 0 0 0 0 0 0; 141 199 199 199 199 62 0 0 0 0 0 0 0 0 0 0 0 0 0 0 0 0 0 0 0 0 0 0 0 0 0 0 0 0 0 0 0 0 0 0 0 0 0 0 0; 51 199 36 199 133 39 199 0 0 0 0 0 0 0 0 0 0 0 0 0 0 0 0 0 0 0 0 0 0 0 0 0 0 0 0 0 0 0 0 0 0 0 0 0 0; 199 195 199 27 199 199 199 199 0 0 0 0 0 0 0 0 0 0 0 0 0 0 0 0 0 0 0 0 0 0 0 0 0 0 0 0 0 0 0 0 0 0 0 0 0; 199 191 199 8 168 175 199 141 25 0 0 0 0 0 0 0 0 0 0 0 0 0 0 0 0 0 0 0 0 0 0 0 0 0 0 0 0 0 0 0 0 0 0 0 0; 199 199 199 199 199 199 199 193 136 199 0 0 0 0 0 0 0 0 0 0 0 0 0 0 0 0 0 0 0 0 0 0 0 0 0 0 0 0 0 0 0 0 0 0 0; 197 199 176 188 199 180 199 199 199 199 199 0 0 0 0 0 0 0 0 0 0 0 0 0 0 0 0 0 0 0 0 0 0 0 0 0 0 0 0 0 0 0 0 0 0; 199 199 199 164 1 199 3 199 167 199 199 195 0 0 0 0 0 0 0 0 0 0 0 0 0 0 0 0 0 0 0 0 0 0 0 0 0 0 0 0 0 0 0 0 0; 5 40 148 199 199 199 108 199 119 157 199 199 199 0 0 0 0 0 0 0 0 0 0 0 0 0 0 0 0 0 0 0 0 0 0 0 0 0 0 0 0 0 0 0 0; 3 199 14 199 158 152 199 184 199 199 13 6 175 199 0 0 0 0 0 0 0 0 0 0 0 0 0 0 0 0 0 0 0 0 0 0 0 0 0 0 0 0 0 0 0; 199 15 122 199 199 195 178 1 199 199 198 139 199 199 136 0 0 0 0 0 0 0 0 0 0 0 0 0 0 0 0 0 0 0 0 0 0 0 0 0 0 0 0 0 0; 177 31 199 196 185 199 199 199 15 199 196 199 199 132 13 199 0 0 0 0 0 0 0 0 0 0 0 0 0 0 0 0 0 0 0 0 0 0 0 0 0 0 0 0 0; 199 155 199 183 199 199 175 28 20 190 174 25 199 184 179 199 21 0 0 0 0 0 0 0 0 0 0 0 0 0 0 0 0 0 0 0 0 0 0 0 0 0 0 0 0; 199 37 199 158 199 181 199 1 181 197 138 199 199 199 199 199 192 191 0 0 0 0 0 0 0 0 0 0 0 0 0 0 0 0 0 0 0 0 0 0 0 0 0 0 0; 199 199 199 199 2 7 199 189 187 199 199 199 199 41 25 199 191 192 27 0 0 0 0 0 0 0 0 0 0 0 0 0 0 0 0 0 0 0 0 0 0 0 0 0 0; 199 47 29 199 189 199 199 199 187 39 199 193 194 199 9 44 199 35 13 199 0 0 0 0 0 0 0 0 0 0 0 0 0 0 0 0 0 0 0 0 0 0 0 0 0; 199 199 199 17 199 199 199 199 0 199 198 38 163 199 170 199 199 199 199 199 199 0 0 0 0 0 0 0 0 0 0 0 0 0 0 0 0 0 0 0 0 0 0 0 0; 199 199 199 199 195 199 69 199 199 199 199 32 152 199 2 199 199 174 199 199 199 199 0 0 0 0 0 0 0 0 0 0 0 0 0 0 0 0 0 0 0 0 0 0 0; 199 199 199 199 199 199 1 37 186 199 1 0 110 183 199 194 199 4 199 185 15 195 199 0 0 0 0 0 0 0 0 0 0 0 0 0 0 0 0 0 0 0 0 0 0; 4 45 193 5 199 13 15 199 192 199 162 199 199 199 1 199 199 196 199 0 14 199 199 194 0 0 0 0 0 0 0 0 0 0 0 0 0 0 0 0 0 0 0 0 0; 199 199 169 199 199 199 199 199 199 171 15 199 199 190 199 199 199 199 185 199 72 199 199 25 199 0 0 0 0 0 0 0 0 0 0 0 0 0 0 0 0 0 0 0 0; 199 18 199 199 199 199 22 191 199 39 139 199 199 174 188 142 199 188 83 192 199 199 173 12 199 199 0 0 0 0 0 0 0 0 0 0 0 0 0 0 0 0 0 0 0; 195 197 51 0 0 199 199 5 174 179 192 199 2 6 27 199 23 199 163 141 0 190 143 184 199 175 17 0 0 0 0 0 0 0 0 0 0 0 0 0 0 0 0 0 0; 199 199 199 83 50 199 18 24 199 199 24 189 199 128 19 57 199 139 199 199 9 183 199 179 23 145 199 199 0 0 0 0 0 0 0 0 0 0 0 0 0 0 0 0 0; 189 199 59 199 199 34 199 36 124 1 199 199 42 26 152 153 5 199 199 0 199 199 171 199 191 16 199 35 199 0 0 0 0 0 0 0 0 0 0 0 0 0 0 0 0; 25 199 199 199 1 120 196 199 199 64 4 199 10 3 199 199 199 197 152 1 180 199 199 198 199 199 38 169 178 1 0 0 0 0 0 0 0 0 0 0 0 0 0 0 0; 191 11 199 199 56 182 199 137 176 174 198 182 199 29 7 45 199 63 199 0 199 199 20 199 199 199 13 199 2 32 199 0 0 0 0 0 0 0 0 0 0 0 0 0 0; 199 199 199 77 19 182 3 192 2 23 199 190 149 4 199 175 175 199 199 199 176 41 199 24 199 199 26 5 12 199 194 141 0 0 0 0 0 0 0 0 0 0 0 0 0; 46 167 43 199 173 2 199 158 199 199 5 67 199 199 195 199 199 199 12 6 199 199 120 199 32 199 199 199 103 199 199 199 199 0 0 0 0 0 0 0 0 0 0 0 0; 199 199 199 199 32 199 1 19 137 186 199 199 199 2 199 199 0 44 36 199 199 199 199 199 177 199 9 183 199 5 199 199 199 186 0 0 0 0 0 0 0 0 0 0 0; 193 199 199 21 198 199 199 182 5 7 178 199 199 148 199 199 199 199 149 126 0 199 178 88 199 184 199 167 15 199 37 7 199 182 199 0 0 0 0 0 0 0 0 0 0; 188 199 199 199 21 183 199 32 199 27 199 188 4 199 199 31 191 199 199 199 70 199 199 63 151 197 1 37 199 199 25 190 199 199 172 17 0 0 0 0 0 0 0 0 0; 50 11 199 11 199 144 5 199 4 199 199 199 0 199 199 199 199 199 199 199 199 199 199 199 199 199 199 199 0 199 45 199 199 3 199 2 8 0 0 0 0 0 0 0 0; 13 15 178 199 199 199 111 199 150 162 199 11 199 2 199 199 199 6 199 199 199 199 199 188 199 195 161 4 199 198 186 177 199 199 199 199 199 116 0 0 0 0 0 0 0; 199 199 199 31 32 199 199 194 199 73 58 39 199 199 197 68 189 199 199 134 199 199 149 173 199 196 161 199 199 162 199 194 67 172 19 140 29 2 199 0 0 0 0 0 0; 8 199 199 199 199 199 199 199 186 11 190 47 35 199 199 22 199 199 178 182 199 66 34 199 171 199 159 6 62 49 199 199 4 199 125 199 199 33 199 7 0 0 0 0 0; 15 39 199 12 19 193 199 13 136 199 10 199 199 165 199 39 3 195 199 199 39 144 199 19 25 199 41 141 199 199 199 18 36 199 199 199 199 174 196 199 166 0 0 0 0; 199 124 199 199 199 1 199 189 152 199 36 199 199 16 199 199 199 176 173 199 11 157 160 182 199 199 199 199 182 4 199 199 199 199 199 159 20 199 199 199 199 199 0 0 0; 199 198 19 199 162 199 33 199 199 24 52 177 189 165 199 185 145 199 190 199 199 199 16 193 199 43 186 5 194 199 199 2 199 1 196 199 4 189 199 199 199 199 199 0 0; 199 199 197 199 199 0 9 191 199 199 8 3 199 0 199 64 136 165 180 199 50 118 199 199 199 199 199 193 4 11 199 199 199 199 71 199 199 48 4 29 185 62 199 199 0; 199 9 199 3 199 199 199 199 199 199 199 3 186 199 147 61 7 0 199 190 24 199 16 199 199 10 189 43 173 199 65 192 199 7 199 199 160 194 199 199 199 199 199 3 3]
