n=50
density=75
Q1=[0 0 0 0 0 0 0 0 0 0 0 0 0 0 0 0 0 0 0 0 0 0 0 0 0 0 0 0 0 0 0 0 0 0 0 0 0 0 0 0 0 0 0 0 0 0 0 0 0 0 ;
148 109 0 0 0 0 0 0 0 0 0 0 0 0 0 0 0 0 0 0 0 0 0 0 0 0 0 0 0 0 0 0 0 0 0 0 0 0 0 0 0 0 0 0 0 0 0 0 0 0 ;
93 11 0 0 0 0 0 0 0 0 0 0 0 0 0 0 0 0 0 0 0 0 0 0 0 0 0 0 0 0 0 0 0 0 0 0 0 0 0 0 0 0 0 0 0 0 0 0 0 0 ;
149 86 0 0 0 0 0 0 0 0 0 0 0 0 0 0 0 0 0 0 0 0 0 0 0 0 0 0 0 0 0 0 0 0 0 0 0 0 0 0 0 0 0 0 0 0 0 0 0 0 ;
36 0 0 0 0 0 0 0 0 0 0 0 0 0 0 0 0 0 0 0 0 0 0 0 0 0 0 0 0 0 0 0 0 0 0 0 0 0 0 0 0 0 0 0 0 0 0 0 0 0 ;
78 0 161 59 95 32 0 0 0 0 0 0 0 0 0 0 0 0 0 0 0 0 0 0 0 0 0 0 0 0 0 0 0 0 0 0 0 0 0 0 0 0 0 0 0 0 0 0 0 0 ;
6 0 188 177 45 190 164 0 0 0 0 0 0 0 0 0 0 0 0 0 0 0 0 0 0 0 0 0 0 0 0 0 0 0 0 0 0 0 0 0 0 0 0 0 0 0 0 0 0 0 ;
153 0 0 112 0 138 141 0 0 0 0 0 0 0 0 0 0 0 0 0 0 0 0 0 0 0 0 0 0 0 0 0 0 0 0 0 0 0 0 0 0 0 0 0 0 0 0 0 0 0 ;
0 109 114 189 78 133 112 184 43 0 0 0 0 0 0 0 0 0 0 0 0 0 0 0 0 0 0 0 0 0 0 0 0 0 0 0 0 0 0 0 0 0 0 0 0 0 0 0 0 0 ;
31 80 0 132 0 34 0 0 58 31 0 0 0 0 0 0 0 0 0 0 0 0 0 0 0 0 0 0 0 0 0 0 0 0 0 0 0 0 0 0 0 0 0 0 0 0 0 0 0 0 ;
105 150 0 18 0 9 170 92 0 0 0 0 0 0 0 0 0 0 0 0 0 0 0 0 0 0 0 0 0 0 0 0 0 0 0 0 0 0 0 0 0 0 0 0 0 0 0 0 0 0 ;
0 197 67 23 3 192 122 150 147 178 115 110 0 0 0 0 0 0 0 0 0 0 0 0 0 0 0 0 0 0 0 0 0 0 0 0 0 0 0 0 0 0 0 0 0 0 0 0 0 0 ;
0 14 171 0 114 84 4 122 76 23 0 0 28 0 0 0 0 0 0 0 0 0 0 0 0 0 0 0 0 0 0 0 0 0 0 0 0 0 0 0 0 0 0 0 0 0 0 0 0 0 ;
111 94 26 167 188 0 4 0 111 91 63 154 177 108 0 0 0 0 0 0 0 0 0 0 0 0 0 0 0 0 0 0 0 0 0 0 0 0 0 0 0 0 0 0 0 0 0 0 0 0 ;
0 45 110 162 0 1 43 0 43 0 0 24 0 92 32 0 0 0 0 0 0 0 0 0 0 0 0 0 0 0 0 0 0 0 0 0 0 0 0 0 0 0 0 0 0 0 0 0 0 0 ;
0 180 0 3 47 109 19 0 168 122 122 110 169 18 21 0 0 0 0 0 0 0 0 0 0 0 0 0 0 0 0 0 0 0 0 0 0 0 0 0 0 0 0 0 0 0 0 0 0 0 ;
6 80 165 53 0 61 182 16 112 197 0 114 0 0 186 20 47 0 0 0 0 0 0 0 0 0 0 0 0 0 0 0 0 0 0 0 0 0 0 0 0 0 0 0 0 0 0 0 0 0 ;
195 135 26 55 109 0 0 84 22 0 0 134 92 62 184 173 0 0 0 0 0 0 0 0 0 0 0 0 0 0 0 0 0 0 0 0 0 0 0 0 0 0 0 0 0 0 0 0 0 0 ;
0 189 0 160 0 121 22 60 0 143 127 74 123 124 0 97 47 194 16 0 0 0 0 0 0 0 0 0 0 0 0 0 0 0 0 0 0 0 0 0 0 0 0 0 0 0 0 0 0 0 ;
0 55 55 172 73 132 135 195 194 16 39 0 193 66 0 59 0 114 0 0 0 0 0 0 0 0 0 0 0 0 0 0 0 0 0 0 0 0 0 0 0 0 0 0 0 0 0 0 0 0 ;
116 0 52 53 25 0 0 115 0 114 0 0 136 129 117 183 0 0 67 91 174 0 0 0 0 0 0 0 0 0 0 0 0 0 0 0 0 0 0 0 0 0 0 0 0 0 0 0 0 0 ;
187 88 150 77 13 0 54 26 0 108 21 133 106 0 60 0 0 0 182 117 13 189 0 0 0 0 0 0 0 0 0 0 0 0 0 0 0 0 0 0 0 0 0 0 0 0 0 0 0 0 ;
105 151 10 0 30 0 140 51 153 45 0 0 0 0 126 59 0 0 50 0 146 68 99 0 0 0 0 0 0 0 0 0 0 0 0 0 0 0 0 0 0 0 0 0 0 0 0 0 0 0 ;
15 0 0 44 0 33 28 52 94 0 0 28 10 17 37 28 34 132 0 75 153 0 0 82 0 0 0 0 0 0 0 0 0 0 0 0 0 0 0 0 0 0 0 0 0 0 0 0 0 0 ;
27 169 22 0 22 179 186 193 122 103 100 175 174 148 164 37 152 8 56 88 41 169 194 16 0 0 0 0 0 0 0 0 0 0 0 0 0 0 0 0 0 0 0 0 0 0 0 0 0 0 ;
104 124 7 0 44 0 188 192 0 3 89 13 36 119 0 0 88 149 96 82 5 0 0 27 51 3 0 0 0 0 0 0 0 0 0 0 0 0 0 0 0 0 0 0 0 0 0 0 0 0 ;
143 137 125 0 42 0 183 0 199 152 0 94 173 0 116 155 168 123 166 89 120 86 0 123 70 175 24 0 0 0 0 0 0 0 0 0 0 0 0 0 0 0 0 0 0 0 0 0 0 0 ;
1 0 0 186 27 71 29 1 184 0 0 0 88 161 7 154 0 17 193 0 167 102 20 0 4 167 107 0 0 0 0 0 0 0 0 0 0 0 0 0 0 0 0 0 0 0 0 0 0 0 ;
94 199 0 134 0 18 165 124 176 0 165 159 11 175 129 0 20 67 29 146 0 80 72 124 191 39 127 58 0 0 0 0 0 0 0 0 0 0 0 0 0 0 0 0 0 0 0 0 0 0 ;
81 0 168 74 200 0 127 99 190 0 0 189 0 58 0 183 138 17 134 0 197 143 0 138 191 0 72 104 134 142 0 0 0 0 0 0 0 0 0 0 0 0 0 0 0 0 0 0 0 0 ;
164 31 198 0 185 0 0 66 156 0 0 137 81 134 0 7 12 0 19 184 0 14 167 0 28 194 39 165 187 64 199 0 0 0 0 0 0 0 0 0 0 0 0 0 0 0 0 0 0 0 ;
140 26 118 82 93 114 0 0 54 49 61 138 7 196 64 0 16 175 196 51 0 9 99 21 95 0 147 0 0 23 127 0 0 0 0 0 0 0 0 0 0 0 0 0 0 0 0 0 0 0 ;
121 160 0 5 5 110 102 197 0 46 192 0 150 178 15 23 185 138 75 101 200 48 102 148 43 12 72 0 0 0 0 136 161 0 0 0 0 0 0 0 0 0 0 0 0 0 0 0 0 0 ;
0 48 32 0 76 12 86 0 123 5 109 174 0 1 0 0 165 94 0 163 54 0 0 75 189 143 104 0 77 78 0 0 60 0 0 0 0 0 0 0 0 0 0 0 0 0 0 0 0 0 ;
68 142 146 103 0 0 70 182 11 102 0 0 0 131 164 0 0 13 128 119 175 74 23 0 0 0 103 171 8 182 156 142 98 51 100 0 0 0 0 0 0 0 0 0 0 0 0 0 0 0 ;
129 0 160 56 0 60 0 195 20 60 54 0 0 114 0 125 193 192 172 103 94 175 90 151 72 125 169 143 52 62 119 109 0 0 0 0 0 0 0 0 0 0 0 0 0 0 0 0 0 0 ;
132 0 65 0 8 87 0 78 115 137 185 0 119 68 115 32 0 0 80 0 27 33 184 95 0 174 178 0 59 130 197 14 118 78 18 153 42 0 0 0 0 0 0 0 0 0 0 0 0 0 ;
99 134 0 0 19 186 161 189 65 63 111 60 149 28 106 177 0 166 167 0 0 57 36 2 0 1 118 0 161 109 0 148 95 45 72 30 0 181 0 0 0 0 0 0 0 0 0 0 0 0 ;
9 191 0 71 54 7 195 0 0 0 113 36 136 157 0 106 183 32 25 112 0 0 0 0 151 50 0 17 0 125 0 3 0 96 0 0 0 152 0 0 0 0 0 0 0 0 0 0 0 0 ;
119 169 48 111 0 27 115 54 0 52 76 83 115 184 167 0 0 31 0 10 0 65 194 159 74 63 0 153 125 187 70 0 76 64 147 164 106 0 73 43 0 0 0 0 0 0 0 0 0 0 ;
0 91 129 190 96 129 0 104 0 80 0 141 77 0 19 75 46 0 159 148 0 158 180 0 0 29 135 152 194 0 90 82 64 18 139 104 34 100 0 120 0 0 0 0 0 0 0 0 0 0 ;
0 156 147 92 24 57 0 57 126 0 18 118 47 45 0 54 0 195 58 67 0 0 152 0 14 16 141 0 0 0 183 61 181 43 195 100 0 0 161 82 183 0 0 0 0 0 0 0 0 0 ;
186 0 9 185 39 0 29 86 144 0 168 16 0 42 76 196 124 162 172 0 35 121 0 0 149 191 153 59 146 172 170 0 0 158 190 0 119 188 0 121 25 0 105 0 0 0 0 0 0 0 ;
127 0 127 166 48 16 194 34 42 136 122 6 138 0 158 0 77 0 176 128 5 173 0 84 19 92 117 0 47 70 163 166 131 0 107 32 111 166 67 32 46 117 123 0 0 0 0 0 0 0 ;
106 177 79 0 196 44 179 45 2 0 0 80 135 42 199 85 97 111 42 173 160 95 125 184 167 106 0 90 46 113 157 0 10 78 119 119 112 28 27 99 14 129 140 118 0 0 0 0 0 0 ;
0 2 0 108 138 175 0 159 105 0 84 148 113 0 17 190 119 110 114 82 150 84 9 183 0 0 130 56 0 110 0 0 0 154 43 41 101 147 36 28 0 0 0 176 8 167 0 0 0 0 ;
31 36 0 54 0 101 192 164 120 37 180 160 151 77 191 50 157 88 194 177 17 184 43 148 0 96 48 0 0 57 39 101 165 0 39 143 0 26 76 56 70 95 91 0 0 0 78 0 0 0 ;
153 101 47 0 195 110 0 152 49 24 195 129 194 186 0 0 0 81 172 177 0 164 131 177 0 0 98 156 140 108 0 10 198 40 2 33 0 170 160 8 0 0 0 110 159 118 0 0 0 0 ;
0 191 0 0 124 81 191 84 146 0 0 38 70 0 62 1 91 41 124 102 48 12 167 109 50 0 17 16 56 107 100 37 78 5 60 35 0 30 62 0 26 0 89 117 188 128 109 0 183 0 ;
101 194 0 118 11 123 134 0 121 87 70 65 0 150 0 156 0 14 34 156 133 112 182 37 0 104 68 0 0 0 85 124 170 196 68 188 0 0 0 9 0 31 0 157 110 121 88 18 0 0 ]
w=[23, 88, 38, 40, 53, 67, 91, 73, 43, 96, 31, 79, 63, 46, 27, 48, 56, 11, 7, 37, 25, 25, 45, 75, 71, 7, 24, 30, 77, 54, 42, 94, 47, 35, 73, 18, 32, 100, 14, 72, 61, 18, 36, 12, 74, 57, 94, 16, 27, 58]
W=117 
k=4 
inst_name = "QKP_50_200_75" 
feasible = true 
Q2=[200 0 0 0 0 0 0 0 0 0 0 0 0 0 0 0 0 0 0 0 0 0 0 0 0 0 0 0 0 0 0 0 0 0 0 0 0 0 0 0 0 0 0 0 0 0 0 0 0 0; 21 33 0 0 0 0 0 0 0 0 0 0 0 0 0 0 0 0 0 0 0 0 0 0 0 0 0 0 0 0 0 0 0 0 0 0 0 0 0 0 0 0 0 0 0 0 0 0 0 0; 159 196 200 0 0 0 0 0 0 0 0 0 0 0 0 0 0 0 0 0 0 0 0 0 0 0 0 0 0 0 0 0 0 0 0 0 0 0 0 0 0 0 0 0 0 0 0 0 0 0; 47 115 200 200 0 0 0 0 0 0 0 0 0 0 0 0 0 0 0 0 0 0 0 0 0 0 0 0 0 0 0 0 0 0 0 0 0 0 0 0 0 0 0 0 0 0 0 0 0 0; 165 200 200 200 200 0 0 0 0 0 0 0 0 0 0 0 0 0 0 0 0 0 0 0 0 0 0 0 0 0 0 0 0 0 0 0 0 0 0 0 0 0 0 0 0 0 0 0 0 0; 173 200 5 192 138 182 0 0 0 0 0 0 0 0 0 0 0 0 0 0 0 0 0 0 0 0 0 0 0 0 0 0 0 0 0 0 0 0 0 0 0 0 0 0 0 0 0 0 0 0; 196 200 10 10 175 7 27 0 0 0 0 0 0 0 0 0 0 0 0 0 0 0 0 0 0 0 0 0 0 0 0 0 0 0 0 0 0 0 0 0 0 0 0 0 0 0 0 0 0 0; 14 200 200 52 200 34 48 200 0 0 0 0 0 0 0 0 0 0 0 0 0 0 0 0 0 0 0 0 0 0 0 0 0 0 0 0 0 0 0 0 0 0 0 0 0 0 0 0 0 0; 200 8 8 7 141 21 54 4 159 0 0 0 0 0 0 0 0 0 0 0 0 0 0 0 0 0 0 0 0 0 0 0 0 0 0 0 0 0 0 0 0 0 0 0 0 0 0 0 0 0; 178 187 200 31 200 175 200 200 147 176 0 0 0 0 0 0 0 0 0 0 0 0 0 0 0 0 0 0 0 0 0 0 0 0 0 0 0 0 0 0 0 0 0 0 0 0 0 0 0 0; 10 8 200 200 200 197 6 141 200 200 200 0 0 0 0 0 0 0 0 0 0 0 0 0 0 0 0 0 0 0 0 0 0 0 0 0 0 0 0 0 0 0 0 0 0 0 0 0 0 0; 200 3 176 183 199 4 38 38 3 20 47 87 0 0 0 0 0 0 0 0 0 0 0 0 0 0 0 0 0 0 0 0 0 0 0 0 0 0 0 0 0 0 0 0 0 0 0 0 0 0; 200 191 13 200 24 169 199 11 124 182 200 200 194 0 0 0 0 0 0 0 0 0 0 0 0 0 0 0 0 0 0 0 0 0 0 0 0 0 0 0 0 0 0 0 0 0 0 0 0 0; 70 186 176 19 7 200 199 200 26 136 197 26 21 51 0 0 0 0 0 0 0 0 0 0 0 0 0 0 0 0 0 0 0 0 0 0 0 0 0 0 0 0 0 0 0 0 0 0 0 0; 200 198 3 25 200 200 168 200 172 200 200 190 200 187 174 0 0 0 0 0 0 0 0 0 0 0 0 0 0 0 0 0 0 0 0 0 0 0 0 0 0 0 0 0 0 0 0 0 0 0; 200 15 200 200 163 89 196 200 8 9 20 57 21 186 185 200 0 0 0 0 0 0 0 0 0 0 0 0 0 0 0 0 0 0 0 0 0 0 0 0 0 0 0 0 0 0 0 0 0 0; 200 170 34 162 200 148 4 200 84 2 200 54 200 200 11 180 197 0 0 0 0 0 0 0 0 0 0 0 0 0 0 0 0 0 0 0 0 0 0 0 0 0 0 0 0 0 0 0 0 0; 3 57 192 152 16 200 200 130 186 200 200 57 172 193 12 8 200 200 0 0 0 0 0 0 0 0 0 0 0 0 0 0 0 0 0 0 0 0 0 0 0 0 0 0 0 0 0 0 0 0; 200 5 200 39 200 49 195 179 200 47 40 143 44 56 200 161 166 0 199 0 0 0 0 0 0 0 0 0 0 0 0 0 0 0 0 0 0 0 0 0 0 0 0 0 0 0 0 0 0 0; 200 194 180 17 159 48 40 5 2 187 161 200 1 199 200 199 200 68 200 200 0 0 0 0 0 0 0 0 0 0 0 0 0 0 0 0 0 0 0 0 0 0 0 0 0 0 0 0 0 0; 24 200 152 195 196 200 200 42 200 18 200 200 15 65 61 3 200 200 175 184 2 0 0 0 0 0 0 0 0 0 0 0 0 0 0 0 0 0 0 0 0 0 0 0 0 0 0 0 0 0; 3 191 17 185 189 200 162 190 200 25 181 0 79 200 148 200 200 200 13 10 193 0 0 0 0 0 0 0 0 0 0 0 0 0 0 0 0 0 0 0 0 0 0 0 0 0 0 0 0 0; 57 15 190 200 172 200 34 165 37 199 200 200 200 200 11 200 200 200 178 200 38 165 171 0 0 0 0 0 0 0 0 0 0 0 0 0 0 0 0 0 0 0 0 0 0 0 0 0 0 0; 196 200 200 158 200 184 198 152 168 200 200 198 196 197 198 180 180 31 200 137 13 200 200 165 0 0 0 0 0 0 0 0 0 0 0 0 0 0 0 0 0 0 0 0 0 0 0 0 0 0; 200 3 189 200 197 5 5 5 42 36 49 5 9 47 20 171 22 199 173 135 182 29 5 194 200 0 0 0 0 0 0 0 0 0 0 0 0 0 0 0 0 0 0 0 0 0 0 0 0 0; 29 24 193 200 176 200 12 0 200 200 175 199 190 59 200 200 176 44 199 179 196 200 200 196 152 199 0 0 0 0 0 0 0 0 0 0 0 0 0 0 0 0 0 0 0 0 0 0 0 0; 15 58 36 200 159 200 12 200 0 3 200 124 19 200 1 43 15 10 22 195 4 170 200 26 155 18 183 0 0 0 0 0 0 0 0 0 0 0 0 0 0 0 0 0 0 0 0 0 0 0; 199 200 200 12 174 136 182 200 8 200 200 200 154 3 196 26 200 200 2 200 0 52 181 200 197 24 40 200 0 0 0 0 0 0 0 0 0 0 0 0 0 0 0 0 0 0 0 0 0 0; 180 1 200 48 200 186 28 15 5 200 23 2 196 20 60 200 200 182 185 27 200 183 173 11 3 180 54 195 200 0 0 0 0 0 0 0 0 0 0 0 0 0 0 0 0 0 0 0 0 0; 166 200 21 142 0 200 6 175 6 200 200 5 200 156 200 13 43 193 15 200 0 15 200 16 5 200 180 88 54 58 0 0 0 0 0 0 0 0 0 0 0 0 0 0 0 0 0 0 0 0; 13 171 1 200 15 200 200 197 21 200 200 62 145 52 200 200 200 200 200 1 200 192 12 200 195 3 199 24 5 154 1 0 0 0 0 0 0 0 0 0 0 0 0 0 0 0 0 0 0 0; 14 175 82 132 173 69 200 200 185 164 167 38 196 0 165 200 195 3 1 163 200 195 160 182 154 200 23 200 200 183 0 200 0 0 0 0 0 0 0 0 0 0 0 0 0 0 0 0 0 0; 54 39 200 196 199 50 59 3 200 176 0 200 13 5 196 188 11 12 180 79 0 178 22 28 197 191 184 200 200 200 200 59 20 0 0 0 0 0 0 0 0 0 0 0 0 0 0 0 0 0; 200 184 183 200 187 191 176 200 11 197 76 22 200 199 200 200 32 129 200 19 164 200 200 150 3 39 10 200 171 199 200 200 181 200 0 0 0 0 0 0 0 0 0 0 0 0 0 0 0 0; 160 0 23 58 200 200 164 18 189 68 200 200 200 35 36 200 200 197 66 15 16 166 182 200 200 200 36 9 196 4 25 8 134 171 68 0 0 0 0 0 0 0 0 0 0 0 0 0 0 0; 60 200 6 145 200 161 200 1 184 180 150 200 200 82 200 45 3 3 11 52 192 12 189 11 173 9 23 43 176 161 65 58 200 200 200 200 0 0 0 0 0 0 0 0 0 0 0 0 0 0; 51 200 146 200 200 138 200 139 82 6 1 200 75 139 77 170 200 200 140 200 174 191 4 114 200 9 0 200 146 61 2 188 74 167 196 39 178 0 0 0 0 0 0 0 0 0 0 0 0 0; 150 39 200 200 183 7 1 8 153 188 72 149 17 176 91 11 200 34 1 200 200 185 171 200 200 199 42 200 6 15 200 22 146 181 196 180 200 1 0 0 0 0 0 0 0 0 0 0 0 0; 192 5 200 136 164 199 2 200 200 200 3 168 30 13 200 70 2 178 175 37 200 200 200 200 38 150 200 196 200 10 200 198 200 172 200 200 200 37 200 0 0 0 0 0 0 0 0 0 0 0; 53 8 182 14 200 188 18 179 200 186 151 154 77 5 24 200 200 179 200 200 200 142 0 41 199 178 200 28 62 8 130 200 192 170 6 10 52 200 191 172 0 0 0 0 0 0 0 0 0 0; 200 128 45 3 112 58 200 94 200 143 200 18 199 200 199 184 177 200 23 8 200 2 1 200 200 195 38 42 0 200 148 133 147 191 37 78 187 10 200 68 200 0 0 0 0 0 0 0 0 0; 200 29 34 175 198 168 200 153 20 200 199 47 167 174 200 148 200 0 162 155 200 200 32 200 197 194 20 200 200 200 16 166 9 173 5 82 200 200 1 165 14 200 0 0 0 0 0 0 0 0; 0 200 200 4 184 200 199 191 23 200 24 186 200 188 193 3 73 16 15 200 181 8 200 200 26 5 40 190 2 24 18 200 200 2 9 200 42 12 200 38 193 200 43 0 0 0 0 0 0 0; 34 200 66 21 177 199 2 187 189 5 69 194 60 200 17 200 124 200 14 59 200 14 200 144 185 139 68 200 196 143 12 33 48 200 61 189 21 26 159 174 155 43 42 200 0 0 0 0 0 0; 82 14 122 200 4 181 16 180 198 200 200 190 27 181 0 144 123 72 188 1 20 109 72 16 22 81 200 194 171 75 33 200 193 161 25 43 63 183 180 167 189 33 12 20 200 0 0 0 0 0; 200 199 200 9 1 7 200 25 60 200 198 7 46 200 183 7 42 19 16 185 5 133 191 3 200 200 22 154 200 38 200 200 200 10 181 189 78 44 180 189 200 200 200 12 194 17 0 0 0 0; 171 183 200 166 200 38 5 6 63 166 19 16 17 147 7 193 40 186 6 9 193 10 164 21 200 193 192 200 200 192 184 45 6 200 192 52 200 199 190 147 153 154 131 200 200 200 185 0 0 0; 25 18 183 200 4 48 200 17 161 179 3 9 6 6 200 200 200 119 3 4 200 7 12 0 200 200 102 26 14 14 200 199 0 170 200 196 200 9 26 200 200 200 200 90 32 47 200 200 0 0; 200 1 200 200 43 174 4 157 37 200 200 162 141 200 186 199 197 197 60 38 181 197 29 64 155 200 190 190 147 75 34 199 143 200 146 170 200 173 182 200 183 200 160 25 5 66 74 200 9 0; 74 2 200 77 193 70 24 200 18 128 138 162 200 7 200 13 200 191 200 40 26 80 12 177 200 92 162 200 200 200 165 43 14 4 195 1 200 200 200 194 200 183 200 17 71 64 137 182 200 200]
