n=45
density=25
Q1=[0 0 0 0 0 0 0 0 0 0 0 0 0 0 0 0 0 0 0 0 0 0 0 0 0 0 0 0 0 0 0 0 0 0 0 0 0 0 0 0 0 0 0 0 0 ;
0 0 0 0 0 0 0 0 0 0 0 0 0 0 0 0 0 0 0 0 0 0 0 0 0 0 0 0 0 0 0 0 0 0 0 0 0 0 0 0 0 0 0 0 0 ;
0 0 0 0 0 0 0 0 0 0 0 0 0 0 0 0 0 0 0 0 0 0 0 0 0 0 0 0 0 0 0 0 0 0 0 0 0 0 0 0 0 0 0 0 0 ;
0 0 177 0 0 0 0 0 0 0 0 0 0 0 0 0 0 0 0 0 0 0 0 0 0 0 0 0 0 0 0 0 0 0 0 0 0 0 0 0 0 0 0 0 0 ;
0 12 4 77 0 0 0 0 0 0 0 0 0 0 0 0 0 0 0 0 0 0 0 0 0 0 0 0 0 0 0 0 0 0 0 0 0 0 0 0 0 0 0 0 0 ;
0 0 76 0 0 166 0 0 0 0 0 0 0 0 0 0 0 0 0 0 0 0 0 0 0 0 0 0 0 0 0 0 0 0 0 0 0 0 0 0 0 0 0 0 0 ;
64 0 88 0 1 0 0 0 0 0 0 0 0 0 0 0 0 0 0 0 0 0 0 0 0 0 0 0 0 0 0 0 0 0 0 0 0 0 0 0 0 0 0 0 0 ;
0 0 0 0 0 0 0 30 0 0 0 0 0 0 0 0 0 0 0 0 0 0 0 0 0 0 0 0 0 0 0 0 0 0 0 0 0 0 0 0 0 0 0 0 0 ;
0 0 0 0 0 0 0 0 0 0 0 0 0 0 0 0 0 0 0 0 0 0 0 0 0 0 0 0 0 0 0 0 0 0 0 0 0 0 0 0 0 0 0 0 0 ;
0 165 0 0 81 0 0 0 41 0 0 0 0 0 0 0 0 0 0 0 0 0 0 0 0 0 0 0 0 0 0 0 0 0 0 0 0 0 0 0 0 0 0 0 0 ;
0 0 0 0 0 0 0 93 0 0 0 0 0 0 0 0 0 0 0 0 0 0 0 0 0 0 0 0 0 0 0 0 0 0 0 0 0 0 0 0 0 0 0 0 0 ;
0 194 0 3 0 0 34 24 0 97 0 116 0 0 0 0 0 0 0 0 0 0 0 0 0 0 0 0 0 0 0 0 0 0 0 0 0 0 0 0 0 0 0 0 0 ;
0 117 0 142 0 0 53 0 0 0 0 0 58 0 0 0 0 0 0 0 0 0 0 0 0 0 0 0 0 0 0 0 0 0 0 0 0 0 0 0 0 0 0 0 0 ;
0 0 0 0 0 0 0 0 0 193 0 0 13 0 0 0 0 0 0 0 0 0 0 0 0 0 0 0 0 0 0 0 0 0 0 0 0 0 0 0 0 0 0 0 0 ;
63 0 0 8 166 0 0 0 0 0 0 0 0 0 0 0 0 0 0 0 0 0 0 0 0 0 0 0 0 0 0 0 0 0 0 0 0 0 0 0 0 0 0 0 0 ;
0 0 0 113 0 0 0 0 0 0 78 27 0 160 0 0 0 0 0 0 0 0 0 0 0 0 0 0 0 0 0 0 0 0 0 0 0 0 0 0 0 0 0 0 0 ;
0 0 0 0 133 0 0 64 0 0 0 0 0 0 168 0 40 0 0 0 0 0 0 0 0 0 0 0 0 0 0 0 0 0 0 0 0 0 0 0 0 0 0 0 0 ;
0 0 0 0 0 0 0 74 0 0 0 78 0 0 0 0 0 0 0 0 0 0 0 0 0 0 0 0 0 0 0 0 0 0 0 0 0 0 0 0 0 0 0 0 0 ;
0 0 0 3 0 135 0 0 169 0 56 0 116 0 0 0 0 0 0 0 0 0 0 0 0 0 0 0 0 0 0 0 0 0 0 0 0 0 0 0 0 0 0 0 0 ;
195 142 0 186 120 13 0 0 0 0 0 0 97 114 0 0 0 68 0 0 0 0 0 0 0 0 0 0 0 0 0 0 0 0 0 0 0 0 0 0 0 0 0 0 0 ;
0 139 0 0 0 174 0 82 0 0 140 0 0 0 0 0 0 21 0 149 0 0 0 0 0 0 0 0 0 0 0 0 0 0 0 0 0 0 0 0 0 0 0 0 0 ;
0 0 0 0 0 0 161 0 0 0 0 0 0 180 123 0 90 94 0 0 177 0 0 0 0 0 0 0 0 0 0 0 0 0 0 0 0 0 0 0 0 0 0 0 0 ;
0 0 0 20 0 0 100 0 0 0 0 141 164 0 0 0 0 0 0 0 0 191 0 0 0 0 0 0 0 0 0 0 0 0 0 0 0 0 0 0 0 0 0 0 0 ;
0 0 127 0 0 0 0 125 81 0 0 13 0 0 0 0 0 0 87 0 0 0 0 0 0 0 0 0 0 0 0 0 0 0 0 0 0 0 0 0 0 0 0 0 0 ;
70 0 108 186 0 0 0 140 90 0 0 69 0 0 181 0 0 0 0 79 0 0 0 0 0 0 0 0 0 0 0 0 0 0 0 0 0 0 0 0 0 0 0 0 0 ;
0 0 0 0 0 0 0 0 0 0 164 0 0 0 0 0 0 0 183 0 0 0 50 114 0 0 0 0 0 0 0 0 0 0 0 0 0 0 0 0 0 0 0 0 0 ;
0 0 182 0 29 154 0 0 0 8 0 128 0 0 0 0 60 0 0 0 62 141 0 121 0 0 0 0 0 0 0 0 0 0 0 0 0 0 0 0 0 0 0 0 0 ;
10 47 198 152 0 0 0 0 0 0 0 87 0 0 0 0 0 0 0 97 0 91 0 0 0 0 0 0 0 0 0 0 0 0 0 0 0 0 0 0 0 0 0 0 0 ;
0 0 0 0 131 0 0 0 0 78 0 0 33 0 14 188 0 0 0 93 0 0 0 0 13 0 144 103 0 0 0 0 0 0 0 0 0 0 0 0 0 0 0 0 0 ;
0 0 0 0 0 0 35 0 0 0 0 0 0 0 16 0 0 0 0 0 39 80 0 0 169 0 135 0 91 0 0 0 0 0 0 0 0 0 0 0 0 0 0 0 0 ;
0 0 0 186 0 0 0 0 0 22 0 0 0 0 0 161 0 0 0 2 0 0 0 0 150 0 0 0 0 0 0 0 0 0 0 0 0 0 0 0 0 0 0 0 0 ;
0 0 0 0 0 0 0 0 0 91 167 72 104 61 0 0 0 0 0 44 0 39 181 154 97 0 0 0 0 174 0 0 0 0 0 0 0 0 0 0 0 0 0 0 0 ;
0 0 0 99 0 0 0 0 0 0 24 0 72 0 0 0 0 0 0 0 0 0 0 0 60 0 0 0 0 0 0 111 0 0 0 0 0 0 0 0 0 0 0 0 0 ;
0 0 0 0 150 0 0 0 0 43 0 0 0 0 0 0 166 185 111 0 8 65 0 144 0 0 67 0 0 0 0 0 0 0 0 0 0 0 0 0 0 0 0 0 0 ;
0 0 50 81 0 0 0 0 0 35 83 0 0 0 0 0 0 45 0 0 0 0 0 0 0 0 0 0 30 0 0 0 0 0 0 0 0 0 0 0 0 0 0 0 0 ;
0 113 0 0 0 124 0 0 0 0 166 0 0 0 0 0 64 0 154 0 0 0 0 0 0 0 0 0 0 0 0 0 0 105 0 0 0 0 0 0 0 0 0 0 0 ;
0 0 0 0 187 0 0 0 0 0 0 0 0 0 0 118 0 0 161 179 0 0 0 0 0 0 0 0 0 22 0 0 0 46 126 0 0 0 0 0 0 0 0 0 0 ;
170 162 0 0 110 0 22 85 162 0 0 77 140 0 0 0 90 0 0 0 0 69 0 0 0 0 0 141 0 75 0 195 0 148 144 0 21 0 0 0 0 0 0 0 0 ;
0 179 5 0 0 0 6 115 0 0 169 0 142 199 148 0 0 0 0 70 0 0 0 0 76 0 90 0 184 133 0 78 0 13 0 0 0 0 0 0 0 0 0 0 0 ;
182 187 0 0 0 47 0 0 0 0 127 143 0 12 0 0 28 0 0 100 0 0 0 0 0 0 0 0 0 150 0 0 0 100 0 0 12 0 0 0 0 0 0 0 0 ;
65 0 60 0 0 0 0 0 103 0 0 40 0 0 82 143 0 192 194 0 0 0 0 0 0 139 0 194 0 0 0 85 0 10 0 0 0 0 0 0 199 0 0 0 0 ;
124 0 0 0 42 47 0 0 55 0 0 91 0 0 0 200 105 0 0 0 0 64 0 39 0 173 0 0 13 0 0 0 0 0 0 0 0 5 182 0 181 0 0 0 0 ;
0 0 0 0 0 0 129 77 0 0 0 0 0 0 0 0 0 0 0 0 0 0 0 0 0 0 0 0 0 0 0 29 0 175 0 0 0 0 0 0 0 135 0 0 0 ;
0 0 0 0 155 0 0 0 33 0 0 0 0 0 62 0 0 0 0 0 0 0 28 0 0 0 0 0 0 0 0 0 0 0 72 0 148 0 0 24 0 0 0 41 0 ;
0 0 0 111 0 0 0 0 156 0 0 0 0 0 0 0 0 0 135 0 173 0 35 0 0 0 0 9 147 0 0 0 0 0 20 49 0 0 142 192 0 0 120 0 0 ]
w=[20, 10, 48, 59, 17, 57, 73, 74, 14, 32, 90, 54, 87, 26, 56, 84, 12, 53, 79, 92, 78, 33, 91, 72, 4, 30, 35, 4, 100, 63, 16, 57, 24, 93, 14, 48, 71, 27, 82, 4, 14, 62, 95, 99, 40]
W=180 
k=8 
inst_name = "QKP_45_200_25" 
feasible = true 
Q2=[200 0 0 0 0 0 0 0 0 0 0 0 0 0 0 0 0 0 0 0 0 0 0 0 0 0 0 0 0 0 0 0 0 0 0 0 0 0 0 0 0 0 0 0 0; 200 200 0 0 0 0 0 0 0 0 0 0 0 0 0 0 0 0 0 0 0 0 0 0 0 0 0 0 0 0 0 0 0 0 0 0 0 0 0 0 0 0 0 0 0; 200 200 200 0 0 0 0 0 0 0 0 0 0 0 0 0 0 0 0 0 0 0 0 0 0 0 0 0 0 0 0 0 0 0 0 0 0 0 0 0 0 0 0 0 0; 200 200 3 200 0 0 0 0 0 0 0 0 0 0 0 0 0 0 0 0 0 0 0 0 0 0 0 0 0 0 0 0 0 0 0 0 0 0 0 0 0 0 0 0 0; 200 199 199 199 200 0 0 0 0 0 0 0 0 0 0 0 0 0 0 0 0 0 0 0 0 0 0 0 0 0 0 0 0 0 0 0 0 0 0 0 0 0 0 0 0; 200 200 191 200 200 10 0 0 0 0 0 0 0 0 0 0 0 0 0 0 0 0 0 0 0 0 0 0 0 0 0 0 0 0 0 0 0 0 0 0 0 0 0 0 0; 149 200 167 200 199 200 200 0 0 0 0 0 0 0 0 0 0 0 0 0 0 0 0 0 0 0 0 0 0 0 0 0 0 0 0 0 0 0 0 0 0 0 0 0 0; 200 200 200 200 200 200 200 185 0 0 0 0 0 0 0 0 0 0 0 0 0 0 0 0 0 0 0 0 0 0 0 0 0 0 0 0 0 0 0 0 0 0 0 0 0; 200 200 200 200 200 200 200 200 200 0 0 0 0 0 0 0 0 0 0 0 0 0 0 0 0 0 0 0 0 0 0 0 0 0 0 0 0 0 0 0 0 0 0 0 0; 200 31 200 200 144 200 200 200 196 200 0 0 0 0 0 0 0 0 0 0 0 0 0 0 0 0 0 0 0 0 0 0 0 0 0 0 0 0 0 0 0 0 0 0 0; 200 200 200 200 200 200 200 155 200 200 200 0 0 0 0 0 0 0 0 0 0 0 0 0 0 0 0 0 0 0 0 0 0 0 0 0 0 0 0 0 0 0 0 0 0; 200 2 200 199 200 200 198 197 200 158 200 10 0 0 0 0 0 0 0 0 0 0 0 0 0 0 0 0 0 0 0 0 0 0 0 0 0 0 0 0 0 0 0 0 0; 200 56 200 10 200 200 157 200 200 200 200 200 196 0 0 0 0 0 0 0 0 0 0 0 0 0 0 0 0 0 0 0 0 0 0 0 0 0 0 0 0 0 0 0 0; 200 200 200 200 200 200 200 200 200 7 200 200 192 200 0 0 0 0 0 0 0 0 0 0 0 0 0 0 0 0 0 0 0 0 0 0 0 0 0 0 0 0 0 0 0; 189 200 200 198 5 200 200 200 200 200 200 200 200 200 200 0 0 0 0 0 0 0 0 0 0 0 0 0 0 0 0 0 0 0 0 0 0 0 0 0 0 0 0 0 0; 200 200 200 34 200 200 200 200 200 200 197 177 200 20 200 200 0 0 0 0 0 0 0 0 0 0 0 0 0 0 0 0 0 0 0 0 0 0 0 0 0 0 0 0 0; 200 200 200 200 56 200 200 146 200 200 200 200 200 200 13 200 200 0 0 0 0 0 0 0 0 0 0 0 0 0 0 0 0 0 0 0 0 0 0 0 0 0 0 0 0; 200 200 200 200 200 200 200 177 200 200 200 199 200 200 200 200 200 200 0 0 0 0 0 0 0 0 0 0 0 0 0 0 0 0 0 0 0 0 0 0 0 0 0 0 0; 200 200 200 200 200 12 200 200 10 200 147 200 30 200 200 200 200 200 200 0 0 0 0 0 0 0 0 0 0 0 0 0 0 0 0 0 0 0 0 0 0 0 0 0 0; 2 37 200 9 65 199 200 200 200 200 200 200 152 40 200 200 200 143 200 200 0 0 0 0 0 0 0 0 0 0 0 0 0 0 0 0 0 0 0 0 0 0 0 0 0; 200 28 200 200 200 7 200 177 200 200 37 200 200 200 200 200 200 195 200 39 200 0 0 0 0 0 0 0 0 0 0 0 0 0 0 0 0 0 0 0 0 0 0 0 0; 200 200 200 200 200 200 32 200 200 200 200 200 200 4 3 200 136 165 200 200 9 200 0 0 0 0 0 0 0 0 0 0 0 0 0 0 0 0 0 0 0 0 0 0 0; 200 200 200 196 200 200 98 200 200 200 200 51 2 200 200 200 200 200 200 200 200 1 200 0 0 0 0 0 0 0 0 0 0 0 0 0 0 0 0 0 0 0 0 0 0; 200 200 6 200 200 200 200 44 190 200 200 193 200 200 200 200 200 200 135 200 200 200 200 200 0 0 0 0 0 0 0 0 0 0 0 0 0 0 0 0 0 0 0 0 0; 132 200 30 11 200 200 200 44 199 200 200 171 200 200 8 200 200 200 200 140 200 200 200 200 200 0 0 0 0 0 0 0 0 0 0 0 0 0 0 0 0 0 0 0 0; 200 200 200 200 200 200 200 200 200 200 34 200 200 200 200 200 200 200 11 200 200 200 150 54 200 200 0 0 0 0 0 0 0 0 0 0 0 0 0 0 0 0 0 0 0; 200 200 0 200 181 23 200 200 200 195 200 14 200 200 200 200 189 200 200 200 188 40 200 27 200 200 200 0 0 0 0 0 0 0 0 0 0 0 0 0 0 0 0 0 0; 192 196 0 24 200 200 200 200 200 200 200 166 200 200 200 200 200 200 200 191 200 138 200 200 200 200 200 200 0 0 0 0 0 0 0 0 0 0 0 0 0 0 0 0 0; 200 200 200 200 67 200 200 200 200 184 200 200 186 200 198 4 200 200 200 121 200 200 200 200 195 200 31 28 200 0 0 0 0 0 0 0 0 0 0 0 0 0 0 0 0; 200 200 200 200 200 200 192 200 200 200 200 200 200 200 196 200 200 200 200 200 191 174 200 200 23 200 36 200 118 200 0 0 0 0 0 0 0 0 0 0 0 0 0 0 0; 200 200 200 6 200 200 200 200 200 179 200 200 200 200 200 30 200 200 200 199 200 200 200 200 23 200 200 200 200 200 200 0 0 0 0 0 0 0 0 0 0 0 0 0 0; 200 200 200 200 200 200 200 200 200 171 23 141 49 181 200 200 200 200 200 187 200 199 10 4 110 200 200 200 200 0 200 200 0 0 0 0 0 0 0 0 0 0 0 0 0; 200 200 200 175 200 200 200 200 200 200 179 200 157 200 200 200 200 200 200 200 200 200 200 200 157 200 200 200 200 200 200 6 200 0 0 0 0 0 0 0 0 0 0 0 0; 200 200 200 200 6 200 200 200 200 164 200 200 200 200 200 200 8 14 70 200 193 173 200 49 200 200 193 200 200 200 200 200 200 200 0 0 0 0 0 0 0 0 0 0 0; 200 200 174 169 200 200 200 200 200 169 117 200 200 200 200 200 200 159 200 200 200 200 200 200 200 200 200 200 181 200 200 200 200 200 200 0 0 0 0 0 0 0 0 0 0; 200 29 200 200 200 41 200 200 200 200 14 200 200 200 200 200 168 200 41 200 200 200 200 200 200 200 200 200 200 200 200 200 200 17 200 200 0 0 0 0 0 0 0 0 0; 200 200 200 200 7 200 200 200 200 200 200 200 200 200 200 21 200 200 19 9 200 200 200 200 200 200 200 200 200 189 200 200 200 193 29 200 200 0 0 0 0 0 0 0 0; 20 37 200 200 89 200 194 167 25 200 200 152 10 200 200 200 156 200 200 200 200 142 200 200 200 200 200 8 200 175 200 2 200 27 31 200 180 200 0 0 0 0 0 0 0; 200 15 195 200 200 200 195 15 200 200 16 200 6 0 25 200 200 200 200 174 200 200 200 200 127 200 131 200 4 57 200 157 200 187 200 200 200 200 200 0 0 0 0 0 0; 17 9 200 200 200 189 200 200 200 200 38 25 200 194 200 200 195 200 200 29 200 200 200 200 200 200 200 200 200 28 200 200 200 62 200 200 200 200 200 200 0 0 0 0 0; 159 200 194 200 200 200 200 200 94 200 200 178 200 200 192 28 200 3 2 200 200 200 200 200 200 49 200 1 200 200 200 140 200 196 200 200 200 200 200 200 1 0 0 0 0; 66 200 200 200 173 174 200 200 192 200 200 135 200 200 200 0 84 200 200 200 200 199 200 191 200 11 200 200 187 200 200 200 200 200 200 200 200 199 17 200 2 200 0 0 0; 200 200 200 200 200 200 47 151 200 200 200 200 200 200 200 200 200 200 200 200 200 200 200 200 200 200 200 200 200 200 200 180 200 12 200 200 200 200 200 200 200 6 200 0 0; 200 200 200 200 29 200 200 200 177 200 200 200 200 200 190 200 200 200 200 200 200 200 183 200 200 200 200 200 200 200 200 200 200 200 151 200 17 200 200 196 200 200 200 180 0; 200 200 200 81 200 200 200 200 37 200 200 200 200 200 200 200 200 200 9 200 13 200 168 200 200 200 200 192 23 200 200 200 200 200 199 200 200 200 8 4 200 200 36 200 200]
