n=15
density=75
Q1=[91 0 0 0 0 0 0 0 0 0 0 0 0 0 0 ;
29 0 0 0 0 0 0 0 0 0 0 0 0 0 0 ;
0 0 0 0 0 0 0 0 0 0 0 0 0 0 0 ;
96 58 52 5 0 0 0 0 0 0 0 0 0 0 0 ;
44 52 88 83 100 0 0 0 0 0 0 0 0 0 0 ;
16 0 71 59 38 0 0 0 0 0 0 0 0 0 0 ;
100 97 13 54 43 33 52 0 0 0 0 0 0 0 0 ;
0 69 0 0 0 42 0 68 0 0 0 0 0 0 0 ;
96 11 19 71 0 36 21 38 90 0 0 0 0 0 0 ;
78 0 56 57 5 85 10 64 23 64 0 0 0 0 0 ;
35 30 0 35 9 21 88 57 39 0 0 0 0 0 0 ;
66 19 87 45 11 12 4 8 13 0 22 0 0 0 0 ;
0 13 0 50 97 60 68 3 90 83 18 45 67 0 0 ;
77 62 27 0 38 0 2 0 53 39 82 69 0 47 0 ;
0 87 17 47 0 28 0 58 57 45 52 5 0 55 6 ]
w=[49, 22, 12, 13, 19, 44, 4, 23, 30, 1, 47, 11, 29, 41, 30]
W=59 
k=2 
inst_name = "QKP_15_100_75" 
feasible = true 
Q2=[6 0 0 0 0 0 0 0 0 0 0 0 0 0 0; 85 100 0 0 0 0 0 0 0 0 0 0 0 0 0; 100 100 100 0 0 0 0 0 0 0 0 0 0 0 0; 4 0 10 95 0 0 0 0 0 0 0 0 0 0 0; 71 8 10 4 0 0 0 0 0 0 0 0 0 0 0; 92 100 3 21 86 100 0 0 0 0 0 0 0 0 0; 0 1 87 5 73 83 12 0 0 0 0 0 0 0 0; 100 8 100 100 100 80 100 18 0 0 0 0 0 0 0; 2 98 84 0 100 71 98 77 5 0 0 0 0 0 0; 10 100 17 9 95 15 97 25 100 35 0 0 0 0 0; 66 78 100 71 91 89 1 41 79 100 100 0 0 0 0; 25 98 0 55 90 92 100 99 93 100 91 100 0 0 0; 100 91 100 6 1 14 14 100 0 11 87 76 1 0 0; 6 12 77 100 68 100 98 100 7 73 18 22 100 77 0; 100 5 95 68 100 79 100 23 0 98 22 95 100 41 95]
