n=50
density=75
Q1=[56 0 0 0 0 0 0 0 0 0 0 0 0 0 0 0 0 0 0 0 0 0 0 0 0 0 0 0 0 0 0 0 0 0 0 0 0 0 0 0 0 0 0 0 0 0 0 0 0 0 ;
4 45 0 0 0 0 0 0 0 0 0 0 0 0 0 0 0 0 0 0 0 0 0 0 0 0 0 0 0 0 0 0 0 0 0 0 0 0 0 0 0 0 0 0 0 0 0 0 0 0 ;
12 87 64 0 0 0 0 0 0 0 0 0 0 0 0 0 0 0 0 0 0 0 0 0 0 0 0 0 0 0 0 0 0 0 0 0 0 0 0 0 0 0 0 0 0 0 0 0 0 0 ;
91 8 0 9 0 0 0 0 0 0 0 0 0 0 0 0 0 0 0 0 0 0 0 0 0 0 0 0 0 0 0 0 0 0 0 0 0 0 0 0 0 0 0 0 0 0 0 0 0 0 ;
0 41 100 81 46 0 0 0 0 0 0 0 0 0 0 0 0 0 0 0 0 0 0 0 0 0 0 0 0 0 0 0 0 0 0 0 0 0 0 0 0 0 0 0 0 0 0 0 0 0 ;
90 55 84 79 0 69 0 0 0 0 0 0 0 0 0 0 0 0 0 0 0 0 0 0 0 0 0 0 0 0 0 0 0 0 0 0 0 0 0 0 0 0 0 0 0 0 0 0 0 0 ;
37 67 82 72 14 16 93 0 0 0 0 0 0 0 0 0 0 0 0 0 0 0 0 0 0 0 0 0 0 0 0 0 0 0 0 0 0 0 0 0 0 0 0 0 0 0 0 0 0 0 ;
0 26 86 0 0 0 10 0 0 0 0 0 0 0 0 0 0 0 0 0 0 0 0 0 0 0 0 0 0 0 0 0 0 0 0 0 0 0 0 0 0 0 0 0 0 0 0 0 0 0 ;
67 65 0 5 1 56 68 0 0 0 0 0 0 0 0 0 0 0 0 0 0 0 0 0 0 0 0 0 0 0 0 0 0 0 0 0 0 0 0 0 0 0 0 0 0 0 0 0 0 0 ;
81 73 87 0 13 0 60 21 21 73 0 0 0 0 0 0 0 0 0 0 0 0 0 0 0 0 0 0 0 0 0 0 0 0 0 0 0 0 0 0 0 0 0 0 0 0 0 0 0 0 ;
67 0 28 41 90 0 12 83 37 2 29 0 0 0 0 0 0 0 0 0 0 0 0 0 0 0 0 0 0 0 0 0 0 0 0 0 0 0 0 0 0 0 0 0 0 0 0 0 0 0 ;
69 67 75 72 75 68 19 37 39 100 1 40 0 0 0 0 0 0 0 0 0 0 0 0 0 0 0 0 0 0 0 0 0 0 0 0 0 0 0 0 0 0 0 0 0 0 0 0 0 0 ;
73 87 53 84 0 0 0 76 0 0 39 55 44 0 0 0 0 0 0 0 0 0 0 0 0 0 0 0 0 0 0 0 0 0 0 0 0 0 0 0 0 0 0 0 0 0 0 0 0 0 ;
20 89 15 0 0 55 30 98 51 79 39 78 98 47 0 0 0 0 0 0 0 0 0 0 0 0 0 0 0 0 0 0 0 0 0 0 0 0 0 0 0 0 0 0 0 0 0 0 0 0 ;
100 0 94 31 0 57 12 0 0 32 0 65 0 56 100 0 0 0 0 0 0 0 0 0 0 0 0 0 0 0 0 0 0 0 0 0 0 0 0 0 0 0 0 0 0 0 0 0 0 0 ;
15 57 21 47 23 51 0 40 25 96 0 7 0 83 0 0 0 0 0 0 0 0 0 0 0 0 0 0 0 0 0 0 0 0 0 0 0 0 0 0 0 0 0 0 0 0 0 0 0 0 ;
53 0 83 81 0 33 0 17 12 66 47 0 84 66 29 83 93 0 0 0 0 0 0 0 0 0 0 0 0 0 0 0 0 0 0 0 0 0 0 0 0 0 0 0 0 0 0 0 0 0 ;
10 34 65 15 41 47 89 0 51 80 66 0 79 18 40 71 74 3 0 0 0 0 0 0 0 0 0 0 0 0 0 0 0 0 0 0 0 0 0 0 0 0 0 0 0 0 0 0 0 0 ;
0 44 68 35 55 27 81 54 0 27 0 21 56 0 96 0 41 94 77 0 0 0 0 0 0 0 0 0 0 0 0 0 0 0 0 0 0 0 0 0 0 0 0 0 0 0 0 0 0 0 ;
20 0 7 37 84 0 6 79 95 80 19 90 0 0 56 41 50 0 0 11 0 0 0 0 0 0 0 0 0 0 0 0 0 0 0 0 0 0 0 0 0 0 0 0 0 0 0 0 0 0 ;
20 23 62 81 6 0 39 93 0 28 4 11 69 30 16 0 98 0 0 97 23 0 0 0 0 0 0 0 0 0 0 0 0 0 0 0 0 0 0 0 0 0 0 0 0 0 0 0 0 0 ;
38 9 13 55 54 1 8 25 94 95 0 0 38 46 36 0 0 19 66 33 32 30 0 0 0 0 0 0 0 0 0 0 0 0 0 0 0 0 0 0 0 0 0 0 0 0 0 0 0 0 ;
0 83 0 11 55 55 23 0 59 44 2 38 8 42 57 91 48 42 60 70 5 47 71 0 0 0 0 0 0 0 0 0 0 0 0 0 0 0 0 0 0 0 0 0 0 0 0 0 0 0 ;
46 0 73 0 0 35 44 30 0 37 88 16 0 69 0 49 0 48 67 0 89 0 88 97 0 0 0 0 0 0 0 0 0 0 0 0 0 0 0 0 0 0 0 0 0 0 0 0 0 0 ;
0 27 0 0 93 94 53 81 25 0 0 86 0 75 3 25 12 94 0 4 99 64 97 93 21 0 0 0 0 0 0 0 0 0 0 0 0 0 0 0 0 0 0 0 0 0 0 0 0 0 ;
86 98 33 24 63 85 38 17 71 62 69 72 68 48 60 0 10 0 0 0 0 73 8 21 16 87 0 0 0 0 0 0 0 0 0 0 0 0 0 0 0 0 0 0 0 0 0 0 0 0 ;
96 71 13 80 69 76 71 82 89 71 6 8 21 0 65 61 12 0 43 16 12 98 66 93 14 48 75 0 0 0 0 0 0 0 0 0 0 0 0 0 0 0 0 0 0 0 0 0 0 0 ;
28 31 31 0 14 66 59 0 77 100 94 5 0 27 7 56 0 79 97 49 51 49 0 26 12 0 84 0 0 0 0 0 0 0 0 0 0 0 0 0 0 0 0 0 0 0 0 0 0 0 ;
0 91 0 69 76 34 36 0 61 10 0 0 9 49 77 0 10 6 82 0 39 0 93 0 0 0 31 54 0 0 0 0 0 0 0 0 0 0 0 0 0 0 0 0 0 0 0 0 0 0 ;
0 90 34 36 91 10 0 80 30 48 4 0 12 98 62 54 40 3 9 0 29 62 10 2 39 65 19 0 9 31 0 0 0 0 0 0 0 0 0 0 0 0 0 0 0 0 0 0 0 0 ;
0 80 97 93 60 33 27 60 0 0 48 57 34 94 19 46 71 0 66 12 25 82 59 71 73 49 63 63 59 0 17 0 0 0 0 0 0 0 0 0 0 0 0 0 0 0 0 0 0 0 ;
64 45 0 74 31 0 51 48 87 92 86 100 28 64 20 63 62 13 16 38 14 0 55 0 38 3 0 22 95 47 0 4 0 0 0 0 0 0 0 0 0 0 0 0 0 0 0 0 0 0 ;
82 71 12 82 89 37 51 93 0 93 61 28 97 67 82 8 17 38 0 80 23 69 99 28 82 58 0 0 0 86 86 22 87 0 0 0 0 0 0 0 0 0 0 0 0 0 0 0 0 0 ;
12 39 0 95 88 91 95 78 2 0 29 43 34 11 0 55 0 38 74 96 32 68 51 48 10 0 44 21 48 7 64 0 16 35 0 0 0 0 0 0 0 0 0 0 0 0 0 0 0 0 ;
12 0 0 4 92 49 95 85 11 63 12 85 32 79 93 29 42 0 0 84 9 0 74 0 69 27 38 97 94 66 23 45 51 91 77 0 0 0 0 0 0 0 0 0 0 0 0 0 0 0 ;
37 38 70 0 18 67 52 14 84 65 43 57 85 0 33 0 40 0 15 16 0 94 86 56 89 88 1 48 97 54 0 66 0 0 48 13 0 0 0 0 0 0 0 0 0 0 0 0 0 0 ;
59 0 76 0 30 0 0 33 0 67 3 26 11 91 0 23 43 48 99 18 38 74 0 12 87 0 10 57 91 54 47 85 0 0 0 0 0 0 0 0 0 0 0 0 0 0 0 0 0 0 ;
46 75 26 95 10 6 0 40 18 0 10 41 51 0 50 55 85 0 0 20 7 0 0 28 0 60 2 37 0 0 22 60 71 85 74 87 85 32 0 0 0 0 0 0 0 0 0 0 0 0 ;
0 86 0 100 4 38 85 83 89 0 88 41 51 0 99 71 7 95 52 12 39 50 0 25 36 52 53 12 1 0 0 0 0 43 38 3 0 18 40 0 0 0 0 0 0 0 0 0 0 0 ;
33 0 30 52 43 26 56 0 0 23 38 92 22 72 0 72 87 44 32 22 90 0 0 67 53 18 42 60 41 88 45 60 0 0 54 0 97 23 2 56 0 0 0 0 0 0 0 0 0 0 ;
97 62 99 39 69 27 92 0 84 7 0 11 90 17 0 0 96 13 33 54 85 86 50 51 95 4 70 75 3 44 43 44 58 97 0 75 0 39 44 90 64 0 0 0 0 0 0 0 0 0 ;
51 9 0 100 49 87 0 30 90 6 0 35 64 78 4 92 62 7 97 67 34 1 19 61 0 55 7 70 82 84 10 29 70 28 0 47 65 59 0 23 0 74 0 0 0 0 0 0 0 0 ;
0 34 64 37 6 32 90 58 85 0 23 0 0 40 20 85 56 97 75 26 38 68 58 99 56 20 45 93 66 0 0 0 0 85 3 67 19 16 59 60 0 41 69 0 0 0 0 0 0 0 ;
37 0 0 37 6 18 47 0 90 0 0 0 0 0 0 0 0 0 57 33 89 76 22 7 26 81 60 11 40 42 0 67 86 74 35 68 42 19 57 22 70 87 91 0 0 0 0 0 0 0 ;
82 96 21 64 91 99 0 29 84 84 0 44 0 73 27 59 49 12 33 27 52 0 16 66 0 93 25 0 60 2 83 24 95 3 23 47 25 74 12 4 39 33 55 32 57 0 0 0 0 0 ;
66 0 82 2 36 81 53 0 10 0 66 80 22 76 57 59 40 0 39 70 86 63 68 0 0 63 49 18 6 0 42 45 87 6 50 13 76 93 0 13 13 0 72 0 4 94 0 0 0 0 ;
22 0 76 6 3 0 0 61 0 84 35 58 33 0 0 53 0 74 0 33 0 39 22 0 9 0 29 100 62 59 67 49 0 50 9 42 50 0 20 2 8 0 52 38 47 90 0 0 0 0 ;
67 37 87 70 0 95 17 9 20 1 19 0 35 74 0 0 76 0 73 41 92 57 93 0 55 95 0 85 0 4 22 0 0 0 0 34 49 59 80 3 0 0 0 0 2 0 0 49 0 0 ;
0 0 24 42 0 66 81 100 45 0 51 1 0 74 89 0 0 92 96 12 12 58 9 6 0 0 60 72 43 0 0 20 0 95 70 31 9 1 0 87 87 21 0 64 16 52 0 91 71 0 ;
18 70 76 52 7 59 36 91 80 82 74 0 73 35 41 56 0 47 58 17 47 0 98 62 6 51 23 70 0 67 50 1 80 55 0 72 0 26 85 20 0 70 70 17 0 28 0 0 57 67 ]
w=[18, 6, 14, 15, 35, 50, 21, 27, 39, 42, 34, 39, 2, 3, 43, 36, 26, 19, 11, 36, 1, 49, 34, 37, 8, 2, 2, 18, 40, 31, 24, 22, 17, 45, 16, 47, 14, 9, 24, 46, 27, 15, 3, 28, 28, 37, 13, 46, 33, 39]
W=55 
k=7 
inst_name = "QKP_50_100_75" 
feasible = true 
Q2=[11 0 0 0 0 0 0 0 0 0 0 0 0 0 0 0 0 0 0 0 0 0 0 0 0 0 0 0 0 0 0 0 0 0 0 0 0 0 0 0 0 0 0 0 0 0 0 0 0 0; 98 71 0 0 0 0 0 0 0 0 0 0 0 0 0 0 0 0 0 0 0 0 0 0 0 0 0 0 0 0 0 0 0 0 0 0 0 0 0 0 0 0 0 0 0 0 0 0 0 0; 95 9 2 0 0 0 0 0 0 0 0 0 0 0 0 0 0 0 0 0 0 0 0 0 0 0 0 0 0 0 0 0 0 0 0 0 0 0 0 0 0 0 0 0 0 0 0 0 0 0; 9 92 100 93 0 0 0 0 0 0 0 0 0 0 0 0 0 0 0 0 0 0 0 0 0 0 0 0 0 0 0 0 0 0 0 0 0 0 0 0 0 0 0 0 0 0 0 0 0 0; 100 65 0 6 62 0 0 0 0 0 0 0 0 0 0 0 0 0 0 0 0 0 0 0 0 0 0 0 0 0 0 0 0 0 0 0 0 0 0 0 0 0 0 0 0 0 0 0 0 0; 7 13 2 19 100 13 0 0 0 0 0 0 0 0 0 0 0 0 0 0 0 0 0 0 0 0 0 0 0 0 0 0 0 0 0 0 0 0 0 0 0 0 0 0 0 0 0 0 0 0; 74 13 14 12 92 95 6 0 0 0 0 0 0 0 0 0 0 0 0 0 0 0 0 0 0 0 0 0 0 0 0 0 0 0 0 0 0 0 0 0 0 0 0 0 0 0 0 0 0 0; 100 81 4 100 100 100 98 100 0 0 0 0 0 0 0 0 0 0 0 0 0 0 0 0 0 0 0 0 0 0 0 0 0 0 0 0 0 0 0 0 0 0 0 0 0 0 0 0 0 0; 22 3 100 98 99 14 20 100 100 0 0 0 0 0 0 0 0 0 0 0 0 0 0 0 0 0 0 0 0 0 0 0 0 0 0 0 0 0 0 0 0 0 0 0 0 0 0 0 0 0; 6 23 12 100 93 100 29 82 80 6 0 0 0 0 0 0 0 0 0 0 0 0 0 0 0 0 0 0 0 0 0 0 0 0 0 0 0 0 0 0 0 0 0 0 0 0 0 0 0 0; 3 100 79 100 5 100 90 6 96 98 95 0 0 0 0 0 0 0 0 0 0 0 0 0 0 0 0 0 0 0 0 0 0 0 0 0 0 0 0 0 0 0 0 0 0 0 0 0 0 0; 11 32 16 7 18 18 90 91 63 0 100 99 0 0 0 0 0 0 0 0 0 0 0 0 0 0 0 0 0 0 0 0 0 0 0 0 0 0 0 0 0 0 0 0 0 0 0 0 0 0; 7 5 21 2 100 100 100 3 100 100 68 4 90 0 0 0 0 0 0 0 0 0 0 0 0 0 0 0 0 0 0 0 0 0 0 0 0 0 0 0 0 0 0 0 0 0 0 0 0 0; 96 10 86 100 100 42 92 1 14 6 98 12 2 79 0 0 0 0 0 0 0 0 0 0 0 0 0 0 0 0 0 0 0 0 0 0 0 0 0 0 0 0 0 0 0 0 0 0 0 0; 0 100 0 90 100 31 91 100 100 71 100 21 100 38 0 0 0 0 0 0 0 0 0 0 0 0 0 0 0 0 0 0 0 0 0 0 0 0 0 0 0 0 0 0 0 0 0 0 0 0; 97 33 93 98 82 48 100 92 81 0 100 98 100 4 100 100 0 0 0 0 0 0 0 0 0 0 0 0 0 0 0 0 0 0 0 0 0 0 0 0 0 0 0 0 0 0 0 0 0 0; 42 100 17 5 100 72 100 99 100 19 87 100 5 19 93 0 7 0 0 0 0 0 0 0 0 0 0 0 0 0 0 0 0 0 0 0 0 0 0 0 0 0 0 0 0 0 0 0 0 0; 97 96 24 87 66 58 4 100 18 1 21 100 15 98 89 8 11 97 0 0 0 0 0 0 0 0 0 0 0 0 0 0 0 0 0 0 0 0 0 0 0 0 0 0 0 0 0 0 0 0; 100 75 7 99 39 90 15 30 100 95 100 83 25 100 2 100 70 0 21 0 0 0 0 0 0 0 0 0 0 0 0 0 0 0 0 0 0 0 0 0 0 0 0 0 0 0 0 0 0 0; 87 100 98 86 7 100 98 21 2 4 81 4 100 100 28 99 3 100 100 92 0 0 0 0 0 0 0 0 0 0 0 0 0 0 0 0 0 0 0 0 0 0 0 0 0 0 0 0 0 0; 86 95 3 17 99 100 77 3 100 78 96 95 7 98 96 100 2 100 100 3 79 0 0 0 0 0 0 0 0 0 0 0 0 0 0 0 0 0 0 0 0 0 0 0 0 0 0 0 0 0; 71 99 91 36 8 100 94 91 0 1 100 100 94 55 69 100 100 86 25 71 83 72 0 0 0 0 0 0 0 0 0 0 0 0 0 0 0 0 0 0 0 0 0 0 0 0 0 0 0 0; 100 5 100 94 4 34 90 100 33 99 100 66 100 69 7 9 59 60 22 22 99 76 21 0 0 0 0 0 0 0 0 0 0 0 0 0 0 0 0 0 0 0 0 0 0 0 0 0 0 0; 87 100 22 100 100 84 97 72 100 73 4 99 100 25 100 65 100 74 11 100 3 100 11 2 0 0 0 0 0 0 0 0 0 0 0 0 0 0 0 0 0 0 0 0 0 0 0 0 0 0; 100 75 100 100 6 1 18 12 88 100 100 2 100 23 99 80 94 6 100 97 1 33 3 4 81 0 0 0 0 0 0 0 0 0 0 0 0 0 0 0 0 0 0 0 0 0 0 0 0 0; 4 0 70 96 17 6 98 84 20 38 22 26 23 87 20 100 98 100 100 100 100 6 96 97 85 8 0 0 0 0 0 0 0 0 0 0 0 0 0 0 0 0 0 0 0 0 0 0 0 0; 1 27 93 17 1 18 20 4 5 2 98 93 94 100 0 37 93 100 85 99 88 1 31 2 91 86 7 0 0 0 0 0 0 0 0 0 0 0 0 0 0 0 0 0 0 0 0 0 0 0; 75 99 69 100 86 3 16 100 11 0 5 98 100 75 96 25 100 21 1 59 0 77 100 98 92 100 7 100 0 0 0 0 0 0 0 0 0 0 0 0 0 0 0 0 0 0 0 0 0 0; 100 8 100 22 17 73 93 100 8 96 100 100 97 89 20 100 100 99 9 100 100 100 5 100 100 100 92 42 100 0 0 0 0 0 0 0 0 0 0 0 0 0 0 0 0 0 0 0 0 0; 100 1 88 71 1 90 100 15 88 88 96 100 96 0 12 34 88 99 93 100 76 10 99 98 82 13 95 100 99 100 0 0 0 0 0 0 0 0 0 0 0 0 0 0 0 0 0 0 0 0; 100 1 1 4 39 73 93 39 100 100 95 42 77 5 98 98 28 100 33 88 99 8 15 29 22 75 36 26 15 100 92 0 0 0 0 0 0 0 0 0 0 0 0 0 0 0 0 0 0 0; 9 56 100 4 91 100 28 72 9 2 6 0 83 2 89 14 25 88 90 72 88 100 27 100 82 97 100 81 3 65 100 98 0 0 0 0 0 0 0 0 0 0 0 0 0 0 0 0 0 0; 12 29 88 5 9 84 29 7 100 3 3 87 1 7 13 96 95 69 100 16 96 17 0 87 17 11 100 100 100 4 7 99 7 0 0 0 0 0 0 0 0 0 0 0 0 0 0 0 0 0; 89 87 100 3 10 2 4 5 98 100 96 94 83 93 100 12 100 71 9 2 78 23 32 68 93 100 60 94 82 100 18 100 95 79 0 0 0 0 0 0 0 0 0 0 0 0 0 0 0 0; 93 100 100 98 3 70 2 15 89 26 95 12 94 11 7 92 93 100 100 3 97 100 6 100 9 76 76 1 3 8 90 61 16 4 16 0 0 0 0 0 0 0 0 0 0 0 0 0 0 0; 95 98 4 100 82 11 34 89 3 23 60 2 7 100 95 100 76 100 91 93 100 3 13 10 7 1 100 88 2 17 100 22 100 100 58 92 0 0 0 0 0 0 0 0 0 0 0 0 0 0; 31 100 4 100 100 100 100 74 100 3 97 93 100 1 100 79 78 83 0 96 63 19 100 89 3 100 90 22 0 40 81 2 100 100 100 100 100 0 0 0 0 0 0 0 0 0 0 0 0 0; 77 15 100 0 91 97 100 88 87 100 98 65 16 100 48 21 5 100 100 100 94 100 100 93 100 7 99 74 100 100 89 17 12 9 25 4 4 70 0 0 0 0 0 0 0 0 0 0 0 0; 100 7 100 0 97 93 6 9 1 100 0 64 23 100 1 22 94 1 0 93 83 48 100 85 92 0 30 97 99 100 100 100 100 88 100 98 100 96 63 0 0 0 0 0 0 0 0 0 0 0; 89 100 89 7 79 89 9 100 100 94 75 4 98 8 100 28 8 70 99 99 9 100 100 33 47 94 85 24 93 7 55 24 100 100 5 100 2 85 100 16 0 0 0 0 0 0 0 0 0 0; 3 8 1 74 2 95 6 100 8 95 100 92 10 97 100 100 2 87 86 7 15 0 3 18 0 100 18 22 97 60 75 64 7 2 100 21 100 65 88 9 24 0 0 0 0 0 0 0 0 0; 18 97 100 0 96 6 100 75 3 94 100 85 11 9 100 0 34 94 1 11 88 100 94 37 100 29 95 27 10 14 100 84 14 82 100 92 28 17 100 90 100 0 0 0 0 0 0 0 0 0; 100 83 34 74 98 89 10 38 6 100 94 100 100 89 99 11 42 1 13 86 80 3 37 1 22 92 93 6 1 100 100 100 100 0 100 7 91 100 24 19 100 71 14 0 0 0 0 0 0 0; 80 100 100 85 97 99 69 100 8 100 100 100 100 100 100 100 100 100 25 94 11 13 82 95 80 6 33 90 96 66 100 32 10 22 88 21 68 95 17 82 0 7 5 100 0 0 0 0 0 0; 16 3 79 7 9 1 100 87 2 2 100 94 100 15 75 14 61 98 90 74 24 100 100 34 100 6 82 100 15 100 13 92 1 98 84 78 93 10 91 99 70 82 9 76 33 0 0 0 0 0; 8 100 4 98 64 5 46 100 96 100 34 3 90 11 2 27 81 100 68 25 1 7 2 100 100 9 67 85 94 100 58 85 2 95 28 97 19 6 100 95 100 100 19 100 97 3 0 0 0 0; 79 100 13 96 100 100 100 7 100 1 99 16 79 100 100 40 100 22 100 80 100 86 81 100 94 100 95 0 34 36 19 73 100 0 98 96 40 100 98 98 94 100 12 98 73 0 100 0 0 0; 18 70 9 19 100 3 99 94 84 99 91 100 99 12 100 100 19 100 2 66 5 8 1 100 23 2 100 9 100 96 81 100 100 100 100 96 88 12 13 100 100 100 100 100 100 100 100 52 0 0; 100 100 94 86 100 23 8 0 86 100 15 99 100 24 9 100 100 8 3 93 95 32 99 98 100 100 16 11 59 100 100 99 100 5 3 73 98 99 100 9 5 80 100 11 91 44 100 6 15 0; 96 12 20 45 96 37 77 6 4 3 3 100 7 70 62 13 100 70 42 99 71 100 1 14 94 47 87 23 100 29 30 100 9 40 100 2 100 99 0 86 100 13 24 90 100 95 100 100 31 15]
