n=40
density=25
Q1=[0 0 0 0 0 0 0 0 0 0 0 0 0 0 0 0 0 0 0 0 0 0 0 0 0 0 0 0 0 0 0 0 0 0 0 0 0 0 0 0 ;
0 0 0 0 0 0 0 0 0 0 0 0 0 0 0 0 0 0 0 0 0 0 0 0 0 0 0 0 0 0 0 0 0 0 0 0 0 0 0 0 ;
35 0 0 0 0 0 0 0 0 0 0 0 0 0 0 0 0 0 0 0 0 0 0 0 0 0 0 0 0 0 0 0 0 0 0 0 0 0 0 0 ;
41 18 0 0 0 0 0 0 0 0 0 0 0 0 0 0 0 0 0 0 0 0 0 0 0 0 0 0 0 0 0 0 0 0 0 0 0 0 0 0 ;
0 0 0 0 0 0 0 0 0 0 0 0 0 0 0 0 0 0 0 0 0 0 0 0 0 0 0 0 0 0 0 0 0 0 0 0 0 0 0 0 ;
0 55 0 0 0 0 0 0 0 0 0 0 0 0 0 0 0 0 0 0 0 0 0 0 0 0 0 0 0 0 0 0 0 0 0 0 0 0 0 0 ;
93 0 10 0 0 0 81 0 0 0 0 0 0 0 0 0 0 0 0 0 0 0 0 0 0 0 0 0 0 0 0 0 0 0 0 0 0 0 0 0 ;
0 0 88 0 0 53 0 0 0 0 0 0 0 0 0 0 0 0 0 0 0 0 0 0 0 0 0 0 0 0 0 0 0 0 0 0 0 0 0 0 ;
0 0 0 0 0 25 0 0 0 0 0 0 0 0 0 0 0 0 0 0 0 0 0 0 0 0 0 0 0 0 0 0 0 0 0 0 0 0 0 0 ;
0 0 0 0 0 0 0 0 0 0 0 0 0 0 0 0 0 0 0 0 0 0 0 0 0 0 0 0 0 0 0 0 0 0 0 0 0 0 0 0 ;
0 0 0 0 0 100 0 50 0 0 0 0 0 0 0 0 0 0 0 0 0 0 0 0 0 0 0 0 0 0 0 0 0 0 0 0 0 0 0 0 ;
15 22 22 31 0 0 0 0 0 0 0 0 0 0 0 0 0 0 0 0 0 0 0 0 0 0 0 0 0 0 0 0 0 0 0 0 0 0 0 0 ;
81 0 0 0 0 0 0 0 0 0 0 7 0 0 0 0 0 0 0 0 0 0 0 0 0 0 0 0 0 0 0 0 0 0 0 0 0 0 0 0 ;
0 0 0 0 0 0 0 0 0 37 0 0 0 61 0 0 0 0 0 0 0 0 0 0 0 0 0 0 0 0 0 0 0 0 0 0 0 0 0 0 ;
90 0 83 0 0 0 32 0 0 0 0 0 0 57 0 0 0 0 0 0 0 0 0 0 0 0 0 0 0 0 0 0 0 0 0 0 0 0 0 0 ;
0 0 0 0 23 0 42 0 0 0 0 0 0 79 84 0 0 0 0 0 0 0 0 0 0 0 0 0 0 0 0 0 0 0 0 0 0 0 0 0 ;
0 0 0 69 0 0 16 0 0 0 77 0 0 0 32 0 13 0 0 0 0 0 0 0 0 0 0 0 0 0 0 0 0 0 0 0 0 0 0 0 ;
0 0 0 0 0 0 0 19 0 11 0 0 0 17 0 0 0 0 0 0 0 0 0 0 0 0 0 0 0 0 0 0 0 0 0 0 0 0 0 0 ;
0 0 0 54 0 0 0 29 0 0 0 0 0 90 0 0 0 0 0 0 0 0 0 0 0 0 0 0 0 0 0 0 0 0 0 0 0 0 0 0 ;
0 0 0 0 73 0 67 0 0 46 0 0 0 0 100 1 0 0 0 0 0 0 0 0 0 0 0 0 0 0 0 0 0 0 0 0 0 0 0 0 ;
0 94 64 0 0 33 0 74 0 69 0 51 0 0 11 81 0 0 0 0 59 0 0 0 0 0 0 0 0 0 0 0 0 0 0 0 0 0 0 0 ;
0 60 0 0 0 0 2 0 2 29 0 0 0 0 0 0 0 0 1 0 0 0 0 0 0 0 0 0 0 0 0 0 0 0 0 0 0 0 0 0 ;
0 0 66 0 0 0 0 0 0 0 0 0 0 0 0 0 0 0 0 0 0 0 0 0 0 0 0 0 0 0 0 0 0 0 0 0 0 0 0 0 ;
0 0 0 0 78 0 44 9 69 0 17 80 0 0 0 0 0 0 0 0 54 0 0 0 0 0 0 0 0 0 0 0 0 0 0 0 0 0 0 0 ;
0 0 0 0 0 0 31 0 0 0 0 0 0 0 0 14 0 5 0 0 0 68 0 0 0 0 0 0 0 0 0 0 0 0 0 0 0 0 0 0 ;
0 0 0 0 0 0 85 0 47 0 0 0 53 0 0 0 0 0 0 79 36 69 0 0 0 0 0 0 0 0 0 0 0 0 0 0 0 0 0 0 ;
0 0 0 0 0 0 0 0 0 0 0 0 0 40 0 0 0 0 99 0 77 0 83 0 0 5 0 0 0 0 0 0 0 0 0 0 0 0 0 0 ;
0 0 16 82 0 0 0 0 13 58 0 0 0 21 0 0 0 0 9 0 0 0 0 0 0 0 0 7 0 0 0 0 0 0 0 0 0 0 0 0 ;
0 0 92 0 59 0 0 0 0 0 0 0 19 0 0 86 0 0 0 0 0 0 0 74 0 18 0 0 0 0 0 0 0 0 0 0 0 0 0 0 ;
47 0 0 0 0 0 39 0 0 0 0 0 28 85 0 67 0 0 0 67 0 0 0 0 50 0 0 0 0 0 0 0 0 0 0 0 0 0 0 0 ;
0 0 11 0 0 0 42 0 0 0 0 24 0 0 0 0 0 0 67 74 54 0 0 14 0 92 4 0 0 71 0 0 0 0 0 0 0 0 0 0 ;
0 0 34 0 0 0 90 0 0 0 0 74 0 0 0 0 69 44 0 0 0 0 0 0 0 97 0 0 0 0 0 0 0 0 0 0 0 0 0 0 ;
0 0 0 0 62 50 0 0 60 0 0 0 87 3 0 11 0 0 0 0 96 0 0 4 0 0 0 0 0 0 0 0 0 0 0 0 0 0 0 0 ;
0 24 0 0 0 0 0 0 0 0 0 0 43 0 79 0 97 0 0 14 6 0 0 0 21 71 0 26 0 0 82 0 0 0 0 0 0 0 0 0 ;
75 0 0 0 23 0 0 0 0 0 0 0 0 0 0 0 50 59 0 0 74 0 12 68 0 0 0 84 42 0 0 0 0 13 5 0 0 0 0 0 ;
74 50 0 0 70 0 0 19 0 0 0 0 0 0 86 31 0 0 0 0 0 0 37 0 91 0 0 0 36 0 0 0 0 48 0 0 0 0 0 0 ;
18 0 0 0 0 0 5 0 0 0 3 84 0 0 0 0 0 0 0 0 0 0 0 0 0 0 0 0 0 0 0 0 0 87 27 0 0 0 0 0 ;
0 0 30 87 0 0 0 23 0 0 0 0 54 0 0 90 0 100 0 56 18 26 0 0 46 0 0 16 0 0 38 0 0 88 0 0 0 0 0 0 ;
4 9 0 0 0 71 63 0 0 21 0 0 0 0 0 0 0 0 0 0 43 0 0 0 0 95 47 0 0 0 70 0 56 6 0 0 0 0 0 0 ;
0 0 0 0 0 0 0 0 0 0 0 0 0 81 0 0 0 64 0 0 5 0 0 38 0 0 0 0 0 60 0 0 99 0 0 0 0 0 62 0 ]
w=[42, 16, 48, 3, 11, 17, 50, 44, 26, 17, 39, 19, 48, 16, 33, 31, 12, 7, 27, 35, 42, 9, 48, 48, 37, 33, 20, 23, 19, 9, 34, 50, 36, 39, 6, 9, 14, 26, 45, 23]
W=55 
k=2 
inst_name = "QKP_40_100_25" 
feasible = true 
Q2=[100 0 0 0 0 0 0 0 0 0 0 0 0 0 0 0 0 0 0 0 0 0 0 0 0 0 0 0 0 0 0 0 0 0 0 0 0 0 0 0; 100 100 0 0 0 0 0 0 0 0 0 0 0 0 0 0 0 0 0 0 0 0 0 0 0 0 0 0 0 0 0 0 0 0 0 0 0 0 0 0; 71 100 100 0 0 0 0 0 0 0 0 0 0 0 0 0 0 0 0 0 0 0 0 0 0 0 0 0 0 0 0 0 0 0 0 0 0 0 0 0; 87 100 100 100 0 0 0 0 0 0 0 0 0 0 0 0 0 0 0 0 0 0 0 0 0 0 0 0 0 0 0 0 0 0 0 0 0 0 0 0; 100 100 100 100 100 0 0 0 0 0 0 0 0 0 0 0 0 0 0 0 0 0 0 0 0 0 0 0 0 0 0 0 0 0 0 0 0 0 0 0; 100 18 100 100 100 100 0 0 0 0 0 0 0 0 0 0 0 0 0 0 0 0 0 0 0 0 0 0 0 0 0 0 0 0 0 0 0 0 0 0; 4 100 95 100 100 100 9 0 0 0 0 0 0 0 0 0 0 0 0 0 0 0 0 0 0 0 0 0 0 0 0 0 0 0 0 0 0 0 0 0; 100 100 12 100 100 5 100 100 0 0 0 0 0 0 0 0 0 0 0 0 0 0 0 0 0 0 0 0 0 0 0 0 0 0 0 0 0 0 0 0; 100 100 100 100 100 88 100 100 100 0 0 0 0 0 0 0 0 0 0 0 0 0 0 0 0 0 0 0 0 0 0 0 0 0 0 0 0 0 0 0; 100 100 100 100 100 100 100 100 100 100 0 0 0 0 0 0 0 0 0 0 0 0 0 0 0 0 0 0 0 0 0 0 0 0 0 0 0 0 0 0; 100 100 100 100 100 0 100 23 100 100 100 0 0 0 0 0 0 0 0 0 0 0 0 0 0 0 0 0 0 0 0 0 0 0 0 0 0 0 0 0; 94 94 89 87 100 100 100 100 100 100 100 100 0 0 0 0 0 0 0 0 0 0 0 0 0 0 0 0 0 0 0 0 0 0 0 0 0 0 0 0; 0 100 100 100 100 100 100 100 100 100 100 96 100 0 0 0 0 0 0 0 0 0 0 0 0 0 0 0 0 0 0 0 0 0 0 0 0 0 0 0; 100 100 100 100 100 100 100 100 100 89 100 100 100 2 0 0 0 0 0 0 0 0 0 0 0 0 0 0 0 0 0 0 0 0 0 0 0 0 0 0; 2 100 4 100 100 100 88 100 100 100 100 100 100 37 100 0 0 0 0 0 0 0 0 0 0 0 0 0 0 0 0 0 0 0 0 0 0 0 0 0; 100 100 100 100 78 100 90 100 100 100 100 100 100 6 2 100 0 0 0 0 0 0 0 0 0 0 0 0 0 0 0 0 0 0 0 0 0 0 0 0; 100 100 100 6 100 100 87 100 100 100 12 100 100 100 93 100 87 0 0 0 0 0 0 0 0 0 0 0 0 0 0 0 0 0 0 0 0 0 0 0; 100 100 100 100 100 100 100 97 100 90 100 100 100 85 100 100 100 100 0 0 0 0 0 0 0 0 0 0 0 0 0 0 0 0 0 0 0 0 0 0; 100 100 100 34 100 100 100 96 100 100 100 100 100 6 100 100 100 100 100 0 0 0 0 0 0 0 0 0 0 0 0 0 0 0 0 0 0 0 0 0; 100 100 100 100 2 100 4 100 100 92 100 100 100 100 0 100 100 100 100 100 0 0 0 0 0 0 0 0 0 0 0 0 0 0 0 0 0 0 0 0; 100 5 13 100 100 100 100 23 100 6 100 18 100 100 93 11 100 100 100 100 26 0 0 0 0 0 0 0 0 0 0 0 0 0 0 0 0 0 0 0; 100 30 100 100 100 100 98 100 98 93 100 100 100 100 100 100 100 100 100 100 100 100 0 0 0 0 0 0 0 0 0 0 0 0 0 0 0 0 0 0; 100 100 4 100 100 100 100 100 100 100 100 100 100 100 100 100 100 100 100 100 100 100 100 0 0 0 0 0 0 0 0 0 0 0 0 0 0 0 0 0; 100 100 100 100 10 100 99 91 4 100 96 1 100 100 100 100 100 100 100 100 22 100 100 100 0 0 0 0 0 0 0 0 0 0 0 0 0 0 0 0; 100 100 100 100 100 100 87 100 100 100 100 100 100 100 100 87 100 95 100 100 100 13 100 100 100 0 0 0 0 0 0 0 0 0 0 0 0 0 0 0; 100 100 100 100 100 100 12 100 78 100 100 100 15 100 100 100 100 100 100 7 81 21 100 100 100 100 0 0 0 0 0 0 0 0 0 0 0 0 0 0; 100 100 100 100 100 100 100 100 100 100 100 100 100 99 100 100 100 100 1 100 4 100 7 100 100 98 100 0 0 0 0 0 0 0 0 0 0 0 0 0; 100 100 97 14 100 100 100 100 100 0 100 100 100 79 100 100 100 100 95 100 100 100 100 100 100 100 100 96 0 0 0 0 0 0 0 0 0 0 0 0; 100 100 6 100 9 100 100 100 100 100 100 100 86 100 100 0 100 100 100 100 100 100 100 20 100 98 100 100 100 0 0 0 0 0 0 0 0 0 0 0; 56 100 100 100 100 100 89 100 100 100 100 100 84 1 100 28 100 100 100 5 100 100 100 100 1 100 100 100 100 100 0 0 0 0 0 0 0 0 0 0; 100 100 99 100 100 100 92 100 100 100 100 92 100 100 100 100 100 100 25 21 7 100 100 86 100 1 99 100 100 5 100 0 0 0 0 0 0 0 0 0; 100 100 89 100 100 100 5 100 100 100 100 19 100 100 100 100 17 76 100 100 100 100 100 100 100 3 100 100 100 100 100 100 0 0 0 0 0 0 0 0; 100 100 100 100 34 33 100 100 6 100 100 100 5 100 100 91 100 100 100 100 0 100 100 98 100 100 100 100 100 100 100 100 100 0 0 0 0 0 0 0; 100 89 100 100 100 100 100 100 100 100 100 100 81 100 3 100 2 100 100 87 94 100 100 100 95 11 100 74 100 100 17 100 100 100 0 0 0 0 0 0; 13 100 100 100 85 100 100 100 100 100 100 100 100 100 100 100 17 2 100 100 22 100 94 18 100 100 100 14 80 100 100 100 100 98 99 0 0 0 0 0; 3 2 100 100 12 100 100 97 100 100 100 100 100 100 10 91 100 100 100 100 100 100 91 100 2 100 100 100 87 100 100 100 100 91 100 100 0 0 0 0; 96 100 100 100 100 100 99 100 100 100 100 16 100 100 100 100 100 100 100 100 100 100 100 100 100 100 100 100 100 100 100 100 100 0 92 100 100 0 0 0; 100 100 78 0 100 100 100 85 100 100 100 100 22 100 100 2 100 0 100 9 84 91 100 100 88 100 100 90 100 100 84 100 100 9 100 100 100 100 0 0; 98 95 100 100 100 29 24 100 100 92 100 100 100 100 100 100 100 100 100 100 63 100 100 100 100 1 98 100 100 100 10 100 16 95 100 100 100 100 100 0; 100 100 100 100 100 100 100 100 100 100 100 100 100 18 100 100 100 24 100 100 99 100 100 77 100 100 100 100 100 14 100 100 0 100 100 100 100 100 8 100]
