n=50
density=50
Q1=[94 0 0 0 0 0 0 0 0 0 0 0 0 0 0 0 0 0 0 0 0 0 0 0 0 0 0 0 0 0 0 0 0 0 0 0 0 0 0 0 0 0 0 0 0 0 0 0 0 0 ;
0 80 0 0 0 0 0 0 0 0 0 0 0 0 0 0 0 0 0 0 0 0 0 0 0 0 0 0 0 0 0 0 0 0 0 0 0 0 0 0 0 0 0 0 0 0 0 0 0 0 ;
32 34 37 0 0 0 0 0 0 0 0 0 0 0 0 0 0 0 0 0 0 0 0 0 0 0 0 0 0 0 0 0 0 0 0 0 0 0 0 0 0 0 0 0 0 0 0 0 0 0 ;
0 0 0 62 0 0 0 0 0 0 0 0 0 0 0 0 0 0 0 0 0 0 0 0 0 0 0 0 0 0 0 0 0 0 0 0 0 0 0 0 0 0 0 0 0 0 0 0 0 0 ;
0 11 64 0 6 0 0 0 0 0 0 0 0 0 0 0 0 0 0 0 0 0 0 0 0 0 0 0 0 0 0 0 0 0 0 0 0 0 0 0 0 0 0 0 0 0 0 0 0 0 ;
0 36 0 72 0 59 0 0 0 0 0 0 0 0 0 0 0 0 0 0 0 0 0 0 0 0 0 0 0 0 0 0 0 0 0 0 0 0 0 0 0 0 0 0 0 0 0 0 0 0 ;
0 0 64 0 4 0 69 0 0 0 0 0 0 0 0 0 0 0 0 0 0 0 0 0 0 0 0 0 0 0 0 0 0 0 0 0 0 0 0 0 0 0 0 0 0 0 0 0 0 0 ;
0 0 0 0 40 94 73 97 0 0 0 0 0 0 0 0 0 0 0 0 0 0 0 0 0 0 0 0 0 0 0 0 0 0 0 0 0 0 0 0 0 0 0 0 0 0 0 0 0 0 ;
0 60 63 12 0 0 0 25 0 0 0 0 0 0 0 0 0 0 0 0 0 0 0 0 0 0 0 0 0 0 0 0 0 0 0 0 0 0 0 0 0 0 0 0 0 0 0 0 0 0 ;
83 87 0 0 0 0 2 99 0 31 0 0 0 0 0 0 0 0 0 0 0 0 0 0 0 0 0 0 0 0 0 0 0 0 0 0 0 0 0 0 0 0 0 0 0 0 0 0 0 0 ;
50 0 0 52 0 83 0 21 0 5 0 0 0 0 0 0 0 0 0 0 0 0 0 0 0 0 0 0 0 0 0 0 0 0 0 0 0 0 0 0 0 0 0 0 0 0 0 0 0 0 ;
50 0 0 0 0 0 38 0 0 47 92 0 0 0 0 0 0 0 0 0 0 0 0 0 0 0 0 0 0 0 0 0 0 0 0 0 0 0 0 0 0 0 0 0 0 0 0 0 0 0 ;
60 0 0 29 35 12 0 0 0 0 46 0 17 0 0 0 0 0 0 0 0 0 0 0 0 0 0 0 0 0 0 0 0 0 0 0 0 0 0 0 0 0 0 0 0 0 0 0 0 0 ;
0 7 90 54 0 0 0 47 54 0 0 0 0 82 0 0 0 0 0 0 0 0 0 0 0 0 0 0 0 0 0 0 0 0 0 0 0 0 0 0 0 0 0 0 0 0 0 0 0 0 ;
0 0 13 90 11 92 0 73 49 85 76 12 5 0 0 0 0 0 0 0 0 0 0 0 0 0 0 0 0 0 0 0 0 0 0 0 0 0 0 0 0 0 0 0 0 0 0 0 0 0 ;
56 0 0 0 5 92 0 7 50 3 0 0 2 37 70 77 0 0 0 0 0 0 0 0 0 0 0 0 0 0 0 0 0 0 0 0 0 0 0 0 0 0 0 0 0 0 0 0 0 0 ;
0 0 0 50 92 34 77 0 0 0 0 0 0 0 0 98 0 0 0 0 0 0 0 0 0 0 0 0 0 0 0 0 0 0 0 0 0 0 0 0 0 0 0 0 0 0 0 0 0 0 ;
0 87 9 99 0 69 34 0 0 77 0 93 95 0 0 81 42 0 0 0 0 0 0 0 0 0 0 0 0 0 0 0 0 0 0 0 0 0 0 0 0 0 0 0 0 0 0 0 0 0 ;
31 0 51 0 75 0 0 0 0 59 0 0 34 0 61 95 0 86 0 0 0 0 0 0 0 0 0 0 0 0 0 0 0 0 0 0 0 0 0 0 0 0 0 0 0 0 0 0 0 0 ;
0 0 34 0 0 0 33 80 94 49 72 49 0 67 42 78 0 49 0 63 0 0 0 0 0 0 0 0 0 0 0 0 0 0 0 0 0 0 0 0 0 0 0 0 0 0 0 0 0 0 ;
16 0 93 0 63 0 37 70 59 79 0 3 0 98 0 0 11 41 12 0 41 0 0 0 0 0 0 0 0 0 0 0 0 0 0 0 0 0 0 0 0 0 0 0 0 0 0 0 0 0 ;
0 0 0 89 0 0 0 85 70 0 0 0 0 0 0 85 30 44 0 0 31 57 0 0 0 0 0 0 0 0 0 0 0 0 0 0 0 0 0 0 0 0 0 0 0 0 0 0 0 0 ;
100 0 79 15 75 69 32 0 44 0 0 63 0 44 0 0 0 0 0 80 91 0 0 0 0 0 0 0 0 0 0 0 0 0 0 0 0 0 0 0 0 0 0 0 0 0 0 0 0 0 ;
0 0 0 7 14 0 0 52 37 85 0 0 100 0 0 5 77 80 0 29 0 0 0 80 0 0 0 0 0 0 0 0 0 0 0 0 0 0 0 0 0 0 0 0 0 0 0 0 0 0 ;
73 0 21 54 23 1 0 0 0 7 10 0 0 42 0 19 49 0 35 0 0 0 0 62 0 0 0 0 0 0 0 0 0 0 0 0 0 0 0 0 0 0 0 0 0 0 0 0 0 0 ;
65 40 0 96 99 41 45 26 80 0 0 0 58 42 0 0 85 35 0 86 0 0 0 0 93 50 0 0 0 0 0 0 0 0 0 0 0 0 0 0 0 0 0 0 0 0 0 0 0 0 ;
0 30 33 47 67 32 0 91 0 35 47 92 0 17 0 15 86 35 0 68 0 0 11 63 0 0 22 0 0 0 0 0 0 0 0 0 0 0 0 0 0 0 0 0 0 0 0 0 0 0 ;
49 55 0 0 75 0 89 31 52 83 85 44 0 0 6 0 0 6 90 2 0 0 0 85 0 42 0 0 0 0 0 0 0 0 0 0 0 0 0 0 0 0 0 0 0 0 0 0 0 0 ;
6 49 0 62 29 7 0 34 31 0 0 8 63 4 0 36 78 23 0 47 0 0 58 10 0 0 0 38 0 0 0 0 0 0 0 0 0 0 0 0 0 0 0 0 0 0 0 0 0 0 ;
0 25 0 0 0 0 0 0 0 55 0 0 0 0 28 0 69 0 9 0 63 0 15 0 0 0 24 66 51 15 0 0 0 0 0 0 0 0 0 0 0 0 0 0 0 0 0 0 0 0 ;
0 0 0 19 0 0 0 87 0 60 0 0 98 0 0 0 0 0 0 71 46 0 0 58 31 35 7 54 0 0 0 0 0 0 0 0 0 0 0 0 0 0 0 0 0 0 0 0 0 0 ;
17 16 0 68 0 0 45 79 0 2 0 89 4 0 0 0 0 0 96 0 0 0 94 63 0 41 0 0 44 73 0 0 0 0 0 0 0 0 0 0 0 0 0 0 0 0 0 0 0 0 ;
23 0 0 0 6 93 23 78 69 0 0 18 0 29 19 77 0 0 28 41 0 0 40 62 98 0 23 0 0 38 0 0 0 0 0 0 0 0 0 0 0 0 0 0 0 0 0 0 0 0 ;
0 38 0 84 0 0 0 0 0 20 0 0 94 15 0 0 0 0 0 17 25 0 45 0 0 0 0 0 7 0 50 0 4 76 0 0 0 0 0 0 0 0 0 0 0 0 0 0 0 0 ;
10 0 0 94 0 0 2 32 66 66 0 40 72 0 32 91 0 0 100 4 0 0 87 0 0 0 0 99 0 0 0 0 0 74 0 0 0 0 0 0 0 0 0 0 0 0 0 0 0 0 ;
80 69 22 0 33 0 0 27 0 0 65 0 35 0 0 26 42 0 72 42 67 0 0 0 42 0 0 0 65 0 0 0 60 0 0 93 0 0 0 0 0 0 0 0 0 0 0 0 0 0 ;
0 0 0 0 0 18 25 58 89 43 0 22 0 98 67 0 0 90 0 38 0 36 85 55 95 68 0 48 57 0 2 0 73 60 0 0 42 0 0 0 0 0 0 0 0 0 0 0 0 0 ;
3 0 0 0 22 90 56 13 22 0 0 0 19 0 0 0 65 0 48 69 28 0 95 0 84 0 0 63 0 0 75 27 62 0 0 0 0 25 0 0 0 0 0 0 0 0 0 0 0 0 ;
0 0 44 0 0 0 31 0 0 0 0 69 6 33 42 0 78 0 0 0 0 0 71 49 70 0 46 0 94 32 29 68 0 0 87 35 0 49 0 0 0 0 0 0 0 0 0 0 0 0 ;
32 16 0 69 96 28 0 0 0 0 16 0 0 88 0 99 0 0 65 0 6 98 93 0 91 83 0 89 0 0 44 1 33 80 4 0 0 22 0 0 0 0 0 0 0 0 0 0 0 0 ;
84 0 0 86 90 0 82 42 0 45 0 10 93 0 0 43 80 91 0 0 0 60 53 12 0 0 42 67 0 0 48 67 0 0 0 0 7 20 0 59 0 0 0 0 0 0 0 0 0 0 ;
57 0 0 22 0 0 60 57 0 99 0 0 0 37 0 3 12 1 0 5 0 0 54 33 0 0 50 76 7 0 0 0 0 0 0 0 0 0 21 70 0 93 0 0 0 0 0 0 0 0 ;
62 0 10 0 39 73 0 52 77 0 74 11 0 0 0 0 74 33 45 92 33 74 81 70 0 72 84 0 28 0 0 43 0 11 0 0 20 0 0 100 62 0 18 0 0 0 0 0 0 0 ;
40 69 27 96 0 0 10 47 31 0 0 0 50 0 22 89 11 0 0 6 45 55 0 66 0 0 80 0 25 41 97 0 0 97 0 22 0 0 41 0 98 3 100 78 0 0 0 0 0 0 ;
50 0 0 0 19 27 4 97 61 0 0 32 0 0 0 0 9 48 0 0 38 40 0 27 93 0 47 24 11 69 0 0 13 55 90 0 51 33 0 0 0 80 0 5 0 0 0 0 0 0 ;
0 0 8 30 22 12 0 0 0 41 0 0 0 0 0 5 0 17 0 47 0 0 0 20 14 0 54 72 0 98 36 62 81 0 94 29 44 0 85 49 28 0 64 0 48 0 0 0 0 0 ;
0 0 90 0 46 0 0 87 0 11 0 29 0 93 0 0 0 61 57 82 0 0 0 50 0 0 39 96 0 0 16 95 0 31 88 0 62 73 26 61 78 0 0 0 0 31 59 0 0 0 ;
0 24 0 45 0 62 9 14 68 70 11 31 0 9 67 0 0 18 21 0 26 0 0 0 55 22 0 30 37 36 27 0 0 92 15 0 44 0 30 69 98 0 0 2 0 35 66 61 0 0 ;
0 0 0 44 54 41 26 82 0 0 25 63 0 22 0 2 49 0 55 21 77 0 0 27 100 0 44 97 0 30 36 3 0 0 99 73 0 98 0 0 93 99 0 81 0 0 0 45 70 0 ;
76 5 96 95 0 0 92 59 0 22 0 0 0 0 0 0 0 9 97 45 48 0 27 0 0 39 7 42 52 66 17 0 25 0 0 0 68 64 0 90 0 11 21 0 71 16 36 0 0 24 ]
w=[36, 39, 10, 3, 3, 28, 31, 6, 4, 20, 18, 13, 45, 2, 39, 35, 33, 17, 31, 7, 21, 24, 30, 40, 11, 48, 25, 49, 44, 34, 32, 30, 22, 45, 16, 48, 1, 21, 42, 20, 14, 49, 32, 1, 5, 12, 23, 46, 8, 39]
W=51 
k=4 
inst_name = "QKP_50_100_50" 
feasible = true 
Q2=[4 0 0 0 0 0 0 0 0 0 0 0 0 0 0 0 0 0 0 0 0 0 0 0 0 0 0 0 0 0 0 0 0 0 0 0 0 0 0 0 0 0 0 0 0 0 0 0 0 0; 100 6 0 0 0 0 0 0 0 0 0 0 0 0 0 0 0 0 0 0 0 0 0 0 0 0 0 0 0 0 0 0 0 0 0 0 0 0 0 0 0 0 0 0 0 0 0 0 0 0; 71 86 82 0 0 0 0 0 0 0 0 0 0 0 0 0 0 0 0 0 0 0 0 0 0 0 0 0 0 0 0 0 0 0 0 0 0 0 0 0 0 0 0 0 0 0 0 0 0 0; 100 100 100 15 0 0 0 0 0 0 0 0 0 0 0 0 0 0 0 0 0 0 0 0 0 0 0 0 0 0 0 0 0 0 0 0 0 0 0 0 0 0 0 0 0 0 0 0 0 0; 100 89 14 100 97 0 0 0 0 0 0 0 0 0 0 0 0 0 0 0 0 0 0 0 0 0 0 0 0 0 0 0 0 0 0 0 0 0 0 0 0 0 0 0 0 0 0 0 0 0; 100 84 100 26 100 26 0 0 0 0 0 0 0 0 0 0 0 0 0 0 0 0 0 0 0 0 0 0 0 0 0 0 0 0 0 0 0 0 0 0 0 0 0 0 0 0 0 0 0 0; 100 100 5 100 100 100 27 0 0 0 0 0 0 0 0 0 0 0 0 0 0 0 0 0 0 0 0 0 0 0 0 0 0 0 0 0 0 0 0 0 0 0 0 0 0 0 0 0 0 0; 100 100 100 100 68 0 10 2 0 0 0 0 0 0 0 0 0 0 0 0 0 0 0 0 0 0 0 0 0 0 0 0 0 0 0 0 0 0 0 0 0 0 0 0 0 0 0 0 0 0; 100 24 17 88 100 100 100 75 100 0 0 0 0 0 0 0 0 0 0 0 0 0 0 0 0 0 0 0 0 0 0 0 0 0 0 0 0 0 0 0 0 0 0 0 0 0 0 0 0 0; 4 0 100 100 100 100 100 0 100 81 0 0 0 0 0 0 0 0 0 0 0 0 0 0 0 0 0 0 0 0 0 0 0 0 0 0 0 0 0 0 0 0 0 0 0 0 0 0 0 0; 40 100 100 44 100 4 100 91 100 100 100 0 0 0 0 0 0 0 0 0 0 0 0 0 0 0 0 0 0 0 0 0 0 0 0 0 0 0 0 0 0 0 0 0 0 0 0 0 0 0; 43 100 100 100 100 100 82 100 100 80 2 100 0 0 0 0 0 0 0 0 0 0 0 0 0 0 0 0 0 0 0 0 0 0 0 0 0 0 0 0 0 0 0 0 0 0 0 0 0 0; 12 100 100 78 72 93 100 100 100 100 92 100 91 0 0 0 0 0 0 0 0 0 0 0 0 0 0 0 0 0 0 0 0 0 0 0 0 0 0 0 0 0 0 0 0 0 0 0 0 0; 100 98 2 35 100 100 100 55 10 100 100 100 100 10 0 0 0 0 0 0 0 0 0 0 0 0 0 0 0 0 0 0 0 0 0 0 0 0 0 0 0 0 0 0 0 0 0 0 0 0; 100 100 96 2 93 3 100 5 99 11 21 99 100 100 100 0 0 0 0 0 0 0 0 0 0 0 0 0 0 0 0 0 0 0 0 0 0 0 0 0 0 0 0 0 0 0 0 0 0 0; 32 100 100 100 99 7 100 100 22 98 100 100 99 66 5 5 0 0 0 0 0 0 0 0 0 0 0 0 0 0 0 0 0 0 0 0 0 0 0 0 0 0 0 0 0 0 0 0 0 0; 100 100 100 17 0 73 16 100 100 100 100 100 100 100 100 0 100 0 0 0 0 0 0 0 0 0 0 0 0 0 0 0 0 0 0 0 0 0 0 0 0 0 0 0 0 0 0 0 0 0; 100 6 95 0 100 23 76 100 100 14 100 3 4 100 100 11 81 100 0 0 0 0 0 0 0 0 0 0 0 0 0 0 0 0 0 0 0 0 0 0 0 0 0 0 0 0 0 0 0 0; 86 100 4 100 12 100 100 100 100 2 100 100 96 100 30 0 100 11 100 0 0 0 0 0 0 0 0 0 0 0 0 0 0 0 0 0 0 0 0 0 0 0 0 0 0 0 0 0 0 0; 100 100 88 100 100 100 80 12 4 60 5 87 100 2 73 11 100 99 100 5 0 0 0 0 0 0 0 0 0 0 0 0 0 0 0 0 0 0 0 0 0 0 0 0 0 0 0 0 0 0; 89 100 1 100 18 100 72 22 9 7 100 97 100 1 100 100 96 79 98 100 95 0 0 0 0 0 0 0 0 0 0 0 0 0 0 0 0 0 0 0 0 0 0 0 0 0 0 0 0 0; 100 100 100 10 100 100 100 14 13 100 100 100 100 100 100 14 84 58 100 100 92 39 0 0 0 0 0 0 0 0 0 0 0 0 0 0 0 0 0 0 0 0 0 0 0 0 0 0 0 0; 0 100 3 88 12 17 94 100 60 100 100 15 100 62 100 100 100 100 100 4 8 100 100 0 0 0 0 0 0 0 0 0 0 0 0 0 0 0 0 0 0 0 0 0 0 0 0 0 0 0; 100 100 100 98 87 100 100 14 87 13 100 100 0 100 100 95 1 18 100 82 100 100 100 1 0 0 0 0 0 0 0 0 0 0 0 0 0 0 0 0 0 0 0 0 0 0 0 0 0 0; 2 100 84 4 88 99 100 100 100 100 94 100 100 69 100 95 76 100 72 100 100 100 100 25 100 0 0 0 0 0 0 0 0 0 0 0 0 0 0 0 0 0 0 0 0 0 0 0 0 0; 35 68 100 4 0 72 70 99 1 100 100 100 7 72 100 100 3 81 100 7 100 100 100 100 1 20 0 0 0 0 0 0 0 0 0 0 0 0 0 0 0 0 0 0 0 0 0 0 0 0; 100 95 93 71 30 97 100 9 100 89 83 5 100 90 100 86 8 89 100 27 100 100 89 1 100 100 83 0 0 0 0 0 0 0 0 0 0 0 0 0 0 0 0 0 0 0 0 0 0 0; 70 39 100 100 16 100 2 96 19 17 6 56 100 100 100 100 100 100 10 99 100 100 100 4 100 72 100 100 0 0 0 0 0 0 0 0 0 0 0 0 0 0 0 0 0 0 0 0 0 0; 95 60 100 7 93 98 100 66 97 100 100 93 1 98 100 96 4 86 100 67 100 100 28 99 100 100 100 89 100 0 0 0 0 0 0 0 0 0 0 0 0 0 0 0 0 0 0 0 0 0; 100 97 100 100 100 100 100 100 100 39 100 100 100 100 97 100 25 100 91 100 16 100 93 100 100 100 83 20 2 86 0 0 0 0 0 0 0 0 0 0 0 0 0 0 0 0 0 0 0 0; 100 100 100 94 100 100 100 9 100 1 100 100 1 100 100 100 100 100 100 28 96 100 100 29 76 91 93 38 100 100 100 0 0 0 0 0 0 0 0 0 0 0 0 0 0 0 0 0 0 0; 89 90 100 25 100 100 90 5 100 100 100 10 100 100 100 100 100 100 1 100 100 100 1 20 100 99 100 100 74 13 100 100 0 0 0 0 0 0 0 0 0 0 0 0 0 0 0 0 0 0; 93 100 100 100 100 4 81 9 18 100 100 88 100 95 94 5 100 100 95 99 100 100 66 35 0 100 89 100 100 97 100 100 100 0 0 0 0 0 0 0 0 0 0 0 0 0 0 0 0 0; 100 95 100 12 100 100 100 100 100 91 100 100 1 85 100 100 100 100 100 84 100 100 86 100 100 100 100 100 96 100 35 100 99 14 0 0 0 0 0 0 0 0 0 0 0 0 0 0 0 0; 99 100 100 2 100 100 100 94 32 33 100 86 13 100 80 3 100 100 0 99 100 100 11 100 100 100 100 1 100 100 100 100 100 13 100 0 0 0 0 0 0 0 0 0 0 0 0 0 0 0; 18 12 85 100 98 100 100 94 100 100 23 100 68 100 100 89 73 100 27 90 26 100 100 100 81 100 100 100 35 100 100 100 18 100 100 1 0 0 0 0 0 0 0 0 0 0 0 0 0 0; 100 100 100 100 100 84 88 3 8 76 100 84 100 1 3 100 100 8 100 65 100 85 1 9 3 15 100 57 4 100 98 100 15 2 100 100 63 0 0 0 0 0 0 0 0 0 0 0 0 0; 100 100 100 100 88 9 5 93 98 100 100 100 86 100 100 100 30 100 82 22 96 100 3 100 10 100 100 37 100 100 7 82 15 100 100 100 100 94 0 0 0 0 0 0 0 0 0 0 0 0; 100 100 93 100 100 100 87 100 100 100 100 26 100 98 61 100 19 100 100 100 100 100 14 92 29 100 73 100 3 71 79 1 100 100 3 74 100 59 100 0 0 0 0 0 0 0 0 0 0 0; 94 88 100 22 3 95 100 100 100 100 97 100 100 8 100 0 100 100 0 100 97 1 2 100 8 13 100 7 100 100 68 99 73 20 97 100 100 86 100 100 0 0 0 0 0 0 0 0 0 0; 7 100 100 11 0 100 17 70 100 68 100 90 6 100 100 74 14 4 100 100 100 39 23 98 100 100 90 33 100 100 78 2 100 100 100 100 93 93 100 19 100 0 0 0 0 0 0 0 0 0; 7 100 100 95 100 100 2 2 100 1 100 100 100 94 100 97 94 99 100 96 100 100 4 87 100 100 32 7 96 100 100 100 100 100 100 100 100 100 89 24 100 1 0 0 0 0 0 0 0 0; 5 100 95 100 86 10 100 23 23 100 14 91 100 100 100 100 25 88 100 4 86 25 18 28 100 21 8 100 73 100 100 84 100 94 100 100 82 100 100 0 1 100 98 0 0 0 0 0 0 0; 79 3 84 4 100 100 99 75 82 100 100 100 1 100 85 8 93 100 100 94 68 8 100 21 100 100 15 100 75 70 3 100 100 3 100 98 100 100 95 100 2 99 0 19 0 0 0 0 0 0; 13 100 100 100 85 75 98 2 17 100 100 72 100 100 100 100 91 86 100 100 90 66 100 76 0 100 82 81 91 27 100 100 93 16 10 100 14 70 100 100 100 0 100 100 100 0 0 0 0 0; 100 100 98 78 92 98 100 100 100 86 100 100 100 100 100 95 100 98 100 58 100 100 100 80 91 100 5 11 100 1 82 16 8 100 0 88 85 100 6 74 87 100 29 100 53 100 0 0 0 0; 100 100 10 100 76 100 100 8 100 89 100 83 100 6 100 100 100 33 12 0 100 100 100 0 100 100 85 2 100 100 96 2 100 94 7 100 18 18 79 23 12 100 100 100 100 82 10 0 0 0; 100 82 100 66 100 38 98 96 22 23 100 82 100 100 28 100 100 87 91 100 92 100 100 100 41 92 100 97 67 96 88 100 100 1 98 100 58 100 73 20 2 100 100 99 100 91 28 8 0 0; 100 100 100 91 45 63 97 4 100 100 95 23 100 100 100 98 78 100 40 80 6 100 100 88 0 100 73 0 100 86 66 99 100 100 0 7 100 2 100 100 0 1 100 13 100 100 100 73 9 0; 7 96 4 5 100 100 1 37 100 90 100 100 100 100 100 100 100 93 0 64 76 100 79 100 100 97 100 61 0 5 83 100 78 100 100 100 1 34 100 5 100 100 92 100 28 90 90 100 100 78]
