n=35
density=25
Q1=[0 0 0 0 0 0 0 0 0 0 0 0 0 0 0 0 0 0 0 0 0 0 0 0 0 0 0 0 0 0 0 0 0 0 0 ;
87 0 0 0 0 0 0 0 0 0 0 0 0 0 0 0 0 0 0 0 0 0 0 0 0 0 0 0 0 0 0 0 0 0 0 ;
0 0 0 0 0 0 0 0 0 0 0 0 0 0 0 0 0 0 0 0 0 0 0 0 0 0 0 0 0 0 0 0 0 0 0 ;
61 0 0 0 0 0 0 0 0 0 0 0 0 0 0 0 0 0 0 0 0 0 0 0 0 0 0 0 0 0 0 0 0 0 0 ;
0 14 0 0 23 0 0 0 0 0 0 0 0 0 0 0 0 0 0 0 0 0 0 0 0 0 0 0 0 0 0 0 0 0 0 ;
0 96 0 0 0 64 0 0 0 0 0 0 0 0 0 0 0 0 0 0 0 0 0 0 0 0 0 0 0 0 0 0 0 0 0 ;
0 0 0 0 0 0 41 0 0 0 0 0 0 0 0 0 0 0 0 0 0 0 0 0 0 0 0 0 0 0 0 0 0 0 0 ;
79 28 0 0 41 0 94 0 0 0 0 0 0 0 0 0 0 0 0 0 0 0 0 0 0 0 0 0 0 0 0 0 0 0 0 ;
0 2 0 0 0 0 0 0 0 0 0 0 0 0 0 0 0 0 0 0 0 0 0 0 0 0 0 0 0 0 0 0 0 0 0 ;
43 0 53 4 41 0 0 0 0 0 0 0 0 0 0 0 0 0 0 0 0 0 0 0 0 0 0 0 0 0 0 0 0 0 0 ;
30 26 62 0 0 0 0 0 0 0 0 0 0 0 0 0 0 0 0 0 0 0 0 0 0 0 0 0 0 0 0 0 0 0 0 ;
0 0 0 0 39 0 0 0 0 0 0 0 0 0 0 0 0 0 0 0 0 0 0 0 0 0 0 0 0 0 0 0 0 0 0 ;
0 0 0 7 0 8 0 0 0 0 50 26 0 0 0 0 0 0 0 0 0 0 0 0 0 0 0 0 0 0 0 0 0 0 0 ;
0 0 0 0 0 19 0 0 0 0 0 0 66 18 0 0 0 0 0 0 0 0 0 0 0 0 0 0 0 0 0 0 0 0 0 ;
0 92 77 0 0 0 33 0 51 0 0 38 0 0 2 0 0 0 0 0 0 0 0 0 0 0 0 0 0 0 0 0 0 0 0 ;
0 18 0 0 0 87 0 0 83 0 73 0 0 0 0 0 0 0 0 0 0 0 0 0 0 0 0 0 0 0 0 0 0 0 0 ;
77 0 73 0 0 49 0 0 0 0 0 62 0 0 0 0 0 0 0 0 0 0 0 0 0 0 0 0 0 0 0 0 0 0 0 ;
0 0 0 93 0 0 0 0 38 70 0 9 0 0 0 0 0 15 0 0 0 0 0 0 0 0 0 0 0 0 0 0 0 0 0 ;
69 25 16 0 0 0 0 0 95 52 0 0 0 0 0 0 0 0 0 0 0 0 0 0 0 0 0 0 0 0 0 0 0 0 0 ;
11 0 0 0 0 0 0 0 0 0 0 0 75 0 0 0 6 0 0 0 0 0 0 0 0 0 0 0 0 0 0 0 0 0 0 ;
0 19 0 0 0 55 0 0 59 0 0 0 0 0 0 59 0 0 0 0 0 0 0 0 0 0 0 0 0 0 0 0 0 0 0 ;
0 10 91 0 36 0 17 51 6 0 0 77 54 0 0 0 0 0 0 0 0 0 0 0 0 0 0 0 0 0 0 0 0 0 0 ;
0 0 0 78 0 0 0 59 0 0 0 0 0 6 0 0 19 0 0 0 0 0 25 0 0 0 0 0 0 0 0 0 0 0 0 ;
0 30 81 0 0 0 0 22 15 0 0 0 0 65 0 0 0 0 34 55 81 0 0 57 0 0 0 0 0 0 0 0 0 0 0 ;
0 19 0 46 77 59 0 0 0 0 0 0 0 0 0 0 0 0 0 0 68 0 0 0 0 0 0 0 0 0 0 0 0 0 0 ;
0 68 55 42 47 0 0 69 0 0 0 0 0 0 0 95 95 0 0 0 0 0 0 14 97 40 0 0 0 0 0 0 0 0 0 ;
0 77 81 0 0 0 0 0 0 0 66 0 0 84 0 0 0 0 0 96 44 0 0 35 0 68 0 0 0 0 0 0 0 0 0 ;
0 0 0 0 0 0 96 0 0 81 0 0 0 0 0 0 0 0 33 0 0 0 44 0 31 0 0 78 0 0 0 0 0 0 0 ;
0 0 0 0 0 14 59 0 50 89 0 0 89 0 35 0 0 35 0 0 0 0 0 0 0 5 0 66 47 0 0 0 0 0 0 ;
0 0 0 0 0 0 0 0 0 0 22 0 0 0 23 0 0 0 0 0 0 26 0 0 0 0 0 0 0 84 0 0 0 0 0 ;
0 0 0 0 66 0 94 0 0 58 0 0 0 75 0 0 0 94 39 0 25 0 0 27 0 0 0 0 0 0 93 0 0 0 0 ;
60 99 0 52 0 0 0 0 0 35 0 0 0 0 0 0 0 15 0 0 0 0 0 0 29 0 0 0 0 35 0 15 0 0 0 ;
0 0 49 58 0 0 0 0 0 0 0 23 0 0 0 0 0 24 0 0 0 0 0 0 29 0 0 0 0 0 0 0 0 0 0 ;
96 18 48 0 98 0 0 61 0 0 0 0 0 0 0 0 0 0 0 0 15 22 0 0 0 0 73 0 0 0 0 0 0 76 0 ;
75 38 0 0 9 0 0 0 84 100 0 0 0 93 0 0 7 0 0 48 30 0 0 0 70 0 0 0 79 0 0 65 83 0 82 ]
w=[18, 34, 36, 48, 23, 13, 26, 2, 28, 3, 7, 36, 46, 21, 38, 26, 20, 35, 13, 37, 39, 5, 21, 40, 32, 39, 43, 23, 26, 41, 35, 6, 5, 21, 21]
W=59 
k=2 
inst_name = "QKP_35_100_25" 
feasible = true 
Q2=[100 0 0 0 0 0 0 0 0 0 0 0 0 0 0 0 0 0 0 0 0 0 0 0 0 0 0 0 0 0 0 0 0 0 0; 6 100 0 0 0 0 0 0 0 0 0 0 0 0 0 0 0 0 0 0 0 0 0 0 0 0 0 0 0 0 0 0 0 0 0; 100 100 100 0 0 0 0 0 0 0 0 0 0 0 0 0 0 0 0 0 0 0 0 0 0 0 0 0 0 0 0 0 0 0 0; 2 100 100 100 0 0 0 0 0 0 0 0 0 0 0 0 0 0 0 0 0 0 0 0 0 0 0 0 0 0 0 0 0 0 0; 100 98 100 100 90 0 0 0 0 0 0 0 0 0 0 0 0 0 0 0 0 0 0 0 0 0 0 0 0 0 0 0 0 0 0; 100 3 100 100 100 14 0 0 0 0 0 0 0 0 0 0 0 0 0 0 0 0 0 0 0 0 0 0 0 0 0 0 0 0 0; 100 100 100 100 100 100 84 0 0 0 0 0 0 0 0 0 0 0 0 0 0 0 0 0 0 0 0 0 0 0 0 0 0 0 0; 14 89 100 100 96 100 0 100 0 0 0 0 0 0 0 0 0 0 0 0 0 0 0 0 0 0 0 0 0 0 0 0 0 0 0; 100 98 100 100 100 100 100 100 100 0 0 0 0 0 0 0 0 0 0 0 0 0 0 0 0 0 0 0 0 0 0 0 0 0 0; 57 100 17 96 79 100 100 100 100 100 0 0 0 0 0 0 0 0 0 0 0 0 0 0 0 0 0 0 0 0 0 0 0 0 0; 88 99 22 100 100 100 100 100 100 100 100 0 0 0 0 0 0 0 0 0 0 0 0 0 0 0 0 0 0 0 0 0 0 0 0; 100 100 100 100 84 100 100 100 100 100 100 100 0 0 0 0 0 0 0 0 0 0 0 0 0 0 0 0 0 0 0 0 0 0 0; 100 100 100 100 100 96 100 100 100 100 0 90 100 0 0 0 0 0 0 0 0 0 0 0 0 0 0 0 0 0 0 0 0 0 0; 100 100 100 100 100 82 100 100 100 100 100 100 29 84 0 0 0 0 0 0 0 0 0 0 0 0 0 0 0 0 0 0 0 0 0; 100 2 4 100 100 100 90 100 29 100 100 84 100 100 98 0 0 0 0 0 0 0 0 0 0 0 0 0 0 0 0 0 0 0 0; 100 89 100 100 100 4 100 100 8 100 23 100 100 100 100 100 0 0 0 0 0 0 0 0 0 0 0 0 0 0 0 0 0 0 0; 23 100 18 100 100 73 100 100 100 100 100 5 100 100 100 100 100 0 0 0 0 0 0 0 0 0 0 0 0 0 0 0 0 0 0; 100 100 100 1 100 100 100 100 72 9 100 95 100 100 100 100 100 85 0 0 0 0 0 0 0 0 0 0 0 0 0 0 0 0 0; 23 84 93 100 100 100 100 100 4 0 100 100 100 100 100 100 100 100 100 0 0 0 0 0 0 0 0 0 0 0 0 0 0 0 0; 90 100 100 100 100 100 100 100 100 100 100 100 1 100 100 100 98 100 100 100 0 0 0 0 0 0 0 0 0 0 0 0 0 0 0; 100 97 100 100 100 5 100 100 20 100 100 100 100 100 100 33 100 100 100 100 100 0 0 0 0 0 0 0 0 0 0 0 0 0 0; 100 95 9 100 87 100 89 4 99 100 100 15 42 100 100 100 100 100 100 100 100 100 0 0 0 0 0 0 0 0 0 0 0 0 0; 100 100 100 22 100 100 100 30 100 100 100 100 100 95 100 100 97 100 100 100 100 100 85 0 0 0 0 0 0 0 0 0 0 0 0; 100 95 6 100 100 100 100 85 96 100 100 100 100 19 100 100 100 100 77 25 15 100 100 43 0 0 0 0 0 0 0 0 0 0 0; 100 96 100 84 21 39 100 100 100 100 100 100 100 100 100 100 100 100 100 100 29 100 100 100 100 0 0 0 0 0 0 0 0 0 0; 100 18 8 69 58 100 100 28 100 100 100 100 100 100 100 2 0 100 100 100 100 100 100 94 0 94 0 0 0 0 0 0 0 0 0; 100 19 8 100 100 100 100 100 100 100 21 100 100 13 100 100 100 100 100 4 90 100 100 72 100 3 100 0 0 0 0 0 0 0 0; 100 100 100 100 100 100 4 100 100 6 100 100 100 100 100 100 100 100 97 100 100 100 87 100 92 100 100 3 0 0 0 0 0 0 0; 100 100 100 100 100 89 14 100 21 0 100 100 3 100 80 100 100 87 100 100 100 100 100 100 100 99 100 1 63 0 0 0 0 0 0; 100 100 100 100 100 100 100 100 100 100 99 100 100 100 89 100 100 100 100 100 100 95 100 100 100 100 100 100 100 3 0 0 0 0 0; 100 100 100 100 12 100 5 100 100 29 100 100 100 20 100 100 100 4 81 100 75 100 100 84 100 100 100 100 100 100 2 0 0 0 0; 39 1 100 41 100 100 100 100 100 100 100 100 100 100 100 100 100 96 100 100 100 100 100 100 89 100 100 100 100 96 100 98 0 0 0; 100 100 68 17 100 100 100 100 100 100 100 82 100 100 100 100 100 85 100 100 100 100 100 100 87 100 100 100 100 100 100 100 100 0 0; 1 96 99 100 1 100 100 0 100 100 100 100 100 100 100 100 100 100 100 100 90 93 100 100 100 100 8 100 100 100 100 100 100 14 0; 6 99 100 100 98 100 100 100 15 0 100 100 100 3 100 100 93 100 100 85 94 100 100 100 18 100 100 100 7 100 100 6 13 100 10]
