n=45
density=25
Q1=[54 0 0 0 0 0 0 0 0 0 0 0 0 0 0 0 0 0 0 0 0 0 0 0 0 0 0 0 0 0 0 0 0 0 0 0 0 0 0 0 0 0 0 0 0 ;
0 0 0 0 0 0 0 0 0 0 0 0 0 0 0 0 0 0 0 0 0 0 0 0 0 0 0 0 0 0 0 0 0 0 0 0 0 0 0 0 0 0 0 0 0 ;
0 0 0 0 0 0 0 0 0 0 0 0 0 0 0 0 0 0 0 0 0 0 0 0 0 0 0 0 0 0 0 0 0 0 0 0 0 0 0 0 0 0 0 0 0 ;
0 173 0 0 0 0 0 0 0 0 0 0 0 0 0 0 0 0 0 0 0 0 0 0 0 0 0 0 0 0 0 0 0 0 0 0 0 0 0 0 0 0 0 0 0 ;
191 91 0 0 0 0 0 0 0 0 0 0 0 0 0 0 0 0 0 0 0 0 0 0 0 0 0 0 0 0 0 0 0 0 0 0 0 0 0 0 0 0 0 0 0 ;
0 20 149 0 0 101 0 0 0 0 0 0 0 0 0 0 0 0 0 0 0 0 0 0 0 0 0 0 0 0 0 0 0 0 0 0 0 0 0 0 0 0 0 0 0 ;
0 0 0 30 0 0 104 0 0 0 0 0 0 0 0 0 0 0 0 0 0 0 0 0 0 0 0 0 0 0 0 0 0 0 0 0 0 0 0 0 0 0 0 0 0 ;
0 0 0 0 0 200 0 0 0 0 0 0 0 0 0 0 0 0 0 0 0 0 0 0 0 0 0 0 0 0 0 0 0 0 0 0 0 0 0 0 0 0 0 0 0 ;
0 0 0 0 177 0 0 0 0 0 0 0 0 0 0 0 0 0 0 0 0 0 0 0 0 0 0 0 0 0 0 0 0 0 0 0 0 0 0 0 0 0 0 0 0 ;
0 0 0 0 0 0 0 0 0 0 0 0 0 0 0 0 0 0 0 0 0 0 0 0 0 0 0 0 0 0 0 0 0 0 0 0 0 0 0 0 0 0 0 0 0 ;
0 135 7 170 0 18 0 0 0 0 0 0 0 0 0 0 0 0 0 0 0 0 0 0 0 0 0 0 0 0 0 0 0 0 0 0 0 0 0 0 0 0 0 0 0 ;
0 2 0 0 0 194 167 0 0 0 172 57 0 0 0 0 0 0 0 0 0 0 0 0 0 0 0 0 0 0 0 0 0 0 0 0 0 0 0 0 0 0 0 0 0 ;
114 0 0 0 0 0 0 0 0 0 0 118 0 0 0 0 0 0 0 0 0 0 0 0 0 0 0 0 0 0 0 0 0 0 0 0 0 0 0 0 0 0 0 0 0 ;
0 196 0 0 0 0 0 0 0 0 0 0 0 0 0 0 0 0 0 0 0 0 0 0 0 0 0 0 0 0 0 0 0 0 0 0 0 0 0 0 0 0 0 0 0 ;
0 0 0 0 118 0 0 0 0 0 115 0 0 0 48 0 0 0 0 0 0 0 0 0 0 0 0 0 0 0 0 0 0 0 0 0 0 0 0 0 0 0 0 0 0 ;
0 0 0 0 0 0 0 105 141 0 0 79 0 0 0 0 0 0 0 0 0 0 0 0 0 0 0 0 0 0 0 0 0 0 0 0 0 0 0 0 0 0 0 0 0 ;
0 54 0 0 0 0 180 135 137 0 4 0 0 0 93 134 0 0 0 0 0 0 0 0 0 0 0 0 0 0 0 0 0 0 0 0 0 0 0 0 0 0 0 0 0 ;
62 7 0 0 14 0 0 0 45 0 114 54 0 0 0 0 0 0 0 0 0 0 0 0 0 0 0 0 0 0 0 0 0 0 0 0 0 0 0 0 0 0 0 0 0 ;
0 195 125 0 0 0 0 0 0 55 86 0 0 0 0 0 0 69 0 0 0 0 0 0 0 0 0 0 0 0 0 0 0 0 0 0 0 0 0 0 0 0 0 0 0 ;
0 131 0 139 0 0 0 0 0 0 0 118 0 0 115 0 0 0 126 0 0 0 0 0 0 0 0 0 0 0 0 0 0 0 0 0 0 0 0 0 0 0 0 0 0 ;
0 0 0 0 32 0 0 0 0 0 0 7 129 0 0 0 0 0 0 112 0 0 0 0 0 0 0 0 0 0 0 0 0 0 0 0 0 0 0 0 0 0 0 0 0 ;
0 0 0 6 0 0 0 0 0 137 71 0 22 126 169 0 89 47 92 0 0 0 0 0 0 0 0 0 0 0 0 0 0 0 0 0 0 0 0 0 0 0 0 0 0 ;
147 0 0 0 86 0 31 44 0 0 138 0 0 0 0 99 98 0 0 0 0 0 0 0 0 0 0 0 0 0 0 0 0 0 0 0 0 0 0 0 0 0 0 0 0 ;
0 0 0 0 0 128 0 0 0 107 0 126 0 0 0 0 0 0 5 0 0 43 0 0 0 0 0 0 0 0 0 0 0 0 0 0 0 0 0 0 0 0 0 0 0 ;
0 42 0 0 134 126 73 0 0 0 135 0 0 0 165 57 0 113 110 0 0 0 0 0 0 0 0 0 0 0 0 0 0 0 0 0 0 0 0 0 0 0 0 0 0 ;
120 0 0 0 0 0 0 76 81 0 0 192 0 0 10 0 0 0 0 0 0 0 0 0 0 116 0 0 0 0 0 0 0 0 0 0 0 0 0 0 0 0 0 0 0 ;
160 0 119 0 77 0 135 0 0 169 0 0 84 44 0 0 76 0 116 56 0 0 0 0 0 0 0 0 0 0 0 0 0 0 0 0 0 0 0 0 0 0 0 0 0 ;
0 0 0 177 0 0 0 3 17 0 65 0 0 0 27 111 0 0 0 114 0 0 0 0 0 0 0 0 0 0 0 0 0 0 0 0 0 0 0 0 0 0 0 0 0 ;
0 0 0 157 0 0 71 58 0 0 0 68 41 0 0 0 131 0 0 0 73 0 0 145 0 0 0 0 0 0 0 0 0 0 0 0 0 0 0 0 0 0 0 0 0 ;
0 0 0 162 0 75 0 0 102 0 0 0 0 0 147 28 0 0 0 53 151 0 0 0 0 0 0 0 37 0 0 0 0 0 0 0 0 0 0 0 0 0 0 0 0 ;
0 0 0 0 18 186 0 0 0 0 0 153 0 50 75 0 0 0 104 0 0 0 0 0 0 0 0 0 0 0 0 0 0 0 0 0 0 0 0 0 0 0 0 0 0 ;
0 0 0 0 0 0 0 0 30 0 0 0 0 0 175 0 0 0 0 0 0 0 0 0 0 0 0 112 0 0 0 0 0 0 0 0 0 0 0 0 0 0 0 0 0 ;
171 0 0 58 0 0 0 200 0 0 196 0 0 3 0 0 0 160 0 0 0 93 0 0 0 0 0 0 0 0 0 0 0 0 0 0 0 0 0 0 0 0 0 0 0 ;
0 0 0 0 0 0 0 0 144 174 0 0 0 0 0 63 166 0 0 0 0 0 0 0 0 135 0 0 98 0 0 0 0 0 0 0 0 0 0 0 0 0 0 0 0 ;
0 92 79 0 0 119 0 0 24 189 64 112 0 0 0 20 0 165 0 0 0 169 53 0 0 0 66 154 0 164 0 0 0 0 22 0 0 0 0 0 0 0 0 0 0 ;
0 0 0 138 0 36 0 0 0 0 0 0 0 0 61 0 0 0 0 0 0 10 156 0 71 0 0 0 0 0 0 0 0 186 0 0 0 0 0 0 0 0 0 0 0 ;
0 0 108 0 0 0 0 0 0 0 0 96 0 0 0 0 0 0 0 165 117 0 0 0 0 0 0 0 0 0 91 22 0 0 79 0 0 0 0 0 0 0 0 0 0 ;
0 74 0 0 0 30 0 0 122 0 0 0 0 0 0 0 0 40 0 0 0 47 0 0 0 0 0 0 67 0 0 0 0 0 0 0 0 0 0 0 0 0 0 0 0 ;
0 0 0 0 142 0 68 0 0 70 144 0 0 179 0 199 0 126 0 0 91 0 171 145 0 0 0 0 47 168 0 0 35 3 0 0 95 0 0 0 0 0 0 0 0 ;
0 0 0 152 0 0 0 0 68 0 0 0 0 82 0 0 0 46 0 0 0 0 0 56 92 0 0 0 145 0 0 197 0 5 0 0 0 0 176 0 0 0 0 0 0 ;
0 18 0 0 174 0 0 190 0 0 0 0 0 0 0 0 0 0 58 189 0 110 0 0 0 0 0 0 0 0 0 106 0 0 153 0 0 0 99 0 92 0 0 0 0 ;
199 183 16 0 0 0 0 0 0 0 28 0 0 113 0 0 0 0 0 44 0 0 61 0 0 57 0 0 0 0 0 0 0 0 0 0 0 0 0 0 109 10 0 0 0 ;
0 0 0 87 0 0 75 0 0 0 0 0 0 0 0 0 0 0 94 0 0 0 0 0 0 0 0 148 0 0 0 134 0 0 48 0 0 0 0 0 0 0 0 0 0 ;
0 0 0 0 0 0 77 0 0 0 0 0 18 0 0 0 100 0 127 0 28 0 0 0 0 2 138 0 76 0 0 0 0 0 0 187 0 0 0 93 0 0 0 0 0 ;
0 194 0 0 0 0 0 0 0 117 0 57 0 0 36 0 0 0 0 0 0 0 0 0 0 0 189 0 0 0 0 0 0 0 0 0 0 52 0 0 0 6 0 0 0 ]
w=[96, 80, 70, 80, 43, 62, 95, 28, 84, 63, 47, 76, 66, 61, 6, 33, 55, 71, 54, 50, 36, 9, 69, 55, 65, 69, 86, 11, 6, 28, 93, 19, 92, 36, 21, 61, 20, 11, 12, 5, 57, 10, 19, 37, 100]
W=78 
k=8 
inst_name = "QKP_45_200_25" 
feasible = true 
Q2=[148 0 0 0 0 0 0 0 0 0 0 0 0 0 0 0 0 0 0 0 0 0 0 0 0 0 0 0 0 0 0 0 0 0 0 0 0 0 0 0 0 0 0 0 0; 200 200 0 0 0 0 0 0 0 0 0 0 0 0 0 0 0 0 0 0 0 0 0 0 0 0 0 0 0 0 0 0 0 0 0 0 0 0 0 0 0 0 0 0 0; 200 200 200 0 0 0 0 0 0 0 0 0 0 0 0 0 0 0 0 0 0 0 0 0 0 0 0 0 0 0 0 0 0 0 0 0 0 0 0 0 0 0 0 0 0; 200 5 200 200 0 0 0 0 0 0 0 0 0 0 0 0 0 0 0 0 0 0 0 0 0 0 0 0 0 0 0 0 0 0 0 0 0 0 0 0 0 0 0 0 0; 1 191 200 200 200 0 0 0 0 0 0 0 0 0 0 0 0 0 0 0 0 0 0 0 0 0 0 0 0 0 0 0 0 0 0 0 0 0 0 0 0 0 0 0 0; 200 193 45 200 200 30 0 0 0 0 0 0 0 0 0 0 0 0 0 0 0 0 0 0 0 0 0 0 0 0 0 0 0 0 0 0 0 0 0 0 0 0 0 0 0; 200 200 200 199 200 200 3 0 0 0 0 0 0 0 0 0 0 0 0 0 0 0 0 0 0 0 0 0 0 0 0 0 0 0 0 0 0 0 0 0 0 0 0 0 0; 200 200 200 200 200 0 200 200 0 0 0 0 0 0 0 0 0 0 0 0 0 0 0 0 0 0 0 0 0 0 0 0 0 0 0 0 0 0 0 0 0 0 0 0 0; 200 200 200 200 1 200 200 200 200 0 0 0 0 0 0 0 0 0 0 0 0 0 0 0 0 0 0 0 0 0 0 0 0 0 0 0 0 0 0 0 0 0 0 0 0; 200 200 200 200 200 200 200 200 200 200 0 0 0 0 0 0 0 0 0 0 0 0 0 0 0 0 0 0 0 0 0 0 0 0 0 0 0 0 0 0 0 0 0 0 0; 200 38 199 16 200 185 200 200 200 200 200 0 0 0 0 0 0 0 0 0 0 0 0 0 0 0 0 0 0 0 0 0 0 0 0 0 0 0 0 0 0 0 0 0 0; 200 199 200 200 200 5 31 200 200 200 15 149 0 0 0 0 0 0 0 0 0 0 0 0 0 0 0 0 0 0 0 0 0 0 0 0 0 0 0 0 0 0 0 0 0; 4 200 200 200 200 200 200 200 200 200 200 1 200 0 0 0 0 0 0 0 0 0 0 0 0 0 0 0 0 0 0 0 0 0 0 0 0 0 0 0 0 0 0 0 0; 200 2 200 200 200 200 200 200 200 200 200 200 200 200 0 0 0 0 0 0 0 0 0 0 0 0 0 0 0 0 0 0 0 0 0 0 0 0 0 0 0 0 0 0 0; 200 200 200 200 13 200 200 200 200 200 49 200 200 200 168 0 0 0 0 0 0 0 0 0 0 0 0 0 0 0 0 0 0 0 0 0 0 0 0 0 0 0 0 0 0; 200 200 200 200 200 200 200 81 39 200 200 133 200 200 200 200 0 0 0 0 0 0 0 0 0 0 0 0 0 0 0 0 0 0 0 0 0 0 0 0 0 0 0 0 0; 200 181 200 200 200 200 16 11 39 200 197 200 200 200 145 32 200 0 0 0 0 0 0 0 0 0 0 0 0 0 0 0 0 0 0 0 0 0 0 0 0 0 0 0 0; 192 199 200 200 195 200 200 200 192 200 37 199 200 200 200 200 200 200 0 0 0 0 0 0 0 0 0 0 0 0 0 0 0 0 0 0 0 0 0 0 0 0 0 0 0; 200 5 71 200 200 200 200 200 200 148 119 200 200 200 200 200 200 189 200 0 0 0 0 0 0 0 0 0 0 0 0 0 0 0 0 0 0 0 0 0 0 0 0 0 0; 200 43 200 38 200 200 200 200 200 200 200 39 200 200 38 200 200 200 69 200 0 0 0 0 0 0 0 0 0 0 0 0 0 0 0 0 0 0 0 0 0 0 0 0 0; 200 200 200 200 168 200 200 200 200 200 200 197 50 200 200 200 200 200 200 68 200 0 0 0 0 0 0 0 0 0 0 0 0 0 0 0 0 0 0 0 0 0 0 0 0; 200 200 200 195 200 200 200 200 200 25 150 200 187 14 1 200 137 183 149 200 200 200 0 0 0 0 0 0 0 0 0 0 0 0 0 0 0 0 0 0 0 0 0 0 0; 10 200 200 200 159 200 200 159 200 200 15 200 200 200 200 148 180 200 200 200 200 200 200 0 0 0 0 0 0 0 0 0 0 0 0 0 0 0 0 0 0 0 0 0 0; 200 200 200 200 200 62 200 200 200 31 200 36 200 200 200 200 200 200 196 200 200 181 200 200 0 0 0 0 0 0 0 0 0 0 0 0 0 0 0 0 0 0 0 0 0; 200 180 200 200 22 21 149 200 200 200 53 200 200 200 15 165 200 61 70 200 200 200 200 200 200 0 0 0 0 0 0 0 0 0 0 0 0 0 0 0 0 0 0 0 0; 51 200 200 200 200 200 200 127 182 200 200 8 200 200 197 200 200 200 200 200 200 200 200 200 200 71 0 0 0 0 0 0 0 0 0 0 0 0 0 0 0 0 0 0 0; 37 200 2 200 150 200 6 200 200 13 200 200 138 185 200 200 186 200 12 180 200 200 200 200 200 200 200 0 0 0 0 0 0 0 0 0 0 0 0 0 0 0 0 0 0; 200 200 200 12 200 200 200 197 184 200 154 200 200 200 179 41 200 200 200 78 200 200 200 200 200 200 200 200 0 0 0 0 0 0 0 0 0 0 0 0 0 0 0 0 0; 200 200 200 16 200 200 190 144 200 200 200 179 182 200 200 200 56 200 200 200 182 200 200 19 200 200 200 200 200 0 0 0 0 0 0 0 0 0 0 0 0 0 0 0 0; 200 200 200 0 200 148 200 200 81 200 200 200 200 200 40 182 200 200 200 187 37 200 200 200 200 200 200 200 167 200 0 0 0 0 0 0 0 0 0 0 0 0 0 0 0; 200 200 200 200 191 0 200 200 200 200 200 45 200 154 134 200 200 200 69 200 200 200 200 200 200 200 200 200 200 200 200 0 0 0 0 0 0 0 0 0 0 0 0 0 0; 200 200 200 200 200 200 200 200 199 200 200 200 200 200 11 200 200 200 200 200 200 200 200 200 200 200 200 7 200 200 200 200 0 0 0 0 0 0 0 0 0 0 0 0 0; 4 200 200 185 200 200 200 0 200 200 0 200 200 199 200 200 200 35 200 200 200 167 200 200 200 200 200 200 200 200 200 200 200 0 0 0 0 0 0 0 0 0 0 0 0; 200 200 200 200 200 200 200 200 42 4 200 200 200 200 200 160 8 200 200 200 200 200 200 200 200 55 200 200 150 200 200 200 200 200 0 0 0 0 0 0 0 0 0 0 0; 200 182 159 200 200 33 200 200 191 1 136 52 200 200 200 184 200 3 200 200 200 2 196 200 200 200 181 5 200 26 200 200 200 200 186 0 0 0 0 0 0 0 0 0 0; 200 200 200 17 200 183 200 200 200 200 200 200 200 200 148 200 200 200 200 200 200 197 2 200 144 200 200 200 200 200 200 200 200 2 200 200 0 0 0 0 0 0 0 0 0; 200 200 78 200 200 200 200 200 200 200 200 189 200 200 200 200 200 200 200 15 12 200 200 200 200 200 200 200 200 200 132 178 200 200 152 200 200 0 0 0 0 0 0 0 0; 200 198 200 200 200 194 200 200 51 200 200 200 200 200 200 200 200 185 200 200 200 160 200 200 200 200 200 200 198 200 200 200 200 200 200 200 200 200 0 0 0 0 0 0 0; 200 200 200 200 29 200 148 200 200 171 29 200 200 7 200 0 200 25 200 200 144 200 8 46 200 200 200 200 165 28 200 200 193 197 200 200 106 200 200 0 0 0 0 0 0; 200 200 200 43 200 200 200 200 133 200 200 200 200 159 200 200 200 197 200 200 200 200 200 190 153 200 200 200 10 200 200 0 200 198 200 200 200 200 15 200 0 0 0 0 0; 200 189 200 200 23 200 200 0 200 200 200 200 200 200 200 200 200 200 163 3 200 76 200 200 200 200 200 200 200 200 200 28 200 200 23 200 200 200 109 200 185 0 0 0 0; 1 12 200 200 200 200 200 200 200 200 191 200 200 44 200 200 200 200 200 175 200 200 193 200 200 166 200 200 200 200 200 200 200 200 200 200 200 200 200 200 13 195 0 0 0; 200 200 200 157 200 200 175 200 200 200 200 200 200 200 200 200 200 200 154 200 200 200 200 200 200 200 200 14 200 200 200 21 200 200 177 200 200 200 200 200 200 200 200 0 0; 200 200 200 200 200 200 173 200 200 200 200 200 200 200 200 200 60 200 5 200 189 200 200 200 200 199 44 200 162 200 200 200 200 200 200 12 200 200 200 184 200 200 200 200 0; 200 6 200 200 200 200 200 200 200 83 200 194 200 200 182 200 200 200 200 200 200 200 200 200 200 200 0 200 200 200 200 200 200 200 200 200 200 171 200 200 200 200 200 200 200]
