n=40
density=75
Q1=[41 0 0 0 0 0 0 0 0 0 0 0 0 0 0 0 0 0 0 0 0 0 0 0 0 0 0 0 0 0 0 0 0 0 0 0 0 0 0 0 ;
7 36 0 0 0 0 0 0 0 0 0 0 0 0 0 0 0 0 0 0 0 0 0 0 0 0 0 0 0 0 0 0 0 0 0 0 0 0 0 0 ;
68 32 100 0 0 0 0 0 0 0 0 0 0 0 0 0 0 0 0 0 0 0 0 0 0 0 0 0 0 0 0 0 0 0 0 0 0 0 0 0 ;
2 163 24 84 0 0 0 0 0 0 0 0 0 0 0 0 0 0 0 0 0 0 0 0 0 0 0 0 0 0 0 0 0 0 0 0 0 0 0 0 ;
142 0 121 165 170 0 0 0 0 0 0 0 0 0 0 0 0 0 0 0 0 0 0 0 0 0 0 0 0 0 0 0 0 0 0 0 0 0 0 0 ;
89 149 48 180 14 47 0 0 0 0 0 0 0 0 0 0 0 0 0 0 0 0 0 0 0 0 0 0 0 0 0 0 0 0 0 0 0 0 0 0 ;
105 0 77 139 62 0 128 0 0 0 0 0 0 0 0 0 0 0 0 0 0 0 0 0 0 0 0 0 0 0 0 0 0 0 0 0 0 0 0 0 ;
0 20 200 166 81 154 193 141 0 0 0 0 0 0 0 0 0 0 0 0 0 0 0 0 0 0 0 0 0 0 0 0 0 0 0 0 0 0 0 0 ;
113 42 23 100 0 0 58 173 0 0 0 0 0 0 0 0 0 0 0 0 0 0 0 0 0 0 0 0 0 0 0 0 0 0 0 0 0 0 0 0 ;
79 195 127 152 98 97 0 0 28 39 0 0 0 0 0 0 0 0 0 0 0 0 0 0 0 0 0 0 0 0 0 0 0 0 0 0 0 0 0 0 ;
158 179 193 171 0 27 189 196 180 157 0 0 0 0 0 0 0 0 0 0 0 0 0 0 0 0 0 0 0 0 0 0 0 0 0 0 0 0 0 0 ;
20 0 0 151 164 156 174 0 0 76 0 0 0 0 0 0 0 0 0 0 0 0 0 0 0 0 0 0 0 0 0 0 0 0 0 0 0 0 0 0 ;
0 153 108 163 86 0 86 7 186 10 2 0 189 0 0 0 0 0 0 0 0 0 0 0 0 0 0 0 0 0 0 0 0 0 0 0 0 0 0 0 ;
87 12 0 133 4 0 0 91 0 46 126 153 0 0 0 0 0 0 0 0 0 0 0 0 0 0 0 0 0 0 0 0 0 0 0 0 0 0 0 0 ;
59 71 188 0 0 156 0 67 0 121 103 65 151 188 93 0 0 0 0 0 0 0 0 0 0 0 0 0 0 0 0 0 0 0 0 0 0 0 0 0 ;
194 154 147 76 26 134 0 0 172 0 181 0 103 58 175 160 0 0 0 0 0 0 0 0 0 0 0 0 0 0 0 0 0 0 0 0 0 0 0 0 ;
129 42 55 141 82 179 77 116 182 55 0 98 0 0 0 5 139 0 0 0 0 0 0 0 0 0 0 0 0 0 0 0 0 0 0 0 0 0 0 0 ;
24 70 107 51 180 181 0 13 115 177 114 170 135 199 60 12 0 0 0 0 0 0 0 0 0 0 0 0 0 0 0 0 0 0 0 0 0 0 0 0 ;
30 27 0 105 136 195 0 47 16 58 0 0 159 0 81 157 153 26 179 0 0 0 0 0 0 0 0 0 0 0 0 0 0 0 0 0 0 0 0 0 ;
138 0 0 20 0 0 53 0 164 0 149 126 0 160 183 50 166 67 26 0 0 0 0 0 0 0 0 0 0 0 0 0 0 0 0 0 0 0 0 0 ;
159 71 172 31 35 181 155 171 24 115 133 137 23 0 26 76 94 121 84 0 148 0 0 0 0 0 0 0 0 0 0 0 0 0 0 0 0 0 0 0 ;
0 74 105 110 4 26 30 20 153 70 0 80 124 152 86 20 155 106 199 0 0 143 0 0 0 0 0 0 0 0 0 0 0 0 0 0 0 0 0 0 ;
0 128 0 0 0 95 168 0 178 96 190 0 0 0 0 183 166 146 169 145 191 115 153 0 0 0 0 0 0 0 0 0 0 0 0 0 0 0 0 0 ;
109 167 0 13 165 120 0 131 12 0 35 0 76 0 198 47 112 0 0 104 0 8 147 0 0 0 0 0 0 0 0 0 0 0 0 0 0 0 0 0 ;
123 132 182 149 63 122 125 34 2 70 58 53 75 0 0 43 166 93 197 0 29 122 39 43 35 0 0 0 0 0 0 0 0 0 0 0 0 0 0 0 ;
93 120 2 102 0 138 78 100 180 180 0 111 199 86 195 80 0 0 24 7 134 76 0 99 53 0 0 0 0 0 0 0 0 0 0 0 0 0 0 0 ;
23 0 0 0 39 0 76 86 15 22 157 116 136 0 0 0 0 62 68 175 0 153 25 0 54 0 47 0 0 0 0 0 0 0 0 0 0 0 0 0 ;
149 29 87 196 0 50 191 137 112 0 101 65 81 89 0 10 28 170 17 186 197 198 121 4 193 0 149 96 0 0 0 0 0 0 0 0 0 0 0 0 ;
164 27 40 57 16 0 74 95 146 40 17 67 0 58 0 88 148 88 28 91 118 133 115 2 0 161 24 0 102 0 0 0 0 0 0 0 0 0 0 0 ;
0 16 127 0 0 157 150 146 28 171 93 10 0 140 0 131 0 46 22 169 28 0 135 23 101 117 0 0 0 128 0 0 0 0 0 0 0 0 0 0 ;
66 168 125 30 0 0 100 39 114 59 162 118 169 47 121 26 196 30 135 74 121 0 16 111 40 127 0 177 0 36 147 0 0 0 0 0 0 0 0 0 ;
0 35 149 0 0 61 3 0 0 190 3 146 159 125 2 73 93 10 4 155 0 38 117 0 181 162 126 0 172 0 163 171 0 0 0 0 0 0 0 0 ;
143 68 175 0 172 80 166 0 15 0 0 78 117 151 152 93 0 5 0 31 88 121 37 83 155 185 174 123 56 0 84 89 0 0 0 0 0 0 0 0 ;
0 87 116 57 157 29 65 175 191 10 0 81 78 0 0 0 197 21 17 83 159 98 199 0 0 0 0 39 0 61 0 41 0 0 0 0 0 0 0 0 ;
129 0 200 190 56 19 193 6 19 0 83 0 111 169 79 118 64 25 131 82 170 110 67 86 161 0 5 0 53 0 166 96 193 14 0 0 0 0 0 0 ;
108 0 0 67 123 181 0 49 199 77 17 0 0 0 0 75 70 34 48 66 131 45 62 164 6 23 4 100 200 178 14 57 91 113 164 123 0 0 0 0 ;
0 47 64 147 96 132 156 0 117 112 198 0 102 0 52 144 182 11 64 107 0 114 194 11 146 26 141 15 177 141 164 132 70 42 59 128 0 0 0 0 ;
21 144 73 20 64 180 97 132 97 24 97 173 105 106 23 0 195 0 47 170 100 4 32 0 57 121 84 8 153 38 15 59 0 0 30 0 0 131 0 0 ;
56 96 0 130 135 0 0 164 99 24 137 107 174 132 0 0 0 46 115 66 0 48 7 72 104 80 109 131 0 0 19 71 183 80 85 87 91 102 127 0 ;
60 49 34 170 171 80 107 48 52 0 175 125 0 0 0 0 175 89 26 0 32 138 194 0 164 162 119 0 75 0 121 49 84 96 181 0 122 0 145 88 ]
w=[85, 63, 48, 2, 45, 11, 87, 38, 34, 40, 60, 45, 45, 3, 82, 87, 44, 94, 87, 72, 29, 98, 43, 55, 97, 95, 62, 89, 24, 95, 61, 25, 95, 84, 12, 83, 68, 69, 61, 88]
W=210 
k=9 
inst_name = "QKP_40_200_75" 
feasible = true 
Q2=[163 0 0 0 0 0 0 0 0 0 0 0 0 0 0 0 0 0 0 0 0 0 0 0 0 0 0 0 0 0 0 0 0 0 0 0 0 0 0 0; 199 194 0 0 0 0 0 0 0 0 0 0 0 0 0 0 0 0 0 0 0 0 0 0 0 0 0 0 0 0 0 0 0 0 0 0 0 0 0 0; 163 183 83 0 0 0 0 0 0 0 0 0 0 0 0 0 0 0 0 0 0 0 0 0 0 0 0 0 0 0 0 0 0 0 0 0 0 0 0 0; 199 10 177 200 0 0 0 0 0 0 0 0 0 0 0 0 0 0 0 0 0 0 0 0 0 0 0 0 0 0 0 0 0 0 0 0 0 0 0 0; 26 200 39 4 24 0 0 0 0 0 0 0 0 0 0 0 0 0 0 0 0 0 0 0 0 0 0 0 0 0 0 0 0 0 0 0 0 0 0 0; 193 46 177 3 190 188 0 0 0 0 0 0 0 0 0 0 0 0 0 0 0 0 0 0 0 0 0 0 0 0 0 0 0 0 0 0 0 0 0 0; 22 200 166 10 189 200 27 0 0 0 0 0 0 0 0 0 0 0 0 0 0 0 0 0 0 0 0 0 0 0 0 0 0 0 0 0 0 0 0 0; 200 182 0 29 123 23 5 23 0 0 0 0 0 0 0 0 0 0 0 0 0 0 0 0 0 0 0 0 0 0 0 0 0 0 0 0 0 0 0 0; 8 197 200 81 200 200 152 22 200 0 0 0 0 0 0 0 0 0 0 0 0 0 0 0 0 0 0 0 0 0 0 0 0 0 0 0 0 0 0 0; 182 3 32 27 135 200 200 200 186 197 0 0 0 0 0 0 0 0 0 0 0 0 0 0 0 0 0 0 0 0 0 0 0 0 0 0 0 0 0 0; 14 10 1 20 200 186 11 3 2 12 200 0 0 0 0 0 0 0 0 0 0 0 0 0 0 0 0 0 0 0 0 0 0 0 0 0 0 0 0 0; 190 200 200 34 17 28 19 200 200 193 200 200 0 0 0 0 0 0 0 0 0 0 0 0 0 0 0 0 0 0 0 0 0 0 0 0 0 0 0 0; 200 31 21 37 187 200 185 197 8 190 198 200 9 0 0 0 0 0 0 0 0 0 0 0 0 0 0 0 0 0 0 0 0 0 0 0 0 0 0 0; 188 192 200 9 199 200 200 193 200 196 62 32 200 200 0 0 0 0 0 0 0 0 0 0 0 0 0 0 0 0 0 0 0 0 0 0 0 0 0 0; 152 169 9 200 200 26 200 197 200 67 74 192 33 8 165 0 0 0 0 0 0 0 0 0 0 0 0 0 0 0 0 0 0 0 0 0 0 0 0 0; 0 43 3 126 198 53 200 200 1 200 0 200 22 147 13 8 0 0 0 0 0 0 0 0 0 0 0 0 0 0 0 0 0 0 0 0 0 0 0 0; 58 184 180 44 180 8 125 49 2 184 200 151 200 200 200 200 31 0 0 0 0 0 0 0 0 0 0 0 0 0 0 0 0 0 0 0 0 0 0 0; 187 174 84 163 16 6 200 192 47 21 32 6 61 0 194 198 200 200 0 0 0 0 0 0 0 0 0 0 0 0 0 0 0 0 0 0 0 0 0 0; 172 192 200 65 21 5 200 153 190 168 200 200 7 200 156 15 39 192 7 0 0 0 0 0 0 0 0 0 0 0 0 0 0 0 0 0 0 0 0 0; 26 200 200 193 200 200 149 200 3 200 17 33 200 2 14 159 24 190 191 200 0 0 0 0 0 0 0 0 0 0 0 0 0 0 0 0 0 0 0 0; 21 197 19 196 176 8 39 6 177 74 28 35 187 200 195 159 143 56 141 200 25 0 0 0 0 0 0 0 0 0 0 0 0 0 0 0 0 0 0 0; 200 127 92 42 198 175 193 187 31 193 200 145 25 6 198 188 15 26 1 200 200 53 0 0 0 0 0 0 0 0 0 0 0 0 0 0 0 0 0 0; 200 9 200 200 200 171 5 200 16 157 10 200 200 200 200 6 30 54 23 4 5 65 6 0 0 0 0 0 0 0 0 0 0 0 0 0 0 0 0 0; 40 29 200 194 18 25 200 36 189 200 193 200 125 200 2 195 45 200 200 22 200 192 27 200 0 0 0 0 0 0 0 0 0 0 0 0 0 0 0 0; 74 10 1 3 174 4 44 191 200 153 195 164 177 200 200 198 26 177 2 200 174 42 170 162 183 0 0 0 0 0 0 0 0 0 0 0 0 0 0 0; 163 32 200 59 200 6 148 28 19 18 200 85 0 174 3 196 200 200 183 199 52 183 200 190 194 200 0 0 0 0 0 0 0 0 0 0 0 0 0 0; 200 200 200 200 166 200 178 165 198 192 37 79 5 200 200 200 200 190 156 24 200 14 194 200 159 200 199 0 0 0 0 0 0 0 0 0 0 0 0 0; 17 179 139 0 200 200 1 6 26 200 75 167 143 150 200 194 185 23 198 6 0 0 60 197 0 200 20 148 0 0 0 0 0 0 0 0 0 0 0 0; 13 176 162 143 187 200 174 121 37 198 183 145 200 143 200 193 50 122 179 127 56 30 54 199 200 3 188 200 8 0 0 0 0 0 0 0 0 0 0 0; 200 197 3 200 200 25 22 25 200 15 132 199 200 30 200 26 200 173 187 20 198 200 60 181 97 45 200 200 200 3 0 0 0 0 0 0 0 0 0 0; 175 28 27 197 200 200 16 193 31 171 34 51 7 177 55 200 1 190 18 166 27 200 187 86 193 0 200 23 200 199 14 0 0 0 0 0 0 0 0 0; 200 195 22 200 200 169 200 200 200 9 198 9 5 61 198 196 134 195 197 21 200 188 34 200 9 34 28 200 4 200 26 26 0 0 0 0 0 0 0 0; 20 167 11 200 16 145 15 200 196 200 200 151 39 36 37 165 200 198 200 181 133 33 184 176 4 13 22 55 176 200 150 198 200 0 0 0 0 0 0 0; 200 181 83 154 16 181 164 6 0 197 200 141 173 200 200 200 0 193 193 135 18 126 1 200 200 200 200 183 200 141 200 165 200 200 0 0 0 0 0 0; 59 200 0 1 150 194 4 198 193 200 165 200 33 7 182 64 191 191 22 170 8 55 165 120 19 200 197 200 162 200 24 124 0 187 200 0 0 0 0 0; 14 200 200 167 31 17 200 167 0 145 198 200 200 200 200 181 134 198 193 153 37 170 149 7 198 179 199 87 0 1 194 167 144 33 31 21 0 0 0 0; 200 183 191 22 128 39 37 200 49 9 2 200 63 200 185 30 13 190 140 63 200 24 4 196 40 185 55 190 18 42 1 16 199 194 174 32 200 0 0 0; 182 30 156 193 180 15 124 18 173 191 174 21 43 70 179 200 2 200 167 2 32 198 168 200 198 55 154 193 41 196 200 154 200 200 178 200 200 34 0 0; 193 182 200 14 8 200 200 22 175 193 61 40 18 20 200 200 200 171 80 145 200 198 193 144 25 168 24 62 200 200 181 185 1 192 153 143 185 20 42 0; 177 197 167 27 23 127 82 193 166 200 4 56 200 200 200 200 7 137 179 200 173 49 4 200 31 1 63 200 132 200 28 176 148 177 2 200 63 200 48 189]
