n=20
density=100
Q1=[165 0 0 0 0 0 0 0 0 0 0 0 0 0 0 0 0 0 0 0 ;
83 72 0 0 0 0 0 0 0 0 0 0 0 0 0 0 0 0 0 0 ;
128 12 72 0 0 0 0 0 0 0 0 0 0 0 0 0 0 0 0 0 ;
166 135 108 72 0 0 0 0 0 0 0 0 0 0 0 0 0 0 0 0 ;
90 93 182 71 29 0 0 0 0 0 0 0 0 0 0 0 0 0 0 0 ;
10 195 166 148 5 91 0 0 0 0 0 0 0 0 0 0 0 0 0 0 ;
160 65 175 178 169 19 156 0 0 0 0 0 0 0 0 0 0 0 0 0 ;
172 186 53 158 61 17 69 19 0 0 0 0 0 0 0 0 0 0 0 0 ;
163 56 152 6 25 38 43 47 171 0 0 0 0 0 0 0 0 0 0 0 ;
159 165 38 185 41 188 178 103 117 95 0 0 0 0 0 0 0 0 0 0 ;
7 65 136 24 33 96 160 72 35 72 184 0 0 0 0 0 0 0 0 0 ;
119 44 136 141 123 120 65 183 190 82 171 150 0 0 0 0 0 0 0 0 ;
48 159 41 42 3 145 161 184 112 7 67 193 128 0 0 0 0 0 0 0 ;
45 145 102 117 155 21 74 199 88 151 127 122 107 44 0 0 0 0 0 0 ;
56 154 77 52 90 192 93 90 92 105 101 82 174 7 27 0 0 0 0 0 ;
107 32 138 134 79 85 49 163 194 63 6 129 12 69 184 180 0 0 0 0 ;
95 177 128 146 183 33 103 77 166 182 59 59 160 80 130 92 85 0 0 0 ;
15 66 26 119 147 28 94 190 51 2 9 10 7 103 47 198 135 192 0 0 ;
42 28 88 100 8 120 68 35 166 74 191 54 156 179 187 152 115 103 97 0 ;
143 153 23 83 71 169 161 94 40 162 181 8 159 165 166 192 189 120 186 199 ]
w=[77, 23, 40, 62, 41, 71, 64, 70, 53, 66, 50, 5, 37, 61, 12, 50, 15, 83, 58, 74]
W=73 
k=3 
inst_name = "QKP_20_200_100" 
feasible = true 
Q2=[9 0 0 0 0 0 0 0 0 0 0 0 0 0 0 0 0 0 0 0; 163 161 0 0 0 0 0 0 0 0 0 0 0 0 0 0 0 0 0 0; 45 189 157 0 0 0 0 0 0 0 0 0 0 0 0 0 0 0 0 0; 15 11 60 157 0 0 0 0 0 0 0 0 0 0 0 0 0 0 0 0; 131 111 2 150 173 0 0 0 0 0 0 0 0 0 0 0 0 0 0 0; 198 3 7 21 199 110 0 0 0 0 0 0 0 0 0 0 0 0 0 0; 21 154 24 2 23 192 5 0 0 0 0 0 0 0 0 0 0 0 0 0; 8 13 176 37 184 192 195 198 0 0 0 0 0 0 0 0 0 0 0 0; 9 169 24 198 188 185 158 156 10 0 0 0 0 0 0 0 0 0 0 0; 5 16 173 3 173 4 11 18 30 129 0 0 0 0 0 0 0 0 0 0; 199 165 59 187 176 159 28 158 166 172 4 0 0 0 0 0 0 0 0 0; 0 166 3 4 13 26 170 6 9 144 8 0 0 0 0 0 0 0 0 0; 159 0 172 177 198 28 16 1 57 197 190 6 70 0 0 0 0 0 0 0; 192 47 50 22 2 199 140 0 162 2 16 56 63 189 0 0 0 0 0 0; 170 43 168 155 137 2 161 175 110 69 38 197 22 199 180 0 0 0 0 0; 6 178 32 51 143 158 160 27 2 198 199 16 192 189 4 9 0 0 0 0; 162 16 0 11 2 170 6 173 29 1 199 198 35 150 58 180 145 0 0 0; 190 197 190 19 48 193 186 0 157 199 194 198 194 24 156 1 41 0 0 0; 189 190 129 62 192 79 135 167 26 150 3 155 12 12 3 10 32 3 198 0; 12 33 185 192 159 17 37 152 191 22 12 192 16 26 25 5 6 53 4 0]
