n=10
density=100
Q1=[29 0 0 0 0 0 0 0 0 0 ;
59 92 0 0 0 0 0 0 0 0 ;
96 64 52 0 0 0 0 0 0 0 ;
82 79 76 16 0 0 0 0 0 0 ;
82 1 26 75 21 0 0 0 0 0 ;
46 71 54 48 53 19 0 0 0 0 ;
24 41 95 58 81 83 68 0 0 0 ;
96 58 49 26 73 61 33 75 0 0 ;
7 76 4 66 49 46 67 23 35 0 ;
67 21 82 97 25 64 70 83 57 99 ]
w=[39, 39, 40, 40, 21, 5, 6, 30, 23, 42]
W=54 
k=2 
inst_name = "QKP_10_100_100" 
feasible = true 
Q2=[92 0 0 0 0 0 0 0 0 0; 21 5 0 0 0 0 0 0 0 0; 2 0 32 0 0 0 0 0 0 0; 0 8 2 96 0 0 0 0 0 0; 6 99 74 12 83 0 0 0 0 0; 87 18 15 87 18 86 0 0 0 0; 89 81 2 6 6 6 6 0 0 0; 3 23 60 77 1 20 92 19 0 0; 99 17 97 12 66 93 24 95 98 0; 13 83 7 1 97 7 16 8 29 0]
