n=45
density=25
Q1=[0 0 0 0 0 0 0 0 0 0 0 0 0 0 0 0 0 0 0 0 0 0 0 0 0 0 0 0 0 0 0 0 0 0 0 0 0 0 0 0 0 0 0 0 0 ;
200 0 0 0 0 0 0 0 0 0 0 0 0 0 0 0 0 0 0 0 0 0 0 0 0 0 0 0 0 0 0 0 0 0 0 0 0 0 0 0 0 0 0 0 0 ;
45 0 0 0 0 0 0 0 0 0 0 0 0 0 0 0 0 0 0 0 0 0 0 0 0 0 0 0 0 0 0 0 0 0 0 0 0 0 0 0 0 0 0 0 0 ;
0 0 0 0 0 0 0 0 0 0 0 0 0 0 0 0 0 0 0 0 0 0 0 0 0 0 0 0 0 0 0 0 0 0 0 0 0 0 0 0 0 0 0 0 0 ;
88 0 0 0 0 0 0 0 0 0 0 0 0 0 0 0 0 0 0 0 0 0 0 0 0 0 0 0 0 0 0 0 0 0 0 0 0 0 0 0 0 0 0 0 0 ;
0 0 0 0 0 72 0 0 0 0 0 0 0 0 0 0 0 0 0 0 0 0 0 0 0 0 0 0 0 0 0 0 0 0 0 0 0 0 0 0 0 0 0 0 0 ;
154 0 0 0 0 179 0 0 0 0 0 0 0 0 0 0 0 0 0 0 0 0 0 0 0 0 0 0 0 0 0 0 0 0 0 0 0 0 0 0 0 0 0 0 0 ;
0 80 0 0 161 146 0 167 0 0 0 0 0 0 0 0 0 0 0 0 0 0 0 0 0 0 0 0 0 0 0 0 0 0 0 0 0 0 0 0 0 0 0 0 0 ;
0 0 99 0 0 0 0 97 0 0 0 0 0 0 0 0 0 0 0 0 0 0 0 0 0 0 0 0 0 0 0 0 0 0 0 0 0 0 0 0 0 0 0 0 0 ;
0 0 0 0 0 0 0 74 0 0 0 0 0 0 0 0 0 0 0 0 0 0 0 0 0 0 0 0 0 0 0 0 0 0 0 0 0 0 0 0 0 0 0 0 0 ;
0 132 0 151 0 0 0 0 0 0 76 0 0 0 0 0 0 0 0 0 0 0 0 0 0 0 0 0 0 0 0 0 0 0 0 0 0 0 0 0 0 0 0 0 0 ;
0 0 156 0 43 0 0 0 146 0 0 30 0 0 0 0 0 0 0 0 0 0 0 0 0 0 0 0 0 0 0 0 0 0 0 0 0 0 0 0 0 0 0 0 0 ;
91 0 32 0 153 0 66 0 0 0 3 0 65 0 0 0 0 0 0 0 0 0 0 0 0 0 0 0 0 0 0 0 0 0 0 0 0 0 0 0 0 0 0 0 0 ;
0 74 20 65 0 0 0 0 0 0 0 0 0 0 0 0 0 0 0 0 0 0 0 0 0 0 0 0 0 0 0 0 0 0 0 0 0 0 0 0 0 0 0 0 0 ;
56 0 0 0 0 0 0 0 0 0 0 0 0 0 0 0 0 0 0 0 0 0 0 0 0 0 0 0 0 0 0 0 0 0 0 0 0 0 0 0 0 0 0 0 0 ;
0 91 0 0 0 0 0 0 0 0 0 0 0 0 0 0 0 0 0 0 0 0 0 0 0 0 0 0 0 0 0 0 0 0 0 0 0 0 0 0 0 0 0 0 0 ;
0 0 13 0 0 178 0 42 0 0 0 49 0 0 0 0 0 0 0 0 0 0 0 0 0 0 0 0 0 0 0 0 0 0 0 0 0 0 0 0 0 0 0 0 0 ;
0 0 0 160 0 0 175 194 0 0 0 24 180 0 0 14 154 96 0 0 0 0 0 0 0 0 0 0 0 0 0 0 0 0 0 0 0 0 0 0 0 0 0 0 0 ;
92 0 0 0 0 0 85 0 0 0 0 100 0 97 86 22 0 112 0 0 0 0 0 0 0 0 0 0 0 0 0 0 0 0 0 0 0 0 0 0 0 0 0 0 0 ;
0 76 0 0 81 0 126 0 0 0 0 0 0 0 0 0 0 0 0 0 0 0 0 0 0 0 0 0 0 0 0 0 0 0 0 0 0 0 0 0 0 0 0 0 0 ;
0 0 124 102 0 0 0 0 0 0 0 90 0 0 0 0 52 9 0 119 69 0 0 0 0 0 0 0 0 0 0 0 0 0 0 0 0 0 0 0 0 0 0 0 0 ;
0 0 0 0 181 0 0 0 0 95 0 0 0 0 146 106 0 0 0 0 0 0 0 0 0 0 0 0 0 0 0 0 0 0 0 0 0 0 0 0 0 0 0 0 0 ;
0 0 0 59 0 123 0 40 0 187 0 139 0 0 0 112 0 27 0 0 0 0 0 0 0 0 0 0 0 0 0 0 0 0 0 0 0 0 0 0 0 0 0 0 0 ;
0 0 0 0 0 141 0 0 0 0 56 33 0 25 0 0 0 0 0 0 0 0 0 0 0 0 0 0 0 0 0 0 0 0 0 0 0 0 0 0 0 0 0 0 0 ;
0 0 146 0 0 0 0 0 0 0 0 5 31 76 0 0 0 0 0 0 0 154 54 0 0 0 0 0 0 0 0 0 0 0 0 0 0 0 0 0 0 0 0 0 0 ;
0 0 0 0 30 79 0 0 0 0 194 113 0 0 0 73 0 0 0 0 0 0 0 0 29 0 0 0 0 0 0 0 0 0 0 0 0 0 0 0 0 0 0 0 0 ;
0 123 190 0 0 0 0 0 0 98 2 0 0 0 0 0 0 24 47 0 0 0 0 0 120 0 0 0 0 0 0 0 0 0 0 0 0 0 0 0 0 0 0 0 0 ;
0 0 0 0 0 0 0 0 8 0 74 109 37 0 0 0 0 98 0 0 0 0 0 0 0 0 0 183 0 0 0 0 0 0 0 0 0 0 0 0 0 0 0 0 0 ;
0 0 0 180 0 0 0 0 0 0 0 38 0 191 0 0 0 146 0 0 0 0 0 0 0 0 0 0 0 0 0 0 0 0 0 0 0 0 0 0 0 0 0 0 0 ;
0 0 0 0 0 0 0 0 0 0 119 108 0 0 0 103 0 0 0 0 0 0 0 48 46 0 177 0 0 115 0 0 0 0 0 0 0 0 0 0 0 0 0 0 0 ;
0 0 0 0 0 0 0 0 0 0 38 0 0 0 87 0 0 0 0 0 181 0 0 0 0 0 0 51 0 0 0 0 0 0 0 0 0 0 0 0 0 0 0 0 0 ;
0 0 0 0 0 170 0 0 0 0 0 76 0 0 17 0 0 181 0 109 0 0 0 0 0 0 0 188 0 0 0 0 0 0 0 0 0 0 0 0 0 0 0 0 0 ;
0 0 0 168 65 0 0 0 141 0 0 102 0 0 161 65 0 0 149 0 0 0 0 128 0 0 0 97 60 49 0 194 147 0 0 0 0 0 0 0 0 0 0 0 0 ;
106 0 0 28 0 0 0 0 14 0 0 0 93 107 0 101 0 0 0 7 129 70 0 0 0 36 112 0 0 0 0 43 0 0 0 0 0 0 0 0 0 0 0 0 0 ;
0 0 0 121 0 0 0 0 104 0 0 0 0 0 0 0 0 169 0 78 0 0 2 115 0 58 0 0 0 0 121 0 0 0 0 0 0 0 0 0 0 0 0 0 0 ;
0 189 0 82 0 0 0 0 0 0 0 0 0 0 0 0 0 0 0 78 0 82 0 0 0 0 0 0 151 0 80 0 0 0 12 0 0 0 0 0 0 0 0 0 0 ;
0 163 0 160 0 168 153 0 0 0 0 0 83 0 0 0 142 0 0 126 0 0 0 0 198 0 0 0 0 0 0 0 0 0 160 187 0 0 0 0 0 0 0 0 0 ;
0 69 0 64 0 20 0 0 0 0 0 0 0 0 107 0 0 0 0 5 0 10 0 161 0 0 0 0 0 0 138 114 137 0 42 44 0 0 0 0 0 0 0 0 0 ;
0 0 35 27 0 0 0 0 0 0 0 0 92 0 0 0 0 0 0 0 0 0 0 180 0 0 0 0 0 0 0 0 0 0 0 0 0 0 0 0 0 0 0 0 0 ;
0 152 0 0 0 0 0 65 0 0 0 93 0 0 0 0 145 0 0 0 0 0 146 0 0 0 0 17 0 0 172 0 121 0 132 98 189 0 0 0 0 0 0 0 0 ;
0 0 0 0 0 149 0 0 0 187 94 0 0 0 73 35 0 0 0 0 0 0 91 0 0 0 22 19 0 81 83 0 0 0 0 0 171 73 34 69 0 0 0 0 0 ;
0 0 0 0 0 0 0 0 0 0 0 0 0 55 0 0 0 93 0 72 0 0 0 185 0 9 0 0 0 0 0 0 0 0 0 0 0 0 0 156 0 162 0 0 0 ;
0 0 0 0 0 0 0 0 0 35 0 0 0 0 0 0 0 13 0 172 0 0 82 0 0 0 0 0 29 0 0 0 0 141 0 0 18 0 0 105 0 0 0 0 0 ;
0 0 0 0 0 0 0 0 0 0 0 0 0 57 0 0 0 0 7 0 118 0 0 0 0 190 133 181 27 0 0 0 0 0 129 37 0 0 0 106 0 65 0 0 0 ;
0 197 178 136 0 0 0 0 0 0 0 0 0 0 0 154 0 0 0 169 87 0 0 0 0 137 0 0 0 0 0 97 0 0 0 0 0 0 0 1 0 0 0 0 0 ]
w=[31, 37, 15, 85, 60, 62, 50, 25, 57, 8, 59, 77, 72, 95, 56, 26, 3, 98, 56, 98, 97, 74, 78, 38, 28, 36, 53, 43, 84, 17, 51, 98, 16, 43, 27, 15, 3, 46, 55, 100, 82, 53, 61, 14, 29]
W=100 
k=4 
inst_name = "QKP_45_200_25" 
feasible = true 
Q2=[200 0 0 0 0 0 0 0 0 0 0 0 0 0 0 0 0 0 0 0 0 0 0 0 0 0 0 0 0 0 0 0 0 0 0 0 0 0 0 0 0 0 0 0 0; 0 200 0 0 0 0 0 0 0 0 0 0 0 0 0 0 0 0 0 0 0 0 0 0 0 0 0 0 0 0 0 0 0 0 0 0 0 0 0 0 0 0 0 0 0; 187 200 200 0 0 0 0 0 0 0 0 0 0 0 0 0 0 0 0 0 0 0 0 0 0 0 0 0 0 0 0 0 0 0 0 0 0 0 0 0 0 0 0 0 0; 200 200 200 200 0 0 0 0 0 0 0 0 0 0 0 0 0 0 0 0 0 0 0 0 0 0 0 0 0 0 0 0 0 0 0 0 0 0 0 0 0 0 0 0 0; 129 200 200 200 200 0 0 0 0 0 0 0 0 0 0 0 0 0 0 0 0 0 0 0 0 0 0 0 0 0 0 0 0 0 0 0 0 0 0 0 0 0 0 0 0; 200 200 200 200 200 150 0 0 0 0 0 0 0 0 0 0 0 0 0 0 0 0 0 0 0 0 0 0 0 0 0 0 0 0 0 0 0 0 0 0 0 0 0 0 0; 9 200 200 200 200 7 200 0 0 0 0 0 0 0 0 0 0 0 0 0 0 0 0 0 0 0 0 0 0 0 0 0 0 0 0 0 0 0 0 0 0 0 0 0 0; 200 166 200 200 38 49 200 16 0 0 0 0 0 0 0 0 0 0 0 0 0 0 0 0 0 0 0 0 0 0 0 0 0 0 0 0 0 0 0 0 0 0 0 0 0; 200 200 198 200 200 200 200 149 200 0 0 0 0 0 0 0 0 0 0 0 0 0 0 0 0 0 0 0 0 0 0 0 0 0 0 0 0 0 0 0 0 0 0 0 0; 200 200 200 200 200 200 200 161 200 200 0 0 0 0 0 0 0 0 0 0 0 0 0 0 0 0 0 0 0 0 0 0 0 0 0 0 0 0 0 0 0 0 0 0 0; 200 39 200 27 200 200 200 200 200 200 153 0 0 0 0 0 0 0 0 0 0 0 0 0 0 0 0 0 0 0 0 0 0 0 0 0 0 0 0 0 0 0 0 0 0; 200 200 10 200 194 200 200 200 31 200 200 173 0 0 0 0 0 0 0 0 0 0 0 0 0 0 0 0 0 0 0 0 0 0 0 0 0 0 0 0 0 0 0 0 0; 114 200 198 200 17 200 147 200 200 200 200 200 195 0 0 0 0 0 0 0 0 0 0 0 0 0 0 0 0 0 0 0 0 0 0 0 0 0 0 0 0 0 0 0 0; 200 165 198 187 200 200 200 200 200 200 200 200 200 200 0 0 0 0 0 0 0 0 0 0 0 0 0 0 0 0 0 0 0 0 0 0 0 0 0 0 0 0 0 0 0; 190 200 200 200 200 200 200 200 200 200 200 200 200 200 200 0 0 0 0 0 0 0 0 0 0 0 0 0 0 0 0 0 0 0 0 0 0 0 0 0 0 0 0 0 0; 200 190 200 200 200 200 200 200 200 200 200 200 200 200 200 200 0 0 0 0 0 0 0 0 0 0 0 0 0 0 0 0 0 0 0 0 0 0 0 0 0 0 0 0 0; 200 200 187 200 200 20 200 165 200 200 200 165 200 200 200 200 200 0 0 0 0 0 0 0 0 0 0 0 0 0 0 0 0 0 0 0 0 0 0 0 0 0 0 0 0; 200 200 200 38 200 200 23 4 200 200 200 200 2 200 200 190 46 125 0 0 0 0 0 0 0 0 0 0 0 0 0 0 0 0 0 0 0 0 0 0 0 0 0 0 0; 112 200 200 200 200 200 129 200 200 200 200 2 200 131 123 187 200 74 200 0 0 0 0 0 0 0 0 0 0 0 0 0 0 0 0 0 0 0 0 0 0 0 0 0 0; 200 172 200 200 185 200 61 200 200 200 200 200 200 200 200 200 200 200 200 200 0 0 0 0 0 0 0 0 0 0 0 0 0 0 0 0 0 0 0 0 0 0 0 0 0; 200 200 7 23 200 200 200 200 200 200 200 162 200 200 200 200 191 198 200 63 193 0 0 0 0 0 0 0 0 0 0 0 0 0 0 0 0 0 0 0 0 0 0 0 0; 200 200 200 200 15 200 200 200 200 143 200 200 200 200 2 7 200 200 200 200 200 200 0 0 0 0 0 0 0 0 0 0 0 0 0 0 0 0 0 0 0 0 0 0 0; 200 200 200 187 200 11 200 163 200 6 200 53 200 200 200 42 200 180 200 200 200 200 200 0 0 0 0 0 0 0 0 0 0 0 0 0 0 0 0 0 0 0 0 0 0; 200 200 200 200 200 51 200 200 200 200 167 183 200 195 200 200 200 200 200 200 200 200 200 200 0 0 0 0 0 0 0 0 0 0 0 0 0 0 0 0 0 0 0 0 0; 200 200 18 200 200 200 200 200 200 200 200 198 178 170 200 200 200 200 200 200 200 39 149 200 200 0 0 0 0 0 0 0 0 0 0 0 0 0 0 0 0 0 0 0 0; 200 200 200 200 189 129 200 200 200 200 6 83 200 200 200 147 200 200 200 200 200 200 200 200 181 200 0 0 0 0 0 0 0 0 0 0 0 0 0 0 0 0 0 0 0; 200 49 0 200 200 200 200 200 200 142 200 200 200 200 200 200 200 185 160 200 200 200 200 200 63 200 200 0 0 0 0 0 0 0 0 0 0 0 0 0 0 0 0 0 0; 200 200 200 200 200 200 200 200 192 200 148 55 189 200 200 200 200 138 200 200 200 200 200 200 200 200 200 8 0 0 0 0 0 0 0 0 0 0 0 0 0 0 0 0 0; 200 200 200 7 200 200 200 200 200 200 200 188 200 3 200 200 200 11 200 200 200 200 200 200 200 200 200 200 200 0 0 0 0 0 0 0 0 0 0 0 0 0 0 0 0; 200 200 200 200 200 200 200 200 200 200 48 51 200 200 200 35 200 200 200 200 200 200 200 199 189 200 13 200 200 68 0 0 0 0 0 0 0 0 0 0 0 0 0 0 0; 200 200 200 200 200 200 200 200 200 200 196 200 200 200 123 200 200 200 200 200 14 200 200 200 200 200 200 160 200 200 200 0 0 0 0 0 0 0 0 0 0 0 0 0 0; 200 200 200 200 200 6 200 200 200 200 200 138 200 200 191 200 200 15 200 65 200 200 200 200 200 200 200 1 200 200 200 200 0 0 0 0 0 0 0 0 0 0 0 0 0; 200 200 200 24 176 200 200 200 24 200 200 83 200 200 35 186 200 200 38 200 200 200 200 6 200 200 200 159 168 153 200 0 43 0 0 0 0 0 0 0 0 0 0 0 0; 71 200 200 175 200 200 200 200 197 200 200 200 118 4 200 36 200 200 200 194 8 170 200 200 200 195 78 200 200 200 200 178 200 200 0 0 0 0 0 0 0 0 0 0 0; 200 200 200 49 200 200 200 200 59 200 200 200 200 200 200 200 200 3 200 135 200 200 200 58 200 191 200 200 200 200 17 200 200 200 200 0 0 0 0 0 0 0 0 0 0; 200 4 200 141 200 200 200 200 200 200 200 200 200 200 200 200 200 200 200 186 200 178 200 200 200 200 200 200 30 200 173 200 200 200 195 200 0 0 0 0 0 0 0 0 0; 200 1 200 28 200 25 8 200 200 200 200 200 151 200 200 200 19 200 200 31 200 200 200 200 0 200 200 200 200 200 200 200 200 200 16 2 200 0 0 0 0 0 0 0 0; 200 199 200 182 200 196 200 200 200 200 200 200 200 200 88 200 200 200 200 195 200 191 200 14 200 200 200 200 200 200 37 30 48 200 181 179 200 200 0 0 0 0 0 0 0; 200 200 168 182 200 200 200 200 200 200 200 200 118 200 200 200 200 200 200 200 200 200 200 17 200 200 200 200 200 200 200 200 200 200 200 200 200 200 200 0 0 0 0 0 0; 200 32 200 200 200 200 200 145 200 200 200 148 200 200 200 200 45 200 200 200 200 200 18 200 200 200 200 197 200 200 10 200 35 200 5 175 11 200 200 200 0 0 0 0 0; 200 200 200 200 200 46 200 200 200 6 144 200 200 200 193 182 200 200 200 200 200 200 186 200 200 200 183 185 200 135 161 200 200 200 200 200 2 182 168 188 200 0 0 0 0; 200 200 200 200 200 200 200 200 200 200 200 200 200 173 200 200 200 175 200 160 200 200 200 12 200 195 200 200 200 200 200 200 200 200 200 200 200 200 200 2 200 19 0 0 0; 200 200 200 200 200 200 200 200 200 173 200 200 200 200 200 200 200 192 200 9 200 200 136 200 200 200 200 200 186 200 200 200 200 29 200 200 188 200 200 86 200 200 200 0 0; 200 200 200 200 200 200 200 200 200 200 200 200 200 182 200 200 200 200 193 200 50 200 200 200 200 4 48 0 187 200 200 200 200 200 23 198 200 200 200 78 200 156 200 200 0; 200 3 1 59 200 200 200 200 200 200 200 200 200 200 200 38 200 200 200 30 154 200 200 200 200 19 200 200 200 200 200 113 200 200 200 200 200 200 200 200 200 200 200 200 200]
