n=45
density=25
Q1=[0 0 0 0 0 0 0 0 0 0 0 0 0 0 0 0 0 0 0 0 0 0 0 0 0 0 0 0 0 0 0 0 0 0 0 0 0 0 0 0 0 0 0 0 0 ;
0 0 0 0 0 0 0 0 0 0 0 0 0 0 0 0 0 0 0 0 0 0 0 0 0 0 0 0 0 0 0 0 0 0 0 0 0 0 0 0 0 0 0 0 0 ;
0 0 93 0 0 0 0 0 0 0 0 0 0 0 0 0 0 0 0 0 0 0 0 0 0 0 0 0 0 0 0 0 0 0 0 0 0 0 0 0 0 0 0 0 0 ;
0 58 0 0 0 0 0 0 0 0 0 0 0 0 0 0 0 0 0 0 0 0 0 0 0 0 0 0 0 0 0 0 0 0 0 0 0 0 0 0 0 0 0 0 0 ;
0 0 0 0 0 0 0 0 0 0 0 0 0 0 0 0 0 0 0 0 0 0 0 0 0 0 0 0 0 0 0 0 0 0 0 0 0 0 0 0 0 0 0 0 0 ;
92 80 55 12 0 0 0 0 0 0 0 0 0 0 0 0 0 0 0 0 0 0 0 0 0 0 0 0 0 0 0 0 0 0 0 0 0 0 0 0 0 0 0 0 0 ;
0 0 0 0 0 0 0 0 0 0 0 0 0 0 0 0 0 0 0 0 0 0 0 0 0 0 0 0 0 0 0 0 0 0 0 0 0 0 0 0 0 0 0 0 0 ;
0 0 0 0 0 29 50 56 0 0 0 0 0 0 0 0 0 0 0 0 0 0 0 0 0 0 0 0 0 0 0 0 0 0 0 0 0 0 0 0 0 0 0 0 0 ;
0 0 0 0 0 0 0 0 0 0 0 0 0 0 0 0 0 0 0 0 0 0 0 0 0 0 0 0 0 0 0 0 0 0 0 0 0 0 0 0 0 0 0 0 0 ;
0 0 0 0 0 0 0 98 0 0 0 0 0 0 0 0 0 0 0 0 0 0 0 0 0 0 0 0 0 0 0 0 0 0 0 0 0 0 0 0 0 0 0 0 0 ;
13 0 0 0 29 0 0 79 0 0 0 0 0 0 0 0 0 0 0 0 0 0 0 0 0 0 0 0 0 0 0 0 0 0 0 0 0 0 0 0 0 0 0 0 0 ;
0 55 0 14 0 0 23 0 81 2 0 0 0 0 0 0 0 0 0 0 0 0 0 0 0 0 0 0 0 0 0 0 0 0 0 0 0 0 0 0 0 0 0 0 0 ;
0 0 0 0 60 0 85 0 88 0 0 0 0 0 0 0 0 0 0 0 0 0 0 0 0 0 0 0 0 0 0 0 0 0 0 0 0 0 0 0 0 0 0 0 0 ;
0 3 0 0 0 0 82 0 0 0 0 0 0 70 0 0 0 0 0 0 0 0 0 0 0 0 0 0 0 0 0 0 0 0 0 0 0 0 0 0 0 0 0 0 0 ;
7 0 0 0 72 27 0 0 0 0 0 0 0 67 79 0 0 0 0 0 0 0 0 0 0 0 0 0 0 0 0 0 0 0 0 0 0 0 0 0 0 0 0 0 0 ;
0 23 0 50 0 0 39 32 0 0 76 0 0 0 0 0 0 0 0 0 0 0 0 0 0 0 0 0 0 0 0 0 0 0 0 0 0 0 0 0 0 0 0 0 0 ;
30 0 0 68 0 82 0 0 0 0 0 0 33 0 0 0 0 0 0 0 0 0 0 0 0 0 0 0 0 0 0 0 0 0 0 0 0 0 0 0 0 0 0 0 0 ;
0 0 0 0 0 0 0 0 23 0 0 0 0 0 2 0 0 0 0 0 0 0 0 0 0 0 0 0 0 0 0 0 0 0 0 0 0 0 0 0 0 0 0 0 0 ;
0 0 0 0 0 0 54 38 0 47 84 99 0 0 0 0 0 29 73 0 0 0 0 0 0 0 0 0 0 0 0 0 0 0 0 0 0 0 0 0 0 0 0 0 0 ;
0 0 0 0 0 30 0 0 0 0 0 0 0 0 0 86 0 19 5 0 0 0 0 0 0 0 0 0 0 0 0 0 0 0 0 0 0 0 0 0 0 0 0 0 0 ;
0 0 0 51 33 0 0 16 0 0 0 0 0 0 0 0 0 0 0 39 0 0 0 0 0 0 0 0 0 0 0 0 0 0 0 0 0 0 0 0 0 0 0 0 0 ;
0 74 0 0 0 0 18 0 66 0 0 4 0 35 90 0 0 58 0 0 0 0 0 0 0 0 0 0 0 0 0 0 0 0 0 0 0 0 0 0 0 0 0 0 0 ;
0 6 52 0 0 0 0 0 0 0 0 0 27 0 0 23 0 0 92 82 0 2 0 0 0 0 0 0 0 0 0 0 0 0 0 0 0 0 0 0 0 0 0 0 0 ;
0 0 0 0 0 0 89 0 0 0 83 0 0 0 91 25 0 0 0 29 0 0 0 40 0 0 0 0 0 0 0 0 0 0 0 0 0 0 0 0 0 0 0 0 0 ;
28 0 87 0 0 0 0 0 0 0 1 0 0 0 0 26 37 0 14 0 0 0 0 0 0 0 0 0 0 0 0 0 0 0 0 0 0 0 0 0 0 0 0 0 0 ;
0 80 0 54 0 80 0 14 0 0 0 74 54 0 4 0 0 0 0 0 66 0 0 0 0 0 0 0 0 0 0 0 0 0 0 0 0 0 0 0 0 0 0 0 0 ;
0 0 0 77 0 0 0 0 0 51 0 0 30 70 0 0 97 0 0 0 0 0 0 28 86 31 0 0 0 0 0 0 0 0 0 0 0 0 0 0 0 0 0 0 0 ;
0 42 0 36 54 0 13 0 0 8 26 0 0 94 0 37 51 0 55 0 51 0 0 0 0 0 0 55 0 0 0 0 0 0 0 0 0 0 0 0 0 0 0 0 0 ;
0 0 0 14 0 83 100 0 0 0 0 0 0 0 57 28 0 0 48 0 0 0 0 0 0 0 98 0 71 0 0 0 0 0 0 0 0 0 0 0 0 0 0 0 0 ;
0 8 59 54 99 0 0 0 0 0 35 0 0 57 0 0 7 22 0 0 0 62 0 0 0 61 0 0 0 0 0 0 0 0 0 0 0 0 0 0 0 0 0 0 0 ;
0 0 0 0 43 0 0 0 0 86 0 0 0 0 76 0 0 0 0 0 0 0 0 0 0 70 51 0 91 86 0 0 0 0 0 0 0 0 0 0 0 0 0 0 0 ;
0 0 90 0 0 0 0 0 0 0 0 0 0 53 41 0 0 0 0 0 8 0 0 90 0 0 0 59 0 0 0 79 0 0 0 0 0 0 0 0 0 0 0 0 0 ;
0 0 0 47 0 0 0 0 0 0 0 96 0 0 0 0 0 0 0 0 0 0 0 92 0 0 0 0 0 0 66 0 0 0 0 0 0 0 0 0 0 0 0 0 0 ;
0 0 91 0 0 0 0 0 0 0 0 0 28 0 0 5 0 0 0 0 0 0 0 0 55 0 0 7 0 0 0 0 0 0 0 0 0 0 0 0 0 0 0 0 0 ;
92 0 35 0 0 55 47 0 0 0 0 0 0 93 0 0 0 74 83 96 0 0 0 0 59 0 0 0 43 49 0 0 0 0 0 0 0 0 0 0 0 0 0 0 0 ;
0 0 44 0 0 46 42 75 28 0 0 0 0 0 0 0 0 0 0 7 0 0 76 12 0 36 0 0 0 0 0 63 0 0 0 0 0 0 0 0 0 0 0 0 0 ;
0 57 0 0 0 27 5 0 0 3 0 0 0 45 0 0 0 0 0 0 0 0 0 90 0 0 4 0 0 0 0 0 17 0 0 6 0 0 0 0 0 0 0 0 0 ;
0 0 0 0 0 0 0 0 31 0 15 63 0 0 0 0 0 0 0 0 0 0 0 0 41 44 0 61 0 0 0 0 81 0 0 74 0 0 0 0 0 0 0 0 0 ;
0 0 0 0 0 0 17 94 0 0 44 0 0 0 0 0 0 0 0 0 0 0 0 0 0 0 0 91 0 0 0 0 0 35 0 16 0 66 0 0 0 0 0 0 0 ;
0 0 29 34 0 0 0 0 0 0 0 0 78 0 79 0 0 0 0 0 0 0 0 0 32 0 0 7 0 0 0 0 0 0 38 8 60 0 0 5 0 0 0 0 0 ;
50 0 0 0 0 34 49 0 0 0 0 0 0 0 0 78 0 0 51 0 0 0 0 87 0 0 0 0 0 0 0 0 0 67 0 0 0 14 43 0 0 0 0 0 0 ;
1 0 0 0 56 0 0 0 0 0 0 0 91 0 0 0 0 0 50 0 0 0 0 0 0 0 0 0 91 0 0 23 0 0 11 40 49 33 0 0 0 0 0 0 0 ;
0 0 53 27 0 19 0 100 0 5 64 0 0 68 0 38 0 65 85 41 78 0 0 53 0 0 0 0 0 0 0 0 5 8 0 0 0 0 82 0 0 0 69 0 0 ;
0 0 0 0 0 0 0 0 0 0 0 0 30 82 25 53 0 0 0 0 0 17 0 91 0 79 0 0 0 95 0 0 0 0 4 0 78 52 37 0 0 0 0 29 0 ;
0 0 0 0 0 0 0 0 0 0 59 0 0 0 0 0 0 0 0 0 0 1 66 100 0 0 55 0 0 0 0 0 0 0 0 0 17 0 0 0 0 0 0 0 0 ]
w=[37, 5, 15, 1, 16, 12, 24, 23, 15, 12, 8, 12, 39, 25, 15, 35, 19, 8, 35, 2, 19, 41, 26, 50, 28, 39, 3, 36, 45, 3, 41, 21, 2, 41, 9, 49, 12, 3, 33, 39, 1, 32, 34, 8, 24]
W=88 
k=3 
inst_name = "QKP_45_100_25" 
feasible = true 
Q2=[100 0 0 0 0 0 0 0 0 0 0 0 0 0 0 0 0 0 0 0 0 0 0 0 0 0 0 0 0 0 0 0 0 0 0 0 0 0 0 0 0 0 0 0 0; 100 100 0 0 0 0 0 0 0 0 0 0 0 0 0 0 0 0 0 0 0 0 0 0 0 0 0 0 0 0 0 0 0 0 0 0 0 0 0 0 0 0 0 0 0; 100 100 3 0 0 0 0 0 0 0 0 0 0 0 0 0 0 0 0 0 0 0 0 0 0 0 0 0 0 0 0 0 0 0 0 0 0 0 0 0 0 0 0 0 0; 100 8 100 100 0 0 0 0 0 0 0 0 0 0 0 0 0 0 0 0 0 0 0 0 0 0 0 0 0 0 0 0 0 0 0 0 0 0 0 0 0 0 0 0 0; 100 100 100 100 100 0 0 0 0 0 0 0 0 0 0 0 0 0 0 0 0 0 0 0 0 0 0 0 0 0 0 0 0 0 0 0 0 0 0 0 0 0 0 0 0; 8 13 40 92 100 100 0 0 0 0 0 0 0 0 0 0 0 0 0 0 0 0 0 0 0 0 0 0 0 0 0 0 0 0 0 0 0 0 0 0 0 0 0 0 0; 100 100 100 100 100 100 100 0 0 0 0 0 0 0 0 0 0 0 0 0 0 0 0 0 0 0 0 0 0 0 0 0 0 0 0 0 0 0 0 0 0 0 0 0 0; 100 100 100 100 100 98 15 22 0 0 0 0 0 0 0 0 0 0 0 0 0 0 0 0 0 0 0 0 0 0 0 0 0 0 0 0 0 0 0 0 0 0 0 0 0; 100 100 100 100 100 100 100 100 100 0 0 0 0 0 0 0 0 0 0 0 0 0 0 0 0 0 0 0 0 0 0 0 0 0 0 0 0 0 0 0 0 0 0 0 0; 100 100 100 100 100 100 100 1 100 100 0 0 0 0 0 0 0 0 0 0 0 0 0 0 0 0 0 0 0 0 0 0 0 0 0 0 0 0 0 0 0 0 0 0 0; 98 100 100 100 95 100 100 11 100 100 100 0 0 0 0 0 0 0 0 0 0 0 0 0 0 0 0 0 0 0 0 0 0 0 0 0 0 0 0 0 0 0 0 0 0; 100 15 100 97 100 100 99 100 11 99 100 100 0 0 0 0 0 0 0 0 0 0 0 0 0 0 0 0 0 0 0 0 0 0 0 0 0 0 0 0 0 0 0 0 0; 100 100 100 100 14 100 3 100 12 100 100 100 100 0 0 0 0 0 0 0 0 0 0 0 0 0 0 0 0 0 0 0 0 0 0 0 0 0 0 0 0 0 0 0 0; 100 99 100 100 100 100 10 100 100 100 100 100 100 14 0 0 0 0 0 0 0 0 0 0 0 0 0 0 0 0 0 0 0 0 0 0 0 0 0 0 0 0 0 0 0; 99 100 100 100 4 99 100 100 100 100 100 100 100 16 7 0 0 0 0 0 0 0 0 0 0 0 0 0 0 0 0 0 0 0 0 0 0 0 0 0 0 0 0 0 0; 100 98 100 19 100 100 76 96 100 100 24 100 100 100 100 100 0 0 0 0 0 0 0 0 0 0 0 0 0 0 0 0 0 0 0 0 0 0 0 0 0 0 0 0 0; 75 100 100 26 100 17 100 100 100 100 100 100 94 100 100 100 100 0 0 0 0 0 0 0 0 0 0 0 0 0 0 0 0 0 0 0 0 0 0 0 0 0 0 0 0; 100 100 100 100 100 100 100 100 96 100 100 100 100 100 99 100 100 100 0 0 0 0 0 0 0 0 0 0 0 0 0 0 0 0 0 0 0 0 0 0 0 0 0 0 0; 100 100 100 100 100 100 8 79 100 56 0 0 100 100 100 100 100 96 17 0 0 0 0 0 0 0 0 0 0 0 0 0 0 0 0 0 0 0 0 0 0 0 0 0 0; 100 100 100 100 100 98 100 100 100 100 100 100 100 100 100 9 100 84 100 100 0 0 0 0 0 0 0 0 0 0 0 0 0 0 0 0 0 0 0 0 0 0 0 0 0; 100 100 100 12 68 100 100 96 100 100 100 100 100 100 100 100 100 100 100 91 100 0 0 0 0 0 0 0 0 0 0 0 0 0 0 0 0 0 0 0 0 0 0 0 0; 100 9 100 100 100 100 97 100 8 100 100 99 100 72 0 100 100 26 100 100 100 100 0 0 0 0 0 0 0 0 0 0 0 0 0 0 0 0 0 0 0 0 0 0 0; 100 94 30 100 100 100 100 100 100 100 100 100 74 100 100 88 100 100 6 9 100 98 100 0 0 0 0 0 0 0 0 0 0 0 0 0 0 0 0 0 0 0 0 0 0; 100 100 100 100 100 100 10 100 100 100 7 100 100 100 9 85 100 100 100 89 100 100 100 99 0 0 0 0 0 0 0 0 0 0 0 0 0 0 0 0 0 0 0 0 0; 72 100 4 100 100 100 100 100 100 100 100 100 100 100 100 84 79 100 97 100 100 100 100 100 100 0 0 0 0 0 0 0 0 0 0 0 0 0 0 0 0 0 0 0 0; 100 15 100 24 100 2 100 86 100 100 100 25 24 100 99 100 100 100 100 100 3 100 100 100 100 100 0 0 0 0 0 0 0 0 0 0 0 0 0 0 0 0 0 0 0; 100 100 100 10 100 100 100 100 100 20 100 100 78 20 100 100 3 100 100 100 100 100 100 81 11 86 100 0 0 0 0 0 0 0 0 0 0 0 0 0 0 0 0 0 0; 100 97 100 82 45 100 96 100 100 98 82 100 100 3 100 80 39 100 37 100 32 100 100 100 100 100 100 20 0 0 0 0 0 0 0 0 0 0 0 0 0 0 0 0 0; 100 100 100 91 100 11 0 100 100 100 100 100 100 100 35 82 100 100 97 100 100 100 100 100 100 100 1 100 21 0 0 0 0 0 0 0 0 0 0 0 0 0 0 0 0; 100 97 1 0 1 100 100 100 100 100 86 100 100 22 100 100 94 88 100 100 100 26 100 100 100 27 100 100 100 100 0 0 0 0 0 0 0 0 0 0 0 0 0 0 0; 100 100 100 100 78 100 100 100 100 0 100 100 100 100 3 100 100 100 100 100 100 100 100 100 100 4 2 100 1 12 100 0 0 0 0 0 0 0 0 0 0 0 0 0 0; 100 100 1 100 100 100 100 100 100 100 100 100 100 33 77 100 100 100 100 100 93 100 100 1 100 100 100 3 100 100 100 13 0 0 0 0 0 0 0 0 0 0 0 0 0; 100 100 100 88 100 100 100 100 100 100 100 4 100 100 100 100 100 100 100 100 100 100 100 0 100 100 100 100 100 100 9 100 100 0 0 0 0 0 0 0 0 0 0 0 0; 100 100 0 100 100 100 100 100 100 100 100 100 75 100 100 97 100 100 100 100 100 100 100 100 15 100 100 93 100 100 100 100 100 100 0 0 0 0 0 0 0 0 0 0 0; 6 100 82 100 100 18 95 100 100 100 100 100 100 5 100 100 100 2 15 0 100 100 100 100 34 100 100 100 73 86 100 100 100 100 100 0 0 0 0 0 0 0 0 0 0; 100 100 82 100 100 79 78 15 92 100 100 100 100 100 100 100 100 100 100 99 100 100 1 89 100 85 100 100 100 100 100 12 100 100 100 100 0 0 0 0 0 0 0 0 0; 100 2 100 100 100 94 96 100 100 98 100 100 100 77 100 100 100 100 100 100 100 100 100 5 100 100 100 100 100 100 100 100 88 100 100 95 100 0 0 0 0 0 0 0 0; 100 100 100 100 100 100 100 100 89 100 95 14 100 100 100 100 100 100 100 100 100 100 100 100 74 95 100 5 100 100 100 100 15 100 100 14 100 100 0 0 0 0 0 0 0; 100 100 100 100 100 100 87 1 100 100 79 100 100 100 100 100 100 100 100 100 100 100 100 100 100 100 100 1 100 100 100 100 100 66 100 99 100 21 100 0 0 0 0 0 0; 100 100 100 96 100 100 100 100 100 100 100 100 9 100 11 100 100 100 100 100 100 100 100 100 83 100 100 99 100 100 100 100 100 100 65 98 40 100 100 100 0 0 0 0 0; 18 100 100 100 100 97 98 100 100 100 100 100 100 100 100 11 100 100 18 100 100 100 100 3 100 100 100 100 100 100 100 100 100 19 100 100 100 97 60 100 100 0 0 0 0; 100 100 100 100 16 100 100 100 100 100 100 100 9 100 100 100 100 100 28 100 100 100 100 100 100 100 100 100 0 100 100 100 100 100 92 82 51 91 100 100 100 100 0 0 0; 100 100 8 87 100 84 100 0 100 96 23 100 100 6 100 74 100 14 8 73 18 100 100 20 100 100 100 100 100 100 100 100 95 96 100 100 100 100 14 100 100 100 10 0 0; 100 100 100 100 100 100 100 100 100 100 100 100 100 13 96 15 100 100 100 100 100 91 100 4 100 9 100 100 100 3 100 100 100 100 97 100 7 2 79 100 100 100 100 86 0; 100 100 100 100 100 100 100 100 100 100 39 100 100 100 100 100 100 100 100 100 100 99 3 0 100 100 1 100 100 100 100 100 100 100 100 100 98 100 100 100 100 100 100 100 100]
