n=30
density=100
Q1=[20 0 0 0 0 0 0 0 0 0 0 0 0 0 0 0 0 0 0 0 0 0 0 0 0 0 0 0 0 0 ;
104 89 0 0 0 0 0 0 0 0 0 0 0 0 0 0 0 0 0 0 0 0 0 0 0 0 0 0 0 0 ;
184 55 112 0 0 0 0 0 0 0 0 0 0 0 0 0 0 0 0 0 0 0 0 0 0 0 0 0 0 0 ;
11 144 58 185 0 0 0 0 0 0 0 0 0 0 0 0 0 0 0 0 0 0 0 0 0 0 0 0 0 0 ;
1 16 157 42 188 0 0 0 0 0 0 0 0 0 0 0 0 0 0 0 0 0 0 0 0 0 0 0 0 0 ;
183 140 99 70 10 29 0 0 0 0 0 0 0 0 0 0 0 0 0 0 0 0 0 0 0 0 0 0 0 0 ;
87 77 110 166 80 23 115 0 0 0 0 0 0 0 0 0 0 0 0 0 0 0 0 0 0 0 0 0 0 0 ;
90 91 50 175 26 123 2 197 0 0 0 0 0 0 0 0 0 0 0 0 0 0 0 0 0 0 0 0 0 0 ;
26 4 112 81 105 113 99 83 139 0 0 0 0 0 0 0 0 0 0 0 0 0 0 0 0 0 0 0 0 0 ;
157 166 123 106 127 102 31 97 34 32 0 0 0 0 0 0 0 0 0 0 0 0 0 0 0 0 0 0 0 0 ;
102 196 56 68 185 187 191 116 179 44 135 0 0 0 0 0 0 0 0 0 0 0 0 0 0 0 0 0 0 0 ;
28 133 166 15 177 97 79 81 180 20 25 16 0 0 0 0 0 0 0 0 0 0 0 0 0 0 0 0 0 0 ;
103 27 64 141 90 37 184 172 32 83 58 109 87 0 0 0 0 0 0 0 0 0 0 0 0 0 0 0 0 0 ;
66 90 155 22 112 22 159 144 69 129 29 107 137 101 0 0 0 0 0 0 0 0 0 0 0 0 0 0 0 0 ;
200 70 188 119 105 115 132 77 84 157 36 85 54 195 195 0 0 0 0 0 0 0 0 0 0 0 0 0 0 0 ;
137 177 144 135 157 6 111 12 31 1 172 114 65 87 37 77 0 0 0 0 0 0 0 0 0 0 0 0 0 0 ;
134 149 39 37 47 37 39 145 182 66 91 94 184 51 122 47 77 0 0 0 0 0 0 0 0 0 0 0 0 0 ;
76 196 47 104 25 198 28 151 89 156 63 148 165 193 116 31 140 66 0 0 0 0 0 0 0 0 0 0 0 0 ;
49 104 103 71 119 164 171 198 110 149 199 74 156 118 18 148 123 106 145 0 0 0 0 0 0 0 0 0 0 0 ;
189 163 125 13 109 27 174 104 173 11 106 194 101 135 52 89 66 186 55 48 0 0 0 0 0 0 0 0 0 0 ;
192 41 186 7 59 38 178 168 187 71 58 45 12 58 110 103 141 7 44 13 187 0 0 0 0 0 0 0 0 0 ;
127 33 160 197 200 88 138 22 129 137 163 152 57 151 150 2 9 55 1 31 181 49 0 0 0 0 0 0 0 0 ;
43 169 184 113 65 7 148 131 90 163 152 117 128 47 189 61 198 193 49 1 113 50 114 0 0 0 0 0 0 0 ;
55 129 192 162 38 104 9 185 180 88 64 38 10 1 84 187 165 146 149 63 170 45 136 160 0 0 0 0 0 0 ;
112 88 186 142 151 1 72 17 64 19 103 54 197 195 44 57 23 94 121 90 102 12 159 48 113 0 0 0 0 0 ;
102 182 79 200 28 122 118 37 158 48 23 169 122 114 182 102 58 55 41 165 137 36 72 187 107 20 0 0 0 0 ;
159 129 113 191 137 19 22 184 188 56 18 191 149 116 130 188 81 161 149 32 120 96 43 78 50 70 62 0 0 0 ;
173 184 110 107 6 134 48 23 134 195 52 137 76 74 28 120 80 40 101 69 187 131 189 172 97 138 110 50 0 0 ;
115 49 164 105 179 16 128 29 5 4 17 71 144 136 64 77 22 86 55 146 35 93 115 151 155 86 155 27 175 0 ;
87 147 39 121 164 160 101 164 121 96 51 68 27 60 38 128 180 196 140 19 190 77 100 10 174 57 169 146 171 189 ]
w=[14, 78, 74, 5, 34, 74, 42, 38, 70, 73, 88, 24, 91, 72, 90, 26, 9, 19, 3, 93, 93, 64, 3, 28, 41, 85, 23, 97, 65, 14]
W=58 
k=2 
inst_name = "QKP_30_200_100" 
feasible = true 
Q2=[198 0 0 0 0 0 0 0 0 0 0 0 0 0 0 0 0 0 0 0 0 0 0 0 0 0 0 0 0 0; 72 166 0 0 0 0 0 0 0 0 0 0 0 0 0 0 0 0 0 0 0 0 0 0 0 0 0 0 0 0; 6 176 87 0 0 0 0 0 0 0 0 0 0 0 0 0 0 0 0 0 0 0 0 0 0 0 0 0 0 0; 196 9 157 5 0 0 0 0 0 0 0 0 0 0 0 0 0 0 0 0 0 0 0 0 0 0 0 0 0 0; 200 198 22 183 12 0 0 0 0 0 0 0 0 0 0 0 0 0 0 0 0 0 0 0 0 0 0 0 0 0; 13 35 161 166 192 181 0 0 0 0 0 0 0 0 0 0 0 0 0 0 0 0 0 0 0 0 0 0 0 0; 118 176 12 21 179 177 7 0 0 0 0 0 0 0 0 0 0 0 0 0 0 0 0 0 0 0 0 0 0 0; 191 160 153 11 193 28 199 2 0 0 0 0 0 0 0 0 0 0 0 0 0 0 0 0 0 0 0 0 0 0; 178 199 35 151 30 83 175 139 42 0 0 0 0 0 0 0 0 0 0 0 0 0 0 0 0 0 0 0 0 0; 13 34 58 8 51 96 197 118 195 184 0 0 0 0 0 0 0 0 0 0 0 0 0 0 0 0 0 0 0 0; 75 0 155 140 12 2 7 65 10 167 64 0 0 0 0 0 0 0 0 0 0 0 0 0 0 0 0 0 0 0; 198 61 21 192 13 176 140 183 13 183 178 190 0 0 0 0 0 0 0 0 0 0 0 0 0 0 0 0 0 0; 14 199 138 1 119 178 3 7 190 164 153 72 190 0 0 0 0 0 0 0 0 0 0 0 0 0 0 0 0 0; 142 129 7 199 59 188 1 56 176 24 181 19 17 50 0 0 0 0 0 0 0 0 0 0 0 0 0 0 0 0; 0 192 7 35 33 79 13 172 165 3 173 183 187 1 1 0 0 0 0 0 0 0 0 0 0 0 0 0 0 0; 37 5 44 45 30 199 43 190 179 200 20 14 136 126 178 134 0 0 0 0 0 0 0 0 0 0 0 0 0 0; 48 33 178 188 165 170 166 17 11 138 109 158 14 162 8 154 164 0 0 0 0 0 0 0 0 0 0 0 0 0; 150 2 187 64 196 2 182 42 171 11 177 23 1 6 6 175 56 190 0 0 0 0 0 0 0 0 0 0 0 0; 184 13 39 130 43 10 4 0 2 35 0 130 1 41 196 15 59 39 11 0 0 0 0 0 0 0 0 0 0 0; 8 32 1 198 30 173 4 14 12 199 70 5 46 16 186 113 150 4 162 198 0 0 0 0 0 0 0 0 0 0; 2 168 9 199 163 181 7 14 8 141 197 164 198 153 82 38 16 193 184 188 0 0 0 0 0 0 0 0 0 0; 44 178 25 1 0 116 61 183 12 52 11 5 149 41 38 199 196 175 199 176 13 175 0 0 0 0 0 0 0 0; 167 25 6 36 193 193 2 47 193 2 14 61 17 153 1 184 2 0 152 200 82 181 13 0 0 0 0 0 0 0; 198 35 6 38 187 24 197 6 8 174 169 178 196 200 135 6 13 45 11 168 20 195 53 28 0 0 0 0 0 0; 37 126 6 47 29 199 200 193 149 181 39 147 3 0 156 155 191 182 16 186 7 193 8 185 62 0 0 0 0 0; 94 3 168 0 195 38 76 188 35 181 179 4 49 41 2 24 197 179 166 2 19 196 133 8 30 199 0 0 0 0; 41 53 47 2 25 194 200 1 10 178 199 6 48 24 30 11 183 0 34 183 23 115 171 200 169 163 159 0 0 0; 3 5 66 51 199 0 185 182 54 0 181 55 135 190 199 61 130 160 43 140 3 6 5 15 161 44 82 180 0 0; 5 178 6 34 17 184 62 179 198 196 198 184 32 6 194 191 187 158 196 29 166 140 12 44 10 176 2 184 20 0; 186 49 193 43 23 9 88 32 45 127 191 136 174 167 167 13 4 1 34 187 0 133 20 193 24 175 3 23 23 0]
