n=40
density=25
Q1=[0 0 0 0 0 0 0 0 0 0 0 0 0 0 0 0 0 0 0 0 0 0 0 0 0 0 0 0 0 0 0 0 0 0 0 0 0 0 0 0 ;
0 0 0 0 0 0 0 0 0 0 0 0 0 0 0 0 0 0 0 0 0 0 0 0 0 0 0 0 0 0 0 0 0 0 0 0 0 0 0 0 ;
0 0 0 0 0 0 0 0 0 0 0 0 0 0 0 0 0 0 0 0 0 0 0 0 0 0 0 0 0 0 0 0 0 0 0 0 0 0 0 0 ;
0 0 0 0 0 0 0 0 0 0 0 0 0 0 0 0 0 0 0 0 0 0 0 0 0 0 0 0 0 0 0 0 0 0 0 0 0 0 0 0 ;
0 0 0 157 71 0 0 0 0 0 0 0 0 0 0 0 0 0 0 0 0 0 0 0 0 0 0 0 0 0 0 0 0 0 0 0 0 0 0 0 ;
0 0 0 0 0 64 0 0 0 0 0 0 0 0 0 0 0 0 0 0 0 0 0 0 0 0 0 0 0 0 0 0 0 0 0 0 0 0 0 0 ;
0 0 0 0 0 0 0 0 0 0 0 0 0 0 0 0 0 0 0 0 0 0 0 0 0 0 0 0 0 0 0 0 0 0 0 0 0 0 0 0 ;
0 8 0 0 0 0 162 72 0 0 0 0 0 0 0 0 0 0 0 0 0 0 0 0 0 0 0 0 0 0 0 0 0 0 0 0 0 0 0 0 ;
0 0 0 0 0 113 0 0 45 0 0 0 0 0 0 0 0 0 0 0 0 0 0 0 0 0 0 0 0 0 0 0 0 0 0 0 0 0 0 0 ;
0 79 0 0 0 0 0 172 0 0 0 0 0 0 0 0 0 0 0 0 0 0 0 0 0 0 0 0 0 0 0 0 0 0 0 0 0 0 0 0 ;
199 0 0 0 0 0 0 1 0 186 0 0 0 0 0 0 0 0 0 0 0 0 0 0 0 0 0 0 0 0 0 0 0 0 0 0 0 0 0 0 ;
0 0 0 0 28 0 0 0 0 0 0 0 0 0 0 0 0 0 0 0 0 0 0 0 0 0 0 0 0 0 0 0 0 0 0 0 0 0 0 0 ;
0 0 0 0 123 177 0 70 0 167 0 0 0 0 0 0 0 0 0 0 0 0 0 0 0 0 0 0 0 0 0 0 0 0 0 0 0 0 0 0 ;
0 0 0 0 0 175 0 0 0 64 0 167 45 0 0 0 0 0 0 0 0 0 0 0 0 0 0 0 0 0 0 0 0 0 0 0 0 0 0 0 ;
0 0 0 0 18 0 0 36 0 0 0 36 0 0 0 0 0 0 0 0 0 0 0 0 0 0 0 0 0 0 0 0 0 0 0 0 0 0 0 0 ;
0 0 0 102 0 0 0 0 0 0 0 0 15 0 0 0 0 0 0 0 0 0 0 0 0 0 0 0 0 0 0 0 0 0 0 0 0 0 0 0 ;
0 0 112 0 0 35 0 0 0 0 0 0 0 0 0 104 180 0 0 0 0 0 0 0 0 0 0 0 0 0 0 0 0 0 0 0 0 0 0 0 ;
83 21 0 0 0 158 186 0 118 0 0 0 0 0 1 0 0 0 0 0 0 0 0 0 0 0 0 0 0 0 0 0 0 0 0 0 0 0 0 0 ;
199 101 0 0 0 0 92 0 0 0 0 0 68 0 133 0 0 0 0 0 0 0 0 0 0 0 0 0 0 0 0 0 0 0 0 0 0 0 0 0 ;
0 36 0 0 79 0 0 0 0 0 0 0 0 62 0 0 0 0 0 134 0 0 0 0 0 0 0 0 0 0 0 0 0 0 0 0 0 0 0 0 ;
190 117 0 0 28 0 0 0 12 0 118 0 0 0 12 0 0 0 72 162 0 0 0 0 0 0 0 0 0 0 0 0 0 0 0 0 0 0 0 0 ;
0 0 0 0 0 161 0 0 0 0 32 196 0 69 0 0 0 0 0 0 0 0 0 0 0 0 0 0 0 0 0 0 0 0 0 0 0 0 0 0 ;
0 0 0 137 180 0 0 9 9 0 0 0 0 27 14 0 89 0 0 86 0 0 0 0 0 0 0 0 0 0 0 0 0 0 0 0 0 0 0 0 ;
0 0 0 0 0 0 0 76 0 99 0 0 0 128 115 0 0 0 0 0 0 0 0 0 0 0 0 0 0 0 0 0 0 0 0 0 0 0 0 0 ;
155 34 0 0 0 0 0 114 0 53 45 0 163 0 0 0 0 32 0 0 0 104 0 44 0 0 0 0 0 0 0 0 0 0 0 0 0 0 0 0 ;
0 0 0 0 0 0 116 69 0 0 0 0 40 0 176 124 0 0 0 0 0 0 108 0 0 0 0 0 0 0 0 0 0 0 0 0 0 0 0 0 ;
0 0 0 0 163 0 0 0 0 0 0 0 0 0 128 0 0 0 104 0 0 0 0 0 74 0 147 0 0 0 0 0 0 0 0 0 0 0 0 0 ;
55 0 0 0 0 0 0 0 119 182 180 0 0 0 0 0 174 0 0 0 0 140 0 0 70 0 0 65 0 0 0 0 0 0 0 0 0 0 0 0 ;
193 0 0 0 0 192 0 0 156 0 0 116 73 0 0 0 177 0 0 0 0 12 0 0 0 138 0 0 0 0 0 0 0 0 0 0 0 0 0 0 ;
0 0 0 0 0 0 10 0 0 0 0 0 0 0 0 0 0 137 0 0 0 21 0 164 0 0 0 0 0 0 0 0 0 0 0 0 0 0 0 0 ;
8 0 83 0 0 0 0 0 0 0 0 0 0 0 0 0 0 0 61 0 0 181 0 0 148 0 0 128 0 0 178 0 0 0 0 0 0 0 0 0 ;
0 0 0 0 0 198 101 178 0 144 7 0 0 0 0 0 0 0 0 152 0 0 0 58 83 0 0 0 0 0 0 0 0 0 0 0 0 0 0 0 ;
0 0 0 0 0 0 0 0 0 0 0 67 0 0 12 0 0 0 0 0 0 0 0 0 126 0 101 0 0 18 0 0 0 0 0 0 0 0 0 0 ;
0 0 0 0 0 98 92 0 16 0 0 12 0 0 0 0 0 0 0 87 0 160 0 141 143 0 0 0 0 0 0 135 106 0 0 0 0 0 0 0 ;
186 0 140 0 0 0 0 0 186 0 0 146 117 0 0 0 136 0 0 0 0 187 0 0 0 0 0 0 0 166 0 20 83 0 0 0 0 0 0 0 ;
0 0 0 0 154 0 0 0 0 32 0 0 49 0 0 0 0 0 41 0 0 0 0 0 0 149 66 0 88 0 0 0 0 0 0 13 0 0 0 0 ;
0 0 0 0 0 0 0 0 0 12 0 119 0 85 0 11 0 0 0 0 0 0 160 0 127 56 4 0 0 0 0 0 0 0 100 0 0 0 0 0 ;
17 0 171 0 0 0 0 0 29 0 0 0 125 0 0 0 0 0 0 0 0 0 0 0 1 0 108 0 82 0 0 0 0 0 0 110 0 15 0 0 ;
0 88 107 0 42 0 0 0 73 107 0 0 0 0 0 0 0 0 74 0 186 140 0 0 0 0 0 0 102 0 0 0 0 197 122 0 146 0 142 0 ;
0 0 164 0 132 182 138 0 0 0 20 0 0 0 0 188 0 0 0 0 0 188 0 0 68 0 0 0 0 0 0 136 0 0 30 0 0 0 0 0 ]
w=[9, 77, 67, 97, 54, 74, 30, 28, 96, 52, 30, 62, 95, 57, 83, 50, 40, 45, 34, 45, 51, 18, 59, 44, 57, 59, 37, 74, 50, 37, 72, 9, 65, 74, 57, 17, 10, 99, 60, 4]
W=93 
k=6 
inst_name = "QKP_40_200_25" 
feasible = true 
Q2=[199 0 0 0 0 0 0 0 0 0 0 0 0 0 0 0 0 0 0 0 0 0 0 0 0 0 0 0 0 0 0 0 0 0 0 0 0 0 0 0; 199 199 0 0 0 0 0 0 0 0 0 0 0 0 0 0 0 0 0 0 0 0 0 0 0 0 0 0 0 0 0 0 0 0 0 0 0 0 0 0; 199 199 199 0 0 0 0 0 0 0 0 0 0 0 0 0 0 0 0 0 0 0 0 0 0 0 0 0 0 0 0 0 0 0 0 0 0 0 0 0; 199 199 199 199 0 0 0 0 0 0 0 0 0 0 0 0 0 0 0 0 0 0 0 0 0 0 0 0 0 0 0 0 0 0 0 0 0 0 0 0; 199 199 199 1 193 0 0 0 0 0 0 0 0 0 0 0 0 0 0 0 0 0 0 0 0 0 0 0 0 0 0 0 0 0 0 0 0 0 0 0; 199 199 199 199 199 180 0 0 0 0 0 0 0 0 0 0 0 0 0 0 0 0 0 0 0 0 0 0 0 0 0 0 0 0 0 0 0 0 0 0; 199 199 199 199 199 199 199 0 0 0 0 0 0 0 0 0 0 0 0 0 0 0 0 0 0 0 0 0 0 0 0 0 0 0 0 0 0 0 0 0; 199 194 199 199 199 199 30 178 0 0 0 0 0 0 0 0 0 0 0 0 0 0 0 0 0 0 0 0 0 0 0 0 0 0 0 0 0 0 0 0; 199 199 199 199 199 44 199 199 169 0 0 0 0 0 0 0 0 0 0 0 0 0 0 0 0 0 0 0 0 0 0 0 0 0 0 0 0 0 0 0; 199 157 199 199 199 199 199 11 199 199 0 0 0 0 0 0 0 0 0 0 0 0 0 0 0 0 0 0 0 0 0 0 0 0 0 0 0 0 0 0; 0 199 199 199 199 199 199 198 199 11 199 0 0 0 0 0 0 0 0 0 0 0 0 0 0 0 0 0 0 0 0 0 0 0 0 0 0 0 0 0; 199 199 199 199 171 199 199 199 199 199 199 199 0 0 0 0 0 0 0 0 0 0 0 0 0 0 0 0 0 0 0 0 0 0 0 0 0 0 0 0; 199 199 199 199 50 17 199 157 199 5 199 199 199 0 0 0 0 0 0 0 0 0 0 0 0 0 0 0 0 0 0 0 0 0 0 0 0 0 0 0; 199 199 199 199 199 2 199 199 199 179 199 17 197 199 0 0 0 0 0 0 0 0 0 0 0 0 0 0 0 0 0 0 0 0 0 0 0 0 0 0; 199 199 199 199 184 199 199 197 199 199 199 189 199 199 199 0 0 0 0 0 0 0 0 0 0 0 0 0 0 0 0 0 0 0 0 0 0 0 0 0; 199 199 199 58 199 199 199 199 199 199 199 199 198 199 199 199 0 0 0 0 0 0 0 0 0 0 0 0 0 0 0 0 0 0 0 0 0 0 0 0; 199 199 27 199 199 164 199 199 199 199 199 199 199 199 199 90 0 0 0 0 0 0 0 0 0 0 0 0 0 0 0 0 0 0 0 0 0 0 0 0; 153 191 199 199 199 33 2 199 25 199 199 199 199 199 198 199 199 199 0 0 0 0 0 0 0 0 0 0 0 0 0 0 0 0 0 0 0 0 0 0; 0 46 199 199 199 199 147 199 199 199 199 199 196 199 55 199 199 199 199 0 0 0 0 0 0 0 0 0 0 0 0 0 0 0 0 0 0 0 0 0; 199 198 199 199 127 199 199 199 199 199 199 199 199 171 199 199 199 199 199 59 0 0 0 0 0 0 0 0 0 0 0 0 0 0 0 0 0 0 0 0; 2 63 199 199 191 199 199 199 196 199 48 199 199 199 192 199 199 199 157 7 199 0 0 0 0 0 0 0 0 0 0 0 0 0 0 0 0 0 0 0; 199 199 199 199 199 36 199 199 199 199 186 2 199 170 199 199 199 199 199 199 199 199 0 0 0 0 0 0 0 0 0 0 0 0 0 0 0 0 0 0; 199 199 199 42 7 199 199 195 196 199 199 199 199 191 192 199 164 199 199 143 199 199 199 0 0 0 0 0 0 0 0 0 0 0 0 0 0 0 0 0; 199 199 199 199 199 199 199 126 199 117 199 199 199 12 49 199 199 199 199 199 199 199 199 199 0 0 0 0 0 0 0 0 0 0 0 0 0 0 0 0; 35 177 199 199 199 199 199 18 199 146 196 199 9 199 199 199 199 168 199 199 199 39 199 183 199 0 0 0 0 0 0 0 0 0 0 0 0 0 0 0; 199 199 199 199 199 199 63 179 199 199 199 199 172 199 9 22 199 199 199 199 199 199 49 199 199 199 0 0 0 0 0 0 0 0 0 0 0 0 0 0; 199 199 199 199 11 199 199 199 199 199 199 199 199 199 69 199 199 199 54 199 199 199 199 199 195 199 1 0 0 0 0 0 0 0 0 0 0 0 0 0; 146 199 199 199 199 199 199 199 77 0 3 199 199 199 199 199 6 199 199 199 199 57 199 199 134 199 199 165 0 0 0 0 0 0 0 0 0 0 0 0; 5 199 199 199 199 5 199 199 18 199 199 77 148 199 199 199 15 199 199 199 199 193 199 199 199 52 199 199 199 0 0 0 0 0 0 0 0 0 0 0; 199 199 199 199 199 199 196 199 199 199 199 199 199 199 199 199 199 19 199 199 199 192 199 9 199 199 199 199 199 199 0 0 0 0 0 0 0 0 0 0; 193 199 188 199 199 199 199 199 199 199 199 199 199 199 199 199 199 199 185 199 199 15 199 199 46 199 199 36 199 199 11 0 0 0 0 0 0 0 0 0; 199 199 199 199 199 1 45 5 199 43 198 199 199 199 199 199 199 199 199 21 199 199 199 156 190 199 199 199 199 199 199 199 0 0 0 0 0 0 0 0; 199 199 199 199 199 199 199 199 199 199 199 192 199 199 190 199 199 199 199 199 199 199 199 199 18 199 72 199 199 193 199 199 199 0 0 0 0 0 0 0; 199 199 199 199 199 169 180 199 183 199 199 193 199 199 199 199 199 199 199 119 199 37 199 50 42 199 199 199 199 199 199 38 18 199 0 0 0 0 0 0; 7 199 19 199 199 199 199 199 4 199 199 39 62 199 199 199 22 199 199 199 199 10 199 199 199 199 199 199 199 20 199 187 163 199 199 0 0 0 0 0; 199 199 199 199 18 199 199 199 199 176 199 199 165 199 199 199 199 199 163 199 199 199 199 199 199 37 192 199 167 199 199 199 199 199 199 188 0 0 0 0; 199 199 199 199 199 199 199 199 199 197 199 79 199 183 199 188 199 199 199 199 199 199 1 199 18 154 196 199 199 199 199 199 199 199 69 199 199 0 0 0; 182 199 7 199 199 199 199 199 193 199 199 199 35 199 199 199 199 199 199 199 199 199 199 199 199 199 80 199 136 199 199 199 199 199 199 86 199 191 0 0; 199 153 40 199 171 199 199 199 183 58 199 199 199 199 199 199 199 199 138 199 2 19 199 199 199 199 199 199 3 199 199 199 199 0 14 199 1 199 50 0; 199 199 3 199 34 16 52 199 199 199 197 199 199 199 199 4 199 199 199 199 199 5 199 199 168 199 199 199 199 199 199 27 199 199 179 199 199 199 199 199]
