n=35
density=100
Q1=[89 0 0 0 0 0 0 0 0 0 0 0 0 0 0 0 0 0 0 0 0 0 0 0 0 0 0 0 0 0 0 0 0 0 0 ;
39 8 0 0 0 0 0 0 0 0 0 0 0 0 0 0 0 0 0 0 0 0 0 0 0 0 0 0 0 0 0 0 0 0 0 ;
48 36 72 0 0 0 0 0 0 0 0 0 0 0 0 0 0 0 0 0 0 0 0 0 0 0 0 0 0 0 0 0 0 0 0 ;
34 19 68 60 0 0 0 0 0 0 0 0 0 0 0 0 0 0 0 0 0 0 0 0 0 0 0 0 0 0 0 0 0 0 0 ;
10 97 50 75 93 0 0 0 0 0 0 0 0 0 0 0 0 0 0 0 0 0 0 0 0 0 0 0 0 0 0 0 0 0 0 ;
18 79 62 44 57 35 0 0 0 0 0 0 0 0 0 0 0 0 0 0 0 0 0 0 0 0 0 0 0 0 0 0 0 0 0 ;
64 29 47 42 97 75 96 0 0 0 0 0 0 0 0 0 0 0 0 0 0 0 0 0 0 0 0 0 0 0 0 0 0 0 0 ;
92 42 77 82 49 25 61 87 0 0 0 0 0 0 0 0 0 0 0 0 0 0 0 0 0 0 0 0 0 0 0 0 0 0 0 ;
27 44 16 14 93 30 91 27 23 0 0 0 0 0 0 0 0 0 0 0 0 0 0 0 0 0 0 0 0 0 0 0 0 0 0 ;
95 73 58 81 25 8 50 51 73 23 0 0 0 0 0 0 0 0 0 0 0 0 0 0 0 0 0 0 0 0 0 0 0 0 0 ;
7 1 60 20 65 48 24 52 63 32 24 0 0 0 0 0 0 0 0 0 0 0 0 0 0 0 0 0 0 0 0 0 0 0 0 ;
87 64 8 73 71 64 49 59 38 66 7 74 0 0 0 0 0 0 0 0 0 0 0 0 0 0 0 0 0 0 0 0 0 0 0 ;
84 31 85 2 51 1 33 64 76 47 55 33 40 0 0 0 0 0 0 0 0 0 0 0 0 0 0 0 0 0 0 0 0 0 0 ;
21 21 70 61 15 73 38 59 8 79 47 14 55 52 0 0 0 0 0 0 0 0 0 0 0 0 0 0 0 0 0 0 0 0 0 ;
52 74 69 88 74 40 37 22 48 13 53 2 82 99 19 0 0 0 0 0 0 0 0 0 0 0 0 0 0 0 0 0 0 0 0 ;
95 92 58 6 51 25 53 47 78 15 94 41 64 9 64 92 0 0 0 0 0 0 0 0 0 0 0 0 0 0 0 0 0 0 0 ;
23 45 80 70 19 33 95 29 70 98 47 39 28 96 26 28 41 0 0 0 0 0 0 0 0 0 0 0 0 0 0 0 0 0 0 ;
15 58 34 47 91 12 50 58 31 30 33 70 87 35 39 58 11 68 0 0 0 0 0 0 0 0 0 0 0 0 0 0 0 0 0 ;
74 36 36 16 32 68 52 43 42 58 3 90 48 11 19 56 71 35 81 0 0 0 0 0 0 0 0 0 0 0 0 0 0 0 0 ;
99 73 75 47 83 37 69 50 92 70 49 32 75 49 30 100 13 4 26 67 0 0 0 0 0 0 0 0 0 0 0 0 0 0 0 ;
24 9 26 67 3 62 75 12 91 51 55 86 49 10 86 39 85 71 80 1 16 0 0 0 0 0 0 0 0 0 0 0 0 0 0 ;
42 40 55 23 30 54 41 37 23 95 33 18 60 85 73 1 64 65 44 90 67 43 0 0 0 0 0 0 0 0 0 0 0 0 0 ;
87 41 88 25 34 76 92 39 31 15 60 18 89 15 90 29 70 46 62 10 85 15 59 0 0 0 0 0 0 0 0 0 0 0 0 ;
29 47 43 80 85 38 43 59 83 23 46 56 53 35 30 82 48 44 100 22 56 92 42 67 0 0 0 0 0 0 0 0 0 0 0 ;
97 4 15 74 92 93 68 90 29 72 56 35 17 7 16 78 48 86 90 42 67 45 11 60 22 0 0 0 0 0 0 0 0 0 0 ;
45 76 94 91 94 25 5 15 48 86 42 20 73 33 41 49 33 17 68 52 63 23 54 21 13 71 0 0 0 0 0 0 0 0 0 ;
24 65 98 84 93 4 47 64 1 72 67 15 38 53 75 37 2 86 85 21 60 13 99 43 11 70 95 0 0 0 0 0 0 0 0 ;
15 83 77 94 56 72 51 54 61 58 30 68 23 45 26 31 67 79 63 40 33 73 20 3 7 49 41 92 0 0 0 0 0 0 0 ;
44 57 81 82 56 93 61 25 98 29 41 96 77 72 52 93 19 38 63 95 7 78 72 83 92 7 95 8 88 0 0 0 0 0 0 ;
73 70 77 16 47 51 3 35 56 86 26 46 70 23 97 10 75 34 67 94 53 43 83 72 60 84 3 73 65 71 0 0 0 0 0 ;
68 47 28 96 10 31 36 79 70 81 52 21 36 61 54 100 61 89 62 79 61 97 73 87 69 80 77 87 66 32 57 0 0 0 0 ;
77 57 89 3 19 14 97 86 69 41 1 53 61 71 3 90 99 50 57 19 73 53 61 2 50 65 52 38 32 71 89 6 0 0 0 ;
84 59 93 83 9 33 56 100 12 10 75 98 19 38 30 33 9 63 57 66 4 61 50 44 64 14 43 27 29 22 80 44 77 0 0 ;
64 6 47 90 86 12 38 63 1 14 20 34 99 92 4 60 14 22 13 43 53 76 75 95 19 48 35 80 64 64 12 92 37 82 0 ;
17 92 84 34 87 12 87 99 3 67 11 83 42 97 52 72 60 5 57 21 55 72 25 7 85 36 52 72 22 11 85 28 22 63 77 ]
w=[27, 43, 20, 4, 1, 39, 12, 14, 5, 26, 42, 23, 7, 1, 50, 28, 45, 15, 48, 26, 50, 2, 41, 10, 5, 41, 6, 23, 27, 40, 19, 16, 43, 13, 35]
W=50 
k=2 
inst_name = "QKP_35_100_100" 
feasible = true 
Q2=[6 0 0 0 0 0 0 0 0 0 0 0 0 0 0 0 0 0 0 0 0 0 0 0 0 0 0 0 0 0 0 0 0 0 0; 74 97 0 0 0 0 0 0 0 0 0 0 0 0 0 0 0 0 0 0 0 0 0 0 0 0 0 0 0 0 0 0 0 0 0; 63 95 6 0 0 0 0 0 0 0 0 0 0 0 0 0 0 0 0 0 0 0 0 0 0 0 0 0 0 0 0 0 0 0 0; 69 100 19 12 0 0 0 0 0 0 0 0 0 0 0 0 0 0 0 0 0 0 0 0 0 0 0 0 0 0 0 0 0 0 0; 92 0 30 18 7 0 0 0 0 0 0 0 0 0 0 0 0 0 0 0 0 0 0 0 0 0 0 0 0 0 0 0 0 0 0; 94 16 34 61 11 73 0 0 0 0 0 0 0 0 0 0 0 0 0 0 0 0 0 0 0 0 0 0 0 0 0 0 0 0 0; 21 88 77 78 1 16 4 0 0 0 0 0 0 0 0 0 0 0 0 0 0 0 0 0 0 0 0 0 0 0 0 0 0 0 0; 2 71 4 15 93 77 3 7 0 0 0 0 0 0 0 0 0 0 0 0 0 0 0 0 0 0 0 0 0 0 0 0 0 0 0; 95 94 84 87 4 90 9 95 78 0 0 0 0 0 0 0 0 0 0 0 0 0 0 0 0 0 0 0 0 0 0 0 0 0 0; 1 2 4 14 89 94 28 27 7 91 0 0 0 0 0 0 0 0 0 0 0 0 0 0 0 0 0 0 0 0 0 0 0 0 0; 95 100 26 90 19 81 92 31 5 81 77 0 0 0 0 0 0 0 0 0 0 0 0 0 0 0 0 0 0 0 0 0 0 0 0; 3 4 97 25 0 13 79 3 67 4 96 22 0 0 0 0 0 0 0 0 0 0 0 0 0 0 0 0 0 0 0 0 0 0 0; 11 98 2 98 2 100 90 2 18 82 20 82 96 0 0 0 0 0 0 0 0 0 0 0 0 0 0 0 0 0 0 0 0 0 0; 80 87 11 4 94 17 65 32 94 7 81 99 20 25 0 0 0 0 0 0 0 0 0 0 0 0 0 0 0 0 0 0 0 0 0; 33 20 26 6 12 67 80 78 87 88 47 100 3 1 94 0 0 0 0 0 0 0 0 0 0 0 0 0 0 0 0 0 0 0 0; 4 6 18 98 34 83 35 85 3 99 0 84 13 100 2 4 0 0 0 0 0 0 0 0 0 0 0 0 0 0 0 0 0 0 0; 90 76 12 27 90 97 3 75 30 1 95 85 80 0 91 79 70 0 0 0 0 0 0 0 0 0 0 0 0 0 0 0 0 0 0; 90 37 91 60 9 93 15 12 87 95 77 4 0 75 95 39 89 18 0 0 0 0 0 0 0 0 0 0 0 0 0 0 0 0 0; 9 86 85 96 90 3 18 75 93 33 100 6 65 93 88 18 17 96 9 0 0 0 0 0 0 0 0 0 0 0 0 0 0 0 0; 1 13 14 96 0 77 11 28 1 14 97 71 10 67 81 0 92 100 91 23 0 0 0 0 0 0 0 0 0 0 0 0 0 0 0; 99 96 78 3 97 22 15 100 5 12 5 0 73 92 11 70 6 24 9 100 95 0 0 0 0 0 0 0 0 0 0 0 0 0 0; 85 62 31 84 83 31 90 100 79 3 76 89 16 10 9 100 34 28 83 5 4 86 0 0 0 0 0 0 0 0 0 0 0 0 0; 11 64 6 80 98 7 6 100 84 97 13 86 8 96 8 82 21 90 25 100 12 95 35 0 0 0 0 0 0 0 0 0 0 0 0; 99 92 76 13 0 86 76 1 16 92 68 2 12 84 78 15 65 86 0 84 8 7 65 26 0 0 0 0 0 0 0 0 0 0 0; 1 100 92 25 0 1 19 0 91 1 15 76 97 98 97 18 75 2 2 72 8 66 100 23 96 0 0 0 0 0 0 0 0 0 0; 56 21 1 9 0 77 96 98 57 14 99 90 13 85 67 54 92 88 23 3 26 84 38 87 91 9 0 0 0 0 0 0 0 0 0; 82 6 1 13 0 98 73 16 99 9 7 86 96 12 2 86 99 7 6 93 18 92 0 100 95 3 4 0 0 0 0 0 0 0 0; 98 10 11 4 35 9 23 17 12 39 74 10 83 69 84 89 26 7 1 64 75 10 90 99 96 53 75 6 0 0 0 0 0 0 0; 71 14 2 0 43 2 4 78 0 72 100 0 10 8 12 7 88 87 31 3 98 16 19 10 5 96 4 97 11 0 0 0 0 0 0; 22 26 3 84 55 0 99 87 1 12 90 90 21 89 3 94 15 79 18 5 17 100 10 0 13 3 97 13 11 13 0 0 0 0 0; 26 56 88 0 97 91 72 18 21 12 12 93 66 8 21 0 39 1 11 21 16 3 25 2 1 12 7 6 4 83 6 0 0 0 0; 1 41 2 98 95 89 1 1 5 66 100 6 36 12 100 4 1 24 9 83 1 16 21 100 30 6 25 65 90 17 4 94 0 0 0; 2 35 2 15 95 92 2 0 89 90 18 2 84 70 77 71 100 12 16 6 100 26 19 96 15 95 61 91 85 89 14 80 2 0 0; 34 97 90 4 2 94 76 33 99 99 98 89 1 1 99 0 88 92 91 98 27 24 6 0 95 82 70 2 28 6 91 3 85 18 0; 88 5 0 73 3 98 6 0 100 33 99 14 67 2 20 24 25 95 33 91 11 2 79 94 15 96 47 8 96 91 12 79 81 17 9]
