n=20
density=25
Q1=[0 0 0 0 0 0 0 0 0 0 0 0 0 0 0 0 0 0 0 0 ;
0 0 0 0 0 0 0 0 0 0 0 0 0 0 0 0 0 0 0 0 ;
93 74 83 0 0 0 0 0 0 0 0 0 0 0 0 0 0 0 0 0 ;
0 85 0 46 0 0 0 0 0 0 0 0 0 0 0 0 0 0 0 0 ;
0 175 0 154 0 0 0 0 0 0 0 0 0 0 0 0 0 0 0 0 ;
0 0 0 0 0 0 0 0 0 0 0 0 0 0 0 0 0 0 0 0 ;
0 0 0 0 0 0 0 0 0 0 0 0 0 0 0 0 0 0 0 0 ;
0 0 0 0 84 0 42 0 0 0 0 0 0 0 0 0 0 0 0 0 ;
0 0 0 0 0 0 0 61 180 0 0 0 0 0 0 0 0 0 0 0 ;
127 0 0 147 0 0 94 0 0 0 0 0 0 0 0 0 0 0 0 0 ;
181 0 0 196 0 63 0 0 199 0 0 0 0 0 0 0 0 0 0 0 ;
0 0 0 0 20 0 150 0 30 70 0 0 0 0 0 0 0 0 0 0 ;
0 0 0 50 0 0 0 0 0 0 165 0 0 0 0 0 0 0 0 0 ;
0 0 1 0 168 122 0 17 0 0 0 0 145 0 0 0 0 0 0 0 ;
0 170 192 85 0 80 0 0 0 0 0 120 43 0 0 0 0 0 0 0 ;
0 85 0 0 0 0 0 194 0 0 0 114 0 0 0 0 0 0 0 0 ;
0 0 0 0 0 74 158 0 0 0 0 0 0 66 0 15 0 0 0 0 ;
70 76 0 0 188 0 0 138 0 0 83 0 0 0 0 0 0 0 0 0 ;
0 0 0 0 0 0 0 0 0 0 0 0 0 80 0 140 0 0 0 0 ;
132 178 0 0 0 0 0 0 0 96 0 0 0 0 0 0 0 0 137 0 ]
w=[58, 4, 85, 56, 6, 6, 77, 20, 17, 72, 19, 26, 77, 69, 77, 76, 67, 21, 39, 18]
W=52 
k=2 
inst_name = "QKP_20_200_25" 
feasible = true 
Q2=[199 0 0 0 0 0 0 0 0 0 0 0 0 0 0 0 0 0 0 0; 199 199 0 0 0 0 0 0 0 0 0 0 0 0 0 0 0 0 0 0; 173 131 168 0 0 0 0 0 0 0 0 0 0 0 0 0 0 0 0 0; 199 163 199 175 0 0 0 0 0 0 0 0 0 0 0 0 0 0 0 0; 199 15 199 29 199 0 0 0 0 0 0 0 0 0 0 0 0 0 0 0; 199 199 199 199 199 199 0 0 0 0 0 0 0 0 0 0 0 0 0 0; 199 199 199 199 199 199 199 0 0 0 0 0 0 0 0 0 0 0 0 0; 199 199 199 199 169 199 171 199 0 0 0 0 0 0 0 0 0 0 0 0; 199 199 199 199 199 199 199 142 12 0 0 0 0 0 0 0 0 0 0 0; 71 199 199 39 199 199 145 199 199 199 0 0 0 0 0 0 0 0 0 0; 9 199 199 0 199 174 199 199 0 199 199 0 0 0 0 0 0 0 0 0; 199 199 199 199 199 199 15 199 177 135 199 199 0 0 0 0 0 0 0 0; 199 199 199 186 199 199 199 199 199 199 6 199 199 0 0 0 0 0 0 0; 199 199 199 199 7 29 199 183 199 199 199 199 24 199 0 0 0 0 0 0; 199 2 6 141 199 128 199 199 199 199 199 74 194 199 199 0 0 0 0 0; 199 199 199 199 199 199 199 1 199 199 199 27 199 199 199 199 0 0 0 0; 199 199 199 199 199 153 28 199 199 199 199 199 199 143 199 191 199 0 0 0; 151 181 199 199 3 199 199 41 199 199 198 199 199 199 199 199 199 199 0 0; 199 199 199 199 199 199 199 199 199 199 199 199 199 140 199 48 199 199 199 0; 35 15 199 199 199 199 199 199 199 173 199 199 199 199 199 199 199 199 46 199]
