n=10
density=50
Q1=[84 0 0 0 0 0 0 0 0 0 ;
0 42 0 0 0 0 0 0 0 0 ;
100 13 0 0 0 0 0 0 0 0 ;
59 33 0 0 0 0 0 0 0 0 ;
53 97 0 0 0 0 0 0 0 0 ;
37 22 8 80 0 54 0 0 0 0 ;
0 0 5 66 0 4 52 0 0 0 ;
42 45 40 0 37 0 0 0 0 0 ;
37 0 0 1 0 0 56 28 98 0 ;
66 0 0 0 0 21 0 0 0 77 ]
w=[40, 17, 17, 44, 32, 43, 42, 15, 45, 18]
W=59 
k=2 
inst_name = "QKP_10_100_50" 
feasible = true 
Q2=[12 0 0 0 0 0 0 0 0 0; 100 60 0 0 0 0 0 0 0 0; 0 94 100 0 0 0 0 0 0 0; 2 78 100 100 0 0 0 0 0 0; 45 3 100 100 100 0 0 0 0 0; 98 92 96 4 100 18 0 0 0 0; 100 100 99 16 100 97 29 0 0 0; 85 83 87 100 96 100 100 100 0 0; 84 100 100 99 100 100 24 100 1 0; 0 100 100 100 100 94 100 100 100 8]
