n=40
density=75
Q1=[51 0 0 0 0 0 0 0 0 0 0 0 0 0 0 0 0 0 0 0 0 0 0 0 0 0 0 0 0 0 0 0 0 0 0 0 0 0 0 0 ;
9 38 0 0 0 0 0 0 0 0 0 0 0 0 0 0 0 0 0 0 0 0 0 0 0 0 0 0 0 0 0 0 0 0 0 0 0 0 0 0 ;
0 0 38 0 0 0 0 0 0 0 0 0 0 0 0 0 0 0 0 0 0 0 0 0 0 0 0 0 0 0 0 0 0 0 0 0 0 0 0 0 ;
0 92 51 55 0 0 0 0 0 0 0 0 0 0 0 0 0 0 0 0 0 0 0 0 0 0 0 0 0 0 0 0 0 0 0 0 0 0 0 0 ;
0 16 16 79 24 0 0 0 0 0 0 0 0 0 0 0 0 0 0 0 0 0 0 0 0 0 0 0 0 0 0 0 0 0 0 0 0 0 0 0 ;
84 11 0 79 0 96 0 0 0 0 0 0 0 0 0 0 0 0 0 0 0 0 0 0 0 0 0 0 0 0 0 0 0 0 0 0 0 0 0 0 ;
80 61 0 0 94 79 0 0 0 0 0 0 0 0 0 0 0 0 0 0 0 0 0 0 0 0 0 0 0 0 0 0 0 0 0 0 0 0 0 0 ;
36 0 6 64 34 38 0 56 0 0 0 0 0 0 0 0 0 0 0 0 0 0 0 0 0 0 0 0 0 0 0 0 0 0 0 0 0 0 0 0 ;
52 87 83 0 0 65 18 76 37 0 0 0 0 0 0 0 0 0 0 0 0 0 0 0 0 0 0 0 0 0 0 0 0 0 0 0 0 0 0 0 ;
16 35 40 33 0 30 19 0 64 31 0 0 0 0 0 0 0 0 0 0 0 0 0 0 0 0 0 0 0 0 0 0 0 0 0 0 0 0 0 0 ;
87 35 74 84 93 67 0 20 89 43 14 0 0 0 0 0 0 0 0 0 0 0 0 0 0 0 0 0 0 0 0 0 0 0 0 0 0 0 0 0 ;
46 0 46 62 54 93 10 66 68 50 0 0 0 0 0 0 0 0 0 0 0 0 0 0 0 0 0 0 0 0 0 0 0 0 0 0 0 0 0 0 ;
0 0 77 70 23 85 12 0 71 86 91 2 0 0 0 0 0 0 0 0 0 0 0 0 0 0 0 0 0 0 0 0 0 0 0 0 0 0 0 0 ;
35 16 0 58 95 0 0 23 74 75 4 16 7 67 0 0 0 0 0 0 0 0 0 0 0 0 0 0 0 0 0 0 0 0 0 0 0 0 0 0 ;
0 8 23 57 39 52 57 6 0 93 0 0 17 74 79 0 0 0 0 0 0 0 0 0 0 0 0 0 0 0 0 0 0 0 0 0 0 0 0 0 ;
0 0 44 0 0 42 96 88 99 50 87 94 53 8 33 30 0 0 0 0 0 0 0 0 0 0 0 0 0 0 0 0 0 0 0 0 0 0 0 0 ;
79 24 21 0 64 21 51 99 0 76 1 26 0 0 70 7 9 0 0 0 0 0 0 0 0 0 0 0 0 0 0 0 0 0 0 0 0 0 0 0 ;
22 0 45 75 0 78 0 65 51 0 87 32 0 4 73 61 82 42 0 0 0 0 0 0 0 0 0 0 0 0 0 0 0 0 0 0 0 0 0 0 ;
24 64 37 0 47 30 85 0 0 0 0 0 72 76 25 64 71 84 21 0 0 0 0 0 0 0 0 0 0 0 0 0 0 0 0 0 0 0 0 0 ;
69 60 67 95 73 0 71 55 39 83 68 65 0 21 16 0 9 61 23 75 0 0 0 0 0 0 0 0 0 0 0 0 0 0 0 0 0 0 0 0 ;
0 64 0 0 0 73 31 73 93 10 0 1 49 63 0 60 76 87 28 70 10 0 0 0 0 0 0 0 0 0 0 0 0 0 0 0 0 0 0 0 ;
0 0 0 48 83 0 0 2 84 24 14 11 40 57 1 80 13 42 73 61 81 84 0 0 0 0 0 0 0 0 0 0 0 0 0 0 0 0 0 0 ;
69 44 54 88 0 89 94 75 70 46 0 2 0 24 47 21 92 0 99 57 65 3 80 0 0 0 0 0 0 0 0 0 0 0 0 0 0 0 0 0 ;
41 30 88 0 62 35 34 92 37 1 98 16 0 82 83 0 34 0 38 61 1 0 96 25 0 0 0 0 0 0 0 0 0 0 0 0 0 0 0 0 ;
99 53 32 0 0 4 8 72 36 0 75 70 87 95 61 65 6 23 80 81 0 83 47 91 0 0 0 0 0 0 0 0 0 0 0 0 0 0 0 0 ;
100 92 44 77 2 96 34 0 0 0 0 89 60 93 30 99 38 93 48 58 75 94 92 35 70 0 0 0 0 0 0 0 0 0 0 0 0 0 0 0 ;
97 71 0 12 0 0 0 70 64 68 56 1 67 0 90 0 0 17 0 7 62 8 25 8 0 0 53 0 0 0 0 0 0 0 0 0 0 0 0 0 ;
0 0 24 48 0 7 58 0 63 83 95 63 0 100 34 96 23 36 47 76 7 18 0 0 80 42 0 57 0 0 0 0 0 0 0 0 0 0 0 0 ;
1 58 75 0 0 89 81 60 3 13 0 61 86 15 50 38 78 54 0 0 48 59 9 44 65 37 15 56 58 0 0 0 0 0 0 0 0 0 0 0 ;
0 0 61 84 3 29 0 42 97 71 68 45 25 65 73 78 39 0 74 95 31 0 0 65 38 19 0 85 0 23 0 0 0 0 0 0 0 0 0 0 ;
35 20 45 50 0 20 31 47 66 27 70 0 19 48 58 44 61 16 39 10 20 54 82 0 49 38 50 85 0 52 79 0 0 0 0 0 0 0 0 0 ;
96 99 81 0 53 0 97 48 25 15 48 67 7 80 42 0 25 20 0 61 79 68 84 77 46 0 79 87 77 26 5 10 0 0 0 0 0 0 0 0 ;
62 84 33 58 37 0 7 77 74 15 46 89 33 26 0 3 0 97 61 39 20 81 18 0 54 11 73 88 58 27 13 82 87 0 0 0 0 0 0 0 ;
0 22 0 28 0 67 4 55 0 27 75 47 5 77 88 0 71 83 0 0 0 51 31 79 0 62 35 24 0 12 0 48 40 72 0 0 0 0 0 0 ;
73 0 77 91 0 71 69 28 58 0 38 24 81 40 21 72 8 71 23 37 0 37 81 5 94 0 26 78 32 1 0 0 91 8 22 0 0 0 0 0 ;
0 55 0 0 0 0 76 0 68 0 55 0 0 6 18 60 13 0 16 0 50 25 72 11 92 77 10 76 12 45 41 0 0 21 0 0 0 0 0 0 ;
38 0 23 68 0 58 47 40 48 0 14 94 48 69 10 0 89 0 0 0 85 77 13 0 0 91 0 15 27 18 18 28 16 69 82 66 79 0 0 0 ;
98 46 10 32 49 95 0 15 0 1 95 28 85 66 81 89 71 12 0 0 0 66 14 0 11 75 0 0 70 31 12 21 13 11 0 82 0 89 0 0 ;
10 0 0 80 93 0 69 0 42 0 90 51 0 20 0 0 92 14 0 0 97 44 0 66 41 0 84 35 0 79 77 48 0 0 0 0 5 98 55 0 ;
66 89 0 77 8 41 16 53 0 89 58 17 98 70 39 30 93 81 77 76 53 0 75 0 28 88 93 61 35 54 1 59 82 54 43 0 0 0 22 0 ]
w=[37, 39, 12, 42, 9, 6, 37, 1, 2, 14, 45, 48, 19, 9, 34, 27, 6, 34, 6, 47, 31, 31, 33, 2, 42, 32, 33, 14, 17, 36, 1, 18, 45, 30, 9, 9, 39, 33, 41, 8]
W=86 
k=4 
inst_name = "QKP_40_100_75" 
feasible = true 
Q2=[5 0 0 0 0 0 0 0 0 0 0 0 0 0 0 0 0 0 0 0 0 0 0 0 0 0 0 0 0 0 0 0 0 0 0 0 0 0 0 0; 99 93 0 0 0 0 0 0 0 0 0 0 0 0 0 0 0 0 0 0 0 0 0 0 0 0 0 0 0 0 0 0 0 0 0 0 0 0 0 0; 100 100 94 0 0 0 0 0 0 0 0 0 0 0 0 0 0 0 0 0 0 0 0 0 0 0 0 0 0 0 0 0 0 0 0 0 0 0 0 0; 100 2 2 45 0 0 0 0 0 0 0 0 0 0 0 0 0 0 0 0 0 0 0 0 0 0 0 0 0 0 0 0 0 0 0 0 0 0 0 0; 100 98 92 2 95 0 0 0 0 0 0 0 0 0 0 0 0 0 0 0 0 0 0 0 0 0 0 0 0 0 0 0 0 0 0 0 0 0 0 0; 15 99 100 3 100 3 0 0 0 0 0 0 0 0 0 0 0 0 0 0 0 0 0 0 0 0 0 0 0 0 0 0 0 0 0 0 0 0 0 0; 4 5 100 100 5 1 100 0 0 0 0 0 0 0 0 0 0 0 0 0 0 0 0 0 0 0 0 0 0 0 0 0 0 0 0 0 0 0 0 0; 78 100 96 31 67 81 100 17 0 0 0 0 0 0 0 0 0 0 0 0 0 0 0 0 0 0 0 0 0 0 0 0 0 0 0 0 0 0 0 0; 4 12 17 100 100 14 85 19 100 0 0 0 0 0 0 0 0 0 0 0 0 0 0 0 0 0 0 0 0 0 0 0 0 0 0 0 0 0 0 0; 97 83 78 86 100 100 89 100 18 97 0 0 0 0 0 0 0 0 0 0 0 0 0 0 0 0 0 0 0 0 0 0 0 0 0 0 0 0 0 0; 4 81 5 11 0 16 100 96 1 69 86 0 0 0 0 0 0 0 0 0 0 0 0 0 0 0 0 0 0 0 0 0 0 0 0 0 0 0 0 0; 78 100 84 26 22 5 98 18 10 45 100 100 0 0 0 0 0 0 0 0 0 0 0 0 0 0 0 0 0 0 0 0 0 0 0 0 0 0 0 0; 100 100 5 30 97 13 98 100 16 0 0 98 100 0 0 0 0 0 0 0 0 0 0 0 0 0 0 0 0 0 0 0 0 0 0 0 0 0 0 0; 95 89 100 6 4 100 100 99 25 23 100 95 96 29 0 0 0 0 0 0 0 0 0 0 0 0 0 0 0 0 0 0 0 0 0 0 0 0 0 0; 100 97 94 28 74 28 41 100 100 6 100 100 95 16 13 0 0 0 0 0 0 0 0 0 0 0 0 0 0 0 0 0 0 0 0 0 0 0 0 0; 100 100 58 100 100 92 0 4 0 0 0 3 10 92 84 76 0 0 0 0 0 0 0 0 0 0 0 0 0 0 0 0 0 0 0 0 0 0 0 0; 17 91 93 100 27 87 1 1 100 17 100 87 100 100 23 99 96 0 0 0 0 0 0 0 0 0 0 0 0 0 0 0 0 0 0 0 0 0 0 0; 88 100 96 7 100 7 100 12 27 100 5 75 100 97 25 31 1 67 0 0 0 0 0 0 0 0 0 0 0 0 0 0 0 0 0 0 0 0 0 0; 77 26 97 100 69 96 11 100 100 100 100 100 5 14 86 12 24 11 86 0 0 0 0 0 0 0 0 0 0 0 0 0 0 0 0 0 0 0 0 0; 13 4 25 3 1 100 1 12 64 16 11 16 100 80 97 100 98 33 92 15 0 0 0 0 0 0 0 0 0 0 0 0 0 0 0 0 0 0 0 0; 100 35 100 100 100 11 96 5 0 99 100 100 72 5 100 19 9 9 80 18 95 0 0 0 0 0 0 0 0 0 0 0 0 0 0 0 0 0 0 0; 100 100 100 75 8 100 100 99 11 98 88 92 73 5 100 8 91 69 23 1 18 15 0 0 0 0 0 0 0 0 0 0 0 0 0 0 0 0 0 0; 17 61 16 5 100 8 1 4 21 80 100 100 100 100 76 86 7 100 1 3 20 100 2 0 0 0 0 0 0 0 0 0 0 0 0 0 0 0 0 0; 77 96 11 100 19 76 98 4 66 99 2 92 100 14 13 100 83 100 76 9 99 100 2 99 0 0 0 0 0 0 0 0 0 0 0 0 0 0 0 0; 1 7 69 100 100 96 97 20 93 100 23 10 9 4 13 34 99 94 15 13 100 9 64 1 100 0 0 0 0 0 0 0 0 0 0 0 0 0 0 0; 0 3 86 14 99 0 77 100 100 100 100 11 13 5 87 1 100 5 67 37 20 5 4 97 27 100 0 0 0 0 0 0 0 0 0 0 0 0 0 0; 3 22 100 99 100 100 100 18 31 20 38 100 3 100 4 100 100 98 100 100 30 94 94 95 100 100 46 0 0 0 0 0 0 0 0 0 0 0 0 0; 100 100 83 52 100 100 5 100 11 8 4 18 100 0 70 2 88 91 95 11 93 85 100 100 0 59 100 20 0 0 0 0 0 0 0 0 0 0 0 0; 99 6 1 100 100 8 12 7 99 100 100 7 13 85 2 97 21 5 100 100 85 19 97 82 0 66 93 37 3 0 0 0 0 0 0 0 0 0 0 0; 100 100 1 4 97 88 100 77 3 15 8 96 98 18 23 8 72 100 11 3 98 100 100 6 100 91 100 5 100 78 0 0 0 0 0 0 0 0 0 0; 87 98 71 45 100 89 74 92 12 87 27 100 85 76 30 100 10 95 71 95 87 12 3 100 92 62 19 15 100 46 6 0 0 0 0 0 0 0 0 0; 2 1 8 100 17 100 3 90 80 99 66 6 94 16 71 100 82 91 100 19 8 22 6 3 75 100 8 12 3 99 99 99 0 0 0 0 0 0 0 0; 14 8 82 35 84 100 96 4 19 93 97 4 82 93 100 99 100 2 9 76 85 8 92 100 4 99 23 9 24 100 92 18 10 0 0 0 0 0 0 0; 100 95 100 77 100 11 98 10 100 92 12 66 98 21 2 100 5 11 100 100 100 12 88 16 100 33 85 90 100 88 100 59 85 17 0 0 0 0 0 0; 23 100 5 0 100 20 16 90 26 100 84 94 7 69 95 22 99 19 84 86 100 86 9 95 3 100 85 2 77 99 100 100 1 92 100 0 0 0 0 0; 100 37 100 100 100 100 1 100 9 100 40 100 100 99 84 30 87 100 98 100 27 83 5 91 6 2 97 21 92 57 81 100 100 87 100 100 0 0 0 0; 83 100 97 13 100 24 93 94 80 100 96 6 83 11 97 100 8 100 100 100 1 6 95 100 100 4 100 90 94 95 82 79 100 26 10 15 9 0 0 0; 0 79 94 89 85 4 100 89 100 100 4 94 7 25 2 3 11 99 100 100 100 17 86 100 100 18 100 100 26 97 100 84 100 90 100 3 100 5 0 0; 99 100 100 4 1 100 17 100 89 100 10 21 100 86 100 100 3 91 100 100 2 98 100 7 70 100 4 96 100 12 0 90 100 100 100 100 99 0 26 0; 21 11 100 21 99 62 98 41 100 8 7 96 2 10 92 71 2 5 4 11 8 100 16 100 96 0 6 20 68 8 99 21 7 35 63 100 100 100 97 100]
