n=30
density=50
Q1=[0 0 0 0 0 0 0 0 0 0 0 0 0 0 0 0 0 0 0 0 0 0 0 0 0 0 0 0 0 0 ;
0 0 0 0 0 0 0 0 0 0 0 0 0 0 0 0 0 0 0 0 0 0 0 0 0 0 0 0 0 0 ;
0 67 0 0 0 0 0 0 0 0 0 0 0 0 0 0 0 0 0 0 0 0 0 0 0 0 0 0 0 0 ;
0 0 45 7 0 0 0 0 0 0 0 0 0 0 0 0 0 0 0 0 0 0 0 0 0 0 0 0 0 0 ;
41 83 0 26 10 0 0 0 0 0 0 0 0 0 0 0 0 0 0 0 0 0 0 0 0 0 0 0 0 0 ;
0 0 0 31 0 51 0 0 0 0 0 0 0 0 0 0 0 0 0 0 0 0 0 0 0 0 0 0 0 0 ;
0 0 49 0 31 31 54 0 0 0 0 0 0 0 0 0 0 0 0 0 0 0 0 0 0 0 0 0 0 0 ;
0 59 77 0 0 0 0 0 0 0 0 0 0 0 0 0 0 0 0 0 0 0 0 0 0 0 0 0 0 0 ;
0 0 87 0 39 0 55 48 0 0 0 0 0 0 0 0 0 0 0 0 0 0 0 0 0 0 0 0 0 0 ;
0 0 0 0 18 0 51 0 0 0 0 0 0 0 0 0 0 0 0 0 0 0 0 0 0 0 0 0 0 0 ;
94 46 22 4 0 0 8 29 6 34 0 0 0 0 0 0 0 0 0 0 0 0 0 0 0 0 0 0 0 0 ;
0 4 79 0 0 0 0 0 0 0 86 0 0 0 0 0 0 0 0 0 0 0 0 0 0 0 0 0 0 0 ;
0 99 14 87 19 32 86 0 92 61 0 0 0 0 0 0 0 0 0 0 0 0 0 0 0 0 0 0 0 0 ;
52 53 46 0 0 41 28 0 0 75 62 25 0 13 0 0 0 0 0 0 0 0 0 0 0 0 0 0 0 0 ;
32 60 0 0 0 5 82 8 0 53 73 36 87 0 52 0 0 0 0 0 0 0 0 0 0 0 0 0 0 0 ;
0 83 47 60 0 0 33 0 0 0 94 0 50 46 0 77 0 0 0 0 0 0 0 0 0 0 0 0 0 0 ;
54 66 0 0 0 0 76 0 88 82 40 0 28 59 0 0 83 0 0 0 0 0 0 0 0 0 0 0 0 0 ;
94 75 0 31 43 0 0 86 0 0 0 0 6 43 4 0 0 64 0 0 0 0 0 0 0 0 0 0 0 0 ;
53 94 0 0 93 56 0 98 20 21 0 0 74 64 0 0 4 0 62 0 0 0 0 0 0 0 0 0 0 0 ;
0 67 0 23 0 65 48 0 64 28 98 0 45 80 64 0 10 27 25 0 0 0 0 0 0 0 0 0 0 0 ;
90 0 1 0 0 0 94 46 0 74 0 0 0 23 70 0 89 0 35 0 56 0 0 0 0 0 0 0 0 0 ;
0 0 0 0 39 40 17 26 0 0 95 0 0 0 0 31 0 39 0 68 82 0 0 0 0 0 0 0 0 0 ;
66 0 89 0 96 0 0 37 0 41 50 100 0 90 28 21 0 22 94 0 56 37 49 0 0 0 0 0 0 0 ;
0 68 75 3 63 0 0 64 0 0 70 0 0 0 0 68 85 0 0 0 100 0 44 60 0 0 0 0 0 0 ;
42 88 0 0 33 0 0 63 0 0 27 46 32 57 0 0 0 0 0 0 86 48 68 59 0 0 0 0 0 0 ;
14 0 0 0 96 62 18 0 0 77 1 23 64 0 80 45 0 0 0 0 0 0 5 0 82 29 0 0 0 0 ;
54 0 0 0 57 70 58 0 66 0 0 0 0 0 72 0 0 1 0 0 3 89 0 41 14 54 42 0 0 0 ;
55 0 0 0 0 33 100 0 71 0 0 0 36 55 0 0 0 0 49 0 77 0 0 39 63 0 0 0 0 0 ;
13 58 33 0 91 17 72 0 4 81 0 0 0 24 0 54 0 56 51 0 60 0 0 86 82 0 0 17 0 0 ;
0 21 0 0 0 88 0 0 0 0 14 55 0 7 27 0 73 0 79 0 0 22 0 37 0 85 29 0 0 0 ]
w=[33, 33, 23, 14, 41, 25, 37, 12, 43, 1, 48, 45, 42, 33, 12, 26, 37, 16, 39, 30, 6, 30, 31, 35, 27, 6, 1, 20, 32, 20]
W=174 
k=7 
inst_name = "QKP_30_100_50" 
feasible = true 
Q2=[100 0 0 0 0 0 0 0 0 0 0 0 0 0 0 0 0 0 0 0 0 0 0 0 0 0 0 0 0 0; 100 100 0 0 0 0 0 0 0 0 0 0 0 0 0 0 0 0 0 0 0 0 0 0 0 0 0 0 0 0; 100 12 100 0 0 0 0 0 0 0 0 0 0 0 0 0 0 0 0 0 0 0 0 0 0 0 0 0 0 0; 100 100 96 93 0 0 0 0 0 0 0 0 0 0 0 0 0 0 0 0 0 0 0 0 0 0 0 0 0 0; 79 12 100 76 92 0 0 0 0 0 0 0 0 0 0 0 0 0 0 0 0 0 0 0 0 0 0 0 0 0; 100 100 100 83 100 38 0 0 0 0 0 0 0 0 0 0 0 0 0 0 0 0 0 0 0 0 0 0 0 0; 100 100 93 100 85 97 26 0 0 0 0 0 0 0 0 0 0 0 0 0 0 0 0 0 0 0 0 0 0 0; 100 35 21 100 100 100 100 100 0 0 0 0 0 0 0 0 0 0 0 0 0 0 0 0 0 0 0 0 0 0; 100 100 2 100 63 100 10 53 100 0 0 0 0 0 0 0 0 0 0 0 0 0 0 0 0 0 0 0 0 0; 100 100 100 100 90 100 22 100 100 100 0 0 0 0 0 0 0 0 0 0 0 0 0 0 0 0 0 0 0 0; 4 91 87 98 100 100 99 91 99 80 100 0 0 0 0 0 0 0 0 0 0 0 0 0 0 0 0 0 0 0; 100 97 10 100 100 100 100 100 100 100 0 100 0 0 0 0 0 0 0 0 0 0 0 0 0 0 0 0 0 0; 100 0 86 5 85 72 4 100 8 38 100 100 100 0 0 0 0 0 0 0 0 0 0 0 0 0 0 0 0 0; 46 46 73 100 100 95 77 100 100 18 38 89 100 94 0 0 0 0 0 0 0 0 0 0 0 0 0 0 0 0; 93 18 100 100 100 95 0 100 100 23 22 85 6 100 25 0 0 0 0 0 0 0 0 0 0 0 0 0 0 0; 100 5 93 13 100 100 86 100 100 100 1 100 3 94 100 10 0 0 0 0 0 0 0 0 0 0 0 0 0 0; 33 16 100 100 100 100 12 100 4 11 63 100 74 10 100 100 7 0 0 0 0 0 0 0 0 0 0 0 0 0; 6 9 100 78 88 100 100 5 100 100 100 100 96 90 98 100 100 4 0 0 0 0 0 0 0 0 0 0 0 0; 24 1 100 100 7 42 100 2 91 85 100 100 20 11 100 100 96 100 30 0 0 0 0 0 0 0 0 0 0 0; 100 16 100 88 100 1 85 100 1 75 1 100 100 16 30 100 92 86 86 100 0 0 0 0 0 0 0 0 0 0; 6 100 100 100 100 100 2 85 100 17 100 100 100 79 21 100 11 100 86 100 7 0 0 0 0 0 0 0 0 0; 100 100 100 100 95 77 89 93 100 100 2 100 100 100 100 100 100 64 100 25 15 100 0 0 0 0 0 0 0 0; 13 100 9 100 4 100 100 100 100 97 9 0 100 3 80 84 100 91 4 100 38 68 100 0 0 0 0 0 0 0; 100 30 3 99 33 100 100 17 100 100 21 100 100 100 100 22 0 100 100 100 0 100 75 38 0 0 0 0 0 0; 77 4 100 100 72 100 100 21 100 100 99 89 79 31 100 100 100 100 100 100 9 94 3 6 100 0 0 0 0 0; 94 100 100 100 3 22 85 100 100 5 99 99 31 100 3 95 100 100 100 100 100 100 96 100 0 98 0 0 0 0; 27 100 100 100 20 10 20 100 7 100 100 100 100 100 25 100 100 99 100 100 100 5 100 92 90 14 74 0 0 0; 8 100 100 100 100 98 0 100 8 100 100 100 93 0 100 100 100 100 63 100 7 100 100 70 27 100 100 100 0 0; 95 42 69 100 9 89 11 100 98 4 100 100 100 77 100 16 100 5 44 100 40 100 100 3 1 100 100 86 100 0; 100 95 100 100 100 7 100 100 100 100 98 3 100 98 73 100 12 100 21 100 100 99 100 84 100 7 100 100 100 100]
