n=45
density=50
Q1=[61 0 0 0 0 0 0 0 0 0 0 0 0 0 0 0 0 0 0 0 0 0 0 0 0 0 0 0 0 0 0 0 0 0 0 0 0 0 0 0 0 0 0 0 0 ;
31 68 0 0 0 0 0 0 0 0 0 0 0 0 0 0 0 0 0 0 0 0 0 0 0 0 0 0 0 0 0 0 0 0 0 0 0 0 0 0 0 0 0 0 0 ;
88 0 0 0 0 0 0 0 0 0 0 0 0 0 0 0 0 0 0 0 0 0 0 0 0 0 0 0 0 0 0 0 0 0 0 0 0 0 0 0 0 0 0 0 0 ;
0 0 0 0 0 0 0 0 0 0 0 0 0 0 0 0 0 0 0 0 0 0 0 0 0 0 0 0 0 0 0 0 0 0 0 0 0 0 0 0 0 0 0 0 0 ;
0 0 0 0 30 0 0 0 0 0 0 0 0 0 0 0 0 0 0 0 0 0 0 0 0 0 0 0 0 0 0 0 0 0 0 0 0 0 0 0 0 0 0 0 0 ;
0 13 0 0 0 0 0 0 0 0 0 0 0 0 0 0 0 0 0 0 0 0 0 0 0 0 0 0 0 0 0 0 0 0 0 0 0 0 0 0 0 0 0 0 0 ;
0 0 42 55 30 84 0 0 0 0 0 0 0 0 0 0 0 0 0 0 0 0 0 0 0 0 0 0 0 0 0 0 0 0 0 0 0 0 0 0 0 0 0 0 0 ;
71 0 0 25 71 0 82 5 0 0 0 0 0 0 0 0 0 0 0 0 0 0 0 0 0 0 0 0 0 0 0 0 0 0 0 0 0 0 0 0 0 0 0 0 0 ;
0 0 0 0 0 27 46 54 32 0 0 0 0 0 0 0 0 0 0 0 0 0 0 0 0 0 0 0 0 0 0 0 0 0 0 0 0 0 0 0 0 0 0 0 0 ;
41 0 77 0 0 0 18 0 36 18 0 0 0 0 0 0 0 0 0 0 0 0 0 0 0 0 0 0 0 0 0 0 0 0 0 0 0 0 0 0 0 0 0 0 0 ;
0 0 34 54 52 0 0 0 0 0 0 0 0 0 0 0 0 0 0 0 0 0 0 0 0 0 0 0 0 0 0 0 0 0 0 0 0 0 0 0 0 0 0 0 0 ;
74 0 45 0 0 70 87 0 0 75 0 71 0 0 0 0 0 0 0 0 0 0 0 0 0 0 0 0 0 0 0 0 0 0 0 0 0 0 0 0 0 0 0 0 0 ;
76 0 0 4 0 0 41 0 0 9 0 40 0 0 0 0 0 0 0 0 0 0 0 0 0 0 0 0 0 0 0 0 0 0 0 0 0 0 0 0 0 0 0 0 0 ;
0 31 0 0 0 0 0 77 0 76 45 0 0 0 0 0 0 0 0 0 0 0 0 0 0 0 0 0 0 0 0 0 0 0 0 0 0 0 0 0 0 0 0 0 0 ;
0 73 8 9 0 46 72 97 0 99 77 33 20 0 80 0 0 0 0 0 0 0 0 0 0 0 0 0 0 0 0 0 0 0 0 0 0 0 0 0 0 0 0 0 0 ;
0 0 17 0 57 0 0 0 0 94 0 8 0 5 0 0 0 0 0 0 0 0 0 0 0 0 0 0 0 0 0 0 0 0 0 0 0 0 0 0 0 0 0 0 0 ;
10 0 0 0 0 0 6 0 92 57 0 0 0 42 0 56 34 0 0 0 0 0 0 0 0 0 0 0 0 0 0 0 0 0 0 0 0 0 0 0 0 0 0 0 0 ;
18 0 0 4 89 36 63 0 0 35 44 68 3 12 82 0 0 0 0 0 0 0 0 0 0 0 0 0 0 0 0 0 0 0 0 0 0 0 0 0 0 0 0 0 0 ;
0 37 96 0 0 0 59 0 0 0 0 0 0 0 0 48 52 0 0 0 0 0 0 0 0 0 0 0 0 0 0 0 0 0 0 0 0 0 0 0 0 0 0 0 0 ;
0 0 68 34 59 69 0 5 0 22 0 34 0 83 0 8 0 90 0 0 0 0 0 0 0 0 0 0 0 0 0 0 0 0 0 0 0 0 0 0 0 0 0 0 0 ;
79 0 25 0 0 0 23 87 0 0 0 13 28 89 0 9 0 1 0 15 0 0 0 0 0 0 0 0 0 0 0 0 0 0 0 0 0 0 0 0 0 0 0 0 0 ;
0 0 0 0 68 0 74 0 33 1 0 68 4 0 0 47 0 50 0 19 0 0 0 0 0 0 0 0 0 0 0 0 0 0 0 0 0 0 0 0 0 0 0 0 0 ;
0 0 58 58 64 0 11 29 47 47 68 79 5 93 0 0 0 62 100 0 98 0 4 0 0 0 0 0 0 0 0 0 0 0 0 0 0 0 0 0 0 0 0 0 0 ;
0 0 0 0 42 49 2 0 0 26 74 0 0 61 0 0 0 0 47 0 4 0 24 0 0 0 0 0 0 0 0 0 0 0 0 0 0 0 0 0 0 0 0 0 0 ;
19 7 0 0 81 66 30 0 46 0 0 0 60 49 72 0 42 0 0 63 19 0 11 66 64 0 0 0 0 0 0 0 0 0 0 0 0 0 0 0 0 0 0 0 0 ;
0 0 0 92 0 0 49 0 0 0 53 0 91 13 99 88 0 7 0 16 0 0 57 0 0 41 0 0 0 0 0 0 0 0 0 0 0 0 0 0 0 0 0 0 0 ;
60 0 36 35 71 0 58 31 0 0 39 0 74 81 38 18 0 0 10 0 85 28 0 0 9 75 87 0 0 0 0 0 0 0 0 0 0 0 0 0 0 0 0 0 0 ;
0 13 70 0 0 0 0 31 23 0 88 10 0 0 0 0 3 16 0 0 0 0 69 43 0 0 0 26 0 0 0 0 0 0 0 0 0 0 0 0 0 0 0 0 0 ;
0 0 1 20 0 59 0 24 0 51 0 94 0 23 0 0 31 0 25 0 26 0 0 0 44 42 46 0 0 0 0 0 0 0 0 0 0 0 0 0 0 0 0 0 0 ;
0 89 63 96 14 0 0 93 72 94 0 0 0 13 0 79 40 0 0 74 3 61 0 0 0 37 65 0 0 57 0 0 0 0 0 0 0 0 0 0 0 0 0 0 0 ;
78 0 0 42 0 62 0 57 70 25 0 0 0 37 0 0 20 0 0 64 10 0 0 23 0 0 0 95 0 94 0 0 0 0 0 0 0 0 0 0 0 0 0 0 0 ;
0 69 0 0 0 33 64 0 96 65 3 0 0 67 0 99 34 63 39 53 0 0 12 24 63 0 0 89 38 0 50 0 0 0 0 0 0 0 0 0 0 0 0 0 0 ;
48 0 10 11 0 0 0 27 0 16 93 0 0 16 0 0 0 24 0 29 0 17 28 33 0 80 97 38 59 80 19 2 99 0 0 0 0 0 0 0 0 0 0 0 0 ;
0 0 29 0 63 9 22 0 0 26 0 3 0 0 94 24 43 0 0 0 65 5 0 0 0 0 0 0 34 0 61 86 0 0 0 0 0 0 0 0 0 0 0 0 0 ;
0 55 2 75 0 78 74 0 78 5 0 54 0 100 83 26 0 73 75 47 76 92 40 0 0 0 0 0 99 74 0 0 3 0 82 0 0 0 0 0 0 0 0 0 0 ;
0 78 39 29 74 25 71 0 1 56 13 0 63 0 0 0 17 42 0 0 0 0 57 0 0 0 100 50 7 53 0 0 75 48 77 13 0 0 0 0 0 0 0 0 0 ;
0 0 75 0 83 0 34 0 18 81 17 0 0 45 0 6 39 0 0 0 0 0 0 0 0 0 59 0 17 0 0 0 78 0 0 33 28 0 0 0 0 0 0 0 0 ;
0 68 0 10 0 6 15 0 95 89 0 61 87 90 0 0 0 0 3 78 0 34 71 0 42 97 0 0 0 0 0 0 11 0 0 0 0 0 0 0 0 0 0 0 0 ;
73 0 0 0 0 24 11 17 0 42 0 11 89 81 56 42 0 0 98 38 0 22 0 0 48 0 0 0 0 61 0 0 0 12 0 6 0 0 30 0 0 0 0 0 0 ;
65 0 0 25 0 15 0 0 0 0 0 0 95 69 43 0 44 0 53 44 0 50 0 0 70 0 0 0 10 0 0 0 0 3 0 0 0 0 3 43 0 0 0 0 0 ;
54 0 0 0 0 73 25 0 85 37 0 0 43 0 0 1 0 0 0 0 60 0 0 0 20 16 0 0 0 48 26 0 0 65 34 0 0 96 0 0 87 0 0 0 0 ;
99 6 8 0 99 0 0 41 85 0 0 0 0 25 38 0 49 36 0 0 80 0 0 65 0 0 72 86 27 0 0 86 32 0 92 0 0 67 0 0 0 50 0 0 0 ;
91 0 55 18 6 0 0 0 16 0 0 0 0 81 67 0 0 0 100 0 0 0 32 0 0 0 52 0 0 29 81 0 0 41 0 0 0 61 6 71 0 0 0 0 0 ;
23 23 0 0 90 0 19 50 79 44 0 30 0 0 3 0 0 0 97 20 7 25 72 92 21 0 57 0 0 72 21 84 97 47 49 0 50 0 0 0 0 43 0 63 0 ;
25 0 0 86 11 43 0 80 0 0 0 0 0 96 0 47 11 0 4 41 0 0 73 0 3 0 0 0 0 1 0 22 0 79 35 0 0 59 0 91 0 79 62 46 0 ]
w=[47, 33, 26, 7, 43, 38, 29, 32, 27, 14, 19, 39, 8, 38, 25, 30, 42, 41, 15, 2, 39, 49, 16, 7, 9, 33, 33, 23, 15, 37, 18, 39, 1, 19, 30, 16, 9, 16, 24, 36, 26, 35, 20, 2, 45]
W=59 
k=2 
inst_name = "QKP_45_100_50" 
feasible = true 
Q2=[18 0 0 0 0 0 0 0 0 0 0 0 0 0 0 0 0 0 0 0 0 0 0 0 0 0 0 0 0 0 0 0 0 0 0 0 0 0 0 0 0 0 0 0 0; 72 6 0 0 0 0 0 0 0 0 0 0 0 0 0 0 0 0 0 0 0 0 0 0 0 0 0 0 0 0 0 0 0 0 0 0 0 0 0 0 0 0 0 0 0; 12 100 100 0 0 0 0 0 0 0 0 0 0 0 0 0 0 0 0 0 0 0 0 0 0 0 0 0 0 0 0 0 0 0 0 0 0 0 0 0 0 0 0 0 0; 100 100 100 100 0 0 0 0 0 0 0 0 0 0 0 0 0 0 0 0 0 0 0 0 0 0 0 0 0 0 0 0 0 0 0 0 0 0 0 0 0 0 0 0 0; 100 100 100 100 79 0 0 0 0 0 0 0 0 0 0 0 0 0 0 0 0 0 0 0 0 0 0 0 0 0 0 0 0 0 0 0 0 0 0 0 0 0 0 0 0; 100 96 100 100 100 100 0 0 0 0 0 0 0 0 0 0 0 0 0 0 0 0 0 0 0 0 0 0 0 0 0 0 0 0 0 0 0 0 0 0 0 0 0 0 0; 100 100 73 21 70 15 100 0 0 0 0 0 0 0 0 0 0 0 0 0 0 0 0 0 0 0 0 0 0 0 0 0 0 0 0 0 0 0 0 0 0 0 0 0 0; 4 100 100 83 26 100 18 99 0 0 0 0 0 0 0 0 0 0 0 0 0 0 0 0 0 0 0 0 0 0 0 0 0 0 0 0 0 0 0 0 0 0 0 0 0; 100 100 100 100 100 81 98 17 86 0 0 0 0 0 0 0 0 0 0 0 0 0 0 0 0 0 0 0 0 0 0 0 0 0 0 0 0 0 0 0 0 0 0 0 0; 88 100 13 100 100 100 97 100 76 100 0 0 0 0 0 0 0 0 0 0 0 0 0 0 0 0 0 0 0 0 0 0 0 0 0 0 0 0 0 0 0 0 0 0 0; 100 100 89 38 33 100 100 100 100 100 100 0 0 0 0 0 0 0 0 0 0 0 0 0 0 0 0 0 0 0 0 0 0 0 0 0 0 0 0 0 0 0 0 0 0; 7 100 75 100 100 11 0 100 100 3 100 9 0 0 0 0 0 0 0 0 0 0 0 0 0 0 0 0 0 0 0 0 0 0 0 0 0 0 0 0 0 0 0 0 0; 1 100 100 98 100 100 59 100 100 94 100 72 100 0 0 0 0 0 0 0 0 0 0 0 0 0 0 0 0 0 0 0 0 0 0 0 0 0 0 0 0 0 0 0 0; 100 81 100 100 100 100 100 19 100 17 100 100 100 100 0 0 0 0 0 0 0 0 0 0 0 0 0 0 0 0 0 0 0 0 0 0 0 0 0 0 0 0 0 0 0; 100 9 92 99 100 93 17 0 100 1 21 72 96 100 1 0 0 0 0 0 0 0 0 0 0 0 0 0 0 0 0 0 0 0 0 0 0 0 0 0 0 0 0 0 0; 100 100 94 100 31 100 100 100 100 3 100 98 100 95 100 100 0 0 0 0 0 0 0 0 0 0 0 0 0 0 0 0 0 0 0 0 0 0 0 0 0 0 0 0 0; 100 100 100 100 100 100 96 100 5 20 100 100 100 88 100 24 83 0 0 0 0 0 0 0 0 0 0 0 0 0 0 0 0 0 0 0 0 0 0 0 0 0 0 0 0; 91 100 100 96 6 90 9 100 100 92 65 15 98 100 12 100 100 100 0 0 0 0 0 0 0 0 0 0 0 0 0 0 0 0 0 0 0 0 0 0 0 0 0 0 0; 100 93 1 100 100 100 8 100 100 100 100 100 100 100 100 90 17 100 100 0 0 0 0 0 0 0 0 0 0 0 0 0 0 0 0 0 0 0 0 0 0 0 0 0 0; 100 100 14 68 3 31 100 100 100 88 100 77 100 13 100 99 100 6 100 100 0 0 0 0 0 0 0 0 0 0 0 0 0 0 0 0 0 0 0 0 0 0 0 0 0; 4 100 80 100 100 100 91 9 100 100 100 96 90 1 100 99 100 100 100 87 100 0 0 0 0 0 0 0 0 0 0 0 0 0 0 0 0 0 0 0 0 0 0 0 0; 100 100 100 100 27 100 21 100 76 100 100 25 96 100 100 64 100 38 100 84 100 100 0 0 0 0 0 0 0 0 0 0 0 0 0 0 0 0 0 0 0 0 0 0 0; 100 100 13 28 9 100 91 95 73 90 0 0 95 6 100 100 100 4 0 100 0 100 98 0 0 0 0 0 0 0 0 0 0 0 0 0 0 0 0 0 0 0 0 0 0; 100 100 100 100 89 94 99 100 100 84 0 100 100 30 100 100 100 100 78 100 97 100 97 100 0 0 0 0 0 0 0 0 0 0 0 0 0 0 0 0 0 0 0 0 0; 98 100 100 100 5 1 75 100 67 100 100 100 15 76 24 100 63 100 100 0 95 100 95 26 22 0 0 0 0 0 0 0 0 0 0 0 0 0 0 0 0 0 0 0 0; 100 100 100 0 100 100 68 100 100 100 9 100 6 88 1 3 100 95 100 90 100 100 11 100 100 75 0 0 0 0 0 0 0 0 0 0 0 0 0 0 0 0 0 0 0; 14 100 94 65 6 100 29 71 100 100 84 100 1 1 74 89 100 100 94 100 0 96 100 100 99 11 8 0 0 0 0 0 0 0 0 0 0 0 0 0 0 0 0 0 0; 100 97 8 100 100 100 100 98 96 100 12 94 100 100 100 100 99 88 100 100 100 100 2 81 100 100 100 89 0 0 0 0 0 0 0 0 0 0 0 0 0 0 0 0 0; 100 100 100 92 100 21 100 91 100 1 100 0 100 88 100 100 77 100 86 100 91 100 100 100 89 66 67 100 100 0 0 0 0 0 0 0 0 0 0 0 0 0 0 0 0; 100 9 3 1 90 100 100 7 23 5 100 100 100 88 100 5 98 100 100 8 99 10 100 100 100 89 13 100 100 0 0 0 0 0 0 0 0 0 0 0 0 0 0 0 0; 20 100 100 80 100 13 100 6 14 91 100 100 100 84 100 100 97 100 100 0 90 100 100 100 100 100 100 5 100 3 100 0 0 0 0 0 0 0 0 0 0 0 0 0 0; 100 12 100 100 100 77 15 100 0 31 99 100 100 3 100 0 87 24 65 22 100 100 98 82 20 100 100 1 70 100 46 100 0 0 0 0 0 0 0 0 0 0 0 0 0; 75 100 98 99 100 100 100 86 100 98 3 100 100 98 100 100 100 80 100 86 100 86 75 75 100 4 3 86 0 2 85 98 1 0 0 0 0 0 0 0 0 0 0 0 0; 100 100 76 100 18 98 95 100 100 96 100 100 100 100 3 96 57 100 100 100 16 99 100 100 100 100 100 100 87 100 29 0 100 100 0 0 0 0 0 0 0 0 0 0 0; 100 24 100 7 100 2 14 100 13 95 100 45 100 0 1 88 100 13 5 58 6 7 73 100 100 100 100 100 0 19 100 100 97 100 18 0 0 0 0 0 0 0 0 0 0; 100 17 70 90 8 86 7 100 99 26 93 100 14 100 100 100 89 84 100 100 100 100 27 100 100 100 0 42 94 31 100 100 9 69 1 94 0 0 0 0 0 0 0 0 0; 100 100 6 100 10 100 74 100 85 3 100 100 100 96 100 100 73 100 100 100 100 100 100 100 100 100 20 100 83 100 100 100 20 100 100 91 77 0 0 0 0 0 0 0 0; 100 16 100 94 100 100 85 100 2 1 100 12 11 0 100 100 100 100 97 16 100 95 25 100 82 3 100 100 100 100 100 100 98 100 100 100 100 100 0 0 0 0 0 0 0; 11 100 100 100 100 91 89 91 100 92 100 94 8 3 42 88 100 100 2 71 100 89 100 100 80 100 100 100 100 11 100 100 100 90 100 95 100 100 84 0 0 0 0 0 0; 12 100 100 96 100 98 100 100 100 100 100 100 4 1 91 100 92 100 29 78 100 34 100 100 18 100 100 100 99 100 100 100 100 99 100 100 100 100 98 60 0 0 0 0 0; 34 100 100 100 100 15 79 100 5 73 100 100 90 100 100 100 100 100 100 100 25 100 100 100 91 96 100 100 100 62 99 100 100 6 77 100 100 2 100 100 6 0 0 0 0; 0 95 97 100 1 100 100 76 2 100 100 100 100 79 87 100 75 82 100 100 10 100 100 20 100 100 18 4 80 100 100 8 94 100 7 100 100 17 100 100 100 13 0 0 0; 3 100 12 96 94 100 100 100 98 100 100 100 100 11 9 100 100 100 0 100 100 100 82 100 100 100 13 100 100 83 13 100 100 62 100 100 100 24 99 29 100 100 100 0 0; 100 96 100 100 10 100 84 45 10 92 100 71 100 100 98 100 100 100 2 82 97 75 15 7 95 100 21 100 100 5 95 7 1 64 88 100 11 100 100 100 100 86 100 28 0; 92 100 100 11 89 67 100 6 100 100 100 100 100 4 100 86 90 100 98 89 100 100 15 100 100 100 100 100 100 100 100 91 100 5 82 100 100 0 100 4 100 1 8 60 100]
