n=45
density=75
Q1=[151 0 0 0 0 0 0 0 0 0 0 0 0 0 0 0 0 0 0 0 0 0 0 0 0 0 0 0 0 0 0 0 0 0 0 0 0 0 0 0 0 0 0 0 0 ;
39 0 0 0 0 0 0 0 0 0 0 0 0 0 0 0 0 0 0 0 0 0 0 0 0 0 0 0 0 0 0 0 0 0 0 0 0 0 0 0 0 0 0 0 0 ;
193 55 138 0 0 0 0 0 0 0 0 0 0 0 0 0 0 0 0 0 0 0 0 0 0 0 0 0 0 0 0 0 0 0 0 0 0 0 0 0 0 0 0 0 0 ;
93 80 20 128 0 0 0 0 0 0 0 0 0 0 0 0 0 0 0 0 0 0 0 0 0 0 0 0 0 0 0 0 0 0 0 0 0 0 0 0 0 0 0 0 0 ;
145 97 0 120 0 0 0 0 0 0 0 0 0 0 0 0 0 0 0 0 0 0 0 0 0 0 0 0 0 0 0 0 0 0 0 0 0 0 0 0 0 0 0 0 0 ;
175 0 126 147 18 117 0 0 0 0 0 0 0 0 0 0 0 0 0 0 0 0 0 0 0 0 0 0 0 0 0 0 0 0 0 0 0 0 0 0 0 0 0 0 0 ;
0 52 114 165 191 5 19 0 0 0 0 0 0 0 0 0 0 0 0 0 0 0 0 0 0 0 0 0 0 0 0 0 0 0 0 0 0 0 0 0 0 0 0 0 0 ;
0 23 177 65 106 0 85 150 0 0 0 0 0 0 0 0 0 0 0 0 0 0 0 0 0 0 0 0 0 0 0 0 0 0 0 0 0 0 0 0 0 0 0 0 0 ;
2 121 0 141 157 0 91 155 108 0 0 0 0 0 0 0 0 0 0 0 0 0 0 0 0 0 0 0 0 0 0 0 0 0 0 0 0 0 0 0 0 0 0 0 0 ;
44 0 119 60 77 132 0 76 140 118 0 0 0 0 0 0 0 0 0 0 0 0 0 0 0 0 0 0 0 0 0 0 0 0 0 0 0 0 0 0 0 0 0 0 0 ;
61 198 120 57 7 138 8 0 83 159 116 0 0 0 0 0 0 0 0 0 0 0 0 0 0 0 0 0 0 0 0 0 0 0 0 0 0 0 0 0 0 0 0 0 0 ;
42 68 41 0 7 82 200 138 0 37 118 0 0 0 0 0 0 0 0 0 0 0 0 0 0 0 0 0 0 0 0 0 0 0 0 0 0 0 0 0 0 0 0 0 0 ;
0 46 97 17 68 111 143 59 162 46 115 48 101 0 0 0 0 0 0 0 0 0 0 0 0 0 0 0 0 0 0 0 0 0 0 0 0 0 0 0 0 0 0 0 0 ;
58 0 0 122 109 0 37 80 194 153 146 62 0 53 0 0 0 0 0 0 0 0 0 0 0 0 0 0 0 0 0 0 0 0 0 0 0 0 0 0 0 0 0 0 0 ;
0 29 0 192 52 199 0 20 0 90 0 84 190 30 42 0 0 0 0 0 0 0 0 0 0 0 0 0 0 0 0 0 0 0 0 0 0 0 0 0 0 0 0 0 0 ;
74 0 78 174 114 173 174 177 76 58 76 81 57 64 144 0 0 0 0 0 0 0 0 0 0 0 0 0 0 0 0 0 0 0 0 0 0 0 0 0 0 0 0 0 0 ;
14 68 69 134 163 46 136 139 121 192 0 118 99 0 126 151 0 0 0 0 0 0 0 0 0 0 0 0 0 0 0 0 0 0 0 0 0 0 0 0 0 0 0 0 0 ;
0 0 62 0 72 74 132 121 0 135 5 195 20 95 2 70 0 151 0 0 0 0 0 0 0 0 0 0 0 0 0 0 0 0 0 0 0 0 0 0 0 0 0 0 0 ;
75 102 0 194 8 173 195 78 100 91 139 0 0 192 149 0 102 0 0 0 0 0 0 0 0 0 0 0 0 0 0 0 0 0 0 0 0 0 0 0 0 0 0 0 0 ;
198 100 35 42 0 182 0 0 19 70 165 150 135 0 125 135 161 0 111 65 0 0 0 0 0 0 0 0 0 0 0 0 0 0 0 0 0 0 0 0 0 0 0 0 0 ;
0 196 34 108 114 28 164 0 31 90 0 119 124 34 17 137 4 182 187 8 153 0 0 0 0 0 0 0 0 0 0 0 0 0 0 0 0 0 0 0 0 0 0 0 0 ;
190 17 0 127 90 98 0 154 0 0 121 0 34 0 102 0 106 99 170 0 85 121 0 0 0 0 0 0 0 0 0 0 0 0 0 0 0 0 0 0 0 0 0 0 0 ;
154 0 0 26 82 0 14 114 87 0 0 13 67 0 127 9 0 3 101 63 121 0 0 0 0 0 0 0 0 0 0 0 0 0 0 0 0 0 0 0 0 0 0 0 0 ;
62 109 0 0 32 190 72 182 68 0 55 166 0 111 61 74 84 0 71 142 101 0 0 155 0 0 0 0 0 0 0 0 0 0 0 0 0 0 0 0 0 0 0 0 0 ;
84 163 62 97 0 89 148 180 188 0 198 56 102 0 20 95 164 152 0 151 80 24 67 127 183 0 0 0 0 0 0 0 0 0 0 0 0 0 0 0 0 0 0 0 0 ;
0 153 24 0 37 0 0 21 0 0 64 10 0 44 143 15 63 135 0 0 39 26 182 0 0 170 0 0 0 0 0 0 0 0 0 0 0 0 0 0 0 0 0 0 0 ;
91 0 77 147 130 0 198 183 188 10 0 157 140 50 101 103 16 24 172 0 191 0 46 191 51 57 157 0 0 0 0 0 0 0 0 0 0 0 0 0 0 0 0 0 0 ;
94 64 20 173 123 118 6 0 93 89 78 8 0 0 192 43 0 0 138 146 59 75 172 0 52 18 156 198 0 0 0 0 0 0 0 0 0 0 0 0 0 0 0 0 0 ;
115 101 0 0 177 134 136 0 191 173 47 0 164 185 108 0 67 171 158 129 101 1 9 167 48 115 47 170 135 0 0 0 0 0 0 0 0 0 0 0 0 0 0 0 0 ;
151 6 0 195 142 125 138 174 157 0 103 0 43 0 132 164 0 0 146 12 0 0 64 113 181 0 120 174 0 138 0 0 0 0 0 0 0 0 0 0 0 0 0 0 0 ;
172 0 74 79 0 80 40 31 0 119 0 195 11 171 120 121 0 23 0 0 0 126 96 0 163 16 41 0 0 102 48 0 0 0 0 0 0 0 0 0 0 0 0 0 0 ;
165 89 62 0 48 0 180 61 21 65 10 12 189 135 121 99 131 165 91 21 97 0 157 196 0 105 153 82 0 0 0 49 0 0 0 0 0 0 0 0 0 0 0 0 0 ;
90 0 0 154 174 163 0 102 26 183 189 0 68 132 58 200 39 32 28 79 179 116 0 199 0 124 188 199 142 196 102 167 97 0 0 0 0 0 0 0 0 0 0 0 0 ;
180 157 117 45 1 114 35 63 30 0 79 121 163 60 0 41 58 0 130 109 0 0 84 128 145 5 195 0 162 39 138 0 57 143 0 0 0 0 0 0 0 0 0 0 0 ;
64 55 114 163 59 5 94 67 185 99 103 172 66 184 90 182 119 152 127 78 0 116 129 24 56 31 67 0 58 56 0 176 1 173 4 0 0 0 0 0 0 0 0 0 0 ;
66 124 118 94 128 0 52 113 45 0 29 82 0 35 65 38 139 41 0 88 197 132 0 48 98 199 93 157 57 166 157 0 0 0 0 144 0 0 0 0 0 0 0 0 0 ;
0 143 13 140 155 0 0 102 27 159 78 41 154 2 0 0 0 90 0 14 30 53 21 59 0 102 117 25 0 83 59 186 63 91 110 96 75 0 0 0 0 0 0 0 0 ;
72 161 184 121 1 0 121 34 7 21 169 159 5 0 41 148 162 105 20 197 139 0 155 0 156 179 185 159 197 0 0 196 0 148 134 131 0 49 0 0 0 0 0 0 0 ;
28 0 87 22 0 70 0 0 91 137 104 0 0 124 61 20 72 56 182 0 140 83 77 168 0 58 41 0 80 0 198 122 156 154 18 0 134 34 173 0 0 0 0 0 0 ;
141 0 190 75 92 147 93 69 97 200 84 55 8 70 132 189 68 67 174 0 0 0 84 181 0 0 0 98 152 153 9 111 16 0 114 0 27 152 21 0 0 0 0 0 0 ;
0 130 0 96 169 20 0 6 102 10 70 152 149 99 62 99 60 73 11 0 167 160 84 29 184 193 0 178 0 18 19 25 0 114 0 0 42 131 177 0 4 0 0 0 0 ;
58 20 153 68 182 114 0 105 183 23 0 0 110 0 29 0 139 0 42 83 5 197 123 143 113 149 106 0 0 0 160 70 112 152 56 0 93 125 55 5 0 169 0 0 0 ;
59 117 191 0 0 72 102 193 154 170 110 149 58 0 147 169 0 192 91 38 131 0 28 28 38 158 0 50 37 85 103 85 0 41 0 0 130 117 0 153 41 1 104 0 0 ;
144 0 0 0 19 194 0 56 0 31 152 92 36 188 5 129 78 103 0 55 160 166 5 0 176 128 152 191 0 108 103 0 68 99 182 0 72 0 0 14 193 145 114 0 0 ;
0 121 124 35 166 0 14 0 27 189 99 0 148 15 190 98 0 144 55 191 114 101 48 178 178 156 79 0 0 110 0 111 0 22 90 200 16 77 54 0 106 0 0 106 62 ]
w=[45, 4, 71, 52, 13, 88, 83, 21, 100, 82, 61, 4, 88, 67, 3, 39, 63, 67, 3, 78, 96, 97, 28, 83, 22, 44, 54, 53, 21, 11, 82, 53, 100, 35, 81, 68, 70, 53, 42, 32, 75, 45, 95, 39, 88]
W=169 
k=7 
inst_name = "QKP_45_200_75" 
feasible = true 
Q2=[13 0 0 0 0 0 0 0 0 0 0 0 0 0 0 0 0 0 0 0 0 0 0 0 0 0 0 0 0 0 0 0 0 0 0 0 0 0 0 0 0 0 0 0 0; 183 200 0 0 0 0 0 0 0 0 0 0 0 0 0 0 0 0 0 0 0 0 0 0 0 0 0 0 0 0 0 0 0 0 0 0 0 0 0 0 0 0 0 0 0; 5 156 26 0 0 0 0 0 0 0 0 0 0 0 0 0 0 0 0 0 0 0 0 0 0 0 0 0 0 0 0 0 0 0 0 0 0 0 0 0 0 0 0 0 0; 149 134 193 30 0 0 0 0 0 0 0 0 0 0 0 0 0 0 0 0 0 0 0 0 0 0 0 0 0 0 0 0 0 0 0 0 0 0 0 0 0 0 0 0 0; 13 108 200 25 200 0 0 0 0 0 0 0 0 0 0 0 0 0 0 0 0 0 0 0 0 0 0 0 0 0 0 0 0 0 0 0 0 0 0 0 0 0 0 0 0; 21 200 15 22 200 2 0 0 0 0 0 0 0 0 0 0 0 0 0 0 0 0 0 0 0 0 0 0 0 0 0 0 0 0 0 0 0 0 0 0 0 0 0 0 0; 200 164 84 3 7 198 183 0 0 0 0 0 0 0 0 0 0 0 0 0 0 0 0 0 0 0 0 0 0 0 0 0 0 0 0 0 0 0 0 0 0 0 0 0 0; 200 200 13 193 71 200 195 46 0 0 0 0 0 0 0 0 0 0 0 0 0 0 0 0 0 0 0 0 0 0 0 0 0 0 0 0 0 0 0 0 0 0 0 0 0; 198 36 200 44 24 200 113 3 34 0 0 0 0 0 0 0 0 0 0 0 0 0 0 0 0 0 0 0 0 0 0 0 0 0 0 0 0 0 0 0 0 0 0 0 0; 161 200 26 154 152 28 200 138 22 21 0 0 0 0 0 0 0 0 0 0 0 0 0 0 0 0 0 0 0 0 0 0 0 0 0 0 0 0 0 0 0 0 0 0 0; 197 1 75 172 195 36 198 200 121 26 25 0 0 0 0 0 0 0 0 0 0 0 0 0 0 0 0 0 0 0 0 0 0 0 0 0 0 0 0 0 0 0 0 0 0; 158 150 161 200 194 145 0 25 200 175 23 200 0 0 0 0 0 0 0 0 0 0 0 0 0 0 0 0 0 0 0 0 0 0 0 0 0 0 0 0 0 0 0 0 0; 200 154 136 191 178 47 24 148 25 187 73 198 97 0 0 0 0 0 0 0 0 0 0 0 0 0 0 0 0 0 0 0 0 0 0 0 0 0 0 0 0 0 0 0 0; 190 200 200 21 4 200 170 141 4 2 12 184 200 188 0 0 0 0 0 0 0 0 0 0 0 0 0 0 0 0 0 0 0 0 0 0 0 0 0 0 0 0 0 0 0; 200 199 200 1 164 0 200 195 200 176 200 198 9 198 170 0 0 0 0 0 0 0 0 0 0 0 0 0 0 0 0 0 0 0 0 0 0 0 0 0 0 0 0 0 0; 130 200 163 20 25 14 5 17 160 199 199 137 169 190 15 200 0 0 0 0 0 0 0 0 0 0 0 0 0 0 0 0 0 0 0 0 0 0 0 0 0 0 0 0 0; 195 180 131 14 6 159 4 41 70 0 200 80 188 200 63 39 200 0 0 0 0 0 0 0 0 0 0 0 0 0 0 0 0 0 0 0 0 0 0 0 0 0 0 0 0; 200 200 179 200 194 183 59 1 200 58 197 5 186 129 198 194 200 5 0 0 0 0 0 0 0 0 0 0 0 0 0 0 0 0 0 0 0 0 0 0 0 0 0 0 0; 183 65 200 4 193 27 0 130 79 140 26 200 200 5 13 200 38 200 200 0 0 0 0 0 0 0 0 0 0 0 0 0 0 0 0 0 0 0 0 0 0 0 0 0 0; 0 72 178 197 200 10 200 200 196 172 23 8 26 200 56 43 23 200 30 158 0 0 0 0 0 0 0 0 0 0 0 0 0 0 0 0 0 0 0 0 0 0 0 0 0; 200 0 195 11 76 195 9 200 176 180 200 26 67 189 195 40 200 1 7 195 13 0 0 0 0 0 0 0 0 0 0 0 0 0 0 0 0 0 0 0 0 0 0 0 0; 0 194 200 16 175 142 200 31 200 200 31 200 167 200 80 200 30 102 11 200 153 19 0 0 0 0 0 0 0 0 0 0 0 0 0 0 0 0 0 0 0 0 0 0 0; 46 200 200 185 119 200 188 77 119 200 200 188 174 200 0 195 200 199 64 157 53 200 200 0 0 0 0 0 0 0 0 0 0 0 0 0 0 0 0 0 0 0 0 0 0; 187 5 200 200 188 2 189 14 142 200 186 15 200 10 193 127 192 200 144 40 22 200 200 31 0 0 0 0 0 0 0 0 0 0 0 0 0 0 0 0 0 0 0 0 0; 188 20 183 112 200 112 37 2 2 200 1 199 22 200 188 165 8 37 200 0 121 183 148 45 3 0 0 0 0 0 0 0 0 0 0 0 0 0 0 0 0 0 0 0 0; 200 36 196 200 197 200 200 200 200 200 157 197 200 159 25 192 184 8 200 200 165 177 18 200 200 9 0 0 0 0 0 0 0 0 0 0 0 0 0 0 0 0 0 0 0; 114 200 132 53 24 200 2 13 2 198 200 25 8 189 68 32 188 181 24 200 2 200 161 2 181 191 13 0 0 0 0 0 0 0 0 0 0 0 0 0 0 0 0 0 0; 115 162 181 1 29 0 200 200 120 180 160 194 200 200 1 163 200 200 56 17 187 193 2 200 187 189 33 2 0 0 0 0 0 0 0 0 0 0 0 0 0 0 0 0 0; 79 16 200 200 15 34 26 200 6 21 175 200 27 1 4 200 165 28 10 53 7 199 200 26 169 46 191 23 45 0 0 0 0 0 0 0 0 0 0 0 0 0 0 0 0; 8 194 200 3 12 39 15 17 29 200 77 200 179 200 42 5 200 200 22 189 200 200 158 64 9 200 56 13 200 20 0 0 0 0 0 0 0 0 0 0 0 0 0 0 0; 20 200 161 186 200 184 189 174 200 5 200 4 191 9 69 59 200 196 200 200 200 26 189 200 10 184 169 200 200 46 194 0 0 0 0 0 0 0 0 0 0 0 0 0 0; 2 186 146 200 185 200 18 172 193 193 200 196 9 59 62 197 28 11 174 191 104 200 10 0 200 52 35 121 200 200 200 163 0 0 0 0 0 0 0 0 0 0 0 0 0; 121 200 200 38 16 31 200 79 177 8 6 200 183 49 143 0 187 190 194 142 9 36 200 1 200 11 8 1 39 4 35 22 165 0 0 0 0 0 0 0 0 0 0 0 0; 4 9 57 158 200 17 195 140 191 200 167 14 26 158 200 183 144 200 13 17 200 200 181 40 33 197 2 200 22 194 53 200 153 15 0 0 0 0 0 0 0 0 0 0 0; 193 195 64 35 194 200 159 167 15 145 35 20 193 7 124 18 36 15 56 150 200 25 15 181 160 178 181 200 183 170 200 2 200 3 198 0 0 0 0 0 0 0 0 0 0; 166 6 36 177 5 200 152 55 182 200 172 177 200 193 147 180 17 171 200 171 3 30 200 173 107 1 153 13 164 0 28 200 200 200 200 35 0 0 0 0 0 0 0 0 0; 200 44 187 35 18 200 200 4 199 23 178 186 26 200 200 200 200 115 200 191 171 180 199 169 200 47 65 175 200 119 143 14 175 182 75 128 142 0 0 0 0 0 0 0 0; 176 39 4 14 200 200 59 188 197 183 28 7 199 200 171 1 16 56 187 3 32 200 25 200 29 17 8 19 1 200 200 0 200 43 60 27 200 157 0 0 0 0 0 0 0; 178 200 116 188 200 131 200 200 142 6 11 200 200 11 199 191 149 193 12 200 12 129 157 25 200 194 162 200 145 200 0 61 9 27 193 200 2 196 14 0 0 0 0 0 0; 33 200 4 169 129 47 136 165 188 0 151 176 197 156 50 10 185 189 24 200 200 200 144 11 200 200 200 130 17 13 199 49 195 200 22 200 180 47 197 200 0 0 0 0 0; 200 39 200 113 17 184 200 200 27 193 180 7 18 123 196 148 179 133 199 200 17 24 161 192 7 7 200 11 200 191 200 183 200 66 200 200 168 9 13 200 199 0 0 0 0; 193 182 22 153 4 31 200 5 2 185 200 200 31 200 177 200 3 200 180 162 198 2 72 10 82 6 85 200 200 200 15 171 77 45 190 200 164 42 193 200 200 10 0 0 0; 163 77 8 200 200 186 26 6 14 22 43 48 169 200 10 23 200 0 161 184 14 200 187 179 191 38 200 176 175 175 60 146 200 197 200 200 31 1 200 11 165 199 74 0 0; 7 200 200 200 182 0 200 187 200 182 28 150 175 9 198 66 163 36 200 200 32 20 200 200 21 23 29 9 200 62 94 200 181 170 0 200 169 200 200 187 4 21 22 200 0; 200 47 68 170 2 200 190 200 179 9 106 200 11 199 3 114 200 50 186 8 64 26 195 18 8 22 199 200 200 7 200 6 200 190 154 0 199 141 189 200 75 200 200 28 200]
