n=45
density=100
Q1=[46 0 0 0 0 0 0 0 0 0 0 0 0 0 0 0 0 0 0 0 0 0 0 0 0 0 0 0 0 0 0 0 0 0 0 0 0 0 0 0 0 0 0 0 0 ;
34 15 0 0 0 0 0 0 0 0 0 0 0 0 0 0 0 0 0 0 0 0 0 0 0 0 0 0 0 0 0 0 0 0 0 0 0 0 0 0 0 0 0 0 0 ;
66 37 46 0 0 0 0 0 0 0 0 0 0 0 0 0 0 0 0 0 0 0 0 0 0 0 0 0 0 0 0 0 0 0 0 0 0 0 0 0 0 0 0 0 0 ;
21 82 36 35 0 0 0 0 0 0 0 0 0 0 0 0 0 0 0 0 0 0 0 0 0 0 0 0 0 0 0 0 0 0 0 0 0 0 0 0 0 0 0 0 0 ;
87 18 7 8 90 0 0 0 0 0 0 0 0 0 0 0 0 0 0 0 0 0 0 0 0 0 0 0 0 0 0 0 0 0 0 0 0 0 0 0 0 0 0 0 0 ;
69 22 45 8 64 43 0 0 0 0 0 0 0 0 0 0 0 0 0 0 0 0 0 0 0 0 0 0 0 0 0 0 0 0 0 0 0 0 0 0 0 0 0 0 0 ;
85 91 76 16 74 85 45 0 0 0 0 0 0 0 0 0 0 0 0 0 0 0 0 0 0 0 0 0 0 0 0 0 0 0 0 0 0 0 0 0 0 0 0 0 0 ;
88 53 44 29 16 33 40 75 0 0 0 0 0 0 0 0 0 0 0 0 0 0 0 0 0 0 0 0 0 0 0 0 0 0 0 0 0 0 0 0 0 0 0 0 0 ;
96 70 6 39 39 63 97 77 1 0 0 0 0 0 0 0 0 0 0 0 0 0 0 0 0 0 0 0 0 0 0 0 0 0 0 0 0 0 0 0 0 0 0 0 0 ;
79 44 61 88 57 8 57 7 4 10 0 0 0 0 0 0 0 0 0 0 0 0 0 0 0 0 0 0 0 0 0 0 0 0 0 0 0 0 0 0 0 0 0 0 0 ;
68 14 2 50 55 21 37 70 97 38 77 0 0 0 0 0 0 0 0 0 0 0 0 0 0 0 0 0 0 0 0 0 0 0 0 0 0 0 0 0 0 0 0 0 0 ;
50 31 72 93 83 67 13 75 58 6 23 30 0 0 0 0 0 0 0 0 0 0 0 0 0 0 0 0 0 0 0 0 0 0 0 0 0 0 0 0 0 0 0 0 0 ;
21 17 94 27 40 27 42 50 70 97 20 99 9 0 0 0 0 0 0 0 0 0 0 0 0 0 0 0 0 0 0 0 0 0 0 0 0 0 0 0 0 0 0 0 0 ;
32 20 9 68 50 28 17 62 15 43 43 37 55 3 0 0 0 0 0 0 0 0 0 0 0 0 0 0 0 0 0 0 0 0 0 0 0 0 0 0 0 0 0 0 0 ;
18 32 46 9 31 73 18 43 74 91 30 75 44 45 93 0 0 0 0 0 0 0 0 0 0 0 0 0 0 0 0 0 0 0 0 0 0 0 0 0 0 0 0 0 0 ;
99 87 98 85 63 100 69 62 45 23 98 100 27 49 99 7 0 0 0 0 0 0 0 0 0 0 0 0 0 0 0 0 0 0 0 0 0 0 0 0 0 0 0 0 0 ;
12 87 97 35 53 71 5 7 80 32 1 44 86 25 40 73 95 0 0 0 0 0 0 0 0 0 0 0 0 0 0 0 0 0 0 0 0 0 0 0 0 0 0 0 0 ;
6 58 21 26 67 72 74 9 75 90 41 34 95 27 98 69 86 44 0 0 0 0 0 0 0 0 0 0 0 0 0 0 0 0 0 0 0 0 0 0 0 0 0 0 0 ;
87 18 93 37 49 74 25 20 64 83 45 48 78 88 100 86 13 24 83 0 0 0 0 0 0 0 0 0 0 0 0 0 0 0 0 0 0 0 0 0 0 0 0 0 0 ;
91 37 39 3 95 1 16 78 11 89 28 96 43 81 90 91 72 100 73 34 0 0 0 0 0 0 0 0 0 0 0 0 0 0 0 0 0 0 0 0 0 0 0 0 0 ;
70 23 80 53 45 68 56 6 97 61 40 35 66 28 12 21 63 41 6 87 81 0 0 0 0 0 0 0 0 0 0 0 0 0 0 0 0 0 0 0 0 0 0 0 0 ;
9 11 90 75 58 66 44 80 75 83 41 34 75 17 20 12 83 25 47 41 23 19 0 0 0 0 0 0 0 0 0 0 0 0 0 0 0 0 0 0 0 0 0 0 0 ;
65 3 58 11 87 81 2 45 88 81 82 63 78 89 51 91 60 43 71 51 23 88 48 0 0 0 0 0 0 0 0 0 0 0 0 0 0 0 0 0 0 0 0 0 0 ;
37 59 90 68 88 30 99 87 38 38 70 76 60 35 50 25 23 8 75 49 68 19 54 6 0 0 0 0 0 0 0 0 0 0 0 0 0 0 0 0 0 0 0 0 0 ;
2 18 32 64 81 91 82 67 10 89 45 60 67 73 10 39 13 44 83 36 72 42 41 66 19 0 0 0 0 0 0 0 0 0 0 0 0 0 0 0 0 0 0 0 0 ;
92 16 9 34 66 80 84 23 64 62 17 95 100 8 4 80 4 65 87 3 55 34 42 25 81 26 0 0 0 0 0 0 0 0 0 0 0 0 0 0 0 0 0 0 0 ;
37 27 19 45 11 57 40 90 62 54 92 13 47 26 96 70 11 59 59 78 30 34 13 56 4 20 4 0 0 0 0 0 0 0 0 0 0 0 0 0 0 0 0 0 0 ;
59 78 60 69 52 12 38 53 8 33 94 67 6 4 58 90 6 22 43 15 73 93 3 18 47 12 16 88 0 0 0 0 0 0 0 0 0 0 0 0 0 0 0 0 0 ;
17 87 54 27 29 70 86 91 71 58 27 5 58 30 34 75 36 96 37 16 37 55 57 9 1 72 89 33 73 0 0 0 0 0 0 0 0 0 0 0 0 0 0 0 0 ;
49 33 57 47 38 6 51 14 55 34 25 34 49 94 64 78 30 6 62 37 28 23 10 84 72 27 91 32 81 35 0 0 0 0 0 0 0 0 0 0 0 0 0 0 0 ;
53 45 98 6 8 69 38 76 51 79 93 3 74 63 91 90 22 51 60 57 47 31 50 45 11 25 42 96 36 73 31 0 0 0 0 0 0 0 0 0 0 0 0 0 0 ;
44 16 81 18 10 69 45 98 85 57 52 32 53 74 79 54 15 1 97 34 72 37 85 26 41 64 40 70 51 98 33 90 0 0 0 0 0 0 0 0 0 0 0 0 0 ;
6 65 18 49 43 43 97 30 58 16 13 68 1 84 8 27 43 44 3 23 50 38 40 89 89 7 60 48 47 39 98 81 54 0 0 0 0 0 0 0 0 0 0 0 0 ;
7 66 14 73 53 88 85 94 12 46 87 61 51 75 44 19 6 65 5 10 8 84 6 39 94 55 26 39 8 47 68 99 28 37 0 0 0 0 0 0 0 0 0 0 0 ;
74 54 25 68 29 29 9 21 40 93 25 44 24 78 34 38 85 10 74 50 69 58 18 21 19 50 85 42 83 48 11 21 76 93 50 0 0 0 0 0 0 0 0 0 0 ;
44 58 3 38 68 91 21 48 71 60 18 11 12 79 74 4 30 80 35 15 24 86 37 15 36 29 51 18 77 44 48 100 63 10 18 97 0 0 0 0 0 0 0 0 0 ;
48 59 63 59 85 25 41 73 30 58 49 68 72 17 9 33 39 85 93 63 21 12 29 16 8 50 67 76 48 38 61 68 42 63 49 12 98 0 0 0 0 0 0 0 0 ;
24 31 34 9 46 74 60 24 87 1 11 80 64 74 19 74 75 70 47 96 59 6 90 15 48 31 52 49 45 63 81 34 91 45 15 29 16 87 0 0 0 0 0 0 0 ;
8 85 84 83 99 8 57 49 3 48 99 51 9 100 61 2 44 63 18 49 47 92 75 17 53 41 51 66 55 59 65 48 68 100 73 18 40 4 10 0 0 0 0 0 0 ;
88 29 91 89 92 63 9 63 95 63 37 55 47 19 50 4 35 3 57 19 5 66 65 76 13 28 42 35 64 30 36 84 75 83 10 69 59 31 1 33 0 0 0 0 0 ;
57 28 4 50 88 5 38 78 15 51 84 64 36 95 85 93 9 90 21 2 53 2 23 87 71 79 52 64 89 90 42 97 94 32 54 83 67 87 54 24 41 0 0 0 0 ;
77 68 37 17 79 98 61 76 72 41 70 72 89 79 24 16 9 5 56 56 50 39 94 65 57 63 68 78 29 78 26 58 21 55 73 89 90 5 74 46 84 10 0 0 0 ;
43 80 53 32 59 38 12 55 35 79 17 65 91 64 5 15 33 43 22 56 20 72 45 92 71 5 52 11 23 98 29 22 48 81 69 97 4 92 21 10 18 25 15 0 0 ;
86 77 44 67 25 72 96 99 66 39 33 57 97 22 9 50 51 80 58 30 80 15 80 8 22 13 48 35 9 67 20 24 31 30 9 27 19 67 15 61 23 8 89 88 0 ;
1 12 78 59 30 28 22 9 87 55 31 84 13 6 49 51 93 41 87 27 42 87 1 64 71 59 53 49 39 43 74 3 63 1 23 6 31 21 32 26 40 7 93 91 75 ]
w=[6, 10, 48, 29, 30, 16, 4, 22, 24, 25, 24, 20, 39, 28, 2, 40, 19, 49, 41, 3, 17, 46, 27, 4, 41, 23, 1, 23, 23, 30, 32, 50, 47, 25, 46, 13, 27, 16, 36, 37, 42, 25, 26, 49, 18]
W=82 
k=3 
inst_name = "QKP_45_100_100" 
feasible = true 
Q2=[89 0 0 0 0 0 0 0 0 0 0 0 0 0 0 0 0 0 0 0 0 0 0 0 0 0 0 0 0 0 0 0 0 0 0 0 0 0 0 0 0 0 0 0 0; 66 90 0 0 0 0 0 0 0 0 0 0 0 0 0 0 0 0 0 0 0 0 0 0 0 0 0 0 0 0 0 0 0 0 0 0 0 0 0 0 0 0 0 0 0; 13 100 78 0 0 0 0 0 0 0 0 0 0 0 0 0 0 0 0 0 0 0 0 0 0 0 0 0 0 0 0 0 0 0 0 0 0 0 0 0 0 0 0 0 0; 93 0 67 96 0 0 0 0 0 0 0 0 0 0 0 0 0 0 0 0 0 0 0 0 0 0 0 0 0 0 0 0 0 0 0 0 0 0 0 0 0 0 0 0 0; 7 83 95 92 9 0 0 0 0 0 0 0 0 0 0 0 0 0 0 0 0 0 0 0 0 0 0 0 0 0 0 0 0 0 0 0 0 0 0 0 0 0 0 0 0; 26 83 82 95 30 76 0 0 0 0 0 0 0 0 0 0 0 0 0 0 0 0 0 0 0 0 0 0 0 0 0 0 0 0 0 0 0 0 0 0 0 0 0 0 0; 14 0 10 92 12 13 96 0 0 0 0 0 0 0 0 0 0 0 0 0 0 0 0 0 0 0 0 0 0 0 0 0 0 0 0 0 0 0 0 0 0 0 0 0 0; 0 19 59 95 94 83 75 17 0 0 0 0 0 0 0 0 0 0 0 0 0 0 0 0 0 0 0 0 0 0 0 0 0 0 0 0 0 0 0 0 0 0 0 0 0; 1 20 98 61 78 35 1 11 99 0 0 0 0 0 0 0 0 0 0 0 0 0 0 0 0 0 0 0 0 0 0 0 0 0 0 0 0 0 0 0 0 0 0 0 0; 11 62 18 0 7 94 42 99 96 95 0 0 0 0 0 0 0 0 0 0 0 0 0 0 0 0 0 0 0 0 0 0 0 0 0 0 0 0 0 0 0 0 0 0 0; 32 97 98 30 13 87 84 10 1 70 21 0 0 0 0 0 0 0 0 0 0 0 0 0 0 0 0 0 0 0 0 0 0 0 0 0 0 0 0 0 0 0 0 0 0; 15 80 4 0 12 27 90 8 7 100 80 91 0 0 0 0 0 0 0 0 0 0 0 0 0 0 0 0 0 0 0 0 0 0 0 0 0 0 0 0 0 0 0 0 0; 98 93 3 100 85 81 83 16 9 0 84 0 100 0 0 0 0 0 0 0 0 0 0 0 0 0 0 0 0 0 0 0 0 0 0 0 0 0 0 0 0 0 0 0 0; 74 100 98 29 26 89 92 35 94 66 95 97 5 98 0 0 0 0 0 0 0 0 0 0 0 0 0 0 0 0 0 0 0 0 0 0 0 0 0 0 0 0 0 0 0; 85 75 100 96 91 6 85 98 22 7 71 1 100 74 0 0 0 0 0 0 0 0 0 0 0 0 0 0 0 0 0 0 0 0 0 0 0 0 0 0 0 0 0 0 0; 1 3 0 4 0 0 15 32 99 90 0 0 87 92 1 100 0 0 0 0 0 0 0 0 0 0 0 0 0 0 0 0 0 0 0 0 0 0 0 0 0 0 0 0 0; 89 4 3 98 43 16 100 95 10 88 100 75 7 89 70 5 2 0 0 0 0 0 0 0 0 0 0 0 0 0 0 0 0 0 0 0 0 0 0 0 0 0 0 0 0; 94 3 100 76 27 19 3 93 2 3 78 96 2 75 0 26 7 94 0 0 0 0 0 0 0 0 0 0 0 0 0 0 0 0 0 0 0 0 0 0 0 0 0 0 0; 6 88 2 98 63 8 78 87 9 15 55 99 3 9 0 2 100 94 16 0 0 0 0 0 0 0 0 0 0 0 0 0 0 0 0 0 0 0 0 0 0 0 0 0 0; 2 78 62 98 4 99 100 15 93 7 81 1 59 17 8 6 7 0 7 90 0 0 0 0 0 0 0 0 0 0 0 0 0 0 0 0 0 0 0 0 0 0 0 0 0; 29 98 11 7 78 24 24 96 0 39 62 99 27 95 99 97 33 70 98 6 2 0 0 0 0 0 0 0 0 0 0 0 0 0 0 0 0 0 0 0 0 0 0 0 0; 94 97 6 11 2 19 88 12 23 2 79 91 19 94 100 91 3 80 69 65 87 98 0 0 0 0 0 0 0 0 0 0 0 0 0 0 0 0 0 0 0 0 0 0 0; 2 98 17 91 0 11 99 70 2 2 14 4 19 7 4 4 8 92 8 1 78 2 94 0 0 0 0 0 0 0 0 0 0 0 0 0 0 0 0 0 0 0 0 0 0; 79 38 9 1 2 84 0 2 85 64 25 9 10 97 27 85 89 93 21 56 21 81 19 94 0 0 0 0 0 0 0 0 0 0 0 0 0 0 0 0 0 0 0 0 0; 98 98 75 10 12 1 18 23 96 11 93 40 29 22 97 76 91 66 10 70 13 59 59 12 93 0 0 0 0 0 0 0 0 0 0 0 0 0 0 0 0 0 0 0 0; 8 85 95 68 10 11 9 98 25 28 87 3 0 98 100 10 96 10 3 99 8 88 64 97 17 89 0 0 0 0 0 0 0 0 0 0 0 0 0 0 0 0 0 0 0; 63 76 100 82 91 0 78 7 29 20 4 100 86 82 2 29 93 10 27 19 95 80 96 24 96 93 96 0 0 0 0 0 0 0 0 0 0 0 0 0 0 0 0 0 0; 22 4 4 17 24 100 88 2 94 77 3 9 100 96 7 10 96 82 64 99 11 2 100 85 64 91 85 0 0 0 0 0 0 0 0 0 0 0 0 0 0 0 0 0 0; 90 12 18 88 71 10 2 7 9 19 95 99 29 98 91 10 94 3 87 90 79 39 7 97 99 5 1 100 11 0 0 0 0 0 0 0 0 0 0 0 0 0 0 0 0; 56 75 10 65 69 99 46 96 27 92 97 71 73 2 17 1 90 97 22 82 87 86 99 11 2 80 9 87 15 89 0 0 0 0 0 0 0 0 0 0 0 0 0 0 0; 3 62 2 94 99 12 99 7 24 12 2 97 23 30 7 9 82 17 21 2 67 98 49 59 93 76 68 3 100 23 98 0 0 0 0 0 0 0 0 0 0 0 0 0 0; 83 85 14 82 91 3 56 0 9 3 11 68 0 3 1 2 88 100 2 98 23 74 10 78 78 0 93 22 42 2 81 0 0 0 0 0 0 0 0 0 0 0 0 0 0; 99 3 95 78 57 94 2 89 19 94 90 17 99 15 92 73 88 71 97 93 45 99 76 8 3 97 23 70 94 77 0 16 27 0 0 0 0 0 0 0 0 0 0 0 0; 98 14 100 14 40 5 12 1 93 85 12 11 5 10 60 100 98 11 100 90 94 6 94 77 2 13 75 98 94 67 7 0 84 63 0 0 0 0 0 0 0 0 0 0 0; 23 45 88 5 80 95 97 85 76 1 87 67 89 22 79 84 13 100 4 45 15 16 85 99 99 6 9 69 12 87 91 87 10 2 30 0 0 0 0 0 0 0 0 0 0; 85 0 98 86 22 0 97 77 23 21 99 89 100 5 7 98 87 8 76 86 95 11 100 88 79 73 29 85 15 56 84 0 27 96 94 2 0 0 0 0 0 0 0 0 0; 69 17 14 20 2 94 92 2 96 0 82 32 6 94 97 91 71 14 6 15 80 88 97 86 98 47 4 24 54 87 5 23 63 19 65 92 0 0 0 0 0 0 0 0 0; 89 98 79 92 80 23 26 84 1 99 89 13 10 6 81 17 21 18 84 2 20 96 4 99 94 77 32 85 71 4 1 85 9 85 85 82 99 3 0 0 0 0 0 0 0; 95 7 3 9 0 96 18 90 99 85 1 16 98 0 28 98 84 29 92 69 92 2 14 88 42 98 12 32 10 23 26 68 21 0 4 90 95 100 93 0 0 0 0 0 0; 9 88 4 10 7 22 99 35 4 24 87 26 65 95 44 98 93 98 9 92 95 24 7 1 98 82 65 76 13 91 81 1 24 3 100 1 9 88 99 86 0 0 0 0 0; 31 89 100 33 7 98 68 5 100 41 14 35 85 0 1 5 99 0 99 98 45 100 97 3 10 11 45 21 1 2 60 1 1 70 2 12 14 12 16 80 63 0 0 0 0; 9 5 83 83 3 1 34 18 25 65 7 1 11 8 78 90 98 100 42 30 0 63 5 3 16 17 25 19 100 1 98 28 97 23 24 0 8 95 23 100 11 96 0 0 0; 86 20 14 88 32 99 96 41 81 3 100 2 9 1 100 96 99 77 81 28 91 12 84 3 9 98 43 99 89 0 84 100 65 4 6 3 98 0 99 91 89 80 95 0 0; 5 3 99 13 93 19 2 1 25 66 94 25 2 89 93 18 37 4 9 73 4 94 14 100 87 98 72 82 98 2 98 80 90 88 91 95 84 20 89 27 81 98 5 12 0; 100 90 1 24 87 87 89 92 0 20 78 14 87 98 52 13 1 80 5 78 99 0 99 30 1 36 39 93 67 63 4 98 24 99 96 94 91 84 77 81 83 97 0 0 7]
