n=40
density=100
Q1=[89 0 0 0 0 0 0 0 0 0 0 0 0 0 0 0 0 0 0 0 0 0 0 0 0 0 0 0 0 0 0 0 0 0 0 0 0 0 0 0 ;
169 74 0 0 0 0 0 0 0 0 0 0 0 0 0 0 0 0 0 0 0 0 0 0 0 0 0 0 0 0 0 0 0 0 0 0 0 0 0 0 ;
61 4 53 0 0 0 0 0 0 0 0 0 0 0 0 0 0 0 0 0 0 0 0 0 0 0 0 0 0 0 0 0 0 0 0 0 0 0 0 0 ;
100 81 195 170 0 0 0 0 0 0 0 0 0 0 0 0 0 0 0 0 0 0 0 0 0 0 0 0 0 0 0 0 0 0 0 0 0 0 0 0 ;
22 149 146 23 1 0 0 0 0 0 0 0 0 0 0 0 0 0 0 0 0 0 0 0 0 0 0 0 0 0 0 0 0 0 0 0 0 0 0 0 ;
40 133 132 23 91 158 0 0 0 0 0 0 0 0 0 0 0 0 0 0 0 0 0 0 0 0 0 0 0 0 0 0 0 0 0 0 0 0 0 0 ;
196 26 91 19 29 180 80 0 0 0 0 0 0 0 0 0 0 0 0 0 0 0 0 0 0 0 0 0 0 0 0 0 0 0 0 0 0 0 0 0 ;
67 76 163 40 131 44 83 134 0 0 0 0 0 0 0 0 0 0 0 0 0 0 0 0 0 0 0 0 0 0 0 0 0 0 0 0 0 0 0 0 ;
95 25 69 30 158 182 80 40 16 0 0 0 0 0 0 0 0 0 0 0 0 0 0 0 0 0 0 0 0 0 0 0 0 0 0 0 0 0 0 0 ;
30 143 196 155 72 95 112 26 11 57 0 0 0 0 0 0 0 0 0 0 0 0 0 0 0 0 0 0 0 0 0 0 0 0 0 0 0 0 0 0 ;
187 49 29 25 102 88 172 65 16 129 140 0 0 0 0 0 0 0 0 0 0 0 0 0 0 0 0 0 0 0 0 0 0 0 0 0 0 0 0 0 ;
117 118 47 112 98 18 192 18 93 61 138 137 0 0 0 0 0 0 0 0 0 0 0 0 0 0 0 0 0 0 0 0 0 0 0 0 0 0 0 0 ;
44 8 165 34 127 130 133 33 133 176 79 138 28 0 0 0 0 0 0 0 0 0 0 0 0 0 0 0 0 0 0 0 0 0 0 0 0 0 0 0 ;
19 75 12 191 41 63 128 145 70 58 86 60 82 166 0 0 0 0 0 0 0 0 0 0 0 0 0 0 0 0 0 0 0 0 0 0 0 0 0 0 ;
133 179 25 164 190 48 89 2 1 90 153 90 83 176 16 0 0 0 0 0 0 0 0 0 0 0 0 0 0 0 0 0 0 0 0 0 0 0 0 0 ;
10 10 1 8 198 143 88 61 64 66 53 107 138 96 166 62 0 0 0 0 0 0 0 0 0 0 0 0 0 0 0 0 0 0 0 0 0 0 0 0 ;
99 10 28 34 148 154 4 158 43 111 176 107 181 128 55 108 178 0 0 0 0 0 0 0 0 0 0 0 0 0 0 0 0 0 0 0 0 0 0 0 ;
37 165 144 9 74 87 141 144 42 13 120 117 22 74 53 8 149 27 0 0 0 0 0 0 0 0 0 0 0 0 0 0 0 0 0 0 0 0 0 0 ;
150 21 12 44 60 193 128 11 147 138 20 71 129 123 199 81 168 87 70 0 0 0 0 0 0 0 0 0 0 0 0 0 0 0 0 0 0 0 0 0 ;
70 12 22 62 102 140 151 89 70 140 147 51 150 40 117 18 179 11 96 49 0 0 0 0 0 0 0 0 0 0 0 0 0 0 0 0 0 0 0 0 ;
173 14 79 12 136 3 183 53 120 140 95 146 129 31 99 196 186 148 161 2 160 0 0 0 0 0 0 0 0 0 0 0 0 0 0 0 0 0 0 0 ;
152 26 57 174 105 49 115 143 186 2 4 73 186 40 143 59 34 120 82 80 46 146 0 0 0 0 0 0 0 0 0 0 0 0 0 0 0 0 0 0 ;
120 190 13 158 174 28 25 120 31 88 149 26 197 4 18 186 155 38 70 14 102 103 55 0 0 0 0 0 0 0 0 0 0 0 0 0 0 0 0 0 ;
48 122 81 99 143 9 90 146 93 1 145 135 67 26 197 92 110 107 78 200 147 94 177 153 0 0 0 0 0 0 0 0 0 0 0 0 0 0 0 0 ;
61 197 71 131 68 110 61 142 85 96 140 99 146 40 105 126 36 155 182 7 35 49 44 189 14 0 0 0 0 0 0 0 0 0 0 0 0 0 0 0 ;
15 23 160 9 5 187 127 102 183 105 144 130 43 83 71 159 27 32 122 38 130 29 145 36 20 181 0 0 0 0 0 0 0 0 0 0 0 0 0 0 ;
12 70 22 12 118 88 19 61 25 149 159 84 162 41 135 81 198 14 34 165 173 69 80 27 199 187 67 0 0 0 0 0 0 0 0 0 0 0 0 0 ;
174 9 167 76 31 95 145 192 103 76 173 74 13 11 157 137 177 97 22 174 84 116 14 13 82 163 87 43 0 0 0 0 0 0 0 0 0 0 0 0 ;
8 30 169 190 152 133 157 26 18 177 14 12 93 13 157 186 171 11 164 7 192 138 64 60 200 27 104 136 68 0 0 0 0 0 0 0 0 0 0 0 ;
104 132 88 42 21 105 78 29 178 49 140 37 84 61 127 17 181 93 61 4 23 6 45 59 79 130 98 43 36 86 0 0 0 0 0 0 0 0 0 0 ;
12 72 173 85 87 32 137 171 78 22 100 10 153 130 14 105 93 54 71 4 102 182 121 64 38 128 33 163 155 164 22 0 0 0 0 0 0 0 0 0 ;
103 195 108 77 57 16 120 49 152 80 63 171 172 89 42 89 82 68 120 189 79 4 44 49 164 3 179 61 146 105 140 189 0 0 0 0 0 0 0 0 ;
101 48 29 92 54 94 72 133 93 171 108 159 120 87 167 42 102 107 146 170 17 13 135 20 164 58 195 23 142 178 53 116 45 0 0 0 0 0 0 0 ;
58 109 109 108 164 151 52 9 167 77 118 92 178 178 183 54 85 36 76 73 131 59 21 114 105 30 181 158 63 98 31 70 75 124 0 0 0 0 0 0 ;
157 137 168 179 172 52 36 32 47 96 64 23 71 165 149 69 156 17 117 197 68 105 5 16 42 13 188 85 158 127 138 8 195 196 89 0 0 0 0 0 ;
3 57 42 93 99 198 132 179 38 111 173 58 83 46 149 107 177 175 90 134 3 97 68 78 163 124 98 73 112 59 95 191 66 17 97 144 0 0 0 0 ;
199 46 178 138 168 124 64 52 89 129 68 59 115 180 152 188 142 28 124 106 152 195 200 63 155 29 158 55 67 129 140 163 5 70 48 131 121 0 0 0 ;
7 118 29 144 193 89 63 131 94 180 10 115 131 25 42 193 10 37 106 63 150 105 197 18 171 102 75 168 120 134 184 105 30 104 130 16 135 34 0 0 ;
115 156 35 54 178 103 140 156 58 35 158 122 20 27 116 5 195 110 1 132 22 195 166 56 140 100 58 85 6 22 56 47 39 87 108 45 167 95 13 0 ;
131 28 86 72 151 122 160 114 10 2 128 58 62 130 181 19 182 138 32 50 8 109 76 151 188 47 53 154 35 197 115 79 98 26 45 132 54 70 80 48 ]
w=[35, 55, 39, 74, 79, 19, 55, 35, 15, 26, 45, 41, 64, 57, 23, 43, 14, 40, 72, 18, 74, 73, 56, 93, 10, 26, 52, 22, 78, 43, 15, 1, 100, 92, 91, 50, 6, 45, 53, 90]
W=231 
k=10 
inst_name = "QKP_40_200_100" 
feasible = true 
Q2=[182 0 0 0 0 0 0 0 0 0 0 0 0 0 0 0 0 0 0 0 0 0 0 0 0 0 0 0 0 0 0 0 0 0 0 0 0 0 0 0; 0 168 0 0 0 0 0 0 0 0 0 0 0 0 0 0 0 0 0 0 0 0 0 0 0 0 0 0 0 0 0 0 0 0 0 0 0 0 0 0; 181 197 151 0 0 0 0 0 0 0 0 0 0 0 0 0 0 0 0 0 0 0 0 0 0 0 0 0 0 0 0 0 0 0 0 0 0 0 0 0; 86 161 3 19 0 0 0 0 0 0 0 0 0 0 0 0 0 0 0 0 0 0 0 0 0 0 0 0 0 0 0 0 0 0 0 0 0 0 0 0; 181 27 18 181 199 0 0 0 0 0 0 0 0 0 0 0 0 0 0 0 0 0 0 0 0 0 0 0 0 0 0 0 0 0 0 0 0 0 0 0; 172 48 56 198 187 33 0 0 0 0 0 0 0 0 0 0 0 0 0 0 0 0 0 0 0 0 0 0 0 0 0 0 0 0 0 0 0 0 0 0; 4 182 149 182 180 20 148 0 0 0 0 0 0 0 0 0 0 0 0 0 0 0 0 0 0 0 0 0 0 0 0 0 0 0 0 0 0 0 0 0; 135 172 25 160 21 178 198 16 0 0 0 0 0 0 0 0 0 0 0 0 0 0 0 0 0 0 0 0 0 0 0 0 0 0 0 0 0 0 0 0; 142 196 198 188 27 15 122 168 190 0 0 0 0 0 0 0 0 0 0 0 0 0 0 0 0 0 0 0 0 0 0 0 0 0 0 0 0 0 0 0; 200 45 3 6 169 133 27 176 199 145 0 0 0 0 0 0 0 0 0 0 0 0 0 0 0 0 0 0 0 0 0 0 0 0 0 0 0 0 0 0; 1 162 178 188 95 178 27 141 185 7 14 0 0 0 0 0 0 0 0 0 0 0 0 0 0 0 0 0 0 0 0 0 0 0 0 0 0 0 0 0; 63 68 154 48 107 193 2 199 176 193 39 32 0 0 0 0 0 0 0 0 0 0 0 0 0 0 0 0 0 0 0 0 0 0 0 0 0 0 0 0; 175 192 12 174 58 26 29 177 32 4 137 61 187 0 0 0 0 0 0 0 0 0 0 0 0 0 0 0 0 0 0 0 0 0 0 0 0 0 0 0; 196 159 200 5 176 142 22 49 150 187 187 191 187 9 0 0 0 0 0 0 0 0 0 0 0 0 0 0 0 0 0 0 0 0 0 0 0 0 0 0; 67 10 175 15 5 188 177 198 200 168 39 178 157 2 187 0 0 0 0 0 0 0 0 0 0 0 0 0 0 0 0 0 0 0 0 0 0 0 0 0; 193 196 199 192 1 43 173 199 185 184 185 2 20 199 29 196 0 0 0 0 0 0 0 0 0 0 0 0 0 0 0 0 0 0 0 0 0 0 0 0; 172 195 188 171 48 1 200 3 159 54 20 57 13 49 175 9 4 0 0 0 0 0 0 0 0 0 0 0 0 0 0 0 0 0 0 0 0 0 0 0; 171 13 51 196 137 186 50 36 172 195 48 52 185 197 164 199 30 181 0 0 0 0 0 0 0 0 0 0 0 0 0 0 0 0 0 0 0 0 0 0; 28 197 191 199 195 4 64 200 35 5 190 136 8 20 1 148 10 187 148 0 0 0 0 0 0 0 0 0 0 0 0 0 0 0 0 0 0 0 0 0; 133 199 190 177 93 26 6 111 180 17 52 172 14 190 59 193 13 195 143 175 0 0 0 0 0 0 0 0 0 0 0 0 0 0 0 0 0 0 0 0; 12 196 193 194 58 198 7 177 53 53 112 21 66 196 169 0 9 45 21 199 28 0 0 0 0 0 0 0 0 0 0 0 0 0 0 0 0 0 0 0; 37 199 155 20 93 164 23 31 10 199 196 182 7 174 4 193 177 68 166 150 161 53 0 0 0 0 0 0 0 0 0 0 0 0 0 0 0 0 0 0; 66 5 195 7 22 192 198 9 179 117 8 187 2 197 198 11 6 162 147 192 9 64 189 0 0 0 0 0 0 0 0 0 0 0 0 0 0 0 0 0; 172 37 145 159 54 193 136 9 174 200 45 11 198 179 0 196 19 63 164 0 5 197 22 30 0 0 0 0 0 0 0 0 0 0 0 0 0 0 0 0; 139 1 174 68 136 16 181 24 120 180 6 161 24 182 67 20 184 36 1 199 175 160 167 2 191 0 0 0 0 0 0 0 0 0 0 0 0 0 0 0; 188 188 2 200 199 11 3 34 10 72 47 64 181 122 175 19 198 179 39 171 60 200 46 192 200 3 0 0 0 0 0 0 0 0 0 0 0 0 0 0; 199 182 188 190 16 191 200 152 181 5 10 185 16 196 7 189 0 198 178 24 3 150 125 173 1 10 150 0 0 0 0 0 0 0 0 0 0 0 0 0; 1 199 3 174 171 173 0 5 88 132 22 179 194 189 33 52 9 166 180 4 189 70 187 192 140 9 200 161 0 0 0 0 0 0 0 0 0 0 0 0; 193 175 13 4 29 59 8 188 197 23 197 198 118 193 35 0 6 199 6 197 1 47 136 182 0 179 45 34 187 0 0 0 0 0 0 0 0 0 0 0; 81 61 176 163 195 52 190 178 12 157 12 171 197 162 16 197 12 115 188 197 186 195 162 153 147 65 170 194 185 146 0 0 0 0 0 0 0 0 0 0; 197 132 0 160 174 200 15 20 149 197 66 196 31 39 190 30 156 155 159 196 96 5 23 154 163 13 177 7 28 34 198 0 0 0 0 0 0 0 0 0; 26 0 57 127 180 198 67 151 2 134 157 3 17 199 192 170 133 173 32 0 197 197 169 168 5 200 6 198 16 46 45 7 0 0 0 0 0 0 0 0; 51 182 183 163 184 182 140 17 175 0 13 23 44 196 31 193 77 76 2 8 192 193 52 193 23 157 4 179 33 19 170 45 192 0 0 0 0 0 0 0; 168 1 81 62 13 24 163 197 27 198 9 143 3 3 0 159 200 173 169 149 37 187 196 61 76 191 11 32 155 181 192 150 184 15 0 0 0 0 0 0; 4 2 2 6 9 175 185 200 171 147 187 200 135 34 5 174 10 196 81 1 154 11 196 197 191 189 2 178 14 63 16 195 5 0 116 0 0 0 0 0; 198 170 190 152 107 2 5 18 197 48 17 186 125 169 21 44 1 7 138 26 197 148 169 143 6 69 171 181 53 162 116 9 155 200 129 11 0 0 0 0; 0 170 15 9 24 76 194 184 127 19 180 185 11 12 21 11 58 183 3 34 39 4 0 199 9 176 15 184 179 3 60 14 199 130 177 12 18 0 0 0; 200 47 182 24 1 178 160 61 189 18 197 41 53 179 167 6 197 197 9 194 32 15 2 188 25 12 149 15 30 3 13 4 174 88 58 186 57 194 0 0; 24 22 195 157 5 23 26 25 162 169 28 51 181 173 70 196 5 88 199 38 185 2 9 165 14 23 142 118 199 178 175 183 191 176 42 167 31 105 198 0; 15 183 174 184 24 58 18 54 200 199 26 180 196 0 14 185 14 39 169 199 193 58 199 48 2 173 190 10 170 1 69 158 184 194 192 12 198 145 196 185]
