n=25
density=100
Q1=[87 0 0 0 0 0 0 0 0 0 0 0 0 0 0 0 0 0 0 0 0 0 0 0 0 ;
85 66 0 0 0 0 0 0 0 0 0 0 0 0 0 0 0 0 0 0 0 0 0 0 0 ;
26 134 10 0 0 0 0 0 0 0 0 0 0 0 0 0 0 0 0 0 0 0 0 0 0 ;
88 153 22 98 0 0 0 0 0 0 0 0 0 0 0 0 0 0 0 0 0 0 0 0 0 ;
172 23 80 9 175 0 0 0 0 0 0 0 0 0 0 0 0 0 0 0 0 0 0 0 0 ;
68 117 8 38 95 101 0 0 0 0 0 0 0 0 0 0 0 0 0 0 0 0 0 0 0 ;
178 51 17 108 139 197 54 0 0 0 0 0 0 0 0 0 0 0 0 0 0 0 0 0 0 ;
166 52 55 32 175 139 135 109 0 0 0 0 0 0 0 0 0 0 0 0 0 0 0 0 0 ;
45 34 98 56 11 32 109 185 5 0 0 0 0 0 0 0 0 0 0 0 0 0 0 0 0 ;
137 63 120 75 51 150 92 113 127 169 0 0 0 0 0 0 0 0 0 0 0 0 0 0 0 ;
169 59 154 82 19 2 66 178 181 194 10 0 0 0 0 0 0 0 0 0 0 0 0 0 0 ;
137 54 194 39 45 74 171 97 64 28 125 176 0 0 0 0 0 0 0 0 0 0 0 0 0 ;
98 121 59 108 197 107 51 66 18 97 85 19 122 0 0 0 0 0 0 0 0 0 0 0 0 ;
111 123 96 63 37 79 172 73 82 57 145 76 173 166 0 0 0 0 0 0 0 0 0 0 0 ;
18 60 79 198 84 130 199 132 166 3 23 92 104 57 61 0 0 0 0 0 0 0 0 0 0 ;
13 10 132 112 153 39 75 21 4 177 24 155 158 143 90 118 0 0 0 0 0 0 0 0 0 ;
153 3 146 76 105 171 17 119 24 192 109 197 26 42 140 38 7 0 0 0 0 0 0 0 0 ;
161 196 132 49 149 150 40 152 189 4 187 76 161 129 17 80 121 10 0 0 0 0 0 0 0 ;
4 174 170 110 2 130 54 125 104 180 81 144 110 109 53 98 117 33 59 0 0 0 0 0 0 ;
97 139 81 101 49 99 3 144 66 108 39 154 41 39 56 146 127 114 100 57 0 0 0 0 0 ;
130 7 36 69 21 84 29 142 37 61 85 92 103 8 160 5 7 45 102 139 158 0 0 0 0 ;
52 90 61 157 68 56 151 111 85 177 127 184 142 167 163 83 134 39 110 184 33 161 0 0 0 ;
181 111 74 167 100 38 198 169 77 81 178 164 155 5 16 75 56 200 68 128 139 169 69 0 0 ;
91 121 165 66 131 200 69 89 33 41 108 14 111 161 112 108 106 146 2 144 22 198 156 105 0 ;
51 190 5 124 90 199 106 64 147 138 42 93 103 9 182 80 122 28 4 104 105 163 177 158 180 ]
w=[27, 21, 86, 88, 79, 13, 42, 60, 99, 44, 4, 31, 91, 11, 34, 12, 21, 33, 68, 60, 2, 2, 23, 2, 9]
W=76 
k=3 
inst_name = "QKP_25_200_100" 
feasible = true 
Q2=[135 0 0 0 0 0 0 0 0 0 0 0 0 0 0 0 0 0 0 0 0 0 0 0 0; 150 158 0 0 0 0 0 0 0 0 0 0 0 0 0 0 0 0 0 0 0 0 0 0 0; 189 44 190 0 0 0 0 0 0 0 0 0 0 0 0 0 0 0 0 0 0 0 0 0 0; 193 0 198 124 0 0 0 0 0 0 0 0 0 0 0 0 0 0 0 0 0 0 0 0 0; 1 180 150 194 4 0 0 0 0 0 0 0 0 0 0 0 0 0 0 0 0 0 0 0 0; 176 24 193 195 138 43 0 0 0 0 0 0 0 0 0 0 0 0 0 0 0 0 0 0 0; 7 169 196 40 26 2 187 0 0 0 0 0 0 0 0 0 0 0 0 0 0 0 0 0 0; 10 162 162 187 14 34 53 3 0 0 0 0 0 0 0 0 0 0 0 0 0 0 0 0 0; 185 169 111 179 192 178 56 4 195 0 0 0 0 0 0 0 0 0 0 0 0 0 0 0 0; 19 190 74 159 171 13 175 12 6 7 0 0 0 0 0 0 0 0 0 0 0 0 0 0 0; 3 151 12 199 190 199 147 8 17 2 199 0 0 0 0 0 0 0 0 0 0 0 0 0 0; 22 198 4 171 187 167 14 176 140 197 42 23 0 0 0 0 0 0 0 0 0 0 0 0 0; 127 31 167 14 1 58 187 144 182 126 131 183 60 0 0 0 0 0 0 0 0 0 0 0 0; 70 65 113 172 184 194 21 175 142 160 53 167 25 19 0 0 0 0 0 0 0 0 0 0 0; 196 198 123 1 195 51 0 19 12 197 196 163 8 192 150 0 0 0 0 0 0 0 0 0 0; 197 198 46 85 10 199 183 196 197 2 182 29 28 14 136 2 0 0 0 0 0 0 0 0 0; 42 199 53 146 39 4 186 77 199 5 66 2 182 182 46 162 200 0 0 0 0 0 0 0 0; 26 4 46 157 9 6 175 8 4 196 8 190 27 63 195 143 35 191 0 0 0 0 0 0 0; 198 11 6 88 200 43 187 48 63 17 164 12 51 67 176 160 22 171 194 0 0 0 0 0 0; 136 55 170 61 172 171 199 56 158 18 161 21 165 200 179 53 5 68 55 161 0 0 0 0 0; 20 199 166 193 197 123 183 29 174 152 116 162 24 200 30 196 198 177 61 50 3 0 0 0 0; 161 191 160 35 144 180 14 56 122 6 8 0 49 1 5 121 49 171 65 2 183 3 0 0 0; 11 27 132 16 9 191 1 10 184 198 21 4 44 196 186 200 152 0 170 52 43 15 180 0 0; 173 10 29 137 27 0 194 119 189 170 31 199 53 31 84 26 40 24 199 9 184 2 40 55 0; 199 1 197 17 188 0 37 177 28 23 179 125 33 199 10 137 36 197 198 25 52 34 18 26 2]
