n=40
density=50
Q1=[192 0 0 0 0 0 0 0 0 0 0 0 0 0 0 0 0 0 0 0 0 0 0 0 0 0 0 0 0 0 0 0 0 0 0 0 0 0 0 0 ;
44 149 0 0 0 0 0 0 0 0 0 0 0 0 0 0 0 0 0 0 0 0 0 0 0 0 0 0 0 0 0 0 0 0 0 0 0 0 0 0 ;
124 0 159 0 0 0 0 0 0 0 0 0 0 0 0 0 0 0 0 0 0 0 0 0 0 0 0 0 0 0 0 0 0 0 0 0 0 0 0 0 ;
0 0 0 0 0 0 0 0 0 0 0 0 0 0 0 0 0 0 0 0 0 0 0 0 0 0 0 0 0 0 0 0 0 0 0 0 0 0 0 0 ;
0 0 149 0 0 0 0 0 0 0 0 0 0 0 0 0 0 0 0 0 0 0 0 0 0 0 0 0 0 0 0 0 0 0 0 0 0 0 0 0 ;
132 57 0 0 88 28 0 0 0 0 0 0 0 0 0 0 0 0 0 0 0 0 0 0 0 0 0 0 0 0 0 0 0 0 0 0 0 0 0 0 ;
0 12 36 193 0 65 0 0 0 0 0 0 0 0 0 0 0 0 0 0 0 0 0 0 0 0 0 0 0 0 0 0 0 0 0 0 0 0 0 0 ;
0 0 52 98 80 0 0 12 0 0 0 0 0 0 0 0 0 0 0 0 0 0 0 0 0 0 0 0 0 0 0 0 0 0 0 0 0 0 0 0 ;
0 86 55 198 0 79 0 0 185 0 0 0 0 0 0 0 0 0 0 0 0 0 0 0 0 0 0 0 0 0 0 0 0 0 0 0 0 0 0 0 ;
57 1 28 0 0 88 0 0 0 0 0 0 0 0 0 0 0 0 0 0 0 0 0 0 0 0 0 0 0 0 0 0 0 0 0 0 0 0 0 0 ;
31 0 0 87 108 0 154 183 0 175 142 0 0 0 0 0 0 0 0 0 0 0 0 0 0 0 0 0 0 0 0 0 0 0 0 0 0 0 0 0 ;
0 0 0 70 0 0 0 111 0 176 164 136 0 0 0 0 0 0 0 0 0 0 0 0 0 0 0 0 0 0 0 0 0 0 0 0 0 0 0 0 ;
46 71 0 72 87 0 0 0 8 0 91 128 0 0 0 0 0 0 0 0 0 0 0 0 0 0 0 0 0 0 0 0 0 0 0 0 0 0 0 0 ;
0 0 0 0 7 0 0 0 80 160 0 0 0 60 0 0 0 0 0 0 0 0 0 0 0 0 0 0 0 0 0 0 0 0 0 0 0 0 0 0 ;
0 103 12 0 76 0 0 0 0 135 0 0 0 159 22 0 0 0 0 0 0 0 0 0 0 0 0 0 0 0 0 0 0 0 0 0 0 0 0 0 ;
0 19 0 158 94 79 194 0 141 0 0 0 140 0 128 51 0 0 0 0 0 0 0 0 0 0 0 0 0 0 0 0 0 0 0 0 0 0 0 0 ;
199 5 137 0 164 0 63 5 0 165 39 0 0 81 16 0 0 0 0 0 0 0 0 0 0 0 0 0 0 0 0 0 0 0 0 0 0 0 0 0 ;
41 7 0 119 111 0 197 0 0 20 99 0 0 106 3 16 0 31 0 0 0 0 0 0 0 0 0 0 0 0 0 0 0 0 0 0 0 0 0 0 ;
0 129 168 0 0 0 121 185 43 76 144 93 131 4 0 179 197 0 134 0 0 0 0 0 0 0 0 0 0 0 0 0 0 0 0 0 0 0 0 0 ;
95 0 32 0 143 86 0 75 0 0 40 16 0 0 180 21 0 54 164 0 0 0 0 0 0 0 0 0 0 0 0 0 0 0 0 0 0 0 0 0 ;
189 28 0 0 124 0 173 168 115 8 14 0 149 132 163 0 147 0 200 191 154 0 0 0 0 0 0 0 0 0 0 0 0 0 0 0 0 0 0 0 ;
179 100 0 0 78 0 194 142 0 0 143 182 45 110 138 0 0 0 0 56 8 0 0 0 0 0 0 0 0 0 0 0 0 0 0 0 0 0 0 0 ;
29 166 0 199 0 191 51 19 0 0 154 13 0 0 15 178 0 68 7 0 14 0 0 0 0 0 0 0 0 0 0 0 0 0 0 0 0 0 0 0 ;
0 74 54 0 0 151 0 55 144 87 112 59 186 0 0 31 0 0 0 161 0 169 0 200 0 0 0 0 0 0 0 0 0 0 0 0 0 0 0 0 ;
0 0 193 180 0 0 0 167 0 45 77 103 0 0 0 0 147 130 70 0 17 0 0 19 184 0 0 0 0 0 0 0 0 0 0 0 0 0 0 0 ;
117 121 128 124 74 87 0 19 192 127 0 113 0 116 137 0 192 91 0 113 66 165 0 181 0 0 0 0 0 0 0 0 0 0 0 0 0 0 0 0 ;
0 117 0 0 0 0 0 0 0 0 0 0 0 172 0 37 0 0 128 0 81 63 37 0 149 80 63 0 0 0 0 0 0 0 0 0 0 0 0 0 ;
0 54 33 59 0 159 0 20 84 0 0 12 100 0 138 0 0 0 8 71 0 0 0 15 0 168 0 0 0 0 0 0 0 0 0 0 0 0 0 0 ;
0 68 0 0 0 0 0 50 0 0 0 0 122 0 0 11 0 29 113 58 0 36 61 0 0 57 2 119 183 0 0 0 0 0 0 0 0 0 0 0 ;
172 35 77 38 38 0 0 0 131 116 0 0 0 0 168 114 45 0 0 0 0 141 69 0 0 0 0 0 38 197 0 0 0 0 0 0 0 0 0 0 ;
39 82 0 106 80 0 0 123 189 28 142 123 153 41 86 0 0 0 156 148 0 0 34 0 0 146 0 0 0 0 0 0 0 0 0 0 0 0 0 0 ;
20 0 0 43 0 0 0 60 3 0 0 0 0 120 181 176 0 126 42 0 0 0 164 73 145 0 120 0 185 56 0 0 0 0 0 0 0 0 0 0 ;
0 146 78 147 0 0 0 200 0 0 0 151 0 116 137 0 4 9 0 163 196 0 69 171 0 170 0 0 0 0 0 136 26 0 0 0 0 0 0 0 ;
167 0 149 174 55 59 0 51 0 67 159 195 0 0 136 28 137 0 18 0 132 103 96 0 114 0 0 60 78 28 166 0 71 0 0 0 0 0 0 0 ;
57 0 0 166 0 0 13 157 0 0 167 0 0 0 91 103 172 76 46 0 0 0 0 186 101 69 43 0 0 0 181 57 32 0 36 0 0 0 0 0 ;
98 148 0 85 0 0 144 135 85 39 144 0 93 0 0 114 0 0 10 0 0 23 120 124 51 171 100 91 0 0 178 22 0 93 0 0 0 0 0 0 ;
0 47 0 103 3 88 98 0 0 0 0 0 0 199 0 26 0 0 0 117 0 26 0 0 0 120 26 91 32 0 0 0 0 0 0 25 0 0 0 0 ;
0 0 39 3 116 141 180 75 0 0 0 138 0 0 113 128 124 0 0 3 0 0 0 162 0 174 0 178 0 12 0 171 0 191 68 0 40 31 0 0 ;
148 0 127 0 0 0 0 48 9 0 0 69 0 0 0 13 0 120 191 0 0 60 0 0 0 90 0 117 188 0 91 193 0 0 8 0 0 0 185 0 ;
0 71 0 0 120 0 119 186 51 75 0 0 0 31 67 0 0 0 198 0 0 0 0 0 0 0 162 0 0 42 0 0 0 139 24 148 199 0 26 0 ]
w=[86, 18, 48, 96, 9, 55, 11, 55, 78, 85, 86, 38, 69, 36, 59, 45, 18, 45, 78, 47, 70, 39, 54, 57, 73, 53, 100, 5, 10, 13, 81, 71, 57, 58, 83, 77, 19, 98, 100, 31]
W=52 
k=2 
inst_name = "QKP_40_200_50" 
feasible = true 
Q2=[6 0 0 0 0 0 0 0 0 0 0 0 0 0 0 0 0 0 0 0 0 0 0 0 0 0 0 0 0 0 0 0 0 0 0 0 0 0 0 0; 178 34 0 0 0 0 0 0 0 0 0 0 0 0 0 0 0 0 0 0 0 0 0 0 0 0 0 0 0 0 0 0 0 0 0 0 0 0 0 0; 66 200 39 0 0 0 0 0 0 0 0 0 0 0 0 0 0 0 0 0 0 0 0 0 0 0 0 0 0 0 0 0 0 0 0 0 0 0 0 0; 200 200 200 200 0 0 0 0 0 0 0 0 0 0 0 0 0 0 0 0 0 0 0 0 0 0 0 0 0 0 0 0 0 0 0 0 0 0 0 0; 200 200 42 200 200 0 0 0 0 0 0 0 0 0 0 0 0 0 0 0 0 0 0 0 0 0 0 0 0 0 0 0 0 0 0 0 0 0 0 0; 35 154 200 200 167 175 0 0 0 0 0 0 0 0 0 0 0 0 0 0 0 0 0 0 0 0 0 0 0 0 0 0 0 0 0 0 0 0 0 0; 200 194 165 0 200 166 200 0 0 0 0 0 0 0 0 0 0 0 0 0 0 0 0 0 0 0 0 0 0 0 0 0 0 0 0 0 0 0 0 0; 200 200 181 104 194 200 200 195 0 0 0 0 0 0 0 0 0 0 0 0 0 0 0 0 0 0 0 0 0 0 0 0 0 0 0 0 0 0 0 0; 200 179 156 0 200 137 200 200 7 0 0 0 0 0 0 0 0 0 0 0 0 0 0 0 0 0 0 0 0 0 0 0 0 0 0 0 0 0 0 0; 169 199 183 200 200 197 200 200 200 200 0 0 0 0 0 0 0 0 0 0 0 0 0 0 0 0 0 0 0 0 0 0 0 0 0 0 0 0 0 0; 170 200 200 129 6 200 7 17 200 3 5 0 0 0 0 0 0 0 0 0 0 0 0 0 0 0 0 0 0 0 0 0 0 0 0 0 0 0 0 0; 200 200 200 130 200 200 200 74 200 9 21 55 0 0 0 0 0 0 0 0 0 0 0 0 0 0 0 0 0 0 0 0 0 0 0 0 0 0 0 0; 171 152 200 137 140 200 200 200 192 200 137 34 200 0 0 0 0 0 0 0 0 0 0 0 0 0 0 0 0 0 0 0 0 0 0 0 0 0 0 0; 200 200 200 200 194 200 200 200 132 13 200 200 200 171 0 0 0 0 0 0 0 0 0 0 0 0 0 0 0 0 0 0 0 0 0 0 0 0 0 0; 200 36 196 200 158 200 200 200 200 62 200 200 200 38 181 0 0 0 0 0 0 0 0 0 0 0 0 0 0 0 0 0 0 0 0 0 0 0 0 0; 200 187 200 14 170 124 4 200 10 200 200 200 23 200 66 154 0 0 0 0 0 0 0 0 0 0 0 0 0 0 0 0 0 0 0 0 0 0 0 0; 1 197 30 200 28 200 154 200 200 33 181 200 200 135 199 200 200 0 0 0 0 0 0 0 0 0 0 0 0 0 0 0 0 0 0 0 0 0 0 0; 165 197 200 39 78 200 1 200 200 184 136 200 200 73 197 186 200 180 0 0 0 0 0 0 0 0 0 0 0 0 0 0 0 0 0 0 0 0 0 0; 200 3 29 200 200 200 15 2 190 133 39 120 2 198 200 11 3 200 61 0 0 0 0 0 0 0 0 0 0 0 0 0 0 0 0 0 0 0 0 0; 153 200 193 200 57 195 200 161 200 200 187 190 200 200 17 182 200 162 4 200 0 0 0 0 0 0 0 0 0 0 0 0 0 0 0 0 0 0 0 0; 11 195 200 200 22 200 11 20 40 198 194 200 8 60 25 200 7 200 0 1 18 0 0 0 0 0 0 0 0 0 0 0 0 0 0 0 0 0 0 0; 14 97 200 200 187 200 0 52 200 200 25 12 168 45 16 200 200 200 200 189 199 200 0 0 0 0 0 0 0 0 0 0 0 0 0 0 0 0 0 0; 200 32 200 0 200 4 186 197 200 200 3 192 200 200 194 11 200 152 197 200 191 200 200 0 0 0 0 0 0 0 0 0 0 0 0 0 0 0 0 0; 200 161 192 200 200 27 200 156 25 198 24 147 11 200 200 170 200 200 200 0 200 7 200 0 0 0 0 0 0 0 0 0 0 0 0 0 0 0 0 0; 200 200 1 16 200 200 200 6 200 175 184 11 200 200 200 200 23 14 156 200 196 200 200 183 12 0 0 0 0 0 0 0 0 0 0 0 0 0 0 0; 12 22 6 19 145 189 200 188 5 21 200 83 200 24 32 200 4 159 200 26 191 35 200 11 200 200 0 0 0 0 0 0 0 0 0 0 0 0 0 0; 200 18 200 200 200 200 200 200 200 200 200 200 200 11 200 181 200 200 56 200 149 175 169 200 17 199 152 0 0 0 0 0 0 0 0 0 0 0 0 0; 200 153 176 198 200 22 200 193 194 200 200 195 8 200 52 200 200 200 194 132 200 200 200 190 200 28 200 200 0 0 0 0 0 0 0 0 0 0 0 0; 200 135 200 200 200 200 200 164 200 200 200 200 66 200 200 200 200 191 27 160 200 177 198 200 200 176 200 29 1 0 0 0 0 0 0 0 0 0 0 0; 2 171 166 184 197 200 200 200 27 70 200 200 200 200 23 68 166 200 200 200 200 23 164 200 200 200 200 200 200 1 0 0 0 0 0 0 0 0 0 0; 198 193 200 72 180 200 200 33 4 184 8 70 12 173 147 200 200 200 17 49 200 200 180 200 200 38 200 200 200 200 200 0 0 0 0 0 0 0 0 0; 200 200 200 184 200 200 200 186 197 200 200 200 200 61 13 5 200 52 184 200 200 200 23 153 17 200 23 200 12 152 200 200 0 0 0 0 0 0 0 0; 200 36 194 36 200 200 200 0 200 200 200 24 200 50 8 200 196 195 200 9 2 200 194 9 200 10 200 200 200 200 200 39 185 0 0 0 0 0 0 0; 22 200 3 13 161 187 200 155 200 150 13 3 200 200 62 198 44 200 194 200 24 81 109 200 35 200 200 160 140 188 19 200 141 200 0 0 0 0 0 0; 171 200 200 30 200 200 193 12 200 200 2 200 200 200 185 76 28 124 154 200 200 200 200 2 53 154 185 200 200 200 13 184 183 200 195 0 0 0 0 0; 182 24 200 194 200 200 10 63 154 184 33 200 198 200 200 40 200 200 193 200 200 200 46 67 185 2 21 133 200 200 9 180 200 131 200 200 0 0 0 0; 200 198 200 22 197 180 117 200 200 200 200 200 200 0 200 192 200 200 200 80 200 184 200 200 200 27 177 174 171 200 200 200 200 200 200 199 200 0 0 0; 200 200 179 197 43 0 16 171 200 200 200 37 200 200 34 16 25 200 200 200 200 200 200 16 200 12 200 19 200 196 200 3 200 5 147 200 163 198 0 0; 33 200 36 200 200 200 200 189 192 200 200 141 200 200 200 195 200 16 4 200 200 176 200 200 200 139 200 57 4 200 183 4 200 200 199 200 200 200 5 0; 200 136 200 200 50 200 34 6 198 140 200 200 200 183 188 200 200 200 1 200 200 200 200 200 200 200 22 200 200 159 200 200 200 30 185 1 1 200 189 200]
