n=30
density=100
Q1=[34 0 0 0 0 0 0 0 0 0 0 0 0 0 0 0 0 0 0 0 0 0 0 0 0 0 0 0 0 0 ;
148 57 0 0 0 0 0 0 0 0 0 0 0 0 0 0 0 0 0 0 0 0 0 0 0 0 0 0 0 0 ;
5 161 13 0 0 0 0 0 0 0 0 0 0 0 0 0 0 0 0 0 0 0 0 0 0 0 0 0 0 0 ;
7 72 45 57 0 0 0 0 0 0 0 0 0 0 0 0 0 0 0 0 0 0 0 0 0 0 0 0 0 0 ;
63 178 171 52 42 0 0 0 0 0 0 0 0 0 0 0 0 0 0 0 0 0 0 0 0 0 0 0 0 0 ;
67 188 199 101 38 20 0 0 0 0 0 0 0 0 0 0 0 0 0 0 0 0 0 0 0 0 0 0 0 0 ;
21 14 156 31 118 176 121 0 0 0 0 0 0 0 0 0 0 0 0 0 0 0 0 0 0 0 0 0 0 0 ;
149 171 166 23 166 138 150 4 0 0 0 0 0 0 0 0 0 0 0 0 0 0 0 0 0 0 0 0 0 0 ;
80 77 109 155 30 107 24 156 96 0 0 0 0 0 0 0 0 0 0 0 0 0 0 0 0 0 0 0 0 0 ;
32 94 111 82 186 29 11 80 46 168 0 0 0 0 0 0 0 0 0 0 0 0 0 0 0 0 0 0 0 0 ;
140 70 109 181 150 197 189 21 120 157 189 0 0 0 0 0 0 0 0 0 0 0 0 0 0 0 0 0 0 0 ;
8 29 17 86 196 41 178 120 103 123 132 71 0 0 0 0 0 0 0 0 0 0 0 0 0 0 0 0 0 0 ;
189 140 142 87 40 38 110 197 61 100 88 22 69 0 0 0 0 0 0 0 0 0 0 0 0 0 0 0 0 0 ;
198 130 7 86 132 14 91 200 89 80 136 75 52 109 0 0 0 0 0 0 0 0 0 0 0 0 0 0 0 0 ;
189 63 162 97 175 125 2 15 9 38 66 39 51 188 48 0 0 0 0 0 0 0 0 0 0 0 0 0 0 0 ;
180 65 195 55 168 22 26 12 179 176 87 170 85 126 113 165 0 0 0 0 0 0 0 0 0 0 0 0 0 0 ;
60 38 69 191 36 150 68 90 179 179 96 72 109 157 63 153 186 0 0 0 0 0 0 0 0 0 0 0 0 0 ;
24 35 171 176 148 117 7 183 4 11 66 179 64 184 184 127 144 105 0 0 0 0 0 0 0 0 0 0 0 0 ;
143 97 197 121 149 149 25 96 155 111 12 3 129 184 168 37 160 84 22 0 0 0 0 0 0 0 0 0 0 0 ;
24 2 120 132 112 130 138 79 137 139 22 65 8 118 31 73 54 145 27 200 0 0 0 0 0 0 0 0 0 0 ;
85 10 119 104 48 7 160 193 152 136 200 191 10 139 163 64 186 96 17 6 161 0 0 0 0 0 0 0 0 0 ;
59 65 124 20 19 135 118 94 156 8 62 87 117 78 114 18 141 142 173 135 56 40 0 0 0 0 0 0 0 0 ;
96 186 53 130 199 9 193 180 88 84 125 31 134 200 139 126 91 99 119 187 158 116 64 0 0 0 0 0 0 0 ;
154 88 116 161 82 15 84 136 56 152 91 61 166 72 199 147 9 153 137 127 69 125 147 48 0 0 0 0 0 0 ;
182 97 80 143 173 18 101 179 94 141 13 96 154 52 97 131 181 79 167 163 68 94 188 145 151 0 0 0 0 0 ;
106 181 27 8 159 138 82 116 81 103 187 161 94 138 10 22 118 110 5 53 76 188 19 154 174 4 0 0 0 0 ;
37 42 95 57 198 117 116 73 154 121 24 160 187 158 176 62 63 123 66 58 165 90 176 176 32 63 28 0 0 0 ;
200 48 42 75 121 21 164 167 170 179 183 17 64 90 183 96 108 104 32 133 158 34 17 44 116 106 50 9 0 0 ;
161 194 74 139 177 42 70 86 35 22 182 33 94 89 181 94 172 79 196 132 96 87 25 48 105 64 88 125 101 0 ;
162 131 130 1 112 136 104 108 149 127 143 27 47 172 122 15 192 19 112 139 114 124 88 1 49 65 196 130 126 140 ]
w=[46, 100, 5, 79, 86, 68, 77, 19, 46, 67, 7, 70, 62, 46, 45, 15, 68, 56, 27, 99, 53, 65, 58, 13, 84, 54, 15, 70, 64, 95]
W=142 
k=7 
inst_name = "QKP_30_200_100" 
feasible = true 
Q2=[197 0 0 0 0 0 0 0 0 0 0 0 0 0 0 0 0 0 0 0 0 0 0 0 0 0 0 0 0 0; 39 178 0 0 0 0 0 0 0 0 0 0 0 0 0 0 0 0 0 0 0 0 0 0 0 0 0 0 0 0; 197 22 200 0 0 0 0 0 0 0 0 0 0 0 0 0 0 0 0 0 0 0 0 0 0 0 0 0 0 0; 198 140 167 163 0 0 0 0 0 0 0 0 0 0 0 0 0 0 0 0 0 0 0 0 0 0 0 0 0 0; 170 19 15 179 197 0 0 0 0 0 0 0 0 0 0 0 0 0 0 0 0 0 0 0 0 0 0 0 0 0; 183 7 1 51 172 187 0 0 0 0 0 0 0 0 0 0 0 0 0 0 0 0 0 0 0 0 0 0 0 0; 180 196 6 188 60 0 7 0 0 0 0 0 0 0 0 0 0 0 0 0 0 0 0 0 0 0 0 0 0 0; 46 16 2 187 25 23 17 199 0 0 0 0 0 0 0 0 0 0 0 0 0 0 0 0 0 0 0 0 0 0; 133 181 36 18 179 89 194 12 170 0 0 0 0 0 0 0 0 0 0 0 0 0 0 0 0 0 0 0 0 0; 178 200 67 125 10 200 199 132 194 16 0 0 0 0 0 0 0 0 0 0 0 0 0 0 0 0 0 0 0 0; 46 137 19 2 40 0 9 195 38 11 11 0 0 0 0 0 0 0 0 0 0 0 0 0 0 0 0 0 0 0; 200 198 194 157 2 190 5 63 62 13 8 156 0 0 0 0 0 0 0 0 0 0 0 0 0 0 0 0 0 0; 1 57 2 115 164 177 19 0 181 57 128 196 192 0 0 0 0 0 0 0 0 0 0 0 0 0 0 0 0 0; 0 14 194 195 46 192 111 0 169 147 22 140 162 46 0 0 0 0 0 0 0 0 0 0 0 0 0 0 0 0; 1 193 21 145 9 69 198 195 196 165 151 193 187 2 167 0 0 0 0 0 0 0 0 0 0 0 0 0 0 0; 12 149 4 183 23 194 187 190 7 18 176 5 117 11 36 5 0 0 0 0 0 0 0 0 0 0 0 0 0 0; 183 186 162 6 173 9 140 137 13 1 104 168 78 11 144 1 8 0 0 0 0 0 0 0 0 0 0 0 0 0; 184 185 21 16 43 56 195 15 199 192 176 9 139 13 1 14 52 80 0 0 0 0 0 0 0 0 0 0 0 0; 39 116 1 1 27 14 178 107 1 61 189 197 2 8 26 174 31 151 182 0 0 0 0 0 0 0 0 0 0 0; 194 200 1 57 29 0 10 132 29 56 194 185 196 21 192 129 159 17 181 0 0 0 0 0 0 0 0 0 0 0; 143 192 52 73 170 196 13 3 30 11 0 2 198 12 34 161 4 115 194 194 2 0 0 0 0 0 0 0 0 0; 177 157 47 186 183 3 80 126 7 199 156 123 9 187 65 190 31 32 0 14 181 179 0 0 0 0 0 0 0 0; 127 12 167 29 1 191 0 14 193 121 22 192 15 0 7 55 182 111 2 9 40 52 146 0 0 0 0 0 0 0; 45 156 64 39 171 189 172 25 167 34 156 165 19 190 0 26 194 39 14 36 176 66 44 186 0 0 0 0 0 0; 8 118 157 46 16 188 99 12 126 2 192 107 39 151 104 15 12 185 6 31 137 145 2 37 35 0 0 0 0 0; 90 3 189 197 33 30 194 56 186 59 1 5 165 30 191 183 78 56 196 151 147 11 182 29 8 200 0 0 0 0; 200 190 157 159 1 54 82 132 36 48 199 27 13 12 10 192 187 1 178 169 10 120 8 24 180 167 181 0 0 0; 0 166 189 166 63 179 25 7 25 1 11 198 145 188 16 177 12 1 182 9 10 169 190 180 51 66 196 197 0 0; 2 3 139 22 19 158 191 139 183 181 16 193 160 119 17 189 11 162 4 36 107 144 178 196 22 182 117 30 80 0; 32 64 57 200 55 14 86 81 29 18 47 174 154 12 10 187 1 185 50 18 3 10 130 199 196 171 0 30 57 1]
