n=25
density=75
Q1=[71 0 0 0 0 0 0 0 0 0 0 0 0 0 0 0 0 0 0 0 0 0 0 0 0 ;
0 85 0 0 0 0 0 0 0 0 0 0 0 0 0 0 0 0 0 0 0 0 0 0 0 ;
93 59 22 0 0 0 0 0 0 0 0 0 0 0 0 0 0 0 0 0 0 0 0 0 0 ;
13 0 15 9 0 0 0 0 0 0 0 0 0 0 0 0 0 0 0 0 0 0 0 0 0 ;
12 56 79 16 41 0 0 0 0 0 0 0 0 0 0 0 0 0 0 0 0 0 0 0 0 ;
41 94 27 22 85 45 0 0 0 0 0 0 0 0 0 0 0 0 0 0 0 0 0 0 0 ;
77 54 80 65 33 3 0 0 0 0 0 0 0 0 0 0 0 0 0 0 0 0 0 0 0 ;
0 65 0 5 0 81 78 53 0 0 0 0 0 0 0 0 0 0 0 0 0 0 0 0 0 ;
88 40 0 60 95 59 87 0 4 0 0 0 0 0 0 0 0 0 0 0 0 0 0 0 0 ;
79 11 96 53 32 49 0 32 94 0 0 0 0 0 0 0 0 0 0 0 0 0 0 0 0 ;
75 76 0 25 63 0 13 0 85 96 77 0 0 0 0 0 0 0 0 0 0 0 0 0 0 ;
0 62 0 83 14 83 34 92 50 63 68 95 0 0 0 0 0 0 0 0 0 0 0 0 0 ;
12 2 56 19 51 64 0 15 14 0 33 21 71 0 0 0 0 0 0 0 0 0 0 0 0 ;
24 83 75 75 22 81 32 94 77 34 98 98 87 80 0 0 0 0 0 0 0 0 0 0 0 ;
26 79 0 63 2 91 58 0 0 0 0 11 89 0 52 0 0 0 0 0 0 0 0 0 0 ;
52 54 35 12 15 72 0 36 58 84 0 22 3 65 42 76 0 0 0 0 0 0 0 0 0 ;
36 69 0 47 65 0 0 95 32 51 71 0 12 0 73 97 8 0 0 0 0 0 0 0 0 ;
4 86 67 2 0 36 29 9 70 65 11 2 33 0 42 56 7 39 0 0 0 0 0 0 0 ;
26 90 52 97 27 50 0 0 43 47 47 56 57 0 0 83 0 49 0 0 0 0 0 0 0 ;
42 25 0 90 0 98 71 30 85 70 91 40 0 23 89 0 23 57 0 1 0 0 0 0 0 ;
6 92 78 60 0 59 87 38 24 49 23 80 26 2 30 0 0 57 0 41 0 0 0 0 0 ;
0 0 39 39 14 14 45 85 65 48 54 20 36 50 31 90 39 50 49 6 78 70 0 0 0 ;
68 0 40 54 0 33 0 8 39 0 0 65 69 20 92 94 51 84 50 49 97 24 62 0 0 ;
26 0 40 8 0 94 92 15 64 4 0 25 0 30 0 60 42 0 64 0 27 30 97 62 0 ;
16 92 92 96 85 0 0 0 6 72 31 0 92 51 0 12 0 0 63 79 63 97 81 72 59 ]
w=[7, 34, 29, 14, 12, 45, 26, 50, 8, 19, 2, 46, 41, 25, 28, 6, 43, 22, 48, 20, 19, 19, 40, 43, 33]
W=122 
k=6 
inst_name = "QKP_25_100_75" 
feasible = true 
Q2=[16 0 0 0 0 0 0 0 0 0 0 0 0 0 0 0 0 0 0 0 0 0 0 0 0; 98 4 0 0 0 0 0 0 0 0 0 0 0 0 0 0 0 0 0 0 0 0 0 0 0; 0 23 87 0 0 0 0 0 0 0 0 0 0 0 0 0 0 0 0 0 0 0 0 0 0; 95 98 91 93 0 0 0 0 0 0 0 0 0 0 0 0 0 0 0 0 0 0 0 0 0; 87 0 7 88 80 0 0 0 0 0 0 0 0 0 0 0 0 0 0 0 0 0 0 0 0; 74 2 88 96 4 81 0 0 0 0 0 0 0 0 0 0 0 0 0 0 0 0 0 0 0; 13 18 2 17 95 97 98 0 0 0 0 0 0 0 0 0 0 0 0 0 0 0 0 0 0; 98 3 98 96 98 0 8 33 0 0 0 0 0 0 0 0 0 0 0 0 0 0 0 0 0; 2 82 98 0 1 18 11 98 95 0 0 0 0 0 0 0 0 0 0 0 0 0 0 0 0; 5 87 1 34 81 17 98 70 4 98 0 0 0 0 0 0 0 0 0 0 0 0 0 0 0; 19 8 98 96 9 98 87 98 0 2 14 0 0 0 0 0 0 0 0 0 0 0 0 0 0; 98 24 98 7 86 6 82 4 10 20 9 0 0 0 0 0 0 0 0 0 0 0 0 0 0; 89 97 20 84 9 13 98 88 91 98 93 83 12 0 0 0 0 0 0 0 0 0 0 0 0; 97 10 5 17 90 13 91 0 4 75 0 0 4 10 0 0 0 0 0 0 0 0 0 0 0; 87 0 98 8 97 2 38 98 98 98 98 97 9 98 33 0 0 0 0 0 0 0 0 0 0; 33 24 82 93 93 21 98 97 18 5 98 82 96 3 63 5 0 0 0 0 0 0 0 0 0; 84 3 98 67 0 98 98 1 96 33 14 98 93 98 21 0 90 0 0 0 0 0 0 0 0; 98 6 14 96 98 88 77 97 28 19 90 97 89 98 71 25 95 79 0 0 0 0 0 0 0; 87 0 4 1 84 0 98 98 90 54 53 10 36 98 98 1 98 38 98 0 0 0 0 0 0; 71 91 98 8 98 0 11 86 8 5 1 88 98 77 3 98 91 40 98 97 0 0 0 0 0; 94 4 3 38 98 0 2 88 79 17 94 3 93 97 70 98 98 20 98 86 98 0 0 0 0; 98 98 90 94 88 96 54 13 14 52 14 78 68 41 80 8 78 2 7 98 15 25 0 0 0; 13 98 64 9 98 83 98 98 63 98 98 14 20 80 0 4 45 0 28 10 1 90 11 0 0; 84 98 88 95 98 1 1 87 22 98 98 82 98 88 98 3 59 98 27 98 84 89 1 3 0; 83 4 1 0 6 98 98 98 95 24 80 98 5 13 98 95 98 98 7 15 22 0 12 17 17]
