n=20
density=100
Q1=[84 0 0 0 0 0 0 0 0 0 0 0 0 0 0 0 0 0 0 0 ;
80 9 0 0 0 0 0 0 0 0 0 0 0 0 0 0 0 0 0 0 ;
52 7 92 0 0 0 0 0 0 0 0 0 0 0 0 0 0 0 0 0 ;
27 36 26 29 0 0 0 0 0 0 0 0 0 0 0 0 0 0 0 0 ;
93 72 1 98 80 0 0 0 0 0 0 0 0 0 0 0 0 0 0 0 ;
19 64 39 70 58 57 0 0 0 0 0 0 0 0 0 0 0 0 0 0 ;
51 5 30 46 92 87 27 0 0 0 0 0 0 0 0 0 0 0 0 0 ;
14 63 46 95 38 67 66 53 0 0 0 0 0 0 0 0 0 0 0 0 ;
22 24 16 41 29 21 23 7 55 0 0 0 0 0 0 0 0 0 0 0 ;
65 22 15 18 59 78 71 77 74 88 0 0 0 0 0 0 0 0 0 0 ;
22 28 16 92 45 31 87 92 91 60 91 0 0 0 0 0 0 0 0 0 ;
100 69 70 55 9 93 79 69 28 80 85 24 0 0 0 0 0 0 0 0 ;
7 75 92 49 18 93 64 48 88 95 86 13 23 0 0 0 0 0 0 0 ;
22 14 67 30 84 82 91 28 93 93 13 91 77 5 0 0 0 0 0 0 ;
68 62 56 67 25 11 56 69 32 1 84 81 74 23 11 0 0 0 0 0 ;
25 93 8 87 25 66 87 40 87 61 28 14 73 39 53 81 0 0 0 0 ;
26 21 91 89 7 69 87 81 54 26 55 6 40 51 38 19 9 0 0 0 ;
60 68 55 40 65 34 60 75 25 64 99 56 25 89 12 51 64 98 0 0 ;
69 80 99 83 67 44 55 94 70 1 79 74 100 6 22 40 87 46 17 0 ;
81 51 73 13 61 43 86 40 1 67 38 58 93 39 44 81 78 78 3 8 ]
w=[26, 46, 24, 35, 14, 8, 34, 48, 40, 49, 12, 34, 5, 38, 40, 12, 25, 9, 45, 9]
W=65 
k=3 
inst_name = "QKP_20_100_100" 
feasible = true 
Q2=[4 0 0 0 0 0 0 0 0 0 0 0 0 0 0 0 0 0 0 0; 11 95 0 0 0 0 0 0 0 0 0 0 0 0 0 0 0 0 0 0; 30 94 3 0 0 0 0 0 0 0 0 0 0 0 0 0 0 0 0 0; 85 70 91 83 0 0 0 0 0 0 0 0 0 0 0 0 0 0 0 0; 1 1 99 0 2 0 0 0 0 0 0 0 0 0 0 0 0 0 0 0; 97 27 69 12 42 1 0 0 0 0 0 0 0 0 0 0 0 0 0 0; 26 96 100 58 6 8 76 0 0 0 0 0 0 0 0 0 0 0 0 0; 90 37 80 5 91 19 32 44 0 0 0 0 0 0 0 0 0 0 0 0; 84 87 92 90 87 92 78 93 17 0 0 0 0 0 0 0 0 0 0 0; 4 88 90 86 15 9 15 4 9 3 0 0 0 0 0 0 0 0 0 0; 99 86 99 4 69 87 9 3 0 25 3 0 0 0 0 0 0 0 0 0; 0 8 1 3 92 2 12 12 99 6 4 76 0 0 0 0 0 0 0 0; 94 0 3 74 94 4 15 57 8 4 12 100 100 0 0 0 0 0 0 0; 97 98 17 78 0 18 2 79 4 0 90 7 16 99 0 0 0 0 0 0; 15 36 26 5 83 93 26 23 69 100 6 19 22 99 92 0 0 0 0 0; 76 2 96 10 82 18 2 90 6 38 100 89 12 94 12 9 0 0 0 0; 90 94 0 2 94 3 0 13 41 76 45 100 96 19 94 96 94 0 0 0; 15 31 30 69 32 92 35 0 79 32 0 40 82 3 89 45 23 0 0 0; 24 13 0 11 4 100 3 0 24 99 9 5 0 98 83 68 5 55 100 0; 4 36 10 99 17 82 14 80 100 20 87 6 3 91 89 13 13 15 98 95]
