n=45
density=75
Q1=[0 0 0 0 0 0 0 0 0 0 0 0 0 0 0 0 0 0 0 0 0 0 0 0 0 0 0 0 0 0 0 0 0 0 0 0 0 0 0 0 0 0 0 0 0 ;
93 0 0 0 0 0 0 0 0 0 0 0 0 0 0 0 0 0 0 0 0 0 0 0 0 0 0 0 0 0 0 0 0 0 0 0 0 0 0 0 0 0 0 0 0 ;
46 52 0 0 0 0 0 0 0 0 0 0 0 0 0 0 0 0 0 0 0 0 0 0 0 0 0 0 0 0 0 0 0 0 0 0 0 0 0 0 0 0 0 0 0 ;
92 14 53 17 0 0 0 0 0 0 0 0 0 0 0 0 0 0 0 0 0 0 0 0 0 0 0 0 0 0 0 0 0 0 0 0 0 0 0 0 0 0 0 0 0 ;
29 0 93 0 59 0 0 0 0 0 0 0 0 0 0 0 0 0 0 0 0 0 0 0 0 0 0 0 0 0 0 0 0 0 0 0 0 0 0 0 0 0 0 0 0 ;
98 80 68 93 8 20 0 0 0 0 0 0 0 0 0 0 0 0 0 0 0 0 0 0 0 0 0 0 0 0 0 0 0 0 0 0 0 0 0 0 0 0 0 0 0 ;
58 0 58 51 5 30 46 0 0 0 0 0 0 0 0 0 0 0 0 0 0 0 0 0 0 0 0 0 0 0 0 0 0 0 0 0 0 0 0 0 0 0 0 0 0 ;
0 87 27 10 26 73 82 0 0 0 0 0 0 0 0 0 0 0 0 0 0 0 0 0 0 0 0 0 0 0 0 0 0 0 0 0 0 0 0 0 0 0 0 0 0 ;
27 9 37 98 22 0 92 96 1 0 0 0 0 0 0 0 0 0 0 0 0 0 0 0 0 0 0 0 0 0 0 0 0 0 0 0 0 0 0 0 0 0 0 0 0 ;
21 23 7 55 0 65 0 45 21 67 0 0 0 0 0 0 0 0 0 0 0 0 0 0 0 0 0 0 0 0 0 0 0 0 0 0 0 0 0 0 0 0 0 0 0 ;
0 0 71 77 74 88 31 85 78 45 0 0 0 0 0 0 0 0 0 0 0 0 0 0 0 0 0 0 0 0 0 0 0 0 0 0 0 0 0 0 0 0 0 0 0 ;
54 59 0 92 0 0 60 91 57 0 69 70 0 0 0 0 0 0 0 0 0 0 0 0 0 0 0 0 0 0 0 0 0 0 0 0 0 0 0 0 0 0 0 0 0 ;
16 32 0 79 69 0 13 0 85 24 0 7 0 0 0 0 0 0 0 0 0 0 0 0 0 0 0 0 0 0 0 0 0 0 0 0 0 0 0 0 0 0 0 0 0 ;
92 49 18 93 64 48 88 95 86 13 0 55 0 55 0 0 0 0 0 0 0 0 0 0 0 0 0 0 0 0 0 0 0 0 0 0 0 0 0 0 0 0 0 0 0 ;
67 30 84 0 0 91 28 93 93 13 91 77 5 0 68 0 0 0 0 0 0 0 0 0 0 0 0 0 0 0 0 0 0 0 0 0 0 0 0 0 0 0 0 0 0 ;
39 61 53 3 27 3 50 39 66 0 0 0 74 0 94 90 0 0 0 0 0 0 0 0 0 0 0 0 0 0 0 0 0 0 0 0 0 0 0 0 0 0 0 0 0 ;
46 0 0 29 0 25 66 0 0 0 98 0 0 12 89 84 24 0 0 0 0 0 0 0 0 0 0 0 0 0 0 0 0 0 0 0 0 0 0 0 0 0 0 0 0 ;
53 81 83 68 16 0 89 7 69 87 81 0 58 44 70 36 65 60 0 0 0 0 0 0 0 0 0 0 0 0 0 0 0 0 0 0 0 0 0 0 0 0 0 0 0 ;
19 9 72 64 95 11 15 93 30 36 27 5 12 0 56 25 89 12 51 0 0 0 0 0 0 0 0 0 0 0 0 0 0 0 0 0 0 0 0 0 0 0 0 0 0 ;
4 0 89 47 0 0 0 83 0 27 4 27 0 70 1 79 74 100 6 22 0 0 0 0 0 0 0 0 0 0 0 0 0 0 0 0 0 0 0 0 0 0 0 0 0 ;
70 0 46 17 0 81 51 73 13 61 43 86 0 98 80 93 75 23 0 0 43 0 0 0 0 0 0 0 0 0 0 0 0 0 0 0 0 0 0 0 0 0 0 0 0 ;
81 78 0 0 3 0 9 76 93 38 95 39 34 0 63 65 45 3 8 51 28 19 0 0 0 0 0 0 0 0 0 0 0 0 0 0 0 0 0 0 0 0 0 0 0 ;
99 29 0 59 0 49 0 29 15 0 0 0 6 60 66 45 91 40 6 92 0 0 0 0 0 0 0 0 0 0 0 0 0 0 0 0 0 0 0 0 0 0 0 0 0 ;
15 39 18 46 13 95 99 20 10 0 0 0 0 0 100 0 77 81 51 0 49 58 49 0 0 0 0 0 0 0 0 0 0 0 0 0 0 0 0 0 0 0 0 0 0 ;
0 0 69 44 0 5 0 87 0 1 53 0 18 0 94 74 91 85 96 0 50 30 84 73 85 0 0 0 0 0 0 0 0 0 0 0 0 0 0 0 0 0 0 0 0 ;
33 0 88 38 38 0 45 0 51 69 74 0 37 95 7 78 0 32 8 88 40 80 7 55 0 60 0 0 0 0 0 0 0 0 0 0 0 0 0 0 0 0 0 0 0 ;
0 0 0 51 95 0 15 61 0 56 17 23 30 0 0 90 98 64 19 68 1 0 10 42 0 9 0 0 0 0 0 0 0 0 0 0 0 0 0 0 0 0 0 0 0 ;
0 26 0 99 63 17 73 14 0 26 38 6 14 0 0 15 0 85 12 10 85 0 35 7 16 64 57 83 0 0 0 0 0 0 0 0 0 0 0 0 0 0 0 0 0 ;
0 9 29 0 0 64 0 0 72 38 87 33 8 0 34 92 13 89 29 0 9 0 80 0 80 72 54 45 7 0 0 0 0 0 0 0 0 0 0 0 0 0 0 0 0 ;
53 0 38 79 2 46 52 15 78 75 0 18 0 24 70 0 66 0 88 44 13 13 31 75 37 16 21 0 0 6 0 0 0 0 0 0 0 0 0 0 0 0 0 0 0 ;
9 43 13 36 9 71 48 24 65 81 80 17 95 36 40 8 0 12 0 0 0 71 0 56 46 94 0 11 0 0 94 0 0 0 0 0 0 0 0 0 0 0 0 0 0 ;
83 0 63 26 0 63 0 52 17 41 0 1 0 74 59 85 14 0 15 56 58 44 68 0 0 12 99 98 1 80 98 62 0 0 0 0 0 0 0 0 0 0 0 0 0 ;
99 0 54 15 41 13 65 77 0 100 6 67 48 0 91 75 81 1 51 29 17 92 0 56 97 50 51 97 41 0 21 0 0 0 0 0 0 0 0 0 0 0 0 0 0 ;
7 72 74 26 67 21 23 39 20 91 0 0 43 85 16 0 99 91 90 0 60 93 3 98 83 85 0 7 8 70 79 83 44 99 0 0 0 0 0 0 0 0 0 0 0 ;
38 68 93 53 82 41 84 52 27 20 71 0 0 0 0 71 44 0 0 82 63 0 0 0 37 68 79 97 81 90 0 89 48 80 26 0 0 0 0 0 0 0 0 0 0 ;
41 0 13 94 30 69 65 84 79 28 55 64 17 78 46 64 89 87 0 50 8 0 12 42 67 10 77 29 45 35 100 74 34 90 47 98 0 0 0 0 0 0 0 0 0 ;
45 64 85 54 57 0 41 60 61 27 0 0 76 83 26 51 0 52 24 0 6 83 67 50 6 0 28 0 96 59 80 8 44 35 24 4 0 0 0 0 0 0 0 0 0 ;
45 48 47 36 33 0 18 2 27 10 0 0 46 70 72 0 94 58 52 85 0 0 86 39 57 0 0 4 15 8 76 0 40 0 0 41 85 66 0 0 0 0 0 0 0 ;
95 16 65 42 0 89 84 0 0 78 34 82 57 0 25 71 69 94 85 57 0 52 10 73 0 0 58 0 80 43 18 0 29 80 4 25 64 73 100 0 0 0 0 0 0 ;
63 0 0 0 67 0 0 67 36 73 60 2 94 0 82 68 0 0 91 94 0 89 30 29 80 91 0 43 21 98 0 89 47 73 30 74 0 56 0 60 0 0 0 0 0 ;
57 83 0 54 61 68 68 89 0 0 97 50 75 0 75 0 39 16 9 15 0 0 75 14 81 9 64 81 93 26 25 58 82 11 0 0 76 50 0 15 0 0 0 0 0 ;
39 12 0 50 49 27 35 39 84 50 0 79 0 30 0 88 85 0 0 11 94 10 6 47 40 0 10 4 16 0 22 0 41 39 0 0 0 43 6 19 87 31 0 0 0 ;
29 65 53 0 57 14 44 66 36 99 85 0 3 0 11 15 55 14 19 62 50 56 93 60 0 56 35 13 1 55 19 31 97 0 0 31 0 0 64 10 30 19 2 0 0 ;
0 25 22 69 80 0 0 50 81 31 0 0 73 33 25 32 17 52 87 16 9 71 18 32 45 0 0 14 44 0 0 61 19 0 62 51 30 69 24 51 48 54 0 51 0 ;
31 0 75 84 42 19 81 0 79 28 63 44 46 0 36 53 48 35 19 81 74 100 75 60 100 0 87 63 89 44 61 0 0 0 0 73 71 0 0 9 93 46 75 26 0 ]
w=[34, 30, 7, 26, 1, 20, 46, 15, 29, 9, 50, 29, 25, 14, 13, 34, 39, 38, 28, 36, 44, 8, 49, 17, 49, 27, 42, 37, 50, 32, 27, 21, 49, 44, 3, 20, 7, 43, 27, 23, 42, 25, 45, 20, 25]
W=101 
k=5 
inst_name = "QKP_45_100_75" 
feasible = true 
Q2=[100 0 0 0 0 0 0 0 0 0 0 0 0 0 0 0 0 0 0 0 0 0 0 0 0 0 0 0 0 0 0 0 0 0 0 0 0 0 0 0 0 0 0 0 0; 4 100 0 0 0 0 0 0 0 0 0 0 0 0 0 0 0 0 0 0 0 0 0 0 0 0 0 0 0 0 0 0 0 0 0 0 0 0 0 0 0 0 0 0 0; 83 10 100 0 0 0 0 0 0 0 0 0 0 0 0 0 0 0 0 0 0 0 0 0 0 0 0 0 0 0 0 0 0 0 0 0 0 0 0 0 0 0 0 0 0; 4 88 31 90 0 0 0 0 0 0 0 0 0 0 0 0 0 0 0 0 0 0 0 0 0 0 0 0 0 0 0 0 0 0 0 0 0 0 0 0 0 0 0 0 0; 78 100 1 100 4 0 0 0 0 0 0 0 0 0 0 0 0 0 0 0 0 0 0 0 0 0 0 0 0 0 0 0 0 0 0 0 0 0 0 0 0 0 0 0 0; 2 15 7 3 100 80 0 0 0 0 0 0 0 0 0 0 0 0 0 0 0 0 0 0 0 0 0 0 0 0 0 0 0 0 0 0 0 0 0 0 0 0 0 0 0; 22 100 41 5 99 89 59 0 0 0 0 0 0 0 0 0 0 0 0 0 0 0 0 0 0 0 0 0 0 0 0 0 0 0 0 0 0 0 0 0 0 0 0 0 0; 100 13 89 99 94 15 17 100 0 0 0 0 0 0 0 0 0 0 0 0 0 0 0 0 0 0 0 0 0 0 0 0 0 0 0 0 0 0 0 0 0 0 0 0 0; 80 95 82 2 91 100 0 0 99 0 0 0 0 0 0 0 0 0 0 0 0 0 0 0 0 0 0 0 0 0 0 0 0 0 0 0 0 0 0 0 0 0 0 0 0; 81 88 95 10 100 14 100 63 87 8 0 0 0 0 0 0 0 0 0 0 0 0 0 0 0 0 0 0 0 0 0 0 0 0 0 0 0 0 0 0 0 0 0 0 0; 100 100 27 12 8 7 91 6 1 83 100 0 0 0 0 0 0 0 0 0 0 0 0 0 0 0 0 0 0 0 0 0 0 0 0 0 0 0 0 0 0 0 0 0 0; 0 11 100 0 100 100 22 3 42 100 9 0 0 0 0 0 0 0 0 0 0 0 0 0 0 0 0 0 0 0 0 0 0 0 0 0 0 0 0 0 0 0 0 0 0; 86 68 100 10 21 100 92 100 10 93 100 100 100 0 0 0 0 0 0 0 0 0 0 0 0 0 0 0 0 0 0 0 0 0 0 0 0 0 0 0 0 0 0 0 0; 7 94 91 2 1 99 2 1 8 87 100 33 100 35 0 0 0 0 0 0 0 0 0 0 0 0 0 0 0 0 0 0 0 0 0 0 0 0 0 0 0 0 0 0 0; 16 99 10 100 100 3 89 5 0 97 3 23 100 100 9 0 0 0 0 0 0 0 0 0 0 0 0 0 0 0 0 0 0 0 0 0 0 0 0 0 0 0 0 0 0; 63 13 25 100 81 99 10 90 16 100 100 100 12 100 1 5 0 0 0 0 0 0 0 0 0 0 0 0 0 0 0 0 0 0 0 0 0 0 0 0 0 0 0 0 0; 82 100 100 77 100 78 2 100 100 100 2 100 100 93 10 13 85 0 0 0 0 0 0 0 0 0 0 0 0 0 0 0 0 0 0 0 0 0 0 0 0 0 0 0 0; 18 19 11 7 99 100 10 93 5 12 8 100 12 67 2 97 23 4 0 0 0 0 0 0 0 0 0 0 0 0 0 0 0 0 0 0 0 0 0 0 0 0 0 0 0; 96 97 6 22 0 100 86 0 94 76 85 96 91 100 11 80 4 88 49 0 0 0 0 0 0 0 0 0 0 0 0 0 0 0 0 0 0 0 0 0 0 0 0 0 0; 97 100 4 96 100 100 100 8 100 89 99 77 100 23 100 14 16 0 96 86 0 0 0 0 0 0 0 0 0 0 0 0 0 0 0 0 0 0 0 0 0 0 0 0 0; 0 100 93 85 100 16 12 15 90 30 93 4 100 2 14 5 21 79 100 100 69 0 0 0 0 0 0 0 0 0 0 0 0 0 0 0 0 0 0 0 0 0 0 0 0; 1 14 100 100 99 100 91 16 0 95 2 80 67 100 30 14 69 97 95 19 84 85 0 0 0 0 0 0 0 0 0 0 0 0 0 0 0 0 0 0 0 0 0 0 0; 1 80 100 18 100 81 100 97 86 100 100 100 98 27 0 73 7 85 98 2 100 100 100 0 0 0 0 0 0 0 0 0 0 0 0 0 0 0 0 0 0 0 0 0 0; 97 63 85 90 95 1 1 96 91 100 100 100 100 100 0 100 21 9 10 100 62 18 63 100 0 0 0 0 0 0 0 0 0 0 0 0 0 0 0 0 0 0 0 0 0; 100 100 23 60 100 95 100 1 100 99 26 100 86 100 2 17 2 12 4 100 0 79 3 17 3 0 0 0 0 0 0 0 0 0 0 0 0 0 0 0 0 0 0 0 0; 86 100 10 96 97 100 60 100 28 30 8 100 70 0 96 11 100 72 92 11 64 2 100 30 100 12 0 0 0 0 0 0 0 0 0 0 0 0 0 0 0 0 0 0 0; 100 100 100 49 2 100 96 30 100 36 83 91 74 100 100 3 0 7 97 5 99 100 91 69 100 99 100 0 0 0 0 0 0 0 0 0 0 0 0 0 0 0 0 0 0; 100 85 100 0 14 83 26 89 100 94 81 95 88 100 100 87 100 13 99 93 12 100 67 94 96 14 32 16 0 0 0 0 0 0 0 0 0 0 0 0 0 0 0 0 0; 100 92 79 100 100 19 100 100 18 92 6 73 98 100 67 2 93 11 78 100 91 100 19 100 7 15 37 90 98 0 0 0 0 0 0 0 0 0 0 0 0 0 0 0 0; 8 100 83 13 98 78 11 95 15 18 100 82 100 80 18 100 1 100 5 60 89 87 80 18 80 84 94 100 100 96 0 0 0 0 0 0 0 0 0 0 0 0 0 0 0; 97 74 93 94 91 24 87 80 20 1 15 96 1 75 95 98 100 98 100 100 100 10 100 10 66 0 100 97 100 100 6 0 0 0 0 0 0 0 0 0 0 0 0 0 0; 1 100 4 81 100 28 100 26 94 96 100 100 100 24 32 15 92 100 96 24 0 87 7 100 100 95 1 0 99 8 1 9 0 0 0 0 0 0 0 0 0 0 0 0 0; 0 100 40 98 85 98 7 19 100 0 97 21 88 100 0 1 13 100 39 79 90 3 100 41 2 7 32 2 87 100 86 100 100 0 0 0 0 0 0 0 0 0 0 0 0; 94 6 18 75 28 83 97 63 94 7 100 100 87 4 98 100 0 2 2 100 36 3 100 1 10 7 100 99 97 26 18 9 64 0 0 0 0 0 0 0 0 0 0 0 0; 96 29 5 45 16 99 9 24 99 89 10 100 100 100 100 29 76 100 100 6 4 100 100 100 74 9 15 3 14 5 100 1 84 2 87 0 0 0 0 0 0 0 0 0 0; 79 100 93 5 72 19 3 10 13 75 2 26 91 18 62 17 3 4 100 34 98 100 88 76 2 97 11 80 72 65 0 1 72 8 66 1 0 0 0 0 0 0 0 0 0; 62 28 0 26 17 100 84 2 38 88 100 100 14 16 81 7 100 3 87 100 94 11 31 24 99 100 94 100 4 1 0 100 82 93 96 97 100 0 0 0 0 0 0 0 0; 85 99 65 70 99 100 96 99 89 92 100 100 90 23 8 100 3 25 18 15 100 100 8 87 29 100 100 98 91 99 3 100 86 100 100 75 0 4 0 0 0 0 0 0 0; 1 99 1 77 100 0 1 100 100 2 70 18 16 100 100 17 9 6 10 38 100 7 94 21 100 100 3 100 6 69 88 100 77 12 99 85 1 24 0 0 0 0 0 0 0; 21 100 100 100 7 100 100 16 96 24 16 99 3 100 13 28 100 100 9 6 100 10 80 87 7 6 100 69 86 0 100 6 84 9 78 17 100 43 100 17 0 0 0 0 0; 27 10 100 4 21 7 2 11 100 100 2 7 9 100 23 100 87 85 99 89 100 100 13 96 8 99 33 10 6 87 99 14 3 98 100 100 6 7 100 94 100 0 0 0 0; 95 89 100 15 63 83 67 63 2 17 100 4 100 73 100 0 0 100 100 95 4 97 100 61 98 100 99 98 99 100 86 100 95 98 100 100 100 81 100 98 7 79 0 0 0; 82 33 40 100 29 98 68 28 75 1 7 100 98 100 91 96 26 87 92 22 10 16 4 10 100 40 85 94 99 32 93 80 2 100 100 82 100 100 18 92 74 87 100 0 0; 100 87 99 22 1 100 100 38 17 82 100 100 8 92 88 98 92 18 13 100 98 17 98 96 94 100 100 99 88 100 100 10 95 100 1 2 87 21 77 4 80 17 100 41 0; 80 100 23 2 61 98 5 100 5 94 2 93 63 100 74 6 88 96 95 17 19 0 23 32 0 100 13 10 0 59 36 100 100 100 100 6 28 100 100 100 6 73 11 82 100]
