n=30
density=75
Q1=[18 0 0 0 0 0 0 0 0 0 0 0 0 0 0 0 0 0 0 0 0 0 0 0 0 0 0 0 0 0 ;
26 75 0 0 0 0 0 0 0 0 0 0 0 0 0 0 0 0 0 0 0 0 0 0 0 0 0 0 0 0 ;
0 38 0 0 0 0 0 0 0 0 0 0 0 0 0 0 0 0 0 0 0 0 0 0 0 0 0 0 0 0 ;
0 16 79 23 0 0 0 0 0 0 0 0 0 0 0 0 0 0 0 0 0 0 0 0 0 0 0 0 0 0 ;
47 96 52 0 0 0 0 0 0 0 0 0 0 0 0 0 0 0 0 0 0 0 0 0 0 0 0 0 0 0 ;
84 38 66 0 98 13 0 0 0 0 0 0 0 0 0 0 0 0 0 0 0 0 0 0 0 0 0 0 0 0 ;
23 12 32 45 0 62 60 0 0 0 0 0 0 0 0 0 0 0 0 0 0 0 0 0 0 0 0 0 0 0 ;
30 5 33 0 32 65 0 0 0 0 0 0 0 0 0 0 0 0 0 0 0 0 0 0 0 0 0 0 0 0 ;
81 77 95 27 0 7 50 46 90 0 0 0 0 0 0 0 0 0 0 0 0 0 0 0 0 0 0 0 0 0 ;
0 71 78 0 93 49 0 79 32 69 0 0 0 0 0 0 0 0 0 0 0 0 0 0 0 0 0 0 0 0 ;
5 0 92 29 43 92 0 15 84 0 16 0 0 0 0 0 0 0 0 0 0 0 0 0 0 0 0 0 0 0 ;
0 84 0 0 97 95 84 10 0 61 0 0 0 0 0 0 0 0 0 0 0 0 0 0 0 0 0 0 0 0 ;
0 0 0 79 66 0 0 0 9 0 0 58 0 0 0 0 0 0 0 0 0 0 0 0 0 0 0 0 0 0 ;
23 0 0 38 62 0 42 3 36 0 65 69 9 36 0 0 0 0 0 0 0 0 0 0 0 0 0 0 0 0 ;
84 83 93 96 49 0 85 0 38 0 60 0 63 43 98 0 0 0 0 0 0 0 0 0 0 0 0 0 0 0 ;
59 29 23 91 85 0 0 0 50 77 43 97 38 95 58 7 0 0 0 0 0 0 0 0 0 0 0 0 0 0 ;
7 57 0 69 0 20 7 0 25 43 27 4 0 61 66 57 0 0 0 0 0 0 0 0 0 0 0 0 0 0 ;
0 95 78 30 77 58 28 4 43 85 47 0 0 7 45 59 84 0 0 0 0 0 0 0 0 0 0 0 0 0 ;
57 40 94 0 2 97 57 0 42 46 0 0 0 0 85 47 92 86 0 0 0 0 0 0 0 0 0 0 0 0 ;
79 14 58 62 27 12 0 53 54 44 63 0 98 0 20 5 0 10 45 24 0 0 0 0 0 0 0 0 0 0 ;
57 0 0 79 24 0 64 0 82 84 98 0 0 65 0 60 86 0 7 27 53 0 0 0 0 0 0 0 0 0 ;
23 0 0 34 0 0 69 49 21 13 0 0 75 19 53 96 0 50 0 27 8 37 0 0 0 0 0 0 0 0 ;
36 83 0 66 13 29 40 0 77 74 0 4 97 31 29 86 35 0 43 9 0 52 0 0 0 0 0 0 0 0 ;
50 0 70 80 52 43 23 0 0 6 11 13 0 0 80 31 65 0 81 50 52 0 27 50 0 0 0 0 0 0 ;
94 27 0 75 0 94 0 80 0 0 0 46 31 0 0 65 0 100 0 28 0 63 0 0 92 0 0 0 0 0 ;
32 0 0 97 11 62 27 19 94 61 26 0 86 90 0 9 43 44 0 46 1 47 16 59 0 13 0 0 0 0 ;
19 0 48 94 6 82 0 0 60 65 7 82 23 22 0 32 0 0 0 0 7 0 0 7 54 21 0 0 0 0 ;
19 93 84 42 27 99 63 96 0 14 51 0 58 68 96 0 25 83 0 81 3 0 1 89 0 48 80 53 0 0 ;
55 30 88 7 24 34 0 34 78 71 5 36 39 0 77 0 0 78 0 94 0 84 45 91 26 72 2 47 99 0 ;
3 87 7 0 0 6 18 4 0 36 0 0 99 0 36 41 56 16 50 81 0 0 61 10 63 6 0 32 0 0 ]
w=[28, 50, 35, 32, 7, 30, 6, 38, 41, 39, 8, 46, 46, 25, 27, 4, 15, 46, 3, 42, 45, 12, 32, 17, 15, 8, 18, 35, 28, 20]
W=59 
k=2 
