n=25
density=25
Q1=[93 0 0 0 0 0 0 0 0 0 0 0 0 0 0 0 0 0 0 0 0 0 0 0 0 ;
0 0 0 0 0 0 0 0 0 0 0 0 0 0 0 0 0 0 0 0 0 0 0 0 0 ;
0 0 0 0 0 0 0 0 0 0 0 0 0 0 0 0 0 0 0 0 0 0 0 0 0 ;
0 0 0 167 0 0 0 0 0 0 0 0 0 0 0 0 0 0 0 0 0 0 0 0 0 ;
0 0 122 0 0 0 0 0 0 0 0 0 0 0 0 0 0 0 0 0 0 0 0 0 0 ;
63 0 0 96 0 0 0 0 0 0 0 0 0 0 0 0 0 0 0 0 0 0 0 0 0 ;
5 0 0 0 0 0 0 0 0 0 0 0 0 0 0 0 0 0 0 0 0 0 0 0 0 ;
19 0 0 114 128 0 54 0 0 0 0 0 0 0 0 0 0 0 0 0 0 0 0 0 0 ;
39 0 0 0 165 39 0 91 158 0 0 0 0 0 0 0 0 0 0 0 0 0 0 0 0 ;
0 0 0 0 0 0 0 110 0 0 0 0 0 0 0 0 0 0 0 0 0 0 0 0 0 ;
0 13 0 33 0 0 142 0 0 37 0 0 0 0 0 0 0 0 0 0 0 0 0 0 0 ;
0 0 0 0 0 0 0 0 95 0 0 139 0 0 0 0 0 0 0 0 0 0 0 0 0 ;
0 174 0 0 0 50 0 0 0 19 110 23 0 0 0 0 0 0 0 0 0 0 0 0 0 ;
144 0 0 199 0 53 104 182 80 37 0 0 0 0 0 0 0 0 0 0 0 0 0 0 0 ;
134 0 0 198 97 153 0 0 0 9 112 188 129 0 69 0 0 0 0 0 0 0 0 0 0 ;
0 0 1 181 0 0 100 0 40 84 108 0 104 0 0 0 0 0 0 0 0 0 0 0 0 ;
0 197 0 0 0 0 0 0 0 109 0 0 0 0 0 0 0 0 0 0 0 0 0 0 0 ;
0 196 0 0 0 0 0 0 0 0 52 0 0 0 0 0 0 188 0 0 0 0 0 0 0 ;
0 0 22 0 0 0 39 0 73 0 0 0 109 0 0 0 0 0 0 0 0 0 0 0 0 ;
25 0 0 108 125 0 0 141 0 0 0 0 57 0 0 0 29 25 0 0 0 0 0 0 0 ;
0 0 0 0 56 0 0 135 19 0 0 0 113 34 0 163 0 0 0 0 0 0 0 0 0 ;
21 0 0 0 0 0 0 158 0 0 0 140 0 0 0 0 20 0 0 0 0 0 0 0 0 ;
0 22 0 0 85 0 0 0 0 41 72 0 0 0 0 0 0 0 0 0 0 0 4 0 0 ;
0 0 0 7 0 63 0 157 63 0 75 0 0 0 0 79 0 0 0 34 0 0 0 0 0 ;
0 0 0 0 0 72 111 7 0 40 0 0 0 0 0 199 0 0 0 0 0 0 0 0 32 ]
w=[27, 87, 45, 79, 42, 51, 36, 63, 55, 90, 30, 29, 11, 82, 83, 56, 29, 78, 94, 50, 93, 82, 66, 84, 26]
W=54 
k=2 
inst_name = "QKP_25_200_25" 
feasible = true 
Q2=[178 0 0 0 0 0 0 0 0 0 0 0 0 0 0 0 0 0 0 0 0 0 0 0 0; 199 199 0 0 0 0 0 0 0 0 0 0 0 0 0 0 0 0 0 0 0 0 0 0 0; 199 199 199 0 0 0 0 0 0 0 0 0 0 0 0 0 0 0 0 0 0 0 0 0 0; 199 199 199 27 0 0 0 0 0 0 0 0 0 0 0 0 0 0 0 0 0 0 0 0 0; 199 199 31 199 199 0 0 0 0 0 0 0 0 0 0 0 0 0 0 0 0 0 0 0 0; 194 199 199 109 199 199 0 0 0 0 0 0 0 0 0 0 0 0 0 0 0 0 0 0 0; 194 199 199 199 199 199 199 0 0 0 0 0 0 0 0 0 0 0 0 0 0 0 0 0 0; 184 199 199 54 30 199 152 199 0 0 0 0 0 0 0 0 0 0 0 0 0 0 0 0 0; 170 199 199 199 11 190 199 160 22 0 0 0 0 0 0 0 0 0 0 0 0 0 0 0 0; 199 199 199 199 199 199 199 1 199 199 0 0 0 0 0 0 0 0 0 0 0 0 0 0 0; 199 195 199 172 199 199 4 199 199 177 199 0 0 0 0 0 0 0 0 0 0 0 0 0 0; 199 199 199 199 199 199 199 199 144 199 199 7 0 0 0 0 0 0 0 0 0 0 0 0 0; 199 22 199 199 199 187 199 199 199 182 37 186 199 0 0 0 0 0 0 0 0 0 0 0 0; 48 199 199 0 199 164 3 3 149 166 199 199 199 199 0 0 0 0 0 0 0 0 0 0 0; 48 199 199 0 121 29 199 199 199 194 21 4 24 199 151 0 0 0 0 0 0 0 0 0 0; 199 199 199 18 199 199 24 199 181 178 37 199 29 199 199 199 0 0 0 0 0 0 0 0 0; 199 0 199 199 199 199 199 199 199 1 199 199 199 199 199 199 199 0 0 0 0 0 0 0 0; 199 2 199 199 199 199 199 199 199 199 197 199 199 199 199 199 199 8 0 0 0 0 0 0 0; 199 199 190 199 199 199 176 199 178 199 199 199 61 199 199 199 199 199 199 0 0 0 0 0 0; 178 199 199 18 27 199 199 48 199 199 199 199 142 199 199 199 196 186 199 199 0 0 0 0 0; 199 199 199 199 191 199 199 7 192 199 199 199 17 179 199 19 199 199 199 199 199 0 0 0 0; 191 199 199 199 199 199 199 9 199 199 199 3 199 199 199 199 188 199 199 199 199 199 0 0 0; 199 185 199 199 125 199 199 199 199 161 163 199 199 199 199 199 199 199 199 199 199 199 197 0 0; 199 199 199 196 199 137 199 40 156 199 180 199 199 199 199 127 199 199 199 195 199 199 199 199 0; 199 199 199 199 199 132 45 199 199 185 199 199 199 199 199 0 199 199 199 199 199 199 199 199 180]
