n=35
density=50
Q1=[0 0 0 0 0 0 0 0 0 0 0 0 0 0 0 0 0 0 0 0 0 0 0 0 0 0 0 0 0 0 0 0 0 0 0 ;
23 0 0 0 0 0 0 0 0 0 0 0 0 0 0 0 0 0 0 0 0 0 0 0 0 0 0 0 0 0 0 0 0 0 0 ;
25 0 8 0 0 0 0 0 0 0 0 0 0 0 0 0 0 0 0 0 0 0 0 0 0 0 0 0 0 0 0 0 0 0 0 ;
98 80 0 0 0 0 0 0 0 0 0 0 0 0 0 0 0 0 0 0 0 0 0 0 0 0 0 0 0 0 0 0 0 0 0 ;
66 0 44 0 59 0 0 0 0 0 0 0 0 0 0 0 0 0 0 0 0 0 0 0 0 0 0 0 0 0 0 0 0 0 0 ;
0 59 36 55 0 0 0 0 0 0 0 0 0 0 0 0 0 0 0 0 0 0 0 0 0 0 0 0 0 0 0 0 0 0 0 ;
54 0 10 0 89 97 42 0 0 0 0 0 0 0 0 0 0 0 0 0 0 0 0 0 0 0 0 0 0 0 0 0 0 0 0 ;
0 49 0 36 22 0 98 0 0 0 0 0 0 0 0 0 0 0 0 0 0 0 0 0 0 0 0 0 0 0 0 0 0 0 0 ;
73 92 0 0 0 0 22 96 0 0 0 0 0 0 0 0 0 0 0 0 0 0 0 0 0 0 0 0 0 0 0 0 0 0 0 ;
8 0 12 41 92 86 85 88 0 0 0 0 0 0 0 0 0 0 0 0 0 0 0 0 0 0 0 0 0 0 0 0 0 0 0 ;
0 87 0 24 0 88 27 27 82 0 0 0 0 0 0 0 0 0 0 0 0 0 0 0 0 0 0 0 0 0 0 0 0 0 0 ;
0 0 53 0 0 29 11 58 90 0 19 19 0 0 0 0 0 0 0 0 0 0 0 0 0 0 0 0 0 0 0 0 0 0 0 ;
0 39 72 52 60 0 18 0 0 0 91 0 59 0 0 0 0 0 0 0 0 0 0 0 0 0 0 0 0 0 0 0 0 0 0 ;
0 77 12 0 64 41 52 0 0 8 0 0 35 0 0 0 0 0 0 0 0 0 0 0 0 0 0 0 0 0 0 0 0 0 0 ;
46 35 51 0 0 0 69 0 64 28 0 29 9 0 20 0 0 0 0 0 0 0 0 0 0 0 0 0 0 0 0 0 0 0 0 ;
0 0 79 34 68 24 67 45 23 0 17 0 87 0 0 0 0 0 0 0 0 0 0 0 0 0 0 0 0 0 0 0 0 0 0 ;
55 58 4 26 55 0 0 0 0 7 0 0 0 60 0 13 0 0 0 0 0 0 0 0 0 0 0 0 0 0 0 0 0 0 0 ;
0 0 0 54 0 0 0 0 0 25 67 0 0 0 0 0 61 40 0 0 0 0 0 0 0 0 0 0 0 0 0 0 0 0 0 ;
70 11 0 0 2 0 0 1 0 0 0 62 0 97 0 8 19 0 12 0 0 0 0 0 0 0 0 0 0 0 0 0 0 0 0 ;
0 0 11 0 22 58 0 0 0 20 0 0 0 0 48 0 41 0 0 0 0 0 0 0 0 0 0 0 0 0 0 0 0 0 0 ;
57 95 22 0 36 0 43 19 100 0 0 24 0 0 0 0 0 26 0 18 42 0 0 0 0 0 0 0 0 0 0 0 0 0 0 ;
0 0 0 0 53 0 0 46 76 0 57 80 0 0 0 0 0 0 98 5 0 0 0 0 0 0 0 0 0 0 0 0 0 0 0 ;
4 73 3 9 41 37 0 0 43 44 0 0 44 0 0 34 1 75 16 0 0 0 0 0 0 0 0 0 0 0 0 0 0 0 0 ;
74 0 81 8 55 28 58 38 0 0 0 41 0 90 41 52 53 0 0 45 36 82 0 95 0 0 0 0 0 0 0 0 0 0 0 ;
3 0 67 0 0 58 63 0 0 0 45 0 0 0 0 0 18 78 0 21 0 0 32 0 0 0 0 0 0 0 0 0 0 0 0 ;
78 88 0 46 0 0 0 30 19 84 90 0 56 97 82 15 0 50 0 6 66 25 0 0 41 5 0 0 0 0 0 0 0 0 0 ;
0 47 43 0 0 0 20 0 0 92 0 0 65 9 0 0 52 0 0 0 0 0 0 78 0 41 21 0 0 0 0 0 0 0 0 ;
0 53 56 78 0 0 0 48 0 32 66 86 66 4 2 0 0 0 57 0 0 91 54 21 0 0 0 24 0 0 0 0 0 0 0 ;
30 64 99 0 74 97 76 90 8 45 0 0 11 14 0 0 0 0 83 0 89 0 0 20 3 0 26 16 0 0 0 0 0 0 0 ;
72 23 15 49 42 68 24 0 0 3 71 0 0 11 83 0 61 0 0 66 52 11 36 0 0 48 0 60 82 63 0 0 0 0 0 ;
0 0 0 0 0 54 28 26 0 30 0 68 45 52 0 0 0 0 0 0 30 7 0 0 0 0 0 0 0 13 69 0 0 0 0 ;
0 0 37 24 77 0 0 0 58 0 0 0 54 0 0 0 0 15 0 73 0 54 93 67 0 52 62 54 77 0 0 88 0 0 0 ;
0 10 59 0 0 34 57 46 0 0 0 33 0 0 58 11 0 0 25 0 0 85 20 5 36 0 63 26 0 19 0 0 0 0 0 ;
0 0 85 0 25 0 0 2 0 58 10 99 0 78 86 49 45 0 0 83 100 0 0 0 25 25 0 21 0 0 93 0 0 88 0 ;
0 0 0 0 65 56 65 0 0 7 0 11 0 0 4 53 0 0 81 93 0 0 0 86 0 85 0 44 0 48 81 14 45 0 0 ]
w=[17, 7, 36, 33, 5, 33, 23, 23, 3, 1, 49, 4, 42, 17, 11, 26, 11, 36, 21, 20, 9, 27, 38, 20, 21, 1, 29, 21, 25, 30, 22, 15, 12, 27, 43]
W=134 
k=7 
inst_name = "QKP_35_100_50" 
feasible = true 
Q2=[100 0 0 0 0 0 0 0 0 0 0 0 0 0 0 0 0 0 0 0 0 0 0 0 0 0 0 0 0 0 0 0 0 0 0; 84 100 0 0 0 0 0 0 0 0 0 0 0 0 0 0 0 0 0 0 0 0 0 0 0 0 0 0 0 0 0 0 0 0 0; 87 100 100 0 0 0 0 0 0 0 0 0 0 0 0 0 0 0 0 0 0 0 0 0 0 0 0 0 0 0 0 0 0 0 0; 0 7 100 100 0 0 0 0 0 0 0 0 0 0 0 0 0 0 0 0 0 0 0 0 0 0 0 0 0 0 0 0 0 0 0; 26 100 75 100 35 0 0 0 0 0 0 0 0 0 0 0 0 0 0 0 0 0 0 0 0 0 0 0 0 0 0 0 0 0 0; 100 11 95 16 100 100 0 0 0 0 0 0 0 0 0 0 0 0 0 0 0 0 0 0 0 0 0 0 0 0 0 0 0 0 0; 31 100 92 100 7 2 68 0 0 0 0 0 0 0 0 0 0 0 0 0 0 0 0 0 0 0 0 0 0 0 0 0 0 0 0; 100 67 100 99 85 100 0 100 0 0 0 0 0 0 0 0 0 0 0 0 0 0 0 0 0 0 0 0 0 0 0 0 0 0 0; 19 4 100 100 100 100 81 0 100 0 0 0 0 0 0 0 0 0 0 0 0 0 0 0 0 0 0 0 0 0 0 0 0 0 0; 100 100 98 91 1 12 15 0 100 100 0 0 0 0 0 0 0 0 0 0 0 0 0 0 0 0 0 0 0 0 0 0 0 0 0; 100 7 100 92 100 3 82 95 5 100 100 0 0 0 0 0 0 0 0 0 0 0 0 0 0 0 0 0 0 0 0 0 0 0 0; 100 100 4 100 100 80 89 23 4 100 91 91 0 0 0 0 0 0 0 0 0 0 0 0 0 0 0 0 0 0 0 0 0 0 0; 100 99 16 47 27 100 97 100 100 100 8 100 7 0 0 0 0 0 0 0 0 0 0 0 0 0 0 0 0 0 0 0 0 0 0; 100 13 92 100 28 91 18 100 100 99 100 100 80 100 0 0 0 0 0 0 0 0 0 0 0 0 0 0 0 0 0 0 0 0 0; 86 73 0 100 100 100 19 100 23 79 100 84 91 100 89 0 0 0 0 0 0 0 0 0 0 0 0 0 0 0 0 0 0 0 0; 100 100 15 89 3 84 31 63 82 100 97 100 7 100 100 100 0 0 0 0 0 0 0 0 0 0 0 0 0 0 0 0 0 0 0; 3 9 98 96 3 100 100 100 100 100 100 100 100 6 100 87 100 0 0 0 0 0 0 0 0 0 0 0 0 0 0 0 0 0 0; 100 100 100 14 100 100 100 100 100 87 18 100 100 100 100 100 4 60 0 0 0 0 0 0 0 0 0 0 0 0 0 0 0 0 0; 14 94 100 100 98 100 100 99 100 100 100 34 100 2 100 96 87 100 98 0 0 0 0 0 0 0 0 0 0 0 0 0 0 0 0; 100 100 98 100 96 7 100 100 100 87 100 100 100 100 69 100 87 100 100 100 0 0 0 0 0 0 0 0 0 0 0 0 0 0 0; 0 1 87 100 83 100 86 97 0 100 100 79 100 100 100 100 100 84 100 100 92 0 0 0 0 0 0 0 0 0 0 0 0 0 0; 100 100 100 100 6 100 100 96 18 100 28 12 100 100 100 100 100 100 0 96 100 100 0 0 0 0 0 0 0 0 0 0 0 0 0; 99 15 98 93 59 69 100 100 80 72 100 100 85 100 100 89 99 3 87 100 100 100 100 0 0 0 0 0 0 0 0 0 0 0 0; 25 100 8 96 31 84 15 91 100 100 100 94 100 4 98 26 38 100 100 67 89 10 100 2 0 0 0 0 0 0 0 0 0 0 0; 100 100 15 100 100 5 16 100 100 100 75 100 100 100 100 100 98 20 100 80 100 100 91 100 100 0 0 0 0 0 0 0 0 0 0; 3 6 100 63 100 100 100 85 83 3 4 100 22 0 12 93 100 1 100 98 32 85 100 100 64 100 0 0 0 0 0 0 0 0 0; 100 93 81 100 100 100 80 100 100 5 100 100 18 97 100 100 14 100 100 100 100 100 100 0 100 75 83 0 0 0 0 0 0 0 0; 100 44 28 9 100 100 100 64 100 73 28 9 21 97 100 100 100 100 6 100 100 2 21 92 100 100 100 78 0 0 0 0 0 0 0; 92 18 0 100 4 2 22 2 95 56 100 100 100 91 100 100 100 100 16 100 7 100 100 95 100 100 84 94 100 0 0 0 0 0 0; 0 100 89 99 78 30 99 100 100 98 8 100 100 93 4 100 31 100 100 14 37 96 88 100 100 84 100 22 1 10 0 0 0 0 0; 100 100 100 100 100 32 86 97 100 75 100 26 67 42 100 100 100 100 100 100 72 94 100 100 100 100 100 100 100 97 1 0 0 0 0; 100 100 84 98 7 100 100 100 6 100 100 100 10 100 100 100 100 94 100 14 100 6 6 26 100 26 0 41 21 100 100 5 0 0 0; 100 95 18 100 100 67 12 55 100 100 100 90 100 100 35 93 100 100 88 100 100 9 94 95 96 100 8 82 100 83 100 100 100 0 0; 100 100 2 100 79 100 100 100 100 16 97 0 100 4 5 69 78 100 100 15 0 100 100 100 92 96 100 94 100 100 3 100 100 1 0; 100 100 100 100 24 10 24 100 100 99 100 94 100 100 96 21 100 100 16 1 100 100 100 14 100 0 100 85 100 96 4 87 82 100 100]
