n=45
density=100
Q1=[13 0 0 0 0 0 0 0 0 0 0 0 0 0 0 0 0 0 0 0 0 0 0 0 0 0 0 0 0 0 0 0 0 0 0 0 0 0 0 0 0 0 0 0 0 ;
45 158 0 0 0 0 0 0 0 0 0 0 0 0 0 0 0 0 0 0 0 0 0 0 0 0 0 0 0 0 0 0 0 0 0 0 0 0 0 0 0 0 0 0 0 ;
73 184 25 0 0 0 0 0 0 0 0 0 0 0 0 0 0 0 0 0 0 0 0 0 0 0 0 0 0 0 0 0 0 0 0 0 0 0 0 0 0 0 0 0 0 ;
16 53 79 6 0 0 0 0 0 0 0 0 0 0 0 0 0 0 0 0 0 0 0 0 0 0 0 0 0 0 0 0 0 0 0 0 0 0 0 0 0 0 0 0 0 ;
170 177 126 171 85 0 0 0 0 0 0 0 0 0 0 0 0 0 0 0 0 0 0 0 0 0 0 0 0 0 0 0 0 0 0 0 0 0 0 0 0 0 0 0 0 ;
76 153 72 155 135 138 0 0 0 0 0 0 0 0 0 0 0 0 0 0 0 0 0 0 0 0 0 0 0 0 0 0 0 0 0 0 0 0 0 0 0 0 0 0 0 ;
160 14 175 135 65 64 68 0 0 0 0 0 0 0 0 0 0 0 0 0 0 0 0 0 0 0 0 0 0 0 0 0 0 0 0 0 0 0 0 0 0 0 0 0 0 ;
39 96 135 44 199 120 95 34 0 0 0 0 0 0 0 0 0 0 0 0 0 0 0 0 0 0 0 0 0 0 0 0 0 0 0 0 0 0 0 0 0 0 0 0 0 ;
83 181 145 178 10 186 44 44 60 0 0 0 0 0 0 0 0 0 0 0 0 0 0 0 0 0 0 0 0 0 0 0 0 0 0 0 0 0 0 0 0 0 0 0 0 ;
146 11 144 79 28 43 84 198 87 181 0 0 0 0 0 0 0 0 0 0 0 0 0 0 0 0 0 0 0 0 0 0 0 0 0 0 0 0 0 0 0 0 0 0 0 ;
15 77 169 69 178 124 160 45 100 37 168 0 0 0 0 0 0 0 0 0 0 0 0 0 0 0 0 0 0 0 0 0 0 0 0 0 0 0 0 0 0 0 0 0 0 ;
89 58 187 108 78 198 100 150 97 9 102 101 0 0 0 0 0 0 0 0 0 0 0 0 0 0 0 0 0 0 0 0 0 0 0 0 0 0 0 0 0 0 0 0 0 ;
176 188 17 126 123 30 161 13 113 140 19 166 32 0 0 0 0 0 0 0 0 0 0 0 0 0 0 0 0 0 0 0 0 0 0 0 0 0 0 0 0 0 0 0 0 ;
175 159 192 91 101 27 68 77 90 198 50 152 70 82 0 0 0 0 0 0 0 0 0 0 0 0 0 0 0 0 0 0 0 0 0 0 0 0 0 0 0 0 0 0 0 ;
65 79 141 64 26 196 37 126 109 14 117 22 95 84 156 0 0 0 0 0 0 0 0 0 0 0 0 0 0 0 0 0 0 0 0 0 0 0 0 0 0 0 0 0 0 ;
190 38 29 12 154 3 68 185 4 198 161 159 46 140 106 18 0 0 0 0 0 0 0 0 0 0 0 0 0 0 0 0 0 0 0 0 0 0 0 0 0 0 0 0 0 ;
7 6 104 86 40 174 192 58 47 75 100 167 81 196 139 192 62 0 0 0 0 0 0 0 0 0 0 0 0 0 0 0 0 0 0 0 0 0 0 0 0 0 0 0 0 ;
161 65 116 85 126 99 129 44 134 73 100 57 178 54 113 68 105 199 0 0 0 0 0 0 0 0 0 0 0 0 0 0 0 0 0 0 0 0 0 0 0 0 0 0 0 ;
18 73 136 152 160 117 36 63 63 94 144 51 61 143 115 61 4 155 186 0 0 0 0 0 0 0 0 0 0 0 0 0 0 0 0 0 0 0 0 0 0 0 0 0 0 ;
170 200 42 106 2 24 179 157 34 56 7 175 154 124 81 118 47 183 36 125 0 0 0 0 0 0 0 0 0 0 0 0 0 0 0 0 0 0 0 0 0 0 0 0 0 ;
105 146 35 112 188 7 67 121 28 192 155 142 37 51 23 80 30 56 45 14 196 0 0 0 0 0 0 0 0 0 0 0 0 0 0 0 0 0 0 0 0 0 0 0 0 ;
196 6 45 34 101 77 135 123 94 182 24 117 134 36 51 103 30 164 142 132 154 134 0 0 0 0 0 0 0 0 0 0 0 0 0 0 0 0 0 0 0 0 0 0 0 ;
36 194 121 50 162 16 133 164 123 124 145 166 113 136 6 14 103 90 98 130 18 43 99 0 0 0 0 0 0 0 0 0 0 0 0 0 0 0 0 0 0 0 0 0 0 ;
92 78 101 191 139 197 54 78 1 69 13 131 175 86 145 104 26 71 154 60 111 26 109 189 0 0 0 0 0 0 0 0 0 0 0 0 0 0 0 0 0 0 0 0 0 ;
105 161 59 103 48 106 57 66 1 180 16 111 102 172 189 58 200 47 58 115 143 101 144 57 178 0 0 0 0 0 0 0 0 0 0 0 0 0 0 0 0 0 0 0 0 ;
123 67 100 45 25 111 171 66 43 13 44 126 175 15 43 59 47 28 126 186 142 153 53 128 120 169 0 0 0 0 0 0 0 0 0 0 0 0 0 0 0 0 0 0 0 ;
192 178 34 40 194 172 111 17 37 161 59 48 182 21 35 125 162 178 94 57 145 25 180 23 179 15 111 0 0 0 0 0 0 0 0 0 0 0 0 0 0 0 0 0 0 ;
2 157 75 128 83 139 85 44 195 24 89 174 121 71 1 197 101 13 162 66 80 64 130 81 190 95 91 175 0 0 0 0 0 0 0 0 0 0 0 0 0 0 0 0 0 ;
148 42 29 90 12 169 113 158 30 157 130 192 17 153 97 6 71 119 160 147 108 182 124 88 20 23 60 164 192 0 0 0 0 0 0 0 0 0 0 0 0 0 0 0 0 ;
188 32 4 182 73 29 122 57 110 109 24 105 104 49 3 125 193 65 17 168 187 170 33 199 131 198 38 175 24 186 0 0 0 0 0 0 0 0 0 0 0 0 0 0 0 ;
160 76 177 57 163 36 101 95 162 138 144 158 157 62 106 69 97 122 147 200 74 26 37 148 58 20 189 119 87 48 50 0 0 0 0 0 0 0 0 0 0 0 0 0 0 ;
155 7 88 17 13 172 36 157 44 84 51 7 192 45 86 37 142 40 52 33 59 192 64 21 80 175 111 137 70 197 176 105 0 0 0 0 0 0 0 0 0 0 0 0 0 ;
65 156 25 200 138 50 4 113 97 119 64 35 164 139 99 110 10 167 30 142 133 73 83 200 184 70 167 43 130 86 161 56 97 0 0 0 0 0 0 0 0 0 0 0 0 ;
62 17 81 176 184 27 112 77 131 153 66 136 174 150 67 130 153 144 184 189 79 183 169 166 173 186 65 122 163 54 131 2 71 64 0 0 0 0 0 0 0 0 0 0 0 ;
161 37 20 183 32 120 120 36 67 124 188 99 139 65 105 153 24 61 97 65 120 45 105 172 70 177 72 129 66 171 78 68 127 96 21 0 0 0 0 0 0 0 0 0 0 ;
39 13 142 57 103 122 48 23 18 123 25 6 167 186 33 111 149 91 86 74 159 29 32 82 111 16 94 173 108 15 51 163 166 77 5 140 0 0 0 0 0 0 0 0 0 ;
115 194 30 14 44 200 92 120 5 61 16 191 71 48 180 88 26 160 168 70 60 23 20 59 151 81 90 139 143 125 88 159 193 58 132 23 189 0 0 0 0 0 0 0 0 ;
83 170 121 140 109 189 139 31 98 152 38 103 199 21 38 21 30 169 150 163 130 165 169 174 135 154 135 140 188 106 172 181 82 108 126 52 11 70 0 0 0 0 0 0 0 ;
79 136 175 98 174 107 168 40 46 47 194 134 8 95 16 121 63 2 5 88 18 31 186 4 88 48 70 65 58 170 36 83 19 187 168 161 171 131 129 0 0 0 0 0 0 ;
55 56 90 100 3 46 132 126 54 22 52 54 178 94 89 103 106 86 172 150 196 17 64 131 24 139 97 134 167 161 87 131 110 198 137 16 74 58 84 172 0 0 0 0 0 ;
32 171 131 157 163 16 89 141 146 186 23 39 167 94 136 128 180 73 32 5 72 117 6 66 146 66 131 23 68 173 145 12 105 83 141 70 30 190 157 47 36 0 0 0 0 ;
88 15 68 188 30 189 124 151 23 80 125 139 88 82 115 139 60 8 91 183 5 34 61 20 136 50 99 33 180 145 145 61 104 190 4 52 145 160 173 89 123 25 0 0 0 ;
14 59 132 163 182 109 95 130 86 6 132 144 162 107 168 62 120 54 145 139 127 103 112 19 114 100 71 58 114 57 148 41 103 160 76 176 47 67 96 73 165 4 122 0 0 ;
105 92 7 162 180 43 163 170 133 94 52 180 200 17 8 33 142 39 177 153 167 126 39 95 169 88 179 82 104 174 159 71 182 69 192 146 98 170 118 108 2 199 40 3 0 ;
16 123 153 30 93 155 105 4 38 158 14 155 100 45 88 126 96 116 130 74 117 90 24 119 98 30 128 148 182 26 149 190 34 100 182 153 122 72 115 21 99 78 56 178 6 ]
w=[75, 15, 31, 82, 55, 87, 47, 15, 11, 46, 93, 93, 48, 25, 19, 39, 50, 88, 80, 62, 50, 5, 60, 61, 14, 66, 36, 34, 6, 39, 47, 17, 80, 100, 55, 70, 18, 13, 29, 14, 81, 18, 3, 60, 81]
W=57 
k=2 
inst_name = "QKP_45_200_100" 
feasible = true 
Q2=[197 0 0 0 0 0 0 0 0 0 0 0 0 0 0 0 0 0 0 0 0 0 0 0 0 0 0 0 0 0 0 0 0 0 0 0 0 0 0 0 0 0 0 0 0; 155 13 0 0 0 0 0 0 0 0 0 0 0 0 0 0 0 0 0 0 0 0 0 0 0 0 0 0 0 0 0 0 0 0 0 0 0 0 0 0 0 0 0 0 0; 155 16 188 0 0 0 0 0 0 0 0 0 0 0 0 0 0 0 0 0 0 0 0 0 0 0 0 0 0 0 0 0 0 0 0 0 0 0 0 0 0 0 0 0 0; 195 147 128 200 0 0 0 0 0 0 0 0 0 0 0 0 0 0 0 0 0 0 0 0 0 0 0 0 0 0 0 0 0 0 0 0 0 0 0 0 0 0 0 0 0; 15 1 25 2 185 0 0 0 0 0 0 0 0 0 0 0 0 0 0 0 0 0 0 0 0 0 0 0 0 0 0 0 0 0 0 0 0 0 0 0 0 0 0 0 0; 188 11 171 15 54 27 0 0 0 0 0 0 0 0 0 0 0 0 0 0 0 0 0 0 0 0 0 0 0 0 0 0 0 0 0 0 0 0 0 0 0 0 0 0 0; 36 187 10 33 164 192 194 0 0 0 0 0 0 0 0 0 0 0 0 0 0 0 0 0 0 0 0 0 0 0 0 0 0 0 0 0 0 0 0 0 0 0 0 0 0; 161 143 5 192 1 39 141 189 0 0 0 0 0 0 0 0 0 0 0 0 0 0 0 0 0 0 0 0 0 0 0 0 0 0 0 0 0 0 0 0 0 0 0 0 0; 143 13 35 0 194 14 175 177 155 0 0 0 0 0 0 0 0 0 0 0 0 0 0 0 0 0 0 0 0 0 0 0 0 0 0 0 0 0 0 0 0 0 0 0 0; 28 190 26 125 176 171 197 2 115 9 0 0 0 0 0 0 0 0 0 0 0 0 0 0 0 0 0 0 0 0 0 0 0 0 0 0 0 0 0 0 0 0 0 0 0; 200 183 1 173 6 30 23 169 35 171 29 0 0 0 0 0 0 0 0 0 0 0 0 0 0 0 0 0 0 0 0 0 0 0 0 0 0 0 0 0 0 0 0 0 0; 138 163 2 6 176 2 24 16 121 200 15 70 0 0 0 0 0 0 0 0 0 0 0 0 0 0 0 0 0 0 0 0 0 0 0 0 0 0 0 0 0 0 0 0 0; 22 7 193 73 48 179 23 191 28 11 185 7 200 0 0 0 0 0 0 0 0 0 0 0 0 0 0 0 0 0 0 0 0 0 0 0 0 0 0 0 0 0 0 0 0; 4 41 7 191 51 190 168 193 164 0 194 44 139 154 0 0 0 0 0 0 0 0 0 0 0 0 0 0 0 0 0 0 0 0 0 0 0 0 0 0 0 0 0 0 0; 147 138 59 173 193 1 169 70 75 197 3 179 200 152 0 0 0 0 0 0 0 0 0 0 0 0 0 0 0 0 0 0 0 0 0 0 0 0 0 0 0 0 0 0 0; 6 171 176 191 0 197 164 13 200 1 11 28 178 50 48 198 0 0 0 0 0 0 0 0 0 0 0 0 0 0 0 0 0 0 0 0 0 0 0 0 0 0 0 0 0; 193 196 73 195 197 14 8 157 178 171 51 15 158 2 15 1 168 0 0 0 0 0 0 0 0 0 0 0 0 0 0 0 0 0 0 0 0 0 0 0 0 0 0 0 0; 5 141 84 122 61 167 8 168 6 147 45 194 10 150 20 189 49 1 0 0 0 0 0 0 0 0 0 0 0 0 0 0 0 0 0 0 0 0 0 0 0 0 0 0 0; 191 152 18 45 10 27 169 158 153 190 0 199 147 40 82 147 200 34 13 0 0 0 0 0 0 0 0 0 0 0 0 0 0 0 0 0 0 0 0 0 0 0 0 0 0; 7 0 159 31 200 177 21 28 179 180 195 9 2 69 185 55 165 3 174 53 0 0 0 0 0 0 0 0 0 0 0 0 0 0 0 0 0 0 0 0 0 0 0 0 0; 92 50 185 13 6 198 169 28 175 8 3 56 193 191 197 188 197 159 185 193 0 0 0 0 0 0 0 0 0 0 0 0 0 0 0 0 0 0 0 0 0 0 0 0 0; 1 198 180 181 4 166 48 45 190 2 188 61 49 187 200 28 176 8 20 10 19 59 0 0 0 0 0 0 0 0 0 0 0 0 0 0 0 0 0 0 0 0 0 0 0; 167 2 32 162 0 193 24 12 15 7 43 4 75 40 194 192 19 184 128 2 182 165 186 0 0 0 0 0 0 0 0 0 0 0 0 0 0 0 0 0 0 0 0 0 0; 148 194 83 0 14 1 146 138 200 135 198 27 6 193 29 39 187 140 39 147 58 175 38 0 0 0 0 0 0 0 0 0 0 0 0 0 0 0 0 0 0 0 0 0 0; 24 34 154 28 183 11 200 180 200 19 198 89 85 23 7 164 0 164 176 15 26 2 0 163 14 0 0 0 0 0 0 0 0 0 0 0 0 0 0 0 0 0 0 0 0; 75 140 47 158 182 50 16 192 187 197 167 38 18 196 198 171 158 180 16 8 10 31 154 62 72 18 0 0 0 0 0 0 0 0 0 0 0 0 0 0 0 0 0 0 0; 0 2 199 184 1 0 40 194 191 17 170 198 13 185 184 71 13 5 167 191 45 185 14 189 0 194 3 0 0 0 0 0 0 0 0 0 0 0 0 0 0 0 0 0 0; 199 8 133 40 159 61 174 158 1 183 155 7 78 133 199 3 31 189 7 194 153 160 58 133 2 132 116 0 0 0 0 0 0 0 0 0 0 0 0 0 0 0 0 0 0; 21 196 182 159 188 10 14 33 180 20 56 6 195 44 173 196 189 56 26 21 39 16 13 170 188 181 145 36 3 0 0 0 0 0 0 0 0 0 0 0 0 0 0 0 0; 1 176 197 5 142 194 72 182 53 70 198 15 43 171 198 4 5 168 193 17 7 11 195 1 6 0 200 15 195 10 0 0 0 0 0 0 0 0 0 0 0 0 0 0 0; 3 136 23 145 33 178 97 134 19 34 15 2 38 188 68 188 123 28 27 0 149 199 199 5 166 181 2 54 200 193 197 0 0 0 0 0 0 0 0 0 0 0 0 0 0; 28 193 178 183 189 2 164 10 181 123 161 193 0 160 119 165 11 197 175 198 189 2 180 182 157 0 73 47 190 3 10 5 0 0 0 0 0 0 0 0 0 0 0 0 0; 185 3 193 0 1 193 198 55 146 51 152 184 5 55 102 3 197 11 170 40 60 198 150 0 5 169 19 173 61 149 9 190 161 0 0 0 0 0 0 0 0 0 0 0 0; 179 190 199 13 14 183 68 135 28 32 193 18 2 19 140 69 30 18 14 0 146 6 3 14 9 4 138 74 8 162 16 199 160 136 0 0 0 0 0 0 0 0 0 0 0; 34 199 190 2 178 65 51 175 160 18 6 127 33 198 37 27 196 196 119 194 39 173 19 26 196 3 169 18 180 21 136 158 30 136 192 0 0 0 0 0 0 0 0 0 0; 186 187 26 179 66 1 192 189 196 41 198 194 32 4 176 37 29 147 142 133 32 193 200 138 38 185 161 5 60 185 183 10 25 166 199 42 0 0 0 0 0 0 0 0 0; 30 2 181 193 163 0 181 8 200 139 194 9 145 184 12 177 181 36 25 159 145 178 198 148 34 195 122 60 2 50 123 30 1 172 20 185 0 0 0 0 0 0 0 0 0; 161 28 31 9 52 10 40 180 110 3 163 65 0 184 162 193 196 19 33 22 34 10 14 24 57 12 44 42 4 10 2 10 200 62 4 169 200 148 0 0 0 0 0 0 0; 152 29 4 156 2 44 13 192 185 186 4 21 198 186 196 12 177 200 198 145 197 177 8 197 190 197 148 197 155 17 191 145 193 4 5 18 26 61 23 0 0 0 0 0 0; 187 177 151 89 200 181 55 70 184 192 182 178 6 176 188 54 75 138 6 28 0 195 148 4 196 23 120 22 12 27 153 7 86 0 59 184 143 177 132 16 0 0 0 0 0; 191 17 63 28 21 194 126 13 53 12 197 198 19 111 7 50 18 133 198 196 196 81 199 149 18 168 64 191 141 7 3 193 25 124 3 178 183 9 15 162 167 0 0 0 0; 146 187 168 0 174 4 65 37 198 132 18 2 198 149 7 24 184 200 196 12 195 167 184 181 24 173 177 195 20 3 50 180 83 5 200 149 41 3 24 200 53 189 0 0 0; 196 200 21 23 14 89 166 64 154 195 65 3 38 3 32 183 76 171 9 38 39 42 56 189 27 63 192 193 44 158 23 199 27 10 140 22 180 137 193 134 13 196 52 0 0; 32 121 200 15 14 187 15 16 49 118 190 12 0 191 194 179 44 170 5 5 7 43 187 190 12 185 9 157 73 1 37 140 12 173 0 43 119 18 24 64 198 1 178 200 0; 196 14 3 188 160 23 46 196 162 19 190 38 3 182 114 20 119 42 27 139 81 114 188 67 107 197 60 45 3 178 8 3 188 22 15 6 56 146 24 185 157 166 144 2 196]
