n=20
density=25
Q1=[0 0 0 0 0 0 0 0 0 0 0 0 0 0 0 0 0 0 0 0 ;
0 6 0 0 0 0 0 0 0 0 0 0 0 0 0 0 0 0 0 0 ;
0 0 0 0 0 0 0 0 0 0 0 0 0 0 0 0 0 0 0 0 ;
91 0 0 0 0 0 0 0 0 0 0 0 0 0 0 0 0 0 0 0 ;
68 0 23 3 0 0 0 0 0 0 0 0 0 0 0 0 0 0 0 0 ;
0 0 0 0 36 0 0 0 0 0 0 0 0 0 0 0 0 0 0 0 ;
0 0 0 0 0 0 0 0 0 0 0 0 0 0 0 0 0 0 0 0 ;
71 0 54 0 0 0 8 0 0 0 0 0 0 0 0 0 0 0 0 0 ;
0 69 12 0 0 0 39 0 0 0 0 0 0 0 0 0 0 0 0 0 ;
0 0 1 0 48 0 0 84 18 0 0 0 0 0 0 0 0 0 0 0 ;
0 67 0 0 0 0 0 66 41 0 0 0 0 0 0 0 0 0 0 0 ;
0 0 27 0 0 36 37 99 50 0 9 0 0 0 0 0 0 0 0 0 ;
0 18 53 0 42 0 0 0 0 27 84 0 0 0 0 0 0 0 0 0 ;
0 0 0 0 63 87 65 0 87 0 0 0 88 0 0 0 0 0 0 0 ;
0 0 0 0 0 25 0 28 0 41 0 0 0 2 80 0 0 0 0 0 ;
0 0 55 0 0 0 0 0 0 0 58 0 93 89 0 0 0 0 0 0 ;
0 0 0 0 62 0 0 0 0 0 0 0 0 0 47 0 66 0 0 0 ;
0 0 0 0 0 24 0 0 33 0 0 0 0 0 0 0 0 0 0 0 ;
5 47 0 71 38 0 0 38 31 0 80 0 47 0 0 0 9 0 0 0 ;
0 87 41 0 0 0 0 0 0 95 0 0 0 3 0 0 0 0 0 0 ]
w=[16, 14, 1, 23, 32, 45, 17, 24, 38, 21, 50, 44, 47, 18, 48, 24, 22, 20, 38, 48]
W=116 
k=5 
inst_name = "QKP_20_100_25" 
feasible = true 
Q2=[99 0 0 0 0 0 0 0 0 0 0 0 0 0 0 0 0 0 0 0; 99 94 0 0 0 0 0 0 0 0 0 0 0 0 0 0 0 0 0 0; 99 99 99 0 0 0 0 0 0 0 0 0 0 0 0 0 0 0 0 0; 7 99 99 99 0 0 0 0 0 0 0 0 0 0 0 0 0 0 0 0; 8 99 95 98 99 0 0 0 0 0 0 0 0 0 0 0 0 0 0 0; 99 99 99 99 80 99 0 0 0 0 0 0 0 0 0 0 0 0 0 0; 99 99 99 99 99 99 99 0 0 0 0 0 0 0 0 0 0 0 0 0; 20 99 10 99 99 99 93 99 0 0 0 0 0 0 0 0 0 0 0 0; 99 0 93 99 99 99 96 99 99 0 0 0 0 0 0 0 0 0 0 0; 99 99 98 99 61 99 99 0 83 99 0 0 0 0 0 0 0 0 0 0; 99 8 99 99 99 99 99 24 78 99 99 0 0 0 0 0 0 0 0 0; 99 99 91 99 99 73 73 0 14 99 99 99 0 0 0 0 0 0 0 0; 99 89 35 99 83 99 99 99 99 79 2 99 99 0 0 0 0 0 0 0; 99 99 99 99 8 4 16 99 9 99 99 99 5 99 0 0 0 0 0 0; 99 99 99 99 99 77 99 95 99 65 99 99 99 97 14 0 0 0 0 0; 99 99 13 99 99 99 99 99 99 99 28 99 3 3 99 99 0 0 0 0; 99 99 99 99 22 99 99 99 99 99 99 99 99 99 64 99 15 0 0 0; 99 99 99 99 99 78 99 99 83 99 99 99 99 99 99 99 99 99 0 0; 94 96 99 4 72 99 99 95 93 99 15 99 79 99 99 99 99 99 99 0; 99 9 81 99 99 99 99 99 99 3 99 99 99 99 99 99 99 99 99 99]
