n=50
density=50
Q1=[0 0 0 0 0 0 0 0 0 0 0 0 0 0 0 0 0 0 0 0 0 0 0 0 0 0 0 0 0 0 0 0 0 0 0 0 0 0 0 0 0 0 0 0 0 0 0 0 0 0 ;
0 0 0 0 0 0 0 0 0 0 0 0 0 0 0 0 0 0 0 0 0 0 0 0 0 0 0 0 0 0 0 0 0 0 0 0 0 0 0 0 0 0 0 0 0 0 0 0 0 0 ;
0 195 1 0 0 0 0 0 0 0 0 0 0 0 0 0 0 0 0 0 0 0 0 0 0 0 0 0 0 0 0 0 0 0 0 0 0 0 0 0 0 0 0 0 0 0 0 0 0 0 ;
0 0 0 0 0 0 0 0 0 0 0 0 0 0 0 0 0 0 0 0 0 0 0 0 0 0 0 0 0 0 0 0 0 0 0 0 0 0 0 0 0 0 0 0 0 0 0 0 0 0 ;
0 133 0 134 0 0 0 0 0 0 0 0 0 0 0 0 0 0 0 0 0 0 0 0 0 0 0 0 0 0 0 0 0 0 0 0 0 0 0 0 0 0 0 0 0 0 0 0 0 0 ;
82 65 0 0 51 0 0 0 0 0 0 0 0 0 0 0 0 0 0 0 0 0 0 0 0 0 0 0 0 0 0 0 0 0 0 0 0 0 0 0 0 0 0 0 0 0 0 0 0 0 ;
41 74 177 0 163 0 131 0 0 0 0 0 0 0 0 0 0 0 0 0 0 0 0 0 0 0 0 0 0 0 0 0 0 0 0 0 0 0 0 0 0 0 0 0 0 0 0 0 0 0 ;
0 56 0 0 0 51 0 0 0 0 0 0 0 0 0 0 0 0 0 0 0 0 0 0 0 0 0 0 0 0 0 0 0 0 0 0 0 0 0 0 0 0 0 0 0 0 0 0 0 0 ;
200 20 0 111 88 0 115 0 0 0 0 0 0 0 0 0 0 0 0 0 0 0 0 0 0 0 0 0 0 0 0 0 0 0 0 0 0 0 0 0 0 0 0 0 0 0 0 0 0 0 ;
160 159 0 147 171 0 0 0 9 58 0 0 0 0 0 0 0 0 0 0 0 0 0 0 0 0 0 0 0 0 0 0 0 0 0 0 0 0 0 0 0 0 0 0 0 0 0 0 0 0 ;
154 60 0 34 0 65 0 131 0 0 15 0 0 0 0 0 0 0 0 0 0 0 0 0 0 0 0 0 0 0 0 0 0 0 0 0 0 0 0 0 0 0 0 0 0 0 0 0 0 0 ;
0 0 0 0 0 0 0 0 0 0 66 151 0 0 0 0 0 0 0 0 0 0 0 0 0 0 0 0 0 0 0 0 0 0 0 0 0 0 0 0 0 0 0 0 0 0 0 0 0 0 ;
0 0 158 183 0 0 112 34 175 0 37 24 198 0 0 0 0 0 0 0 0 0 0 0 0 0 0 0 0 0 0 0 0 0 0 0 0 0 0 0 0 0 0 0 0 0 0 0 0 0 ;
74 0 30 0 62 30 0 0 0 39 0 0 13 165 0 0 0 0 0 0 0 0 0 0 0 0 0 0 0 0 0 0 0 0 0 0 0 0 0 0 0 0 0 0 0 0 0 0 0 0 ;
0 128 0 0 113 0 61 0 0 0 33 37 0 0 52 0 0 0 0 0 0 0 0 0 0 0 0 0 0 0 0 0 0 0 0 0 0 0 0 0 0 0 0 0 0 0 0 0 0 0 ;
104 84 116 159 0 52 12 0 0 0 0 0 156 0 138 0 0 0 0 0 0 0 0 0 0 0 0 0 0 0 0 0 0 0 0 0 0 0 0 0 0 0 0 0 0 0 0 0 0 0 ;
112 0 0 0 0 113 0 52 180 40 22 154 172 156 136 0 133 0 0 0 0 0 0 0 0 0 0 0 0 0 0 0 0 0 0 0 0 0 0 0 0 0 0 0 0 0 0 0 0 0 ;
71 186 0 167 0 0 0 191 70 78 0 74 0 138 43 0 0 0 0 0 0 0 0 0 0 0 0 0 0 0 0 0 0 0 0 0 0 0 0 0 0 0 0 0 0 0 0 0 0 0 ;
28 158 177 0 0 0 0 0 0 0 81 0 0 191 0 0 168 0 0 0 0 0 0 0 0 0 0 0 0 0 0 0 0 0 0 0 0 0 0 0 0 0 0 0 0 0 0 0 0 0 ;
0 190 144 0 0 47 75 0 179 121 0 0 45 168 0 174 0 49 137 0 0 0 0 0 0 0 0 0 0 0 0 0 0 0 0 0 0 0 0 0 0 0 0 0 0 0 0 0 0 0 ;
85 0 174 11 41 140 0 81 196 0 0 0 0 0 0 0 158 105 0 0 4 0 0 0 0 0 0 0 0 0 0 0 0 0 0 0 0 0 0 0 0 0 0 0 0 0 0 0 0 0 ;
0 0 143 11 0 96 0 161 4 19 20 61 150 0 0 3 0 0 5 0 188 163 0 0 0 0 0 0 0 0 0 0 0 0 0 0 0 0 0 0 0 0 0 0 0 0 0 0 0 0 ;
0 0 98 16 0 0 66 82 192 0 0 101 178 0 0 135 175 0 200 28 183 130 0 0 0 0 0 0 0 0 0 0 0 0 0 0 0 0 0 0 0 0 0 0 0 0 0 0 0 0 ;
0 36 0 0 0 49 0 200 95 95 23 70 144 0 36 160 0 145 48 0 187 143 72 54 0 0 0 0 0 0 0 0 0 0 0 0 0 0 0 0 0 0 0 0 0 0 0 0 0 0 ;
16 0 0 136 50 0 0 150 165 0 0 85 0 0 151 0 89 0 0 45 111 46 0 36 0 0 0 0 0 0 0 0 0 0 0 0 0 0 0 0 0 0 0 0 0 0 0 0 0 0 ;
0 179 0 60 0 0 0 0 138 14 50 97 53 171 0 90 192 0 0 116 19 0 0 0 189 0 0 0 0 0 0 0 0 0 0 0 0 0 0 0 0 0 0 0 0 0 0 0 0 0 ;
65 0 102 0 140 125 110 0 0 155 0 147 195 0 180 150 0 0 199 0 0 0 84 17 0 0 42 0 0 0 0 0 0 0 0 0 0 0 0 0 0 0 0 0 0 0 0 0 0 0 ;
0 116 34 0 174 193 120 0 99 0 0 0 196 87 0 0 0 0 0 0 61 0 161 27 127 200 0 0 0 0 0 0 0 0 0 0 0 0 0 0 0 0 0 0 0 0 0 0 0 0 ;
0 146 97 0 107 129 144 0 0 0 0 0 0 45 0 0 43 170 24 131 37 70 126 0 0 0 77 57 0 0 0 0 0 0 0 0 0 0 0 0 0 0 0 0 0 0 0 0 0 0 ;
0 0 0 127 0 180 0 35 0 90 43 177 0 0 164 0 27 103 172 46 0 0 102 0 194 0 0 29 194 0 0 0 0 0 0 0 0 0 0 0 0 0 0 0 0 0 0 0 0 0 ;
48 0 44 63 0 0 0 108 79 49 173 177 99 64 6 0 31 100 0 82 2 142 33 9 121 0 0 183 3 15 0 0 0 0 0 0 0 0 0 0 0 0 0 0 0 0 0 0 0 0 ;
0 170 0 1 0 0 136 77 0 0 0 20 0 0 104 41 0 0 65 0 0 41 69 141 21 0 11 39 69 0 0 0 0 0 0 0 0 0 0 0 0 0 0 0 0 0 0 0 0 0 ;
0 0 0 63 0 0 71 156 110 0 53 0 0 0 192 0 0 0 0 0 0 0 133 0 0 0 0 145 161 33 0 81 0 0 0 0 0 0 0 0 0 0 0 0 0 0 0 0 0 0 ;
5 0 163 0 0 0 0 116 72 0 0 167 60 0 0 0 130 84 144 0 169 38 0 0 0 114 65 0 88 0 0 163 0 0 0 0 0 0 0 0 0 0 0 0 0 0 0 0 0 0 ;
0 0 0 33 91 49 51 0 8 91 0 158 87 95 64 0 86 0 0 0 0 0 27 96 28 0 0 0 172 0 0 61 0 183 106 0 0 0 0 0 0 0 0 0 0 0 0 0 0 0 ;
0 16 0 0 0 0 182 194 5 17 130 51 0 0 0 0 0 156 78 54 0 76 0 0 183 47 0 0 0 171 187 7 120 41 0 104 0 0 0 0 0 0 0 0 0 0 0 0 0 0 ;
0 37 47 0 156 0 43 41 194 96 0 0 0 0 0 0 0 156 0 115 105 57 0 0 0 0 77 0 55 9 0 0 157 0 90 0 0 0 0 0 0 0 0 0 0 0 0 0 0 0 ;
0 84 0 193 0 0 0 26 0 90 152 0 0 0 0 180 0 20 0 0 75 0 0 0 0 0 107 21 0 0 190 22 80 86 0 0 0 159 0 0 0 0 0 0 0 0 0 0 0 0 ;
15 0 0 104 26 0 49 0 198 0 0 0 191 0 16 107 0 104 0 0 95 0 170 0 0 190 198 11 58 153 40 128 0 0 0 0 167 0 0 0 0 0 0 0 0 0 0 0 0 0 ;
155 171 8 94 135 0 78 131 2 0 122 0 0 0 49 0 0 0 0 0 136 200 0 0 196 0 0 0 50 0 83 0 112 0 193 1 0 0 197 97 0 0 0 0 0 0 0 0 0 0 ;
57 0 21 0 198 0 0 163 128 166 0 0 0 0 23 31 88 0 24 0 0 0 175 0 0 0 0 0 0 0 0 98 144 0 0 2 0 50 118 65 104 0 0 0 0 0 0 0 0 0 ;
9 63 141 19 0 10 0 151 93 0 105 0 87 0 0 118 53 0 73 0 0 53 0 6 0 0 0 168 50 123 0 0 0 36 0 0 67 0 0 0 144 85 0 0 0 0 0 0 0 0 ;
106 56 182 0 0 37 0 104 170 32 112 0 44 0 0 0 36 0 0 175 161 138 83 0 163 3 15 0 0 0 0 0 0 0 31 109 51 0 170 105 0 0 0 0 0 0 0 0 0 0 ;
0 0 0 0 0 0 0 177 0 142 191 87 0 0 0 53 0 198 0 0 198 0 0 114 149 0 79 49 0 138 191 116 0 96 140 0 0 0 0 177 0 0 177 2 0 0 0 0 0 0 ;
0 25 71 160 0 0 0 0 54 0 0 8 200 0 48 113 0 38 0 0 0 0 168 57 111 2 0 108 0 18 63 0 0 0 0 0 0 120 0 0 0 61 102 140 43 0 0 0 0 0 ;
0 65 0 0 0 0 57 0 51 0 0 69 0 0 75 0 0 178 0 0 0 28 0 0 94 158 100 0 27 165 0 145 0 0 10 110 12 94 0 198 0 128 0 32 0 11 0 0 0 0 ;
11 0 0 83 107 193 86 121 0 0 129 61 25 0 148 0 10 0 194 172 0 21 155 0 0 0 0 0 88 35 111 142 0 47 0 117 0 0 0 196 193 0 0 29 0 0 45 0 0 0 ;
53 42 0 146 11 0 0 0 56 15 85 30 188 187 17 0 0 182 136 146 146 157 0 98 1 0 124 0 63 155 0 55 0 119 0 37 179 0 0 0 0 35 0 125 96 33 0 135 0 0 ;
92 168 0 0 153 0 170 75 161 92 0 0 0 0 85 8 46 156 0 62 0 0 9 134 172 0 65 45 0 0 13 59 0 0 113 0 119 130 190 0 126 3 0 0 0 147 176 198 0 0 ;
0 194 0 3 0 83 0 72 0 6 0 92 111 0 11 0 0 0 116 89 0 0 88 4 0 162 102 0 0 0 0 134 0 60 0 79 185 0 0 183 0 28 0 0 127 120 0 61 166 0 ]
w=[61, 9, 89, 39, 50, 1, 94, 85, 59, 94, 56, 70, 61, 5, 35, 85, 76, 65, 92, 8, 42, 10, 2, 48, 23, 26, 1, 5, 18, 10, 99, 26, 51, 60, 68, 44, 49, 74, 36, 41, 18, 38, 89, 35, 11, 4, 6, 61, 68, 88]
W=59 
k=2 
inst_name = "QKP_50_200_50" 
feasible = true 
Q2=[200 0 0 0 0 0 0 0 0 0 0 0 0 0 0 0 0 0 0 0 0 0 0 0 0 0 0 0 0 0 0 0 0 0 0 0 0 0 0 0 0 0 0 0 0 0 0 0 0 0; 200 200 0 0 0 0 0 0 0 0 0 0 0 0 0 0 0 0 0 0 0 0 0 0 0 0 0 0 0 0 0 0 0 0 0 0 0 0 0 0 0 0 0 0 0 0 0 0 0 0; 200 3 200 0 0 0 0 0 0 0 0 0 0 0 0 0 0 0 0 0 0 0 0 0 0 0 0 0 0 0 0 0 0 0 0 0 0 0 0 0 0 0 0 0 0 0 0 0 0 0; 200 200 200 200 0 0 0 0 0 0 0 0 0 0 0 0 0 0 0 0 0 0 0 0 0 0 0 0 0 0 0 0 0 0 0 0 0 0 0 0 0 0 0 0 0 0 0 0 0 0; 200 1 200 26 200 0 0 0 0 0 0 0 0 0 0 0 0 0 0 0 0 0 0 0 0 0 0 0 0 0 0 0 0 0 0 0 0 0 0 0 0 0 0 0 0 0 0 0 0 0; 153 171 200 200 165 200 0 0 0 0 0 0 0 0 0 0 0 0 0 0 0 0 0 0 0 0 0 0 0 0 0 0 0 0 0 0 0 0 0 0 0 0 0 0 0 0 0 0 0 0; 184 157 3 200 33 200 59 0 0 0 0 0 0 0 0 0 0 0 0 0 0 0 0 0 0 0 0 0 0 0 0 0 0 0 0 0 0 0 0 0 0 0 0 0 0 0 0 0 0 0; 200 150 200 200 200 151 200 200 0 0 0 0 0 0 0 0 0 0 0 0 0 0 0 0 0 0 0 0 0 0 0 0 0 0 0 0 0 0 0 0 0 0 0 0 0 0 0 0 0 0; 0 192 200 1 147 200 84 200 200 0 0 0 0 0 0 0 0 0 0 0 0 0 0 0 0 0 0 0 0 0 0 0 0 0 0 0 0 0 0 0 0 0 0 0 0 0 0 0 0 0; 10 2 200 40 14 200 200 200 199 165 0 0 0 0 0 0 0 0 0 0 0 0 0 0 0 0 0 0 0 0 0 0 0 0 0 0 0 0 0 0 0 0 0 0 0 0 0 0 0 0; 37 163 200 198 200 151 200 39 200 200 195 0 0 0 0 0 0 0 0 0 0 0 0 0 0 0 0 0 0 0 0 0 0 0 0 0 0 0 0 0 0 0 0 0 0 0 0 0 0 0; 200 200 200 200 200 200 200 200 200 200 153 0 0 0 0 0 0 0 0 0 0 0 0 0 0 0 0 0 0 0 0 0 0 0 0 0 0 0 0 0 0 0 0 0 0 0 0 0 0 0; 200 200 20 4 200 200 51 177 13 200 194 183 1 0 0 0 0 0 0 0 0 0 0 0 0 0 0 0 0 0 0 0 0 0 0 0 0 0 0 0 0 0 0 0 0 0 0 0 0 0; 197 200 177 200 177 194 200 200 200 174 200 200 192 20 0 0 0 0 0 0 0 0 0 0 0 0 0 0 0 0 0 0 0 0 0 0 0 0 0 0 0 0 0 0 0 0 0 0 0 0; 200 1 200 200 30 200 196 200 200 200 195 197 200 200 186 0 0 0 0 0 0 0 0 0 0 0 0 0 0 0 0 0 0 0 0 0 0 0 0 0 0 0 0 0 0 0 0 0 0 0; 69 163 45 25 200 190 193 200 200 200 200 200 22 200 10 200 0 0 0 0 0 0 0 0 0 0 0 0 0 0 0 0 0 0 0 0 0 0 0 0 0 0 0 0 0 0 0 0 0 0; 53 200 200 200 200 18 200 164 19 188 189 39 17 9 52 200 0 0 0 0 0 0 0 0 0 0 0 0 0 0 0 0 0 0 0 0 0 0 0 0 0 0 0 0 0 0 0 0 0 0; 196 7 200 7 200 200 200 8 199 168 200 163 200 60 173 200 200 200 0 0 0 0 0 0 0 0 0 0 0 0 0 0 0 0 0 0 0 0 0 0 0 0 0 0 0 0 0 0 0 0; 188 2 2 200 200 200 200 200 200 200 123 200 200 8 200 200 12 200 200 0 0 0 0 0 0 0 0 0 0 0 0 0 0 0 0 0 0 0 0 0 0 0 0 0 0 0 0 0 0 0; 200 7 36 200 200 184 156 200 13 14 200 200 156 2 200 13 200 199 59 200 0 0 0 0 0 0 0 0 0 0 0 0 0 0 0 0 0 0 0 0 0 0 0 0 0 0 0 0 0 0; 144 200 4 200 179 0 200 179 1 200 200 200 200 200 200 200 25 47 200 200 200 0 0 0 0 0 0 0 0 0 0 0 0 0 0 0 0 0 0 0 0 0 0 0 0 0 0 0 0 0; 200 200 45 199 200 183 200 37 198 182 186 139 8 200 200 200 200 200 195 200 9 34 0 0 0 0 0 0 0 0 0 0 0 0 0 0 0 0 0 0 0 0 0 0 0 0 0 0 0 0; 200 200 118 187 200 200 187 195 0 200 200 41 15 200 200 54 24 200 0 177 15 46 200 0 0 0 0 0 0 0 0 0 0 0 0 0 0 0 0 0 0 0 0 0 0 0 0 0 0 0; 200 189 200 200 200 162 200 0 166 183 178 156 8 200 167 3 200 49 190 200 6 39 191 150 0 0 0 0 0 0 0 0 0 0 0 0 0 0 0 0 0 0 0 0 0 0 0 0 0 0; 185 200 200 6 174 200 200 3 17 200 200 148 200 200 11 200 156 200 200 190 56 177 200 188 200 0 0 0 0 0 0 0 0 0 0 0 0 0 0 0 0 0 0 0 0 0 0 0 0 0; 200 4 200 192 200 200 200 200 4 193 154 153 156 9 200 169 1 200 200 42 198 200 200 200 2 200 0 0 0 0 0 0 0 0 0 0 0 0 0 0 0 0 0 0 0 0 0 0 0 0; 177 200 76 200 54 68 89 200 200 30 200 32 3 200 4 3 200 200 1 200 200 200 122 183 200 200 169 0 0 0 0 0 0 0 0 0 0 0 0 0 0 0 0 0 0 0 0 0 0 0; 200 73 169 200 17 4 17 200 140 200 200 200 3 137 200 200 200 200 200 200 188 200 32 180 3 0 200 200 0 0 0 0 0 0 0 0 0 0 0 0 0 0 0 0 0 0 0 0 0 0; 200 10 126 200 69 52 37 200 200 200 200 200 200 176 200 200 166 12 185 21 195 142 49 200 200 200 130 184 200 0 0 0 0 0 0 0 0 0 0 0 0 0 0 0 0 0 0 0 0 0; 200 200 200 6 200 12 200 185 200 188 187 10 200 200 32 200 195 68 0 160 200 200 55 200 2 200 200 188 0 200 0 0 0 0 0 0 0 0 0 0 0 0 0 0 0 0 0 0 0 0; 190 200 172 179 200 200 200 61 131 152 25 23 144 184 195 200 174 28 200 197 200 14 191 197 17 200 200 14 199 192 200 0 0 0 0 0 0 0 0 0 0 0 0 0 0 0 0 0 0 0; 200 11 200 200 200 200 49 140 200 200 200 199 200 200 53 192 200 200 151 200 200 176 148 32 193 200 199 195 159 200 200 200 0 0 0 0 0 0 0 0 0 0 0 0 0 0 0 0 0 0; 200 200 200 158 200 200 141 18 54 200 164 200 200 200 6 200 200 200 200 200 200 200 10 200 200 200 200 10 25 197 200 135 200 0 0 0 0 0 0 0 0 0 0 0 0 0 0 0 0 0; 200 200 18 200 200 200 200 30 152 200 200 2 151 200 200 200 55 167 4 200 31 172 200 200 200 58 170 200 155 200 200 4 200 200 0 0 0 0 0 0 0 0 0 0 0 0 0 0 0 0; 200 200 200 178 111 180 197 200 200 196 200 27 155 130 161 200 155 200 200 200 200 200 195 136 184 200 200 200 2 200 200 174 200 8 70 0 0 0 0 0 0 0 0 0 0 0 0 0 0 0; 200 190 200 200 200 200 2 5 198 184 45 184 200 200 200 200 200 7 196 187 200 169 200 200 9 165 200 200 200 27 6 199 37 184 200 19 0 0 0 0 0 0 0 0 0 0 0 0 0 0; 200 182 177 200 27 200 179 162 4 147 200 200 200 200 200 200 200 34 200 6 50 176 200 200 200 200 165 200 150 198 200 200 24 200 143 200 200 0 0 0 0 0 0 0 0 0 0 0 0 0; 200 130 200 4 200 200 200 185 200 121 30 200 200 200 200 20 200 199 200 200 188 200 200 200 200 200 57 200 200 200 3 185 152 162 200 200 200 32 0 0 0 0 0 0 0 0 0 0 0 0; 197 200 200 96 192 200 179 200 1 200 200 200 9 200 185 18 200 40 200 200 146 200 14 200 200 0 1 192 167 5 171 3 200 200 200 200 7 200 200 0 0 0 0 0 0 0 0 0 0 0; 36 7 195 171 42 200 122 31 200 200 62 200 200 200 195 200 200 200 200 200 31 0 200 200 4 200 200 200 169 200 140 200 17 200 3 199 200 200 2 179 0 0 0 0 0 0 0 0 0 0; 166 200 197 200 0 200 200 11 52 10 200 200 200 200 200 181 172 200 181 200 200 200 12 200 200 200 200 200 200 200 200 109 25 200 200 199 200 181 50 165 94 0 0 0 0 0 0 0 0 0; 192 145 25 195 200 197 200 3 185 200 50 200 195 200 200 13 172 200 155 200 200 184 200 198 200 200 200 10 174 25 200 200 200 178 200 200 167 200 200 200 4 128 0 0 0 0 0 0 0 0; 13 179 9 200 200 176 200 47 30 184 47 200 170 200 200 200 199 200 200 12 22 60 194 200 4 199 193 200 200 200 200 200 200 200 189 46 153 200 19 32 200 200 200 0 0 0 0 0 0 0; 200 200 200 200 200 200 200 11 200 36 4 162 200 200 200 186 200 1 200 200 0 200 200 52 50 200 179 184 200 17 8 33 200 186 21 200 200 200 200 11 200 200 10 200 0 0 0 0 0 0; 200 190 163 24 200 200 200 200 170 200 200 193 0 200 156 43 200 189 200 200 200 200 17 149 4 199 200 20 200 198 161 200 200 200 200 200 200 9 200 200 200 141 33 59 162 0 0 0 0 0; 200 137 200 200 200 200 159 200 168 200 200 137 200 200 177 200 200 19 200 200 200 199 200 200 140 28 11 200 187 15 200 23 200 200 190 52 196 125 200 1 200 65 200 171 200 196 0 0 0 0; 197 200 200 154 44 5 150 46 200 200 32 164 182 200 0 200 200 200 1 0 200 198 25 200 200 200 200 200 163 182 66 26 200 191 200 69 200 200 200 2 4 200 200 192 200 200 166 0 0 0; 189 168 200 14 189 200 200 200 182 196 193 183 11 13 198 200 200 5 36 3 36 3 200 164 200 200 76 200 145 40 200 146 200 12 200 166 1 200 200 200 200 194 200 25 147 191 200 13 0 0; 144 10 200 200 46 200 26 144 24 199 200 200 200 200 156 194 179 40 200 141 200 200 195 37 23 200 160 163 200 200 187 181 200 200 1 200 25 64 2 200 6 200 200 200 200 14 9 1 200 0; 200 1 200 200 200 190 200 193 200 197 200 181 5 200 195 200 200 200 11 128 200 200 131 196 200 35 92 200 200 200 200 23 200 156 200 147 0 200 200 9 200 200 200 200 70 29 200 187 17 200]
