n=50
density=100
Q1=[158 0 0 0 0 0 0 0 0 0 0 0 0 0 0 0 0 0 0 0 0 0 0 0 0 0 0 0 0 0 0 0 0 0 0 0 0 0 0 0 0 0 0 0 0 0 0 0 0 0 ;
34 59 0 0 0 0 0 0 0 0 0 0 0 0 0 0 0 0 0 0 0 0 0 0 0 0 0 0 0 0 0 0 0 0 0 0 0 0 0 0 0 0 0 0 0 0 0 0 0 0 ;
138 153 194 0 0 0 0 0 0 0 0 0 0 0 0 0 0 0 0 0 0 0 0 0 0 0 0 0 0 0 0 0 0 0 0 0 0 0 0 0 0 0 0 0 0 0 0 0 0 0 ;
141 66 84 3 0 0 0 0 0 0 0 0 0 0 0 0 0 0 0 0 0 0 0 0 0 0 0 0 0 0 0 0 0 0 0 0 0 0 0 0 0 0 0 0 0 0 0 0 0 0 ;
195 34 183 4 14 0 0 0 0 0 0 0 0 0 0 0 0 0 0 0 0 0 0 0 0 0 0 0 0 0 0 0 0 0 0 0 0 0 0 0 0 0 0 0 0 0 0 0 0 0 ;
97 126 165 176 124 87 0 0 0 0 0 0 0 0 0 0 0 0 0 0 0 0 0 0 0 0 0 0 0 0 0 0 0 0 0 0 0 0 0 0 0 0 0 0 0 0 0 0 0 0 ;
57 127 120 72 26 89 45 0 0 0 0 0 0 0 0 0 0 0 0 0 0 0 0 0 0 0 0 0 0 0 0 0 0 0 0 0 0 0 0 0 0 0 0 0 0 0 0 0 0 0 ;
92 109 76 105 36 165 164 119 0 0 0 0 0 0 0 0 0 0 0 0 0 0 0 0 0 0 0 0 0 0 0 0 0 0 0 0 0 0 0 0 0 0 0 0 0 0 0 0 0 0 ;
12 94 178 179 163 51 109 149 141 0 0 0 0 0 0 0 0 0 0 0 0 0 0 0 0 0 0 0 0 0 0 0 0 0 0 0 0 0 0 0 0 0 0 0 0 0 0 0 0 0 ;
55 72 69 52 17 136 145 155 140 82 0 0 0 0 0 0 0 0 0 0 0 0 0 0 0 0 0 0 0 0 0 0 0 0 0 0 0 0 0 0 0 0 0 0 0 0 0 0 0 0 ;
120 54 2 182 171 189 153 14 101 14 193 0 0 0 0 0 0 0 0 0 0 0 0 0 0 0 0 0 0 0 0 0 0 0 0 0 0 0 0 0 0 0 0 0 0 0 0 0 0 0 ;
54 55 176 57 19 91 105 3 54 150 51 106 0 0 0 0 0 0 0 0 0 0 0 0 0 0 0 0 0 0 0 0 0 0 0 0 0 0 0 0 0 0 0 0 0 0 0 0 0 0 ;
185 189 66 79 116 175 34 94 34 69 100 167 169 0 0 0 0 0 0 0 0 0 0 0 0 0 0 0 0 0 0 0 0 0 0 0 0 0 0 0 0 0 0 0 0 0 0 0 0 0 ;
172 12 69 160 170 56 145 146 71 187 95 61 27 31 0 0 0 0 0 0 0 0 0 0 0 0 0 0 0 0 0 0 0 0 0 0 0 0 0 0 0 0 0 0 0 0 0 0 0 0 ;
66 40 62 9 75 29 198 127 118 23 70 47 160 157 37 0 0 0 0 0 0 0 0 0 0 0 0 0 0 0 0 0 0 0 0 0 0 0 0 0 0 0 0 0 0 0 0 0 0 0 ;
83 43 58 129 87 32 17 110 49 179 86 148 163 153 95 47 0 0 0 0 0 0 0 0 0 0 0 0 0 0 0 0 0 0 0 0 0 0 0 0 0 0 0 0 0 0 0 0 0 0 ;
64 71 169 79 1 71 169 19 56 108 13 120 178 5 188 17 79 0 0 0 0 0 0 0 0 0 0 0 0 0 0 0 0 0 0 0 0 0 0 0 0 0 0 0 0 0 0 0 0 0 ;
46 86 89 66 75 24 6 185 195 70 25 86 31 3 190 137 158 140 0 0 0 0 0 0 0 0 0 0 0 0 0 0 0 0 0 0 0 0 0 0 0 0 0 0 0 0 0 0 0 0 ;
99 138 121 65 1 22 85 72 136 127 89 20 150 80 132 14 13 68 195 0 0 0 0 0 0 0 0 0 0 0 0 0 0 0 0 0 0 0 0 0 0 0 0 0 0 0 0 0 0 0 ;
199 61 119 111 143 101 128 122 119 117 188 108 47 193 182 99 44 84 185 50 0 0 0 0 0 0 0 0 0 0 0 0 0 0 0 0 0 0 0 0 0 0 0 0 0 0 0 0 0 0 ;
154 139 172 65 61 168 140 138 53 161 132 47 46 4 88 89 31 89 30 39 133 0 0 0 0 0 0 0 0 0 0 0 0 0 0 0 0 0 0 0 0 0 0 0 0 0 0 0 0 0 ;
177 19 106 151 58 10 44 112 195 67 93 42 115 129 136 68 59 185 11 129 111 91 0 0 0 0 0 0 0 0 0 0 0 0 0 0 0 0 0 0 0 0 0 0 0 0 0 0 0 0 ;
197 11 42 155 83 1 102 109 172 165 146 183 18 9 47 111 64 131 139 75 91 4 44 0 0 0 0 0 0 0 0 0 0 0 0 0 0 0 0 0 0 0 0 0 0 0 0 0 0 0 ;
41 163 170 36 48 114 171 107 6 114 26 80 172 51 62 149 103 116 55 89 76 95 18 98 0 0 0 0 0 0 0 0 0 0 0 0 0 0 0 0 0 0 0 0 0 0 0 0 0 0 ;
10 106 108 120 185 67 98 115 58 21 177 192 143 37 166 195 1 16 43 76 168 38 81 130 115 0 0 0 0 0 0 0 0 0 0 0 0 0 0 0 0 0 0 0 0 0 0 0 0 0 ;
176 112 193 18 182 4 136 167 8 162 65 91 164 52 160 168 196 161 3 111 75 174 18 85 133 190 0 0 0 0 0 0 0 0 0 0 0 0 0 0 0 0 0 0 0 0 0 0 0 0 ;
17 11 131 33 99 109 168 90 14 42 148 177 127 166 140 22 163 115 71 98 178 194 117 176 148 56 72 0 0 0 0 0 0 0 0 0 0 0 0 0 0 0 0 0 0 0 0 0 0 0 ;
23 82 72 197 104 56 90 9 120 157 94 163 150 148 86 106 122 154 191 31 133 53 39 54 115 188 16 36 0 0 0 0 0 0 0 0 0 0 0 0 0 0 0 0 0 0 0 0 0 0 ;
149 11 22 75 125 2 34 175 183 102 11 1 42 138 50 95 72 88 73 116 101 135 13 121 93 16 101 197 113 0 0 0 0 0 0 0 0 0 0 0 0 0 0 0 0 0 0 0 0 0 ;
121 165 137 163 78 2 7 46 35 154 77 54 189 14 64 106 182 38 182 141 56 87 142 108 32 155 75 140 149 183 0 0 0 0 0 0 0 0 0 0 0 0 0 0 0 0 0 0 0 0 ;
17 45 154 26 76 5 126 168 35 43 121 191 86 79 131 166 74 171 140 57 115 155 6 149 59 117 142 120 144 1 187 0 0 0 0 0 0 0 0 0 0 0 0 0 0 0 0 0 0 0 ;
80 140 5 198 2 9 169 178 25 185 200 60 53 122 155 114 43 141 73 30 16 141 85 130 77 124 60 198 11 130 77 102 0 0 0 0 0 0 0 0 0 0 0 0 0 0 0 0 0 0 ;
122 13 130 177 19 75 69 186 106 40 129 164 69 20 76 47 171 120 7 151 134 10 92 105 57 175 16 172 35 135 82 97 106 0 0 0 0 0 0 0 0 0 0 0 0 0 0 0 0 0 ;
147 86 62 93 77 112 37 130 16 182 79 125 99 99 176 15 118 37 13 34 188 108 22 163 58 7 46 55 64 115 168 87 196 45 0 0 0 0 0 0 0 0 0 0 0 0 0 0 0 0 ;
74 150 189 48 57 177 57 165 4 37 181 108 172 194 162 74 9 86 186 66 33 150 186 69 191 82 65 42 179 84 183 117 56 1 54 0 0 0 0 0 0 0 0 0 0 0 0 0 0 0 ;
172 146 139 174 28 47 165 92 23 192 14 59 108 39 182 68 186 88 115 103 28 34 125 119 68 45 131 90 57 188 72 40 67 138 122 113 0 0 0 0 0 0 0 0 0 0 0 0 0 0 ;
92 35 55 55 85 1 181 41 102 78 25 16 144 25 181 121 35 65 177 119 53 72 29 100 176 34 115 172 200 174 73 160 98 187 37 192 174 0 0 0 0 0 0 0 0 0 0 0 0 0 ;
40 143 134 105 18 34 8 124 143 173 115 196 92 130 131 10 51 118 131 32 159 18 22 179 172 119 20 193 73 55 185 50 95 193 67 25 72 43 0 0 0 0 0 0 0 0 0 0 0 0 ;
88 129 136 59 95 180 137 121 199 24 59 167 121 24 1 42 128 187 190 145 123 16 139 69 177 169 103 34 115 59 69 132 28 84 41 26 148 44 10 0 0 0 0 0 0 0 0 0 0 0 ;
68 13 183 9 80 3 57 163 139 27 73 75 71 107 78 68 39 195 161 51 57 62 13 176 197 144 142 27 164 70 188 144 67 187 150 157 143 191 49 17 0 0 0 0 0 0 0 0 0 0 ;
121 188 108 174 108 97 18 182 163 91 80 192 8 95 169 185 173 130 185 158 97 110 31 19 179 27 148 72 117 134 18 45 146 84 78 191 103 23 158 64 173 0 0 0 0 0 0 0 0 0 ;
85 140 121 33 123 66 33 76 116 173 66 128 21 15 40 176 97 197 64 20 74 23 186 25 61 191 176 22 1 126 94 114 37 11 137 17 86 13 122 22 192 102 0 0 0 0 0 0 0 0 ;
143 196 157 4 95 182 168 179 15 95 173 185 163 132 49 191 145 31 74 4 160 136 153 44 139 61 144 35 3 178 181 146 184 177 77 145 200 140 41 106 134 165 99 0 0 0 0 0 0 0 ;
46 81 12 55 49 56 96 119 138 155 185 153 93 158 133 102 67 92 54 126 92 163 4 44 198 93 32 127 165 43 44 156 43 10 69 63 167 127 131 121 47 108 69 64 0 0 0 0 0 0 ;
33 28 2 127 142 68 98 53 7 151 87 12 117 62 41 127 57 197 83 107 150 163 41 32 91 135 105 21 143 75 110 127 123 77 199 186 115 193 124 46 68 7 1 155 39 0 0 0 0 0 ;
117 83 4 40 71 87 26 123 196 181 44 19 74 55 167 175 113 44 63 153 94 2 78 38 108 99 44 165 170 130 165 141 194 157 24 81 181 138 125 45 145 99 108 135 165 28 0 0 0 0 ;
35 127 80 24 2 58 197 9 30 25 110 100 100 91 200 113 28 107 29 140 135 149 192 194 130 111 84 113 42 105 8 59 30 37 93 179 24 31 102 13 51 109 174 58 62 15 85 0 0 0 ;
84 76 111 175 91 175 184 163 104 80 32 119 108 157 108 48 61 5 173 27 31 179 183 111 154 132 181 165 89 37 152 1 7 80 135 103 9 29 38 120 136 59 41 13 174 14 31 72 0 0 ;
172 151 101 182 104 91 40 7 191 164 13 107 86 66 145 98 180 71 181 33 60 32 4 52 136 66 2 74 78 157 166 21 55 4 48 142 82 19 123 164 61 23 163 86 140 153 24 116 79 0 ;
156 183 39 6 9 22 103 32 15 166 130 109 141 66 53 182 36 47 4 100 79 4 161 140 58 132 132 132 29 88 49 125 136 31 31 88 70 7 102 3 116 147 110 131 176 181 187 49 188 26 ]
w=[4, 32, 56, 43, 24, 16, 68, 84, 8, 27, 54, 6, 89, 94, 56, 8, 67, 13, 41, 43, 55, 82, 57, 58, 79, 67, 33, 99, 39, 20, 88, 26, 53, 61, 8, 87, 67, 14, 50, 59, 98, 75, 96, 1, 86, 13, 71, 37, 92, 64]
W=84 
k=5 
inst_name = "QKP_50_200_100" 
feasible = true 
Q2=[19 0 0 0 0 0 0 0 0 0 0 0 0 0 0 0 0 0 0 0 0 0 0 0 0 0 0 0 0 0 0 0 0 0 0 0 0 0 0 0 0 0 0 0 0 0 0 0 0 0; 196 171 0 0 0 0 0 0 0 0 0 0 0 0 0 0 0 0 0 0 0 0 0 0 0 0 0 0 0 0 0 0 0 0 0 0 0 0 0 0 0 0 0 0 0 0 0 0 0 0; 29 44 0 0 0 0 0 0 0 0 0 0 0 0 0 0 0 0 0 0 0 0 0 0 0 0 0 0 0 0 0 0 0 0 0 0 0 0 0 0 0 0 0 0 0 0 0 0 0 0; 33 155 196 197 0 0 0 0 0 0 0 0 0 0 0 0 0 0 0 0 0 0 0 0 0 0 0 0 0 0 0 0 0 0 0 0 0 0 0 0 0 0 0 0 0 0 0 0 0 0; 4 177 6 200 191 0 0 0 0 0 0 0 0 0 0 0 0 0 0 0 0 0 0 0 0 0 0 0 0 0 0 0 0 0 0 0 0 0 0 0 0 0 0 0 0 0 0 0 0 0; 152 47 12 8 20 113 0 0 0 0 0 0 0 0 0 0 0 0 0 0 0 0 0 0 0 0 0 0 0 0 0 0 0 0 0 0 0 0 0 0 0 0 0 0 0 0 0 0 0 0; 162 24 58 145 197 166 175 0 0 0 0 0 0 0 0 0 0 0 0 0 0 0 0 0 0 0 0 0 0 0 0 0 0 0 0 0 0 0 0 0 0 0 0 0 0 0 0 0 0 0; 184 38 182 36 192 28 27 30 0 0 0 0 0 0 0 0 0 0 0 0 0 0 0 0 0 0 0 0 0 0 0 0 0 0 0 0 0 0 0 0 0 0 0 0 0 0 0 0 0 0; 191 111 17 9 27 182 87 29 42 0 0 0 0 0 0 0 0 0 0 0 0 0 0 0 0 0 0 0 0 0 0 0 0 0 0 0 0 0 0 0 0 0 0 0 0 0 0 0 0 0; 182 150 162 181 199 56 28 41 26 198 0 0 0 0 0 0 0 0 0 0 0 0 0 0 0 0 0 0 0 0 0 0 0 0 0 0 0 0 0 0 0 0 0 0 0 0 0 0 0 0; 48 147 199 1 2 3 27 188 54 187 3 0 0 0 0 0 0 0 0 0 0 0 0 0 0 0 0 0 0 0 0 0 0 0 0 0 0 0 0 0 0 0 0 0 0 0 0 0 0 0; 161 166 11 168 199 131 77 197 148 2 192 35 0 0 0 0 0 0 0 0 0 0 0 0 0 0 0 0 0 0 0 0 0 0 0 0 0 0 0 0 0 0 0 0 0 0 0 0 0 0; 8 0 143 183 29 17 192 157 177 178 95 28 4 0 0 0 0 0 0 0 0 0 0 0 0 0 0 0 0 0 0 0 0 0 0 0 0 0 0 0 0 0 0 0 0 0 0 0 0 0; 17 193 190 3 8 177 52 5 153 2 112 187 176 197 0 0 0 0 0 0 0 0 0 0 0 0 0 0 0 0 0 0 0 0 0 0 0 0 0 0 0 0 0 0 0 0 0 0 0 0; 183 180 150 200 136 180 0 8 53 199 161 169 3 37 195 0 0 0 0 0 0 0 0 0 0 0 0 0 0 0 0 0 0 0 0 0 0 0 0 0 0 0 0 0 0 0 0 0 0 0; 171 160 156 41 163 189 197 72 151 8 187 26 34 1 117 169 0 0 0 0 0 0 0 0 0 0 0 0 0 0 0 0 0 0 0 0 0 0 0 0 0 0 0 0 0 0 0 0 0 0; 177 179 26 165 200 153 13 181 191 80 190 75 3 196 9 188 160 0 0 0 0 0 0 0 0 0 0 0 0 0 0 0 0 0 0 0 0 0 0 0 0 0 0 0 0 0 0 0 0 0; 193 184 185 199 175 180 195 9 4 172 198 124 191 198 4 9 4 40 0 0 0 0 0 0 0 0 0 0 0 0 0 0 0 0 0 0 0 0 0 0 0 0 0 0 0 0 0 0 0 0; 185 15 66 155 199 179 192 164 15 49 155 192 22 130 19 189 200 181 2 0 0 0 0 0 0 0 0 0 0 0 0 0 0 0 0 0 0 0 0 0 0 0 0 0 0 0 0 0 0 0; 1 195 7 73 45 47 31 60 38 32 1 43 194 6 11 177 173 182 10 188 0 0 0 0 0 0 0 0 0 0 0 0 0 0 0 0 0 0 0 0 0 0 0 0 0 0 0 0 0 0; 17 40 8 152 160 4 44 39 164 19 38 197 198 196 175 158 177 191 192 186 65 0 0 0 0 0 0 0 0 0 0 0 0 0 0 0 0 0 0 0 0 0 0 0 0 0 0 0 0 0; 19 189 34 32 142 191 156 56 0 168 131 194 38 13 49 156 142 2 196 55 12 120 0 0 0 0 0 0 0 0 0 0 0 0 0 0 0 0 0 0 0 0 0 0 0 0 0 0 0 0; 1 191 188 36 183 200 86 41 12 4 11 16 187 192 189 2 168 45 36 128 174 197 181 0 0 0 0 0 0 0 0 0 0 0 0 0 0 0 0 0 0 0 0 0 0 0 0 0 0 0; 177 26 28 186 199 19 16 27 195 23 183 188 4 153 179 51 0 13 179 134 199 107 195 196 0 0 0 0 0 0 0 0 0 0 0 0 0 0 0 0 0 0 0 0 0 0 0 0 0 0; 192 24 4 70 10 136 140 65 147 199 16 6 48 166 23 2 199 197 170 136 11 166 165 31 44 0 0 0 0 0 0 0 0 0 0 0 0 0 0 0 0 0 0 0 0 0 0 0 0 0; 1 10 2 188 15 198 63 11 195 34 149 131 21 170 33 23 1 21 198 66 197 16 184 169 60 5 0 0 0 0 0 0 0 0 0 0 0 0 0 0 0 0 0 0 0 0 0 0 0 0; 184 192 50 193 151 50 24 174 187 162 12 11 20 11 57 185 15 43 168 145 19 2 80 15 7 145 193 0 0 0 0 0 0 0 0 0 0 0 0 0 0 0 0 0 0 0 0 0 0 0; 199 119 165 1 70 149 134 199 56 6 179 27 11 46 122 24 9 0 1 182 4 147 178 148 35 1 189 169 0 0 0 0 0 0 0 0 0 0 0 0 0 0 0 0 0 0 0 0 0 0; 45 198 198 140 52 199 179 6 8 90 200 199 166 1 173 171 173 140 153 12 78 43 198 74 112 194 1 0 29 0 0 0 0 0 0 0 0 0 0 0 0 0 0 0 0 0 0 0 0 0; 49 20 55 14 128 199 193 178 180 32 142 175 5 195 157 44 6 189 0 48 197 158 48 83 192 39 128 35 36 11 0 0 0 0 0 0 0 0 0 0 0 0 0 0 0 0 0 0 0 0; 196 189 23 198 139 199 22 14 181 184 16 6 136 138 63 25 143 1 8 194 56 4 194 7 196 19 39 70 0 199 2 0 0 0 0 0 0 0 0 0 0 0 0 0 0 0 0 0 0 0; 132 15 198 1 200 191 13 14 192 3 0 194 174 67 11 51 184 55 127 191 192 25 115 66 124 30 200 0 195 2 195 61 0 0 0 0 0 0 0 0 0 0 0 0 0 0 0 0 0 0; 52 197 15 14 197 141 177 7 58 191 65 27 185 193 192 173 10 7 194 14 47 194 141 84 148 3 189 17 197 50 184 182 77 0 0 0 0 0 0 0 0 0 0 0 0 0 0 0 0 0; 6 151 142 108 158 30 185 9 185 17 193 48 163 114 18 195 57 195 191 172 8 57 183 0 185 195 179 192 183 32 29 119 2 190 0 0 0 0 0 0 0 0 0 0 0 0 0 0 0 0; 149 2 3 168 176 12 191 25 200 179 12 46 12 3 35 179 198 117 3 191 199 33 3 196 1 172 166 176 11 119 8 34 177 200 198 0 0 0 0 0 0 0 0 0 0 0 0 0 0 0; 19 29 21 23 183 177 5 120 182 8 194 171 88 194 11 184 0 156 60 76 192 183 59 56 148 194 59 164 166 7 141 160 159 48 4 12 0 0 0 0 0 0 0 0 0 0 0 0 0 0; 198 171 175 193 127 200 4 189 1 158 190 196 20 183 0 52 173 195 0 17 149 178 173 21 22 197 11 24 0 3 191 13 135 9 171 2 22 0 0 0 0 0 0 0 0 0 0 0 0 0; 191 51 33 12 200 179 192 56 33 4 54 4 176 50 67 199 192 57 45 195 9 184 187 2 5 81 199 0 195 165 12 197 107 2 147 193 188 189 0 0 0 0 0 0 0 0 0 0 0 0; 184 58 55 165 155 0 38 45 1 191 141 25 38 196 200 174 9 10 5 7 27 195 43 162 3 25 64 175 78 167 144 57 197 143 190 189 39 168 192 0 0 0 0 0 0 0 0 0 0 0; 164 191 4 198 134 200 161 2 36 181 170 200 199 9 182 159 172 2 11 195 159 176 189 1 3 53 21 181 29 200 12 48 180 9 8 12 9 5 195 199 0 0 0 0 0 0 0 0 0 0; 36 7 66 24 20 171 191 6 19 119 161 1 196 174 24 10 24 22 4 28 121 22 181 194 10 191 47 190 68 54 182 196 20 179 176 9 10 196 41 197 25 0 0 0 0 0 0 0 0 0; 190 14 18 198 69 151 200 200 76 3 146 72 197 186 174 21 181 0 199 189 149 191 4 176 153 5 1 198 200 68 176 56 188 189 51 189 168 189 23 193 0 89 0 0 0 0 0 0 0 0; 16 2 25 198 178 5 0 5 193 116 24 13 7 38 170 8 21 184 172 196 30 14 11 186 49 155 23 188 199 6 10 15 10 16 187 15 0 18 170 3 24 12 119 0 0 0 0 0 0 0; 172 123 192 160 171 187 110 51 60 42 11 4 177 14 67 97 139 127 189 44 114 13 200 168 2 175 198 30 32 179 164 33 178 193 186 149 3 73 43 8 156 45 172 148 0 0 0 0 0 0; 199 189 200 44 9 188 171 186 195 19 175 191 12 187 198 41 169 0 126 41 26 21 194 190 134 44 31 179 1 190 37 24 19 192 1 2 59 5 39 160 136 197 200 13 174 0 0 0 0 0; 42 170 199 193 200 131 181 48 2 0 185 199 194 172 33 5 39 180 140 18 135 198 190 169 60 158 190 7 3 4 29 8 2 27 176 151 6 36 73 165 32 108 44 14 5 180 0 0 0 0; 172 27 149 195 198 178 1 194 186 177 16 17 55 149 0 35 173 88 199 6 27 20 6 0 48 41 157 36 160 30 193 196 183 166 137 1 185 196 44 196 186 17 16 171 182 200 182 0 0 0; 159 169 75 3 144 13 16 18 51 146 174 28 42 3 53 194 190 197 13 190 191 13 6 53 32 32 12 9 200 191 20 199 195 180 64 19 192 178 175 44 40 185 176 189 21 188 185 170 0 0; 6 8 91 7 0 152 190 199 6 3 197 49 120 193 15 130 4 142 12 176 198 189 200 153 4 144 200 141 154 43 27 197 186 198 182 26 152 182 4 26 153 177 11 122 4 41 200 68 194 0; 1 4 165 200 200 194 81 176 199 26 69 30 59 182 169 2 173 182 199 76 132 197 37 45 183 3 21 10 199 143 183 3 13 199 199 155 181 199 64 197 10 49 13 59 7 15 1 179 9 197]
