n=25
density=50
Q1=[0 0 0 0 0 0 0 0 0 0 0 0 0 0 0 0 0 0 0 0 0 0 0 0 0 ;
0 160 0 0 0 0 0 0 0 0 0 0 0 0 0 0 0 0 0 0 0 0 0 0 0 ;
184 0 0 0 0 0 0 0 0 0 0 0 0 0 0 0 0 0 0 0 0 0 0 0 0 ;
155 0 0 139 0 0 0 0 0 0 0 0 0 0 0 0 0 0 0 0 0 0 0 0 0 ;
0 0 0 77 0 0 0 0 0 0 0 0 0 0 0 0 0 0 0 0 0 0 0 0 0 ;
0 0 114 0 104 0 0 0 0 0 0 0 0 0 0 0 0 0 0 0 0 0 0 0 0 ;
94 74 0 0 65 155 0 0 0 0 0 0 0 0 0 0 0 0 0 0 0 0 0 0 0 ;
84 177 0 32 9 0 0 0 0 0 0 0 0 0 0 0 0 0 0 0 0 0 0 0 0 ;
31 0 0 0 0 31 0 0 107 0 0 0 0 0 0 0 0 0 0 0 0 0 0 0 0 ;
0 134 0 0 184 117 99 92 0 0 0 0 0 0 0 0 0 0 0 0 0 0 0 0 0 ;
42 135 60 144 28 0 12 122 0 59 193 0 0 0 0 0 0 0 0 0 0 0 0 0 0 ;
0 0 0 2 88 0 0 0 162 0 186 89 0 0 0 0 0 0 0 0 0 0 0 0 0 ;
0 130 0 194 152 0 52 0 91 167 0 177 0 0 0 0 0 0 0 0 0 0 0 0 0 ;
0 0 0 0 110 73 0 164 0 11 26 69 0 139 0 0 0 0 0 0 0 0 0 0 0 ;
64 106 0 80 21 82 190 74 0 0 110 175 0 0 170 0 0 0 0 0 0 0 0 0 0 ;
64 136 0 0 0 144 0 73 39 0 125 0 124 6 188 0 0 0 0 0 0 0 0 0 0 ;
130 0 3 91 4 45 0 0 0 62 11 133 0 0 190 0 0 0 0 0 0 0 0 0 0 ;
64 0 156 0 0 119 0 0 0 0 0 0 88 162 129 0 31 0 0 0 0 0 0 0 0 ;
0 95 57 0 2 0 41 0 0 80 0 132 189 94 4 0 0 0 158 0 0 0 0 0 0 ;
182 0 28 180 137 0 0 171 0 103 52 0 86 173 0 20 0 39 176 18 0 0 0 0 0 ;
0 0 0 70 0 0 0 20 180 0 55 0 180 45 0 0 190 0 0 50 22 0 0 0 0 ;
0 164 91 0 0 155 0 0 196 26 2 151 27 33 0 0 76 0 144 112 0 0 0 0 0 ;
0 0 0 0 0 68 0 0 143 0 167 138 0 165 0 170 0 0 93 0 0 0 57 0 0 ;
0 131 177 86 0 0 0 129 13 0 0 0 69 0 132 0 148 0 0 118 0 0 0 0 0 ;
0 30 92 0 0 98 93 0 79 0 72 0 0 0 0 0 99 58 0 0 0 0 0 0 26 ]
w=[90, 12, 7, 38, 94, 62, 64, 77, 69, 11, 78, 24, 85, 41, 40, 69, 7, 56, 71, 95, 97, 44, 99, 89, 8]
W=95 
k=5 
inst_name = "QKP_25_200_50" 
feasible = true 
Q2=[196 0 0 0 0 0 0 0 0 0 0 0 0 0 0 0 0 0 0 0 0 0 0 0 0; 196 24 0 0 0 0 0 0 0 0 0 0 0 0 0 0 0 0 0 0 0 0 0 0 0; 9 196 196 0 0 0 0 0 0 0 0 0 0 0 0 0 0 0 0 0 0 0 0 0 0; 0 196 196 6 0 0 0 0 0 0 0 0 0 0 0 0 0 0 0 0 0 0 0 0 0; 196 196 196 182 196 0 0 0 0 0 0 0 0 0 0 0 0 0 0 0 0 0 0 0 0; 196 196 69 196 29 196 0 0 0 0 0 0 0 0 0 0 0 0 0 0 0 0 0 0 0; 139 194 196 196 141 9 196 0 0 0 0 0 0 0 0 0 0 0 0 0 0 0 0 0 0; 143 0 196 179 192 196 196 196 0 0 0 0 0 0 0 0 0 0 0 0 0 0 0 0 0; 177 196 196 196 196 181 196 196 36 0 0 0 0 0 0 0 0 0 0 0 0 0 0 0 0; 196 56 196 196 7 24 70 108 196 196 0 0 0 0 0 0 0 0 0 0 0 0 0 0 0; 192 53 173 36 185 196 193 25 196 190 0 0 0 0 0 0 0 0 0 0 0 0 0 0 0; 196 196 196 194 192 196 196 196 2 196 9 132 0 0 0 0 0 0 0 0 0 0 0 0 0; 196 49 196 0 42 196 164 196 163 11 196 9 196 0 0 0 0 0 0 0 0 0 0 0 0; 196 196 196 196 44 168 196 27 196 193 184 140 196 35 0 0 0 0 0 0 0 0 0 0 0; 189 49 196 182 191 189 5 185 196 196 80 1 196 196 22 0 0 0 0 0 0 0 0 0 0; 174 48 196 196 196 30 196 166 182 196 17 196 65 192 7 196 0 0 0 0 0 0 0 0 0; 32 196 194 107 192 195 196 196 196 167 193 10 196 196 4 196 196 0 0 0 0 0 0 0 0; 175 196 29 196 196 27 196 196 196 196 196 196 169 16 24 196 167 196 0 0 0 0 0 0 0; 196 173 192 196 195 196 155 196 196 168 196 3 7 123 193 196 196 196 31 0 0 0 0 0 0; 14 196 187 16 13 196 196 1 196 54 158 196 136 4 196 176 196 174 2 186 0 0 0 0 0; 196 196 196 140 196 196 196 189 6 196 180 196 9 190 196 196 4 196 196 177 183 0 0 0 0; 196 10 167 196 196 5 196 196 0 177 194 7 183 186 196 196 167 196 29 40 196 196 0 0 0; 196 196 196 196 196 194 196 196 24 196 27 51 196 21 196 21 196 196 183 196 196 196 168 0 0; 196 17 0 178 196 196 196 25 188 196 196 196 163 196 14 196 19 196 196 10 196 196 196 196 0; 196 192 113 196 196 97 161 196 142 196 125 196 196 196 196 196 94 186 196 196 196 196 196 196 184]
