n=20
density=75
Q1=[61 0 0 0 0 0 0 0 0 0 0 0 0 0 0 0 0 0 0 0 ;
31 68 0 0 0 0 0 0 0 0 0 0 0 0 0 0 0 0 0 0 ;
88 88 56 0 0 0 0 0 0 0 0 0 0 0 0 0 0 0 0 0 ;
0 57 93 90 0 0 0 0 0 0 0 0 0 0 0 0 0 0 0 0 ;
93 29 93 0 0 0 0 0 0 0 0 0 0 0 0 0 0 0 0 0 ;
93 21 45 20 40 0 0 0 0 0 0 0 0 0 0 0 0 0 0 0 ;
23 55 0 25 71 24 0 0 0 0 0 0 0 0 0 0 0 0 0 0 ;
32 0 0 0 99 27 46 54 0 0 0 0 0 0 0 0 0 0 0 0 ;
77 41 37 0 0 76 18 15 50 0 0 0 0 0 0 0 0 0 0 0 ;
77 2 23 43 71 0 95 61 18 93 0 0 0 0 0 0 0 0 0 0 ;
91 0 70 87 61 75 37 39 76 63 4 0 0 0 0 0 0 0 0 0 ;
0 41 0 0 9 14 94 62 31 68 88 37 0 0 0 0 0 0 0 0 ;
0 76 45 0 70 90 73 8 9 0 46 72 97 0 0 0 0 0 0 0 ;
99 77 33 20 0 80 81 14 94 57 61 0 0 94 0 0 0 0 0 0 ;
8 21 84 30 10 85 71 25 71 92 57 0 86 42 43 0 0 0 0 0 ;
34 12 57 26 32 0 36 63 0 18 23 35 29 30 15 0 0 0 0 0 ;
86 0 0 37 96 94 0 59 0 62 76 77 0 48 52 86 59 0 0 0 ;
68 34 59 69 0 5 0 22 0 34 5 0 36 88 90 0 0 37 0 0 ;
0 25 0 0 0 23 87 60 0 13 28 89 0 9 46 55 15 0 54 0 ;
79 68 0 74 16 48 80 68 4 72 47 38 54 19 0 0 60 35 43 24 ]
w=[47, 33, 6, 24, 1, 32, 46, 22, 18, 4, 43, 27, 28, 45, 6, 3, 3, 29, 44, 14]
W=59 
k=2 
inst_name = "QKP_20_100_75" 
feasible = true 
Q2=[18 0 0 0 0 0 0 0 0 0 0 0 0 0 0 0 0 0 0 0; 71 5 0 0 0 0 0 0 0 0 0 0 0 0 0 0 0 0 0 0; 11 0 6 0 0 0 0 0 0 0 0 0 0 0 0 0 0 0 0 0; 99 19 4 4 0 0 0 0 0 0 0 0 0 0 0 0 0 0 0 0; 5 85 3 99 99 0 0 0 0 0 0 0 0 0 0 0 0 0 0 0; 0 93 76 84 94 99 0 0 0 0 0 0 0 0 0 0 0 0 0 0; 89 39 99 85 0 97 99 0 0 0 0 0 0 0 0 0 0 0 0 0; 72 99 99 99 0 79 98 31 0 0 0 0 0 0 0 0 0 0 0 0; 8 93 82 99 99 7 98 90 27 0 0 0 0 0 0 0 0 0 0 0; 16 97 89 84 26 99 4 27 87 6 0 0 0 0 0 0 0 0 0 0; 6 99 19 10 26 15 92 66 22 34 98 0 0 0 0 0 0 0 0 0; 99 91 99 99 93 90 0 26 83 4 8 74 0 0 0 0 0 0 0 0; 99 18 68 99 26 9 0 98 91 99 73 8 1 0 0 0 0 0 0 0; 0 8 73 82 99 5 7 96 5 30 38 99 99 0 0 0 0 0 0 0; 95 85 0 95 89 12 17 74 17 7 39 99 10 96 59 0 0 0 0 0; 90 94 27 81 90 99 81 31 99 89 98 91 92 70 90 99 0 0 0 0; 13 99 99 88 2 2 99 20 99 18 5 8 99 85 7 7 20 0 0 0; 15 84 11 4 99 98 99 80 99 91 95 99 80 11 6 99 99 89 0 0; 99 94 99 99 99 80 2 0 99 94 82 5 99 97 96 35 89 99 39 0; 18 25 99 1 84 98 8 30 96 12 59 73 31 94 99 99 37 84 76 97]
