n=50
density=50
Q1=[71 0 0 0 0 0 0 0 0 0 0 0 0 0 0 0 0 0 0 0 0 0 0 0 0 0 0 0 0 0 0 0 0 0 0 0 0 0 0 0 0 0 0 0 0 0 0 0 0 0 ;
0 85 0 0 0 0 0 0 0 0 0 0 0 0 0 0 0 0 0 0 0 0 0 0 0 0 0 0 0 0 0 0 0 0 0 0 0 0 0 0 0 0 0 0 0 0 0 0 0 0 ;
93 59 0 0 0 0 0 0 0 0 0 0 0 0 0 0 0 0 0 0 0 0 0 0 0 0 0 0 0 0 0 0 0 0 0 0 0 0 0 0 0 0 0 0 0 0 0 0 0 0 ;
0 13 0 0 0 0 0 0 0 0 0 0 0 0 0 0 0 0 0 0 0 0 0 0 0 0 0 0 0 0 0 0 0 0 0 0 0 0 0 0 0 0 0 0 0 0 0 0 0 0 ;
9 0 12 56 79 0 0 0 0 0 0 0 0 0 0 0 0 0 0 0 0 0 0 0 0 0 0 0 0 0 0 0 0 0 0 0 0 0 0 0 0 0 0 0 0 0 0 0 0 0 ;
70 62 41 94 27 22 0 0 0 0 0 0 0 0 0 0 0 0 0 0 0 0 0 0 0 0 0 0 0 0 0 0 0 0 0 0 0 0 0 0 0 0 0 0 0 0 0 0 0 0 ;
0 0 45 0 0 54 80 0 0 0 0 0 0 0 0 0 0 0 0 0 0 0 0 0 0 0 0 0 0 0 0 0 0 0 0 0 0 0 0 0 0 0 0 0 0 0 0 0 0 0 ;
0 33 3 0 83 0 0 0 0 0 0 0 0 0 0 0 0 0 0 0 0 0 0 0 0 0 0 0 0 0 0 0 0 0 0 0 0 0 0 0 0 0 0 0 0 0 0 0 0 0 ;
98 81 78 53 2 0 0 88 0 0 0 0 0 0 0 0 0 0 0 0 0 0 0 0 0 0 0 0 0 0 0 0 0 0 0 0 0 0 0 0 0 0 0 0 0 0 0 0 0 0 ;
95 0 0 87 0 0 8 0 0 11 0 0 0 0 0 0 0 0 0 0 0 0 0 0 0 0 0 0 0 0 0 0 0 0 0 0 0 0 0 0 0 0 0 0 0 0 0 0 0 0 ;
0 0 0 32 0 96 32 94 0 0 75 0 0 0 0 0 0 0 0 0 0 0 0 0 0 0 0 0 0 0 0 0 0 0 0 0 0 0 0 0 0 0 0 0 0 0 0 0 0 0 ;
0 0 25 63 0 13 0 85 0 0 77 0 0 0 0 0 0 0 0 0 0 0 0 0 0 0 0 0 0 0 0 0 0 0 0 0 0 0 0 0 0 0 0 0 0 0 0 0 0 0 ;
62 0 83 14 83 34 92 0 60 0 68 95 0 0 0 0 0 0 0 0 0 0 0 0 0 0 0 0 0 0 0 0 0 0 0 0 0 0 0 0 0 0 0 0 0 0 0 0 0 0 ;
38 21 0 0 48 0 64 0 15 0 95 33 21 71 0 0 0 0 0 0 0 0 0 0 0 0 0 0 0 0 0 0 0 0 0 0 0 0 0 0 0 0 0 0 0 0 0 0 0 0 ;
24 0 0 75 75 22 81 0 74 0 0 0 34 0 0 0 0 0 0 0 0 0 0 0 0 0 0 0 0 0 0 0 0 0 0 0 0 0 0 0 0 0 0 0 0 0 0 0 0 0 ;
0 87 80 23 8 0 0 0 0 2 0 0 58 0 0 0 0 0 0 0 0 0 0 0 0 0 0 0 0 0 0 0 0 0 0 0 0 0 0 0 0 0 0 0 0 0 0 0 0 0 ;
0 74 0 0 52 0 0 0 54 35 0 5 26 0 0 36 0 0 0 0 0 0 0 0 0 0 0 0 0 0 0 0 0 0 0 0 0 0 0 0 0 0 0 0 0 0 0 0 0 0 ;
84 0 22 3 65 0 11 0 8 45 0 0 0 75 0 0 0 95 0 0 0 0 0 0 0 0 0 0 0 0 0 0 0 0 0 0 0 0 0 0 0 0 0 0 0 0 0 0 0 0 ;
17 0 71 0 12 0 73 97 8 14 32 0 0 0 2 0 36 29 9 0 0 0 0 0 0 0 0 0 0 0 0 0 0 0 0 0 0 0 0 0 0 0 0 0 0 0 0 0 0 0 ;
0 65 11 0 47 98 42 56 7 0 22 26 90 52 0 0 27 50 0 0 0 0 0 0 0 0 0 0 0 0 0 0 0 0 0 0 0 0 0 0 0 0 0 0 0 0 0 0 0 0 ;
38 7 60 0 0 0 0 0 0 0 0 49 0 48 75 78 0 0 0 98 71 0 0 0 0 0 0 0 0 0 0 0 0 0 0 0 0 0 0 0 0 0 0 0 0 0 0 0 0 0 ;
53 0 70 91 40 0 23 89 0 23 57 0 1 68 65 0 78 0 0 0 59 87 0 0 0 0 0 0 0 0 0 0 0 0 0 0 0 0 0 0 0 0 0 0 0 0 0 0 0 0 ;
25 55 48 46 0 26 2 30 0 0 0 0 0 41 0 0 0 0 0 12 43 24 25 0 0 0 0 0 0 0 0 0 0 0 0 0 0 0 0 0 0 0 0 0 0 0 0 0 0 0 ;
85 65 48 0 0 20 36 50 31 90 39 0 1 38 52 0 70 26 0 0 40 54 0 33 0 0 0 0 0 0 0 0 0 0 0 0 0 0 0 0 0 0 0 0 0 0 0 0 0 0 ;
0 15 89 0 0 0 0 0 0 45 0 0 0 51 84 0 2 25 0 24 62 0 0 94 40 0 0 0 0 0 0 0 0 0 0 0 0 0 0 0 0 0 0 0 0 0 0 0 0 0 ;
95 0 0 92 0 65 0 4 0 0 99 0 97 0 0 0 99 0 0 0 27 30 97 62 0 0 0 0 0 0 0 0 0 0 0 0 0 0 0 0 0 0 0 0 0 0 0 0 0 0 ;
0 0 0 0 96 0 0 0 0 0 6 0 0 31 0 92 0 0 0 12 0 0 0 0 79 0 0 0 0 0 0 0 0 0 0 0 0 0 0 0 0 0 0 0 0 0 0 0 0 0 ;
0 81 72 59 62 0 93 2 40 0 0 0 0 25 89 0 0 0 0 75 0 43 0 0 0 88 39 56 0 0 0 0 0 0 0 0 0 0 0 0 0 0 0 0 0 0 0 0 0 0 ;
96 61 35 0 24 46 3 0 39 26 81 0 0 34 0 0 0 0 0 0 0 0 88 5 61 54 0 0 0 0 0 0 0 0 0 0 0 0 0 0 0 0 0 0 0 0 0 0 0 0 ;
0 57 62 50 28 44 0 84 49 65 0 0 45 17 0 98 0 0 0 8 0 0 0 49 79 0 0 96 0 0 0 0 0 0 0 0 0 0 0 0 0 0 0 0 0 0 0 0 0 0 ;
70 77 0 0 0 0 0 5 0 0 0 99 77 0 0 96 39 0 53 39 20 76 36 0 0 23 27 0 59 0 0 0 0 0 0 0 0 0 0 0 0 0 0 0 0 0 0 0 0 0 ;
0 0 0 22 0 0 75 81 50 0 35 0 0 0 0 0 0 0 2 0 5 2 0 41 0 0 95 79 55 44 0 5 0 0 0 0 0 0 0 0 0 0 0 0 0 0 0 0 0 0 ;
74 0 32 19 2 50 0 0 56 74 100 67 12 0 0 79 0 0 0 95 95 0 100 0 99 54 20 0 12 0 61 0 30 0 0 0 0 0 0 0 0 0 0 0 0 0 0 0 0 0 ;
0 30 0 0 0 99 0 0 0 65 78 98 10 0 0 0 50 58 0 88 96 0 0 0 0 77 0 0 96 0 83 0 0 0 0 0 0 0 0 0 0 0 0 0 0 0 0 0 0 0 ;
0 47 0 0 87 0 19 0 0 0 1 56 0 0 0 0 78 0 56 0 81 82 0 0 2 0 0 0 0 0 0 1 46 51 65 0 0 0 0 0 0 0 0 0 0 0 0 0 0 0 ;
58 0 2 0 0 99 40 0 0 31 51 0 0 0 0 0 76 0 68 75 0 0 48 46 75 0 76 20 0 0 37 1 0 0 50 0 0 0 0 0 0 0 0 0 0 0 0 0 0 0 ;
0 34 44 71 0 42 0 72 0 13 74 31 56 0 0 0 0 94 0 0 27 21 0 0 0 71 30 0 0 0 0 43 88 0 0 93 0 0 0 0 0 0 0 0 0 0 0 0 0 0 ;
0 0 0 0 78 15 0 25 7 75 0 0 0 19 0 0 0 62 0 70 73 69 0 0 44 65 0 91 0 0 0 0 36 0 50 62 84 0 0 0 0 0 0 0 0 0 0 0 0 0 ;
77 76 20 0 0 34 87 0 100 0 8 0 0 0 94 1 0 0 63 77 95 4 66 0 34 93 72 92 84 0 0 0 51 0 0 0 85 0 24 0 0 0 0 0 0 0 0 0 0 0 ;
33 30 0 20 33 0 0 0 28 87 84 22 87 0 0 0 53 52 0 46 38 6 0 0 74 78 0 0 17 23 0 0 7 94 0 0 19 0 79 28 0 0 0 0 0 0 0 0 0 0 ;
0 96 18 37 0 6 0 0 0 0 89 52 0 54 77 2 0 57 57 0 84 67 41 0 0 98 0 0 64 0 0 35 40 73 72 0 0 5 0 0 81 0 0 0 0 0 0 0 0 0 ;
80 4 0 0 0 46 76 77 22 44 0 0 82 97 9 0 87 97 0 87 0 28 0 11 52 62 0 14 2 0 0 46 99 55 94 85 13 74 0 83 28 0 0 0 0 0 0 0 0 0 ;
0 0 0 92 0 54 0 98 61 0 0 11 0 16 99 13 0 14 21 11 48 26 0 0 27 57 0 24 95 0 0 0 0 0 0 0 0 0 0 0 0 0 32 0 0 0 0 0 0 0 ;
33 77 0 0 0 0 35 92 11 0 43 0 0 0 59 39 68 5 76 85 0 66 70 46 0 0 0 0 0 0 0 4 0 60 0 100 0 85 0 96 88 45 80 0 0 0 0 0 0 0 ;
0 62 76 93 0 0 32 34 77 54 87 0 89 0 0 90 42 66 0 0 41 99 73 21 0 0 55 0 96 0 0 73 0 0 0 34 0 11 0 69 0 0 0 47 61 0 0 0 0 0 ;
0 30 0 0 80 0 22 0 0 0 0 20 2 0 0 0 59 89 84 93 0 0 97 95 82 0 0 78 25 70 0 45 0 0 72 77 3 45 93 0 19 98 15 83 39 100 0 0 0 0 ;
22 0 0 64 0 45 0 0 0 0 0 0 0 97 70 25 37 0 0 0 0 0 0 0 6 82 0 32 0 30 23 46 15 0 59 16 0 84 0 0 57 0 0 0 53 0 82 0 0 0 ;
2 0 0 0 60 80 72 71 25 0 0 0 0 96 59 30 0 20 7 42 9 0 85 0 0 0 0 53 72 51 6 0 38 54 0 0 13 0 94 94 11 7 48 0 73 35 0 0 0 0 ;
33 16 0 98 16 0 47 28 0 38 0 0 0 0 0 0 0 0 0 60 0 75 97 54 83 94 82 82 46 0 0 0 90 0 0 0 0 30 60 18 0 64 74 91 97 77 51 56 0 0 ;
61 89 0 0 19 0 90 0 68 34 59 0 34 0 0 17 0 61 56 64 99 45 67 30 0 98 0 42 53 0 30 35 75 77 0 0 88 0 0 25 71 0 0 45 0 0 0 0 0 61 ]
w=[7, 34, 22, 15, 6, 19, 35, 1, 10, 22, 10, 47, 17, 41, 22, 49, 8, 9, 7, 1, 24, 20, 45, 37, 7, 16, 38, 49, 25, 10, 15, 18, 36, 43, 38, 27, 20, 43, 37, 11, 46, 1, 50, 17, 32, 46, 28, 16, 22, 34]
W=83 
k=4 
inst_name = "QKP_50_100_50" 
feasible = true 
Q2=[17 0 0 0 0 0 0 0 0 0 0 0 0 0 0 0 0 0 0 0 0 0 0 0 0 0 0 0 0 0 0 0 0 0 0 0 0 0 0 0 0 0 0 0 0 0 0 0 0 0; 100 5 0 0 0 0 0 0 0 0 0 0 0 0 0 0 0 0 0 0 0 0 0 0 0 0 0 0 0 0 0 0 0 0 0 0 0 0 0 0 0 0 0 0 0 0 0 0 0 0; 0 24 100 0 0 0 0 0 0 0 0 0 0 0 0 0 0 0 0 0 0 0 0 0 0 0 0 0 0 0 0 0 0 0 0 0 0 0 0 0 0 0 0 0 0 0 0 0 0 0; 100 96 100 100 0 0 0 0 0 0 0 0 0 0 0 0 0 0 0 0 0 0 0 0 0 0 0 0 0 0 0 0 0 0 0 0 0 0 0 0 0 0 0 0 0 0 0 0 0 0; 92 100 92 17 12 0 0 0 0 0 0 0 0 0 0 0 0 0 0 0 0 0 0 0 0 0 0 0 0 0 0 0 0 0 0 0 0 0 0 0 0 0 0 0 0 0 0 0 0 0; 13 21 85 6 82 92 0 0 0 0 0 0 0 0 0 0 0 0 0 0 0 0 0 0 0 0 0 0 0 0 0 0 0 0 0 0 0 0 0 0 0 0 0 0 0 0 0 0 0 0; 100 100 61 100 100 29 17 0 0 0 0 0 0 0 0 0 0 0 0 0 0 0 0 0 0 0 0 0 0 0 0 0 0 0 0 0 0 0 0 0 0 0 0 0 0 0 0 0 0 0; 100 70 100 100 3 100 100 100 0 0 0 0 0 0 0 0 0 0 0 0 0 0 0 0 0 0 0 0 0 0 0 0 0 0 0 0 0 0 0 0 0 0 0 0 0 0 0 0 0 0; 0 12 10 0 99 100 100 0 100 0 0 0 0 0 0 0 0 0 0 0 0 0 0 0 0 0 0 0 0 0 0 0 0 0 0 0 0 0 0 0 0 0 0 0 0 0 0 0 0 0; 1 100 100 10 100 100 99 100 100 93 0 0 0 0 0 0 0 0 0 0 0 0 0 0 0 0 0 0 0 0 0 0 0 0 0 0 0 0 0 0 0 0 0 0 0 0 0 0 0 0; 100 100 100 98 100 1 74 3 100 100 17 0 0 0 0 0 0 0 0 0 0 0 0 0 0 0 0 0 0 0 0 0 0 0 0 0 0 0 0 0 0 0 0 0 0 0 0 0 0 0; 100 100 79 18 100 92 100 10 100 100 7 100 0 0 0 0 0 0 0 0 0 0 0 0 0 0 0 0 0 0 0 0 0 0 0 0 0 0 0 0 0 0 0 0 0 0 0 0 0 0; 11 100 8 89 3 79 5 100 21 100 27 1 100 0 0 0 0 0 0 0 0 0 0 0 0 0 0 0 0 0 0 0 0 0 0 0 0 0 0 0 0 0 0 0 0 0 0 0 0 0; 99 92 100 100 82 100 28 100 88 100 4 82 87 17 0 0 0 0 0 0 0 0 0 0 0 0 0 0 0 0 0 0 0 0 0 0 0 0 0 0 0 0 0 0 0 0 0 0 0 0; 89 100 100 6 8 85 18 100 26 100 100 100 100 100 100 0 0 0 0 0 0 0 0 0 0 0 0 0 0 0 0 0 0 0 0 0 0 0 0 0 0 0 0 0 0 0 0 0 0 0; 100 7 11 91 98 100 100 100 100 99 100 100 21 100 100 100 0 0 0 0 0 0 0 0 0 0 0 0 0 0 0 0 0 0 0 0 0 0 0 0 0 0 0 0 0 0 0 0 0 0; 100 2 100 100 0 100 100 100 43 90 100 100 90 100 100 72 100 0 0 0 0 0 0 0 0 0 0 0 0 0 0 0 0 0 0 0 0 0 0 0 0 0 0 0 0 0 0 0 0 0; 15 100 88 97 31 100 92 100 100 81 100 100 100 25 100 100 100 3 0 0 0 0 0 0 0 0 0 0 0 0 0 0 0 0 0 0 0 0 0 0 0 0 0 0 0 0 0 0 0 0; 93 100 2 100 94 100 22 0 99 87 69 100 100 100 100 100 77 93 92 0 0 0 0 0 0 0 0 0 0 0 0 0 0 0 0 0 0 0 0 0 0 0 0 0 0 0 0 0 0 0; 100 25 96 100 88 1 75 26 97 100 82 93 0 4 100 100 91 49 100 100 0 0 0 0 0 0 0 0 0 0 0 0 0 0 0 0 0 0 0 0 0 0 0 0 0 0 0 0 0 0; 75 98 7 100 100 100 100 100 100 100 100 61 100 70 2 1 100 100 100 2 26 0 0 0 0 0 0 0 0 0 0 0 0 0 0 0 0 0 0 0 0 0 0 0 0 0 0 0 0 0; 38 100 24 8 72 100 77 11 100 78 14 100 99 28 15 100 11 100 100 100 31 12 0 0 0 0 0 0 0 0 0 0 0 0 0 0 0 0 0 0 0 0 0 0 0 0 0 0 0 0; 86 0 60 63 100 88 100 98 100 100 100 100 100 64 100 100 100 100 100 90 95 92 83 0 0 0 0 0 0 0 0 0 0 0 0 0 0 0 0 0 0 0 0 0 0 0 0 0 0 0; 7 25 88 100 100 84 71 15 89 8 63 100 99 88 4 100 2 97 100 100 80 32 100 70 0 0 0 0 0 0 0 0 0 0 0 0 0 0 0 0 0 0 0 0 0 0 0 0 0 0; 100 96 3 100 100 100 100 100 100 96 100 100 100 13 3 100 99 77 100 95 24 100 100 4 78 0 0 0 0 0 0 0 0 0 0 0 0 0 0 0 0 0 0 0 0 0 0 0 0 0; 5 100 100 7 100 11 100 100 100 100 0 100 0 100 100 100 0 100 100 100 98 72 1 14 100 100 0 0 0 0 0 0 0 0 0 0 0 0 0 0 0 0 0 0 0 0 0 0 0 0; 100 100 100 100 4 100 100 100 100 100 98 100 100 82 100 0 100 100 100 98 100 100 100 100 15 100 100 0 0 0 0 0 0 0 0 0 0 0 0 0 0 0 0 0 0 0 0 0 0 0; 100 17 3 20 25 100 1 100 76 100 100 100 100 82 10 100 100 100 100 14 100 94 100 100 100 4 75 25 0 0 0 0 0 0 0 0 0 0 0 0 0 0 0 0 0 0 0 0 0 0; 0 7 73 100 94 88 99 100 96 92 12 100 100 82 100 100 100 100 100 100 100 100 8 100 38 3 100 100 100 0 0 0 0 0 0 0 0 0 0 0 0 0 0 0 0 0 0 0 0 0; 100 38 35 4 86 83 100 9 98 30 100 100 67 85 100 1 100 100 100 93 100 100 100 79 7 100 100 2 100 100 0 0 0 0 0 0 0 0 0 0 0 0 0 0 0 0 0 0 0 0; 24 10 100 100 100 100 100 98 100 100 100 1 10 100 100 3 67 100 18 99 99 6 90 100 100 94 73 100 28 100 100 0 0 0 0 0 0 0 0 0 0 0 0 0 0 0 0 0 0 0; 100 100 100 96 100 100 19 4 43 100 82 100 100 100 100 100 100 100 98 100 99 99 100 81 100 100 5 19 18 78 100 95 0 0 0 0 0 0 0 0 0 0 0 0 0 0 0 0 0 0; 18 100 98 87 100 29 100 100 26 26 0 12 93 100 100 4 100 100 100 5 5 100 0 100 0 28 90 100 96 100 26 100 99 0 0 0 0 0 0 0 0 0 0 0 0 0 0 0 0 0; 100 97 100 100 100 0 100 100 100 19 11 0 92 100 100 100 40 26 100 1 4 100 100 100 100 16 100 100 2 100 12 100 100 100 0 0 0 0 0 0 0 0 0 0 0 0 0 0 0 0; 100 87 100 100 0 100 99 100 100 100 99 28 100 100 100 100 11 100 11 100 6 16 100 100 99 100 100 100 100 100 100 100 67 24 26 0 0 0 0 0 0 0 0 0 0 0 0 0 0 0; 38 100 99 100 100 0 64 100 100 72 32 100 100 100 100 100 8 100 31 19 100 100 54 95 14 100 24 93 100 100 79 100 100 100 14 100 0 0 0 0 0 0 0 0 0 0 0 0 0 0; 100 83 78 5 100 64 100 2 100 93 24 78 42 100 100 100 100 5 100 100 87 91 100 100 100 14 86 100 100 100 100 93 7 100 100 3 100 0 0 0 0 0 0 0 0 0 0 0 0 0; 100 100 100 100 10 98 100 86 100 3 100 100 100 85 100 100 100 36 100 21 23 15 100 100 83 30 100 9 100 100 100 100 79 100 29 12 0 100 0 0 0 0 0 0 0 0 0 0 0 0; 18 0 97 100 100 77 8 100 0 100 92 100 100 100 0 99 100 100 19 14 2 98 16 100 99 0 11 2 7 100 100 100 2 100 100 100 3 100 99 0 0 0 0 0 0 0 0 0 0 0; 94 77 100 94 88 100 100 100 96 4 13 97 4 100 100 100 8 14 100 81 80 97 100 100 22 17 100 100 89 87 100 100 94 6 100 100 83 100 12 94 0 0 0 0 0 0 0 0 0 0; 100 1 98 92 100 97 100 100 100 100 8 3 100 22 23 99 100 20 9 100 0 33 79 100 100 1 100 100 13 100 100 67 78 23 12 100 100 98 100 100 19 0 0 0 0 0 0 0 0 0; 3 96 100 100 100 85 1 1 97 99 100 100 17 3 92 100 6 1 100 3 100 92 100 96 4 37 100 90 99 100 100 63 1 18 3 15 94 0 100 13 74 100 0 0 0 0 0 0 0 0; 100 100 100 7 100 16 100 1 38 100 100 91 100 99 0 95 100 95 100 94 79 99 100 100 76 32 100 88 0 100 100 100 100 100 100 100 100 100 100 100 100 100 96 0 0 0 0 0 0 0; 83 2 100 100 100 100 96 4 93 100 74 100 100 100 13 90 13 97 24 1 100 6 17 82 100 100 100 100 100 100 100 97 100 34 100 0 100 8 100 2 10 87 9 100 0 0 0 0 0 0; 100 23 12 4 100 100 86 84 10 22 10 100 2 100 100 5 60 24 100 100 90 0 14 81 100 100 28 100 0 100 100 22 100 100 100 88 100 90 100 9 100 100 100 100 4 0 0 0 0 0; 100 71 100 100 13 100 84 100 100 100 100 82 98 100 100 100 33 10 2 0 100 100 1 0 6 100 100 9 88 12 100 73 100 100 0 13 99 64 3 100 91 2 97 1 62 0 0 0 0 0; 94 100 100 16 100 84 100 100 100 100 100 100 100 3 0 96 99 100 100 100 100 100 100 100 94 0 100 86 100 85 94 75 100 100 25 98 100 11 100 100 23 100 100 100 30 100 4 0 0 0; 100 100 100 100 2 20 21 20 92 100 100 100 100 4 35 96 100 86 97 60 97 100 13 100 100 100 100 43 3 44 97 100 95 7 100 100 87 100 0 4 97 99 78 100 12 91 100 100 0 0; 80 89 100 2 100 100 94 79 100 100 100 100 100 100 100 100 100 100 100 1 100 7 1 26 14 6 7 3 88 100 100 100 9 100 100 100 100 97 10 86 100 36 13 6 3 6 19 17 100 0; 11 2 100 100 93 100 1 100 24 85 10 100 68 100 100 89 100 9 6 7 1 81 7 72 100 2 100 61 0 100 70 77 3 6 100 100 0 100 100 88 27 100 100 88 100 100 100 100 100 4]
