n=40
density=25
Q1=[0 0 0 0 0 0 0 0 0 0 0 0 0 0 0 0 0 0 0 0 0 0 0 0 0 0 0 0 0 0 0 0 0 0 0 0 0 0 0 0 ;
0 36 0 0 0 0 0 0 0 0 0 0 0 0 0 0 0 0 0 0 0 0 0 0 0 0 0 0 0 0 0 0 0 0 0 0 0 0 0 0 ;
100 0 0 0 0 0 0 0 0 0 0 0 0 0 0 0 0 0 0 0 0 0 0 0 0 0 0 0 0 0 0 0 0 0 0 0 0 0 0 0 ;
0 0 0 0 0 0 0 0 0 0 0 0 0 0 0 0 0 0 0 0 0 0 0 0 0 0 0 0 0 0 0 0 0 0 0 0 0 0 0 0 ;
0 0 26 0 0 0 0 0 0 0 0 0 0 0 0 0 0 0 0 0 0 0 0 0 0 0 0 0 0 0 0 0 0 0 0 0 0 0 0 0 ;
46 54 0 35 0 0 0 0 0 0 0 0 0 0 0 0 0 0 0 0 0 0 0 0 0 0 0 0 0 0 0 0 0 0 0 0 0 0 0 0 ;
0 0 0 0 0 0 31 0 0 0 0 0 0 0 0 0 0 0 0 0 0 0 0 0 0 0 0 0 0 0 0 0 0 0 0 0 0 0 0 0 ;
87 0 0 0 0 0 0 0 0 0 0 0 0 0 0 0 0 0 0 0 0 0 0 0 0 0 0 0 0 0 0 0 0 0 0 0 0 0 0 0 ;
0 0 75 0 45 31 0 0 9 0 0 0 0 0 0 0 0 0 0 0 0 0 0 0 0 0 0 0 0 0 0 0 0 0 0 0 0 0 0 0 ;
55 0 27 10 0 0 0 0 40 0 0 0 0 0 0 0 0 0 0 0 0 0 0 0 0 0 0 0 0 0 0 0 0 0 0 0 0 0 0 0 ;
0 0 8 83 0 0 44 0 0 0 68 0 0 0 0 0 0 0 0 0 0 0 0 0 0 0 0 0 0 0 0 0 0 0 0 0 0 0 0 0 ;
0 0 0 95 0 0 0 50 0 68 82 70 0 0 0 0 0 0 0 0 0 0 0 0 0 0 0 0 0 0 0 0 0 0 0 0 0 0 0 0 ;
30 0 0 0 0 32 73 0 0 17 0 0 0 0 0 0 0 0 0 0 0 0 0 0 0 0 0 0 0 0 0 0 0 0 0 0 0 0 0 0 ;
36 0 0 19 0 0 0 0 16 9 0 0 0 0 0 0 0 0 0 0 0 0 0 0 0 0 0 0 0 0 0 0 0 0 0 0 0 0 0 0 ;
0 0 9 80 0 0 0 0 0 0 93 0 59 0 64 0 0 0 0 0 0 0 0 0 0 0 0 0 0 0 0 0 0 0 0 0 0 0 0 0 ;
0 0 0 0 0 0 0 82 0 0 0 13 0 0 0 0 0 0 0 0 0 0 0 0 0 0 0 0 0 0 0 0 0 0 0 0 0 0 0 0 ;
49 0 6 0 28 0 74 0 0 0 0 0 0 0 0 0 0 0 0 0 0 0 0 0 0 0 0 0 0 0 0 0 0 0 0 0 0 0 0 0 ;
0 0 0 0 0 0 0 0 0 0 0 59 63 92 0 0 0 0 0 0 0 0 0 0 0 0 0 0 0 0 0 0 0 0 0 0 0 0 0 0 ;
86 0 13 0 30 0 0 0 0 31 0 0 0 0 0 0 0 0 4 0 0 0 0 0 0 0 0 0 0 0 0 0 0 0 0 0 0 0 0 0 ;
0 99 0 0 0 0 0 0 23 0 0 21 0 0 0 0 0 0 0 0 0 0 0 0 0 0 0 0 0 0 0 0 0 0 0 0 0 0 0 0 ;
0 0 3 0 0 0 0 0 95 52 0 0 0 0 0 0 0 0 0 0 92 0 0 0 0 0 0 0 0 0 0 0 0 0 0 0 0 0 0 0 ;
0 93 9 0 0 0 7 0 53 0 0 25 0 0 0 0 0 0 0 0 0 0 0 0 0 0 0 0 0 0 0 0 0 0 0 0 0 0 0 0 ;
0 0 0 22 0 0 0 0 0 0 0 0 0 0 58 22 0 37 6 22 0 0 0 0 0 0 0 0 0 0 0 0 0 0 0 0 0 0 0 0 ;
0 0 68 0 0 0 0 31 0 0 4 86 0 0 0 0 0 73 0 0 68 0 0 32 0 0 0 0 0 0 0 0 0 0 0 0 0 0 0 0 ;
0 0 0 0 56 40 54 0 0 0 0 5 0 55 57 0 44 0 45 0 0 0 0 0 0 0 0 0 0 0 0 0 0 0 0 0 0 0 0 0 ;
0 0 0 47 9 38 23 0 0 16 0 0 0 0 0 0 0 0 0 99 0 0 0 0 0 0 0 0 0 0 0 0 0 0 0 0 0 0 0 0 ;
0 0 84 0 19 0 0 82 0 53 0 0 0 0 0 0 0 40 0 0 0 0 0 0 2 16 40 0 0 0 0 0 0 0 0 0 0 0 0 0 ;
0 0 0 9 0 0 0 0 0 0 85 0 68 0 47 0 0 0 89 0 0 0 0 0 0 0 94 0 0 0 0 0 0 0 0 0 0 0 0 0 ;
0 0 29 5 0 0 0 0 0 63 0 0 0 0 0 0 0 0 15 0 0 23 23 0 50 0 0 0 0 0 0 0 0 0 0 0 0 0 0 0 ;
0 0 0 68 0 0 0 0 7 28 84 0 0 0 0 79 0 0 10 0 19 0 0 0 0 0 0 1 0 0 0 0 0 0 0 0 0 0 0 0 ;
0 8 0 3 0 5 54 93 0 0 0 66 11 0 57 0 32 0 0 0 49 76 0 0 84 89 0 0 0 98 0 0 0 0 0 0 0 0 0 0 ;
0 0 0 0 0 0 0 4 73 0 0 90 0 0 0 0 23 0 0 0 0 83 0 0 0 0 59 0 0 0 97 0 0 0 0 0 0 0 0 0 ;
0 0 0 0 0 0 0 82 0 49 0 0 0 0 0 78 0 78 26 100 0 0 0 0 0 0 0 0 0 26 0 93 0 0 0 0 0 0 0 0 ;
61 0 73 0 0 20 87 0 0 0 0 0 0 0 0 0 0 0 0 0 0 0 0 42 0 0 0 0 0 46 0 64 0 60 0 0 0 0 0 0 ;
0 0 0 0 89 0 0 0 0 48 0 0 0 0 0 0 0 97 0 45 0 0 0 0 73 0 0 0 0 99 0 50 0 0 0 0 0 0 0 0 ;
0 58 53 48 0 0 0 0 0 0 0 0 0 45 0 41 66 0 49 0 0 0 0 0 10 0 0 82 0 0 0 0 0 0 0 37 0 0 0 0 ;
0 0 20 0 0 0 0 0 51 0 37 76 0 62 0 0 0 0 2 0 0 0 0 65 0 0 0 0 0 20 55 0 0 0 0 0 71 0 0 0 ;
0 64 0 0 0 0 72 0 0 0 0 0 0 74 0 0 8 0 0 0 0 0 0 56 94 18 0 0 0 0 0 0 0 0 47 3 0 12 0 0 ;
50 0 0 0 0 0 0 9 26 89 0 0 0 0 21 0 0 0 0 0 0 0 0 42 0 0 0 36 0 0 0 44 30 0 0 0 0 5 0 0 ;
0 0 0 0 0 28 53 0 0 0 98 0 0 14 0 0 0 0 0 0 0 0 92 0 0 59 0 42 0 0 0 0 0 70 54 0 73 0 7 22 ]
w=[4, 14, 17, 29, 21, 43, 17, 30, 4, 13, 35, 50, 22, 14, 3, 28, 14, 17, 13, 11, 40, 19, 24, 36, 33, 45, 41, 25, 28, 3, 45, 26, 35, 24, 39, 7, 12, 34, 6, 7]
W=95 
k=5 
inst_name = "QKP_40_100_25" 
feasible = true 
Q2=[100 0 0 0 0 0 0 0 0 0 0 0 0 0 0 0 0 0 0 0 0 0 0 0 0 0 0 0 0 0 0 0 0 0 0 0 0 0 0 0; 100 91 0 0 0 0 0 0 0 0 0 0 0 0 0 0 0 0 0 0 0 0 0 0 0 0 0 0 0 0 0 0 0 0 0 0 0 0 0 0; 0 100 100 0 0 0 0 0 0 0 0 0 0 0 0 0 0 0 0 0 0 0 0 0 0 0 0 0 0 0 0 0 0 0 0 0 0 0 0 0; 100 100 100 100 0 0 0 0 0 0 0 0 0 0 0 0 0 0 0 0 0 0 0 0 0 0 0 0 0 0 0 0 0 0 0 0 0 0 0 0; 100 100 94 100 100 0 0 0 0 0 0 0 0 0 0 0 0 0 0 0 0 0 0 0 0 0 0 0 0 0 0 0 0 0 0 0 0 0 0 0; 100 19 100 97 100 100 0 0 0 0 0 0 0 0 0 0 0 0 0 0 0 0 0 0 0 0 0 0 0 0 0 0 0 0 0 0 0 0 0 0; 100 100 100 100 100 100 84 0 0 0 0 0 0 0 0 0 0 0 0 0 0 0 0 0 0 0 0 0 0 0 0 0 0 0 0 0 0 0 0 0; 3 100 100 100 100 100 100 100 0 0 0 0 0 0 0 0 0 0 0 0 0 0 0 0 0 0 0 0 0 0 0 0 0 0 0 0 0 0 0 0; 100 100 14 100 55 85 100 100 94 0 0 0 0 0 0 0 0 0 0 0 0 0 0 0 0 0 0 0 0 0 0 0 0 0 0 0 0 0 0 0; 34 100 95 96 100 100 100 100 90 100 0 0 0 0 0 0 0 0 0 0 0 0 0 0 0 0 0 0 0 0 0 0 0 0 0 0 0 0 0 0; 100 100 92 3 100 100 79 100 100 100 0 0 0 0 0 0 0 0 0 0 0 0 0 0 0 0 0 0 0 0 0 0 0 0 0 0 0 0 0 0; 100 100 100 3 100 100 100 0 100 21 2 2 0 0 0 0 0 0 0 0 0 0 0 0 0 0 0 0 0 0 0 0 0 0 0 0 0 0 0 0; 71 100 100 100 100 93 12 100 100 85 100 100 100 0 0 0 0 0 0 0 0 0 0 0 0 0 0 0 0 0 0 0 0 0 0 0 0 0 0 0; 78 100 100 89 100 100 100 100 100 97 100 100 100 100 0 0 0 0 0 0 0 0 0 0 0 0 0 0 0 0 0 0 0 0 0 0 0 0 0 0; 100 100 93 1 100 100 100 100 100 100 3 100 29 100 29 0 0 0 0 0 0 0 0 0 0 0 0 0 0 0 0 0 0 0 0 0 0 0 0 0; 100 100 100 100 100 100 100 8 100 100 100 88 100 100 100 100 0 0 0 0 0 0 0 0 0 0 0 0 0 0 0 0 0 0 0 0 0 0 0 0; 99 100 96 100 97 100 6 100 100 100 100 100 100 100 100 100 100 0 0 0 0 0 0 0 0 0 0 0 0 0 0 0 0 0 0 0 0 0 0 0; 100 100 100 100 100 100 100 100 100 100 100 18 8 1 100 100 100 100 0 0 0 0 0 0 0 0 0 0 0 0 0 0 0 0 0 0 0 0 0 0; 1 100 91 100 83 100 100 100 100 76 100 100 100 100 100 100 100 100 99 0 0 0 0 0 0 0 0 0 0 0 0 0 0 0 0 0 0 0 0 0; 100 1 100 100 100 100 100 100 97 100 100 91 100 100 100 100 100 100 100 100 0 0 0 0 0 0 0 0 0 0 0 0 0 0 0 0 0 0 0 0; 100 100 98 100 100 100 100 100 4 9 100 100 100 100 100 100 100 100 100 100 5 0 0 0 0 0 0 0 0 0 0 0 0 0 0 0 0 0 0 0; 100 6 96 100 100 100 95 100 14 100 100 91 100 100 100 100 100 100 100 100 100 100 0 0 0 0 0 0 0 0 0 0 0 0 0 0 0 0 0 0; 100 100 100 93 100 100 100 100 100 100 100 100 100 100 21 78 100 95 99 86 100 100 100 0 0 0 0 0 0 0 0 0 0 0 0 0 0 0 0 0; 100 100 28 100 100 100 100 70 100 100 99 1 100 100 100 100 100 17 100 100 15 100 100 72 0 0 0 0 0 0 0 0 0 0 0 0 0 0 0 0; 100 100 100 100 25 71 27 100 100 100 100 98 100 9 11 100 62 100 100 100 100 100 100 100 100 0 0 0 0 0 0 0 0 0 0 0 0 0 0 0; 100 100 100 88 91 64 95 100 100 88 100 100 100 100 100 100 100 100 100 0 100 100 100 100 100 100 0 0 0 0 0 0 0 0 0 0 0 0 0 0; 100 100 1 100 87 100 100 13 100 2 100 100 100 100 100 100 100 99 100 100 100 100 100 100 100 93 61 0 0 0 0 0 0 0 0 0 0 0 0 0; 100 100 100 98 100 100 100 100 100 100 2 100 26 100 69 100 100 100 5 100 100 100 100 100 100 100 3 100 0 0 0 0 0 0 0 0 0 0 0 0; 100 100 92 96 100 100 100 100 100 22 100 100 100 100 100 100 100 100 87 100 100 88 88 100 34 100 100 100 100 0 0 0 0 0 0 0 0 0 0 0; 100 100 100 24 100 100 100 100 94 99 1 100 100 100 100 18 100 100 100 100 88 100 100 100 100 100 100 100 100 100 0 0 0 0 0 0 0 0 0 0; 100 97 100 97 100 99 37 4 100 100 100 23 91 100 7 100 73 100 100 100 58 21 100 100 15 1 100 100 100 0 100 0 0 0 0 0 0 0 0 0; 100 100 100 100 100 100 100 97 2 100 100 7 100 100 100 100 89 100 100 100 100 14 100 100 100 100 31 100 100 100 2 100 0 0 0 0 0 0 0 0; 100 100 100 100 100 100 100 2 100 54 100 100 100 100 100 5 100 8 83 0 100 100 100 100 100 100 100 100 100 91 100 3 100 0 0 0 0 0 0 0; 13 100 17 100 100 94 11 100 100 100 100 100 100 100 100 100 100 100 100 100 100 100 100 95 100 100 100 100 100 85 100 21 100 3 0 0 0 0 0 0; 100 100 100 100 4 100 100 100 100 75 100 100 100 100 100 100 100 0 100 97 100 100 100 100 14 100 100 100 100 1 100 21 100 100 100 0 0 0 0 0; 100 2 39 82 100 100 100 100 100 100 100 100 100 86 100 88 24 100 57 100 100 100 100 100 92 100 100 3 100 100 100 100 100 100 100 71 0 0 0 0; 100 100 100 100 100 100 100 100 1 100 93 24 100 31 100 100 100 100 98 100 100 100 100 15 100 100 100 100 100 98 4 100 100 100 100 100 1 0 0 0; 100 8 100 100 100 100 21 100 100 100 100 100 100 12 100 100 100 100 100 100 100 100 100 13 5 98 100 100 100 100 100 100 100 100 100 100 100 93 0 0; 30 100 100 100 100 100 100 100 95 7 100 100 100 100 92 100 100 100 100 100 100 100 100 71 100 100 100 65 100 100 100 72 81 100 100 100 100 97 100 0; 100 100 100 100 100 98 40 100 100 100 2 100 100 99 100 100 100 100 100 100 100 100 3 100 100 24 100 70 100 100 100 100 100 4 16 100 10 100 94 95]
