n=20
density=75
Q1=[49 0 0 0 0 0 0 0 0 0 0 0 0 0 0 0 0 0 0 0 ;
61 90 0 0 0 0 0 0 0 0 0 0 0 0 0 0 0 0 0 0 ;
29 40 0 0 0 0 0 0 0 0 0 0 0 0 0 0 0 0 0 0 ;
63 30 0 95 0 0 0 0 0 0 0 0 0 0 0 0 0 0 0 0 ;
86 74 49 18 3 0 0 0 0 0 0 0 0 0 0 0 0 0 0 0 ;
0 53 18 45 0 95 0 0 0 0 0 0 0 0 0 0 0 0 0 0 ;
19 87 84 42 23 3 0 0 0 0 0 0 0 0 0 0 0 0 0 0 ;
48 0 35 7 32 79 0 56 0 0 0 0 0 0 0 0 0 0 0 0 ;
0 0 87 98 86 45 9 17 66 0 0 0 0 0 0 0 0 0 0 0 ;
0 89 61 46 7 0 50 2 22 24 0 0 0 0 0 0 0 0 0 0 ;
51 96 14 0 39 14 99 41 0 0 13 0 0 0 0 0 0 0 0 0 ;
87 8 30 0 68 61 0 37 0 44 61 18 0 0 0 0 0 0 0 0 ;
0 17 40 0 42 45 57 62 77 0 64 12 0 0 0 0 0 0 0 0 ;
10 47 62 41 0 12 63 83 68 96 16 71 39 28 0 0 0 0 0 0 ;
81 82 21 0 5 58 0 0 50 0 0 78 0 97 49 0 0 0 0 0 ;
36 6 26 88 20 12 55 8 51 0 46 51 88 0 87 34 0 0 0 0 ;
72 98 0 62 63 84 17 0 16 73 0 91 0 41 20 25 0 0 0 0 ;
39 0 41 6 32 97 0 0 0 46 0 63 0 20 27 45 40 0 0 0 ;
0 76 0 17 61 72 0 0 0 62 83 5 52 58 49 0 41 21 46 0 ;
61 76 0 21 92 38 81 96 28 44 81 0 0 63 0 68 69 0 0 87 ]
w=[7, 23, 41, 18, 40, 24, 33, 39, 18, 32, 39, 12, 41, 32, 16, 13, 13, 21, 28, 19]
W=66 
k=4 
inst_name = "QKP_20_100_75" 
feasible = true 
Q2=[73 0 0 0 0 0 0 0 0 0 0 0 0 0 0 0 0 0 0 0; 4 1 0 0 0 0 0 0 0 0 0 0 0 0 0 0 0 0 0 0; 98 60 99 0 0 0 0 0 0 0 0 0 0 0 0 0 0 0 0 0; 17 82 99 2 0 0 0 0 0 0 0 0 0 0 0 0 0 0 0 0; 11 13 72 93 97 0 0 0 0 0 0 0 0 0 0 0 0 0 0 0; 99 32 90 66 99 3 0 0 0 0 0 0 0 0 0 0 0 0 0 0; 91 11 5 76 76 99 99 0 0 0 0 0 0 0 0 0 0 0 0 0; 58 99 75 94 95 5 99 29 0 0 0 0 0 0 0 0 0 0 0 0; 99 99 7 0 7 68 99 88 18 0 0 0 0 0 0 0 0 0 0 0; 99 3 21 83 99 99 40 99 84 99 0 0 0 0 0 0 0 0 0 0; 37 3 94 99 87 94 0 64 99 99 96 0 0 0 0 0 0 0 0 0; 3 98 82 99 9 15 99 88 99 61 27 87 0 0 0 0 0 0 0 0; 99 95 72 99 94 97 0 31 4 99 15 90 99 0 0 0 0 0 0 0; 91 70 7 65 99 90 14 13 27 2 99 5 86 73 0 0 0 0 0 0; 10 6 78 99 94 35 99 99 30 99 99 3 99 2 53 0 0 0 0 0; 90 97 90 3 93 99 22 98 15 99 97 37 8 99 5 98 0 0 0 0; 26 0 99 26 22 5 88 99 93 12 99 3 99 87 82 87 99 0 0 0; 79 99 69 94 84 2 99 99 99 88 99 16 99 98 89 56 85 99 0 0; 99 19 99 87 0 5 99 99 99 22 6 97 39 31 96 99 73 90 93 0; 35 18 99 79 0 98 8 3 79 74 3 99 99 27 99 26 28 99 99 11]
