n=30
density=50
Q1=[89 0 0 0 0 0 0 0 0 0 0 0 0 0 0 0 0 0 0 0 0 0 0 0 0 0 0 0 0 0 ;
0 139 0 0 0 0 0 0 0 0 0 0 0 0 0 0 0 0 0 0 0 0 0 0 0 0 0 0 0 0 ;
0 0 0 0 0 0 0 0 0 0 0 0 0 0 0 0 0 0 0 0 0 0 0 0 0 0 0 0 0 0 ;
0 0 76 58 0 0 0 0 0 0 0 0 0 0 0 0 0 0 0 0 0 0 0 0 0 0 0 0 0 0 ;
161 74 0 0 0 0 0 0 0 0 0 0 0 0 0 0 0 0 0 0 0 0 0 0 0 0 0 0 0 0 ;
0 105 0 0 106 0 0 0 0 0 0 0 0 0 0 0 0 0 0 0 0 0 0 0 0 0 0 0 0 0 ;
0 0 23 0 124 0 0 0 0 0 0 0 0 0 0 0 0 0 0 0 0 0 0 0 0 0 0 0 0 0 ;
79 49 0 165 0 192 130 0 0 0 0 0 0 0 0 0 0 0 0 0 0 0 0 0 0 0 0 0 0 0 ;
174 108 0 0 0 62 14 132 0 0 0 0 0 0 0 0 0 0 0 0 0 0 0 0 0 0 0 0 0 0 ;
102 105 0 0 0 2 131 0 0 60 0 0 0 0 0 0 0 0 0 0 0 0 0 0 0 0 0 0 0 0 ;
0 102 0 0 140 129 59 0 0 0 0 0 0 0 0 0 0 0 0 0 0 0 0 0 0 0 0 0 0 0 ;
4 0 72 0 101 0 57 195 177 0 197 92 0 0 0 0 0 0 0 0 0 0 0 0 0 0 0 0 0 0 ;
144 0 140 36 0 41 0 180 0 0 0 163 0 0 0 0 0 0 0 0 0 0 0 0 0 0 0 0 0 0 ;
68 0 153 0 132 0 0 0 0 0 0 22 71 170 0 0 0 0 0 0 0 0 0 0 0 0 0 0 0 0 ;
132 35 189 118 199 21 61 140 0 168 197 126 22 89 0 0 0 0 0 0 0 0 0 0 0 0 0 0 0 0 ;
149 0 63 0 39 0 0 102 0 0 132 35 195 14 0 0 0 0 0 0 0 0 0 0 0 0 0 0 0 0 ;
165 20 14 81 0 100 58 142 0 0 0 0 81 56 143 0 58 0 0 0 0 0 0 0 0 0 0 0 0 0 ;
72 28 15 0 0 0 0 0 0 0 195 0 0 140 0 6 155 0 0 0 0 0 0 0 0 0 0 0 0 0 ;
0 0 16 0 115 0 40 78 0 85 0 108 0 123 0 0 195 0 70 0 0 0 0 0 0 0 0 0 0 0 ;
146 0 161 19 80 0 94 0 0 129 0 0 65 0 0 0 147 95 0 0 0 0 0 0 0 0 0 0 0 0 ;
0 74 0 0 70 37 86 75 0 0 147 0 185 0 0 99 142 8 100 0 37 0 0 0 0 0 0 0 0 0 ;
156 88 39 0 0 118 0 0 0 0 168 103 111 0 160 126 155 0 0 171 157 83 0 0 0 0 0 0 0 0 ;
0 0 81 23 0 106 196 0 146 168 112 0 0 164 0 20 185 0 172 170 22 0 0 0 0 0 0 0 0 0 ;
138 0 0 0 63 78 31 120 183 183 0 183 0 0 183 46 112 194 190 137 53 0 96 144 0 0 0 0 0 0 ;
0 0 0 0 0 121 0 0 0 73 0 168 159 0 0 51 45 47 0 0 54 0 64 17 24 0 0 0 0 0 ;
0 83 0 0 20 118 0 0 0 0 65 96 0 8 0 0 87 155 0 0 190 85 71 0 0 0 0 0 0 0 ;
50 0 168 115 181 89 200 0 43 174 0 71 124 0 0 0 132 52 0 0 77 0 0 168 0 0 0 0 0 0 ;
0 0 0 118 140 0 0 92 0 0 0 0 24 0 0 179 0 37 104 199 150 0 0 73 164 10 0 95 0 0 ;
0 71 0 0 0 123 192 0 0 164 174 62 0 0 0 0 0 94 0 0 151 87 0 89 0 14 0 0 74 0 ;
46 0 39 0 0 170 78 0 129 0 141 0 196 0 0 85 0 48 40 103 0 0 54 109 113 103 0 68 137 0 ]
w=[97, 32, 86, 61, 50, 9, 77, 8, 24, 9, 66, 23, 48, 89, 37, 76, 31, 78, 70, 19, 44, 79, 21, 34, 40, 53, 26, 12, 94, 98]
W=149 
k=5 
inst_name = "QKP_30_200_50" 
feasible = true 
Q2=[160 0 0 0 0 0 0 0 0 0 0 0 0 0 0 0 0 0 0 0 0 0 0 0 0 0 0 0 0 0; 200 5 0 0 0 0 0 0 0 0 0 0 0 0 0 0 0 0 0 0 0 0 0 0 0 0 0 0 0 0; 200 200 200 0 0 0 0 0 0 0 0 0 0 0 0 0 0 0 0 0 0 0 0 0 0 0 0 0 0 0; 200 200 192 143 0 0 0 0 0 0 0 0 0 0 0 0 0 0 0 0 0 0 0 0 0 0 0 0 0 0; 19 179 200 200 200 0 0 0 0 0 0 0 0 0 0 0 0 0 0 0 0 0 0 0 0 0 0 0 0 0; 200 68 200 200 11 200 0 0 0 0 0 0 0 0 0 0 0 0 0 0 0 0 0 0 0 0 0 0 0 0; 200 200 197 200 40 200 200 0 0 0 0 0 0 0 0 0 0 0 0 0 0 0 0 0 0 0 0 0 0 0; 140 192 200 7 200 1 30 200 0 0 0 0 0 0 0 0 0 0 0 0 0 0 0 0 0 0 0 0 0 0; 0 40 200 200 200 162 189 2 200 0 0 0 0 0 0 0 0 0 0 0 0 0 0 0 0 0 0 0 0 0; 87 2 200 200 200 199 31 200 200 187 0 0 0 0 0 0 0 0 0 0 0 0 0 0 0 0 0 0 0 0; 200 78 200 200 20 41 192 200 200 200 200 0 0 0 0 0 0 0 0 0 0 0 0 0 0 0 0 0 0 0; 196 200 164 200 13 200 165 1 15 200 0 130 0 0 0 0 0 0 0 0 0 0 0 0 0 0 0 0 0 0; 10 200 3 178 200 164 200 19 200 200 200 15 200 0 0 0 0 0 0 0 0 0 0 0 0 0 0 0 0 0; 197 200 20 200 21 200 200 200 200 200 200 191 139 17 0 0 0 0 0 0 0 0 0 0 0 0 0 0 0 0; 53 181 11 78 0 182 140 59 200 15 3 43 187 161 200 0 0 0 0 0 0 0 0 0 0 0 0 0 0 0; 13 200 190 200 185 200 200 90 200 200 11 182 0 199 200 200 0 0 0 0 0 0 0 0 0 0 0 0 0 0; 25 190 187 163 200 65 172 29 200 200 200 200 124 157 32 200 165 0 0 0 0 0 0 0 0 0 0 0 0 0; 194 182 193 200 200 200 200 200 200 200 0 200 200 46 200 194 28 200 0 0 0 0 0 0 0 0 0 0 0 0; 200 200 198 200 76 200 196 184 200 142 200 74 200 24 200 200 0 200 185 0 0 0 0 0 0 0 0 0 0 0; 30 200 18 190 136 200 171 200 200 9 200 200 200 200 200 200 12 152 200 200 0 0 0 0 0 0 0 0 0 0; 200 142 200 200 200 197 140 175 200 200 19 200 9 200 200 106 58 195 59 200 169 0 0 0 0 0 0 0 0 0; 2 152 162 200 200 34 200 200 200 200 15 65 32 200 19 74 32 200 200 23 36 126 0 0 0 0 0 0 0 0; 200 200 184 185 200 82 0 200 25 29 17 200 200 11 200 184 1 200 19 30 197 200 200 0 0 0 0 0 0 0; 4 200 200 200 192 196 195 38 10 15 200 2 200 200 8 186 1 0 3 44 185 200 146 53 0 0 0 0 0 0; 200 200 200 200 200 48 200 200 200 165 200 24 14 200 200 160 173 169 200 200 179 200 142 185 178 0 0 0 0 0; 200 160 200 200 194 47 200 200 200 200 138 193 200 193 200 200 179 22 200 200 1 132 146 200 200 200 0 0 0 0; 180 200 4 28 9 142 0 200 166 17 200 197 7 200 200 200 21 152 200 200 199 200 200 26 200 200 200 0 0 0; 200 200 200 30 13 200 200 150 200 200 200 200 196 200 200 21 200 168 24 0 15 200 200 145 26 190 200 187 0 0; 200 200 200 200 200 29 3 200 200 7 12 178 200 200 200 200 200 117 200 200 49 155 200 131 200 188 200 200 157 0; 200 200 196 200 200 17 185 200 21 200 48 200 2 200 200 192 200 174 200 95 200 200 199 52 70 47 200 193 19 200]
