n=45
density=25
Q1=[0 0 0 0 0 0 0 0 0 0 0 0 0 0 0 0 0 0 0 0 0 0 0 0 0 0 0 0 0 0 0 0 0 0 0 0 0 0 0 0 0 0 0 0 0 ;
0 0 0 0 0 0 0 0 0 0 0 0 0 0 0 0 0 0 0 0 0 0 0 0 0 0 0 0 0 0 0 0 0 0 0 0 0 0 0 0 0 0 0 0 0 ;
0 0 0 0 0 0 0 0 0 0 0 0 0 0 0 0 0 0 0 0 0 0 0 0 0 0 0 0 0 0 0 0 0 0 0 0 0 0 0 0 0 0 0 0 0 ;
0 0 43 66 0 0 0 0 0 0 0 0 0 0 0 0 0 0 0 0 0 0 0 0 0 0 0 0 0 0 0 0 0 0 0 0 0 0 0 0 0 0 0 0 0 ;
13 29 0 0 0 0 0 0 0 0 0 0 0 0 0 0 0 0 0 0 0 0 0 0 0 0 0 0 0 0 0 0 0 0 0 0 0 0 0 0 0 0 0 0 0 ;
0 0 0 0 0 0 0 0 0 0 0 0 0 0 0 0 0 0 0 0 0 0 0 0 0 0 0 0 0 0 0 0 0 0 0 0 0 0 0 0 0 0 0 0 0 ;
0 0 0 0 75 0 0 0 0 0 0 0 0 0 0 0 0 0 0 0 0 0 0 0 0 0 0 0 0 0 0 0 0 0 0 0 0 0 0 0 0 0 0 0 0 ;
48 0 0 0 25 0 0 66 0 0 0 0 0 0 0 0 0 0 0 0 0 0 0 0 0 0 0 0 0 0 0 0 0 0 0 0 0 0 0 0 0 0 0 0 0 ;
0 0 26 0 1 24 0 0 0 0 0 0 0 0 0 0 0 0 0 0 0 0 0 0 0 0 0 0 0 0 0 0 0 0 0 0 0 0 0 0 0 0 0 0 0 ;
0 0 0 0 0 0 0 0 39 10 0 0 0 0 0 0 0 0 0 0 0 0 0 0 0 0 0 0 0 0 0 0 0 0 0 0 0 0 0 0 0 0 0 0 0 ;
0 0 0 0 0 0 0 0 45 93 0 0 0 0 0 0 0 0 0 0 0 0 0 0 0 0 0 0 0 0 0 0 0 0 0 0 0 0 0 0 0 0 0 0 0 ;
23 0 0 0 0 72 81 0 0 81 0 0 0 0 0 0 0 0 0 0 0 0 0 0 0 0 0 0 0 0 0 0 0 0 0 0 0 0 0 0 0 0 0 0 0 ;
0 0 63 0 0 42 0 0 0 0 17 82 0 0 0 0 0 0 0 0 0 0 0 0 0 0 0 0 0 0 0 0 0 0 0 0 0 0 0 0 0 0 0 0 0 ;
0 0 0 0 91 0 36 7 0 0 0 0 41 0 0 0 0 0 0 0 0 0 0 0 0 0 0 0 0 0 0 0 0 0 0 0 0 0 0 0 0 0 0 0 0 ;
24 0 0 0 0 0 0 0 0 0 97 32 0 0 77 0 0 0 0 0 0 0 0 0 0 0 0 0 0 0 0 0 0 0 0 0 0 0 0 0 0 0 0 0 0 ;
0 0 91 0 0 0 0 45 78 0 0 0 0 0 0 0 0 0 0 0 0 0 0 0 0 0 0 0 0 0 0 0 0 0 0 0 0 0 0 0 0 0 0 0 0 ;
0 0 0 0 0 0 0 47 0 0 0 31 79 0 0 77 0 0 0 0 0 0 0 0 0 0 0 0 0 0 0 0 0 0 0 0 0 0 0 0 0 0 0 0 0 ;
0 0 0 0 0 0 19 0 0 0 0 100 0 0 0 47 0 0 0 0 0 0 0 0 0 0 0 0 0 0 0 0 0 0 0 0 0 0 0 0 0 0 0 0 0 ;
91 0 0 0 7 0 89 0 0 0 30 1 0 46 0 0 0 10 21 0 0 0 0 0 0 0 0 0 0 0 0 0 0 0 0 0 0 0 0 0 0 0 0 0 0 ;
31 0 0 0 0 62 69 0 0 0 0 0 0 0 0 1 0 33 0 99 0 0 0 0 0 0 0 0 0 0 0 0 0 0 0 0 0 0 0 0 0 0 0 0 0 ;
0 26 54 0 0 91 41 3 0 0 99 1 0 0 70 0 34 0 0 0 0 0 0 0 0 0 0 0 0 0 0 0 0 0 0 0 0 0 0 0 0 0 0 0 0 ;
0 0 0 0 0 45 28 0 0 7 0 75 77 0 0 48 0 0 0 0 0 0 0 0 0 0 0 0 0 0 0 0 0 0 0 0 0 0 0 0 0 0 0 0 0 ;
0 0 85 0 0 0 0 71 0 0 0 27 0 0 0 0 99 0 0 0 11 32 31 0 0 0 0 0 0 0 0 0 0 0 0 0 0 0 0 0 0 0 0 0 0 ;
0 0 0 0 19 0 30 0 0 0 0 88 94 0 58 93 0 0 14 0 0 0 0 0 0 0 0 0 0 0 0 0 0 0 0 0 0 0 0 0 0 0 0 0 0 ;
0 0 0 0 0 0 0 0 0 0 85 0 0 0 0 0 0 0 0 74 5 0 0 0 67 0 0 0 0 0 0 0 0 0 0 0 0 0 0 0 0 0 0 0 0 ;
0 0 0 0 0 19 0 0 0 0 0 0 0 0 0 0 85 0 43 0 76 0 0 0 0 0 0 0 0 0 0 0 0 0 0 0 0 0 0 0 0 0 0 0 0 ;
0 0 43 0 0 31 0 0 11 0 0 0 0 29 0 0 0 0 0 22 0 0 0 10 0 0 0 0 0 0 0 0 0 0 0 0 0 0 0 0 0 0 0 0 0 ;
75 0 0 0 0 0 0 0 50 2 0 0 7 47 0 0 0 0 68 63 0 0 80 0 0 0 0 59 0 0 0 0 0 0 0 0 0 0 0 0 0 0 0 0 0 ;
0 0 0 94 95 0 0 0 0 0 4 0 0 58 63 0 33 0 0 0 98 0 82 0 83 0 0 0 0 0 0 0 0 0 0 0 0 0 0 0 0 0 0 0 0 ;
97 0 98 36 0 0 0 0 0 85 0 0 79 45 0 45 0 0 0 0 0 0 0 0 0 0 47 0 0 0 0 0 0 0 0 0 0 0 0 0 0 0 0 0 0 ;
24 0 88 0 0 48 0 0 0 0 83 0 60 0 0 0 0 0 3 67 98 0 0 0 0 20 57 0 75 86 0 0 0 0 0 0 0 0 0 0 0 0 0 0 0 ;
0 0 0 0 0 23 0 0 0 0 0 22 90 0 25 0 0 0 0 0 0 75 0 0 33 0 75 0 28 0 0 0 0 0 0 0 0 0 0 0 0 0 0 0 0 ;
84 0 10 0 0 0 0 0 0 25 0 0 0 0 0 44 65 21 0 0 0 31 6 0 0 0 0 0 62 0 0 0 0 0 0 0 0 0 0 0 0 0 0 0 0 ;
78 0 0 49 0 0 70 0 0 65 53 0 0 0 56 12 0 0 63 0 92 0 0 0 0 0 0 0 0 4 0 0 0 0 0 0 0 0 0 0 0 0 0 0 0 ;
0 46 0 0 0 0 94 0 23 26 79 0 78 12 0 0 0 0 0 0 0 0 0 0 0 0 0 23 0 0 0 0 0 0 0 0 0 0 0 0 0 0 0 0 0 ;
0 62 0 0 0 57 56 9 0 11 0 28 0 40 0 0 49 36 0 0 0 32 0 59 0 66 0 0 0 0 0 0 0 0 0 0 0 0 0 0 0 0 0 0 0 ;
0 43 0 0 0 0 0 0 0 85 0 22 70 0 11 0 73 0 0 0 93 0 30 99 0 0 0 0 0 0 0 0 0 22 0 22 0 0 0 0 0 0 0 0 0 ;
0 0 0 79 0 0 0 61 0 0 0 0 0 0 0 21 0 0 0 0 0 0 21 0 0 89 0 0 0 0 0 0 0 0 0 0 0 0 0 0 0 0 0 0 0 ;
73 0 0 1 0 0 0 0 0 0 0 0 0 0 0 0 0 0 0 53 22 63 0 0 0 0 0 0 0 0 0 0 0 0 0 0 0 0 0 0 0 0 0 0 0 ;
0 0 0 0 0 0 64 16 0 0 0 32 0 0 0 0 0 0 0 0 0 27 0 0 0 26 0 69 75 0 0 0 14 0 0 0 0 0 28 39 0 0 0 0 0 ;
0 0 80 21 0 36 0 0 24 0 100 0 0 0 96 86 0 0 0 0 0 0 0 0 0 0 0 0 0 0 0 0 0 0 0 0 0 97 89 0 0 0 0 0 0 ;
52 0 0 0 0 0 0 0 0 0 83 85 0 0 0 0 0 0 97 0 89 0 0 47 0 0 0 21 0 0 54 36 25 83 0 0 0 0 0 69 0 0 0 0 0 ;
3 0 0 0 61 24 51 0 0 0 0 6 38 0 0 25 0 0 73 0 0 0 0 0 0 1 0 0 0 0 0 0 0 63 40 4 0 0 0 0 0 0 71 0 0 ;
0 0 95 0 51 0 0 0 0 0 0 0 0 0 0 44 0 0 0 0 0 92 56 0 0 0 0 0 11 0 0 0 0 23 0 0 0 0 0 0 0 0 0 0 0 ;
0 0 11 0 0 0 0 0 0 0 0 0 0 0 0 0 65 0 0 0 0 39 0 0 41 0 0 0 89 0 0 0 70 0 90 0 0 0 57 0 44 0 20 0 0 ]
w=[14, 18, 6, 6, 7, 39, 34, 31, 22, 19, 3, 9, 49, 3, 12, 22, 42, 6, 50, 25, 21, 21, 20, 28, 28, 13, 47, 42, 20, 41, 43, 17, 40, 35, 19, 22, 22, 31, 18, 30, 12, 16, 16, 35, 8]
W=316 
k=11 
inst_name = "QKP_45_100_25" 
feasible = true 
Q2=[100 0 0 0 0 0 0 0 0 0 0 0 0 0 0 0 0 0 0 0 0 0 0 0 0 0 0 0 0 0 0 0 0 0 0 0 0 0 0 0 0 0 0 0 0; 100 100 0 0 0 0 0 0 0 0 0 0 0 0 0 0 0 0 0 0 0 0 0 0 0 0 0 0 0 0 0 0 0 0 0 0 0 0 0 0 0 0 0 0 0; 100 100 100 0 0 0 0 0 0 0 0 0 0 0 0 0 0 0 0 0 0 0 0 0 0 0 0 0 0 0 0 0 0 0 0 0 0 0 0 0 0 0 0 0 0; 100 100 63 2 0 0 0 0 0 0 0 0 0 0 0 0 0 0 0 0 0 0 0 0 0 0 0 0 0 0 0 0 0 0 0 0 0 0 0 0 0 0 0 0 0; 89 97 100 100 100 0 0 0 0 0 0 0 0 0 0 0 0 0 0 0 0 0 0 0 0 0 0 0 0 0 0 0 0 0 0 0 0 0 0 0 0 0 0 0 0; 100 100 100 100 100 100 0 0 0 0 0 0 0 0 0 0 0 0 0 0 0 0 0 0 0 0 0 0 0 0 0 0 0 0 0 0 0 0 0 0 0 0 0 0 0; 100 100 100 100 6 100 100 0 0 0 0 0 0 0 0 0 0 0 0 0 0 0 0 0 0 0 0 0 0 0 0 0 0 0 0 0 0 0 0 0 0 0 0 0 0; 60 100 100 100 100 100 100 17 0 0 0 0 0 0 0 0 0 0 0 0 0 0 0 0 0 0 0 0 0 0 0 0 0 0 0 0 0 0 0 0 0 0 0 0 0; 100 100 100 100 99 94 100 100 100 0 0 0 0 0 0 0 0 0 0 0 0 0 0 0 0 0 0 0 0 0 0 0 0 0 0 0 0 0 0 0 0 0 0 0 0; 100 100 100 100 100 100 100 100 96 100 0 0 0 0 0 0 0 0 0 0 0 0 0 0 0 0 0 0 0 0 0 0 0 0 0 0 0 0 0 0 0 0 0 0 0; 100 100 100 100 100 100 100 100 97 4 100 0 0 0 0 0 0 0 0 0 0 0 0 0 0 0 0 0 0 0 0 0 0 0 0 0 0 0 0 0 0 0 0 0 0; 77 100 100 100 100 24 18 100 100 11 100 100 0 0 0 0 0 0 0 0 0 0 0 0 0 0 0 0 0 0 0 0 0 0 0 0 0 0 0 0 0 0 0 0 0; 100 100 35 100 100 94 100 100 100 100 99 0 100 0 0 0 0 0 0 0 0 0 0 0 0 0 0 0 0 0 0 0 0 0 0 0 0 0 0 0 0 0 0 0 0; 100 100 100 100 3 100 83 95 100 100 100 100 76 100 0 0 0 0 0 0 0 0 0 0 0 0 0 0 0 0 0 0 0 0 0 0 0 0 0 0 0 0 0 0 0; 96 100 100 100 100 100 100 100 100 100 2 76 100 100 8 0 0 0 0 0 0 0 0 0 0 0 0 0 0 0 0 0 0 0 0 0 0 0 0 0 0 0 0 0 0; 100 100 4 100 100 100 100 94 15 100 100 100 100 100 100 100 0 0 0 0 0 0 0 0 0 0 0 0 0 0 0 0 0 0 0 0 0 0 0 0 0 0 0 0 0; 100 100 100 100 100 100 100 61 100 100 100 78 17 100 100 11 100 0 0 0 0 0 0 0 0 0 0 0 0 0 0 0 0 0 0 0 0 0 0 0 0 0 0 0 0; 100 100 100 100 100 100 98 100 100 100 100 0 100 100 100 67 100 100 0 0 0 0 0 0 0 0 0 0 0 0 0 0 0 0 0 0 0 0 0 0 0 0 0 0 0; 0 100 100 100 93 100 2 100 100 100 71 99 100 67 100 100 100 99 92 0 0 0 0 0 0 0 0 0 0 0 0 0 0 0 0 0 0 0 0 0 0 0 0 0 0; 82 100 100 100 100 35 26 100 100 100 100 100 100 100 100 100 100 72 100 0 0 0 0 0 0 0 0 0 0 0 0 0 0 0 0 0 0 0 0 0 0 0 0 0 0; 100 86 4 100 100 2 86 99 100 100 1 100 100 100 6 100 94 100 100 100 100 0 0 0 0 0 0 0 0 0 0 0 0 0 0 0 0 0 0 0 0 0 0 0 0; 100 100 100 100 100 65 95 100 100 96 100 17 9 100 100 55 100 100 100 100 100 100 0 0 0 0 0 0 0 0 0 0 0 0 0 0 0 0 0 0 0 0 0 0 0; 100 100 10 100 100 100 100 2 100 100 100 97 100 100 100 100 1 100 100 100 96 71 86 0 0 0 0 0 0 0 0 0 0 0 0 0 0 0 0 0 0 0 0 0 0; 100 100 100 100 90 100 97 100 100 100 100 6 3 100 41 3 100 100 89 100 100 100 100 100 0 0 0 0 0 0 0 0 0 0 0 0 0 0 0 0 0 0 0 0 0; 100 100 100 100 100 100 100 100 100 100 12 100 100 100 100 100 100 100 100 6 99 100 100 100 33 0 0 0 0 0 0 0 0 0 0 0 0 0 0 0 0 0 0 0 0; 100 100 100 100 100 83 100 100 100 100 100 100 100 100 100 100 11 100 85 100 2 100 100 100 100 100 0 0 0 0 0 0 0 0 0 0 0 0 0 0 0 0 0 0 0; 100 100 58 100 100 84 100 100 97 100 100 100 100 90 100 100 100 100 100 92 100 100 100 93 100 100 100 0 0 0 0 0 0 0 0 0 0 0 0 0 0 0 0 0 0; 4 100 100 100 100 100 100 100 5 100 100 100 98 80 100 100 100 100 27 34 100 100 8 100 100 100 100 18 0 0 0 0 0 0 0 0 0 0 0 0 0 0 0 0 0; 100 100 100 2 5 100 100 100 100 100 96 100 100 13 30 100 94 100 100 100 2 100 15 100 10 100 100 100 100 0 0 0 0 0 0 0 0 0 0 0 0 0 0 0 0; 0 100 0 64 100 100 100 100 100 4 100 100 16 78 100 71 100 100 100 100 100 100 100 100 100 100 79 100 100 100 0 0 0 0 0 0 0 0 0 0 0 0 0 0 0; 99 100 9 100 100 54 100 100 100 100 15 100 31 100 100 100 100 100 99 22 2 100 100 100 100 82 1 100 3 12 100 0 0 0 0 0 0 0 0 0 0 0 0 0 0; 100 100 100 100 100 81 100 100 100 100 100 82 5 100 86 100 100 100 100 100 100 25 100 100 69 100 13 100 94 100 100 100 0 0 0 0 0 0 0 0 0 0 0 0 0; 2 100 93 100 100 100 100 100 100 96 100 100 100 100 100 91 19 98 100 100 100 89 97 100 100 100 100 100 17 100 100 100 100 0 0 0 0 0 0 0 0 0 0 0 0; 17 100 100 56 100 100 2 100 100 6 23 100 100 100 34 92 100 100 29 100 1 100 100 100 100 100 100 100 100 100 100 100 100 100 0 0 0 0 0 0 0 0 0 0 0; 100 91 100 100 100 100 6 100 91 77 0 100 9 96 100 100 100 100 100 100 100 100 100 100 100 100 100 79 100 100 100 100 100 100 100 0 0 0 0 0 0 0 0 0 0; 100 13 100 100 100 23 21 96 100 92 100 76 100 80 100 100 75 73 100 100 100 91 100 4 100 20 100 100 100 100 100 100 100 100 100 100 0 0 0 0 0 0 0 0 0; 100 59 100 100 100 100 100 100 100 6 100 98 12 100 90 100 9 100 100 100 1 100 99 0 100 100 100 100 100 100 100 100 100 97 100 81 100 0 0 0 0 0 0 0 0; 100 100 100 15 100 100 100 24 100 100 100 100 100 100 100 86 100 100 100 100 100 100 89 100 100 10 100 100 100 100 100 100 100 100 100 100 100 100 0 0 0 0 0 0 0; 21 100 100 99 100 100 100 100 100 100 100 100 100 100 100 100 100 100 100 30 86 5 100 100 100 100 100 100 100 100 100 100 100 100 100 100 100 100 100 0 0 0 0 0 0; 100 100 100 100 100 100 23 86 100 100 100 82 100 100 100 100 100 100 100 100 100 87 100 100 100 97 100 25 4 100 100 100 92 100 100 100 100 100 90 98 0 0 0 0 0; 100 100 18 97 100 97 100 100 100 100 0 100 100 100 4 7 100 100 100 100 100 100 100 100 100 100 100 100 100 100 100 100 100 100 100 100 100 3 1 100 100 0 0 0 0; 42 100 100 100 100 100 100 100 100 100 12 4 100 100 100 100 100 100 2 100 0 100 100 89 100 100 100 85 100 100 20 100 100 1 100 100 100 100 100 1 100 100 0 0 0; 98 100 100 100 23 79 33 100 100 100 100 96 92 100 100 83 100 100 14 100 100 100 100 100 100 99 100 100 100 100 100 100 100 18 81 96 100 100 100 100 100 100 10 0 0; 100 100 3 100 31 100 100 100 100 100 100 100 100 100 100 70 100 100 100 100 100 4 17 100 100 100 100 100 95 100 100 100 100 99 100 100 100 100 100 100 100 100 100 100 0; 100 100 89 100 100 100 100 100 100 100 100 100 100 100 100 100 1 100 100 100 100 70 100 100 97 100 100 100 5 100 100 100 14 100 10 100 100 100 6 100 89 100 89 100 100]
