n=40
density=75
Q1=[0 0 0 0 0 0 0 0 0 0 0 0 0 0 0 0 0 0 0 0 0 0 0 0 0 0 0 0 0 0 0 0 0 0 0 0 0 0 0 0 ;
15 160 0 0 0 0 0 0 0 0 0 0 0 0 0 0 0 0 0 0 0 0 0 0 0 0 0 0 0 0 0 0 0 0 0 0 0 0 0 0 ;
0 0 0 0 0 0 0 0 0 0 0 0 0 0 0 0 0 0 0 0 0 0 0 0 0 0 0 0 0 0 0 0 0 0 0 0 0 0 0 0 ;
0 2 148 103 0 0 0 0 0 0 0 0 0 0 0 0 0 0 0 0 0 0 0 0 0 0 0 0 0 0 0 0 0 0 0 0 0 0 0 0 ;
0 39 27 3 0 0 0 0 0 0 0 0 0 0 0 0 0 0 0 0 0 0 0 0 0 0 0 0 0 0 0 0 0 0 0 0 0 0 0 0 ;
63 0 0 46 130 115 0 0 0 0 0 0 0 0 0 0 0 0 0 0 0 0 0 0 0 0 0 0 0 0 0 0 0 0 0 0 0 0 0 0 ;
173 48 188 103 109 80 162 0 0 0 0 0 0 0 0 0 0 0 0 0 0 0 0 0 0 0 0 0 0 0 0 0 0 0 0 0 0 0 0 0 ;
128 170 41 0 156 60 93 0 0 0 0 0 0 0 0 0 0 0 0 0 0 0 0 0 0 0 0 0 0 0 0 0 0 0 0 0 0 0 0 0 ;
49 0 129 63 39 172 28 0 30 0 0 0 0 0 0 0 0 0 0 0 0 0 0 0 0 0 0 0 0 0 0 0 0 0 0 0 0 0 0 0 ;
131 99 0 114 178 151 80 71 176 0 0 0 0 0 0 0 0 0 0 0 0 0 0 0 0 0 0 0 0 0 0 0 0 0 0 0 0 0 0 0 ;
36 145 168 137 163 4 106 149 91 56 155 0 0 0 0 0 0 0 0 0 0 0 0 0 0 0 0 0 0 0 0 0 0 0 0 0 0 0 0 0 ;
75 69 169 198 0 0 30 57 79 65 142 63 0 0 0 0 0 0 0 0 0 0 0 0 0 0 0 0 0 0 0 0 0 0 0 0 0 0 0 0 ;
163 0 0 0 200 0 110 38 115 42 118 114 128 0 0 0 0 0 0 0 0 0 0 0 0 0 0 0 0 0 0 0 0 0 0 0 0 0 0 0 ;
95 108 199 10 30 0 96 200 5 0 0 25 0 25 0 0 0 0 0 0 0 0 0 0 0 0 0 0 0 0 0 0 0 0 0 0 0 0 0 0 ;
173 32 114 200 113 74 87 0 1 94 49 82 166 114 0 0 0 0 0 0 0 0 0 0 0 0 0 0 0 0 0 0 0 0 0 0 0 0 0 0 ;
182 0 0 123 101 14 0 72 193 68 103 5 79 172 0 34 0 0 0 0 0 0 0 0 0 0 0 0 0 0 0 0 0 0 0 0 0 0 0 0 ;
139 0 171 0 135 40 0 0 0 80 61 198 111 198 194 117 122 0 0 0 0 0 0 0 0 0 0 0 0 0 0 0 0 0 0 0 0 0 0 0 ;
0 112 23 0 11 65 26 53 0 123 160 84 141 176 138 117 188 161 0 0 0 0 0 0 0 0 0 0 0 0 0 0 0 0 0 0 0 0 0 0 ;
187 134 6 177 66 0 55 0 0 170 149 195 0 33 150 103 163 102 0 0 0 0 0 0 0 0 0 0 0 0 0 0 0 0 0 0 0 0 0 0 ;
30 60 83 53 44 200 153 69 166 81 192 81 0 0 0 156 46 0 73 186 0 0 0 0 0 0 0 0 0 0 0 0 0 0 0 0 0 0 0 0 ;
69 12 11 92 0 53 0 0 159 175 189 48 0 4 118 171 37 113 73 157 64 0 0 0 0 0 0 0 0 0 0 0 0 0 0 0 0 0 0 0 ;
108 0 133 48 135 114 0 133 156 172 188 75 0 0 63 0 81 44 39 134 180 56 0 0 0 0 0 0 0 0 0 0 0 0 0 0 0 0 0 0 ;
117 149 0 0 197 0 77 49 14 140 92 10 0 194 148 64 0 36 0 0 192 95 0 0 0 0 0 0 0 0 0 0 0 0 0 0 0 0 0 0 ;
129 84 0 3 0 29 9 0 111 0 78 5 131 0 0 11 0 0 1 0 67 8 159 101 0 0 0 0 0 0 0 0 0 0 0 0 0 0 0 0 ;
143 154 17 119 39 0 18 147 107 120 0 0 11 57 65 99 82 180 72 34 163 195 62 82 122 0 0 0 0 0 0 0 0 0 0 0 0 0 0 0 ;
115 140 83 172 54 12 0 167 145 28 175 0 0 106 2 82 114 0 136 97 0 0 0 45 158 7 0 0 0 0 0 0 0 0 0 0 0 0 0 0 ;
57 128 7 0 138 111 138 165 8 111 197 64 34 0 34 123 67 150 0 153 0 104 0 164 192 119 0 0 0 0 0 0 0 0 0 0 0 0 0 0 ;
194 129 0 0 12 0 165 186 0 140 145 0 0 119 59 174 34 181 0 0 38 54 0 107 155 0 83 31 0 0 0 0 0 0 0 0 0 0 0 0 ;
168 82 22 82 140 121 0 130 188 169 0 163 19 87 58 186 0 159 2 50 196 39 0 0 0 0 186 0 174 0 0 0 0 0 0 0 0 0 0 0 ;
112 0 40 0 0 0 192 133 126 59 158 0 148 120 0 114 194 103 199 0 54 149 103 58 0 68 56 0 0 57 0 0 0 0 0 0 0 0 0 0 ;
99 118 187 0 93 42 0 15 0 186 0 187 73 18 26 66 31 120 0 0 81 164 85 0 8 190 107 0 0 125 193 0 0 0 0 0 0 0 0 0 ;
161 12 40 181 138 191 179 108 0 158 139 146 0 196 78 136 90 0 58 0 154 44 88 181 64 15 0 4 0 25 0 155 0 0 0 0 0 0 0 0 ;
0 181 47 71 0 5 0 0 0 0 148 165 86 104 43 27 81 119 110 63 3 182 2 19 44 185 0 0 0 137 0 189 0 0 0 0 0 0 0 0 ;
0 55 169 43 31 152 128 168 0 98 0 102 0 153 0 137 18 129 65 40 0 0 197 0 153 92 21 67 143 0 14 200 85 0 0 0 0 0 0 0 ;
130 0 0 164 0 110 143 83 48 11 194 0 88 73 22 12 62 2 143 149 155 125 121 0 13 0 10 193 127 191 0 199 47 30 130 0 0 0 0 0 ;
165 75 1 56 179 172 144 149 7 25 121 43 30 70 0 36 0 144 109 162 184 0 0 0 178 0 59 0 44 0 47 54 0 0 0 54 0 0 0 0 ;
0 44 0 70 0 68 92 81 47 104 14 156 187 10 107 141 0 30 76 84 107 191 0 57 133 196 101 37 0 141 0 130 114 0 0 161 158 0 0 0 ;
0 0 102 115 20 147 81 40 61 0 0 132 91 68 0 45 192 0 21 4 132 194 0 124 84 194 19 47 0 15 128 150 51 140 103 0 0 28 0 0 ;
172 93 139 23 107 101 146 27 100 115 13 173 122 157 110 170 64 55 0 0 0 11 0 0 0 199 0 54 0 169 0 0 0 48 27 103 5 123 0 0 ;
162 0 89 147 0 47 118 0 0 101 0 85 100 40 0 54 175 0 192 94 185 120 66 11 0 35 0 30 0 32 0 168 102 60 0 50 0 52 50 138 ]
w=[54, 3, 78, 42, 26, 74, 84, 96, 74, 77, 46, 17, 66, 100, 100, 71, 63, 53, 33, 62, 27, 92, 41, 6, 77, 53, 68, 13, 69, 73, 33, 16, 47, 41, 71, 2, 48, 92, 3, 77]
W=164 
k=9 
inst_name = "QKP_40_200_75" 
feasible = true 
Q2=[200 0 0 0 0 0 0 0 0 0 0 0 0 0 0 0 0 0 0 0 0 0 0 0 0 0 0 0 0 0 0 0 0 0 0 0 0 0 0 0; 198 33 0 0 0 0 0 0 0 0 0 0 0 0 0 0 0 0 0 0 0 0 0 0 0 0 0 0 0 0 0 0 0 0 0 0 0 0 0 0; 200 200 200 0 0 0 0 0 0 0 0 0 0 0 0 0 0 0 0 0 0 0 0 0 0 0 0 0 0 0 0 0 0 0 0 0 0 0 0 0; 200 198 2 97 0 0 0 0 0 0 0 0 0 0 0 0 0 0 0 0 0 0 0 0 0 0 0 0 0 0 0 0 0 0 0 0 0 0 0 0; 200 195 186 197 200 0 0 0 0 0 0 0 0 0 0 0 0 0 0 0 0 0 0 0 0 0 0 0 0 0 0 0 0 0 0 0 0 0 0 0; 195 200 200 161 23 64 0 0 0 0 0 0 0 0 0 0 0 0 0 0 0 0 0 0 0 0 0 0 0 0 0 0 0 0 0 0 0 0 0 0; 6 159 7 16 75 126 14 0 0 0 0 0 0 0 0 0 0 0 0 0 0 0 0 0 0 0 0 0 0 0 0 0 0 0 0 0 0 0 0 0; 29 3 175 200 2 170 167 200 0 0 0 0 0 0 0 0 0 0 0 0 0 0 0 0 0 0 0 0 0 0 0 0 0 0 0 0 0 0 0 0; 155 200 69 188 198 11 177 200 200 0 0 0 0 0 0 0 0 0 0 0 0 0 0 0 0 0 0 0 0 0 0 0 0 0 0 0 0 0 0 0; 53 151 200 48 7 49 155 144 12 200 0 0 0 0 0 0 0 0 0 0 0 0 0 0 0 0 0 0 0 0 0 0 0 0 0 0 0 0 0 0; 176 25 6 43 4 198 91 41 121 160 1 0 0 0 0 0 0 0 0 0 0 0 0 0 0 0 0 0 0 0 0 0 0 0 0 0 0 0 0 0; 164 166 20 2 200 200 192 173 146 194 51 147 0 0 0 0 0 0 0 0 0 0 0 0 0 0 0 0 0 0 0 0 0 0 0 0 0 0 0 0; 10 200 200 200 0 200 74 182 47 160 6 0 56 0 0 0 0 0 0 0 0 0 0 0 0 0 0 0 0 0 0 0 0 0 0 0 0 0 0 0; 187 31 0 191 193 200 174 0 200 200 200 192 200 197 0 0 0 0 0 0 0 0 0 0 0 0 0 0 0 0 0 0 0 0 0 0 0 0 0 0; 5 186 65 0 30 170 196 200 199 185 188 190 23 54 200 0 0 0 0 0 0 0 0 0 0 0 0 0 0 0 0 0 0 0 0 0 0 0 0 0; 0 200 200 2 92 197 200 154 0 132 0 197 139 2 200 173 0 0 0 0 0 0 0 0 0 0 0 0 0 0 0 0 0 0 0 0 0 0 0 0; 50 200 19 200 49 176 200 200 200 177 185 1 85 1 5 72 39 0 0 0 0 0 0 0 0 0 0 0 0 0 0 0 0 0 0 0 0 0 0 0; 200 55 198 200 198 156 174 166 200 69 15 134 55 7 56 65 1 8 0 0 0 0 0 0 0 0 0 0 0 0 0 0 0 0 0 0 0 0 0 0; 0 47 200 16 156 200 186 200 200 14 12 2 200 186 23 33 31 69 200 0 0 0 0 0 0 0 0 0 0 0 0 0 0 0 0 0 0 0 0 0; 182 145 179 180 159 0 1 149 3 195 3 156 200 200 200 8 187 200 173 9 0 0 0 0 0 0 0 0 0 0 0 0 0 0 0 0 0 0 0 0; 167 200 197 187 200 169 200 200 2 22 4 179 200 196 67 13 178 62 148 26 167 0 0 0 0 0 0 0 0 0 0 0 0 0 0 0 0 0 0 0; 30 200 65 175 31 4 200 23 29 25 2 148 200 200 199 200 146 168 194 2 19 196 0 0 0 0 0 0 0 0 0 0 0 0 0 0 0 0 0 0; 45 6 200 200 3 200 135 159 196 33 198 199 200 6 25 159 200 200 200 200 5 178 200 0 0 0 0 0 0 0 0 0 0 0 0 0 0 0 0 0; 31 189 200 199 200 180 200 200 8 200 184 197 0 200 200 199 200 200 199 200 150 192 21 93 0 0 0 0 0 0 0 0 0 0 0 0 0 0 0 0; 55 7 184 5 184 200 193 39 75 26 200 200 197 185 157 196 181 15 182 189 4 3 153 128 40 0 0 0 0 0 0 0 0 0 0 0 0 0 0 0; 52 24 174 17 174 189 200 9 51 198 6 200 200 66 199 196 86 200 19 187 200 200 200 196 37 194 0 0 0 0 0 0 0 0 0 0 0 0 0 0; 199 54 198 200 9 28 44 21 199 55 3 196 169 200 179 63 136 42 200 44 200 28 200 15 2 73 200 0 0 0 0 0 0 0 0 0 0 0 0 0; 2 19 200 200 200 200 4 1 200 27 42 200 200 35 149 12 182 15 200 200 164 154 200 21 1 200 149 183 0 0 0 0 0 0 0 0 0 0 0 0; 12 129 179 118 13 55 200 12 8 30 200 6 199 115 145 13 200 4 198 160 3 179 200 200 200 200 7 200 2 0 0 0 0 0 0 0 0 0 0 0; 43 200 161 200 200 200 3 31 73 172 11 200 47 40 200 33 2 41 0 200 196 8 89 152 200 169 170 200 200 146 0 0 0 0 0 0 0 0 0 0; 163 72 5 200 200 176 200 198 200 7 200 8 145 191 192 200 177 53 200 200 146 9 131 200 199 0 36 200 200 72 2 0 0 0 0 0 0 0 0 0; 19 199 177 14 22 4 18 72 200 38 18 9 200 4 146 61 136 200 161 200 17 186 148 3 166 199 200 200 200 199 200 40 0 0 0 0 0 0 0 0; 200 10 174 188 200 196 200 200 200 200 48 13 154 70 190 190 134 43 22 161 197 7 199 195 159 13 200 200 200 62 200 11 200 0 0 0 0 0 0 0; 200 188 31 165 180 16 32 7 200 171 200 26 200 42 200 40 185 46 173 168 200 200 2 200 22 188 191 172 14 200 191 0 167 200 0 0 0 0 0 0; 58 200 200 3 200 61 29 171 181 194 4 200 145 144 195 198 191 199 18 32 13 46 37 200 193 200 194 0 21 0 200 0 158 172 68 0 0 0 0 0; 5 186 199 173 8 25 2 17 195 182 70 176 177 181 200 191 200 53 78 11 9 200 200 200 15 200 183 200 169 200 178 169 200 200 200 161 0 0 0 0; 200 184 200 159 200 171 186 187 181 10 196 43 9 193 66 31 200 175 129 173 11 2 200 177 49 2 92 175 200 42 200 17 85 200 200 17 18 0 0 0; 200 200 39 56 194 39 136 170 183 200 200 53 150 182 200 169 3 200 185 196 22 3 200 59 197 4 189 158 200 199 70 11 200 5 26 200 200 186 0 0; 25 182 27 181 12 98 30 190 74 60 200 12 54 12 60 26 159 165 200 200 200 200 200 200 200 1 200 194 200 18 200 200 200 195 185 33 199 16 200 0; 23 200 115 47 200 157 73 200 200 74 200 179 78 173 200 148 7 200 1 148 2 64 177 194 200 166 200 185 200 173 200 16 37 185 200 199 200 161 193 55]
