n=40
density=100
Q1=[103 0 0 0 0 0 0 0 0 0 0 0 0 0 0 0 0 0 0 0 0 0 0 0 0 0 0 0 0 0 0 0 0 0 0 0 0 0 0 0 ;
13 42 0 0 0 0 0 0 0 0 0 0 0 0 0 0 0 0 0 0 0 0 0 0 0 0 0 0 0 0 0 0 0 0 0 0 0 0 0 0 ;
82 110 154 0 0 0 0 0 0 0 0 0 0 0 0 0 0 0 0 0 0 0 0 0 0 0 0 0 0 0 0 0 0 0 0 0 0 0 0 0 ;
96 9 134 90 0 0 0 0 0 0 0 0 0 0 0 0 0 0 0 0 0 0 0 0 0 0 0 0 0 0 0 0 0 0 0 0 0 0 0 0 ;
84 111 8 81 55 0 0 0 0 0 0 0 0 0 0 0 0 0 0 0 0 0 0 0 0 0 0 0 0 0 0 0 0 0 0 0 0 0 0 0 ;
124 181 32 54 119 149 0 0 0 0 0 0 0 0 0 0 0 0 0 0 0 0 0 0 0 0 0 0 0 0 0 0 0 0 0 0 0 0 0 0 ;
130 163 185 84 67 85 86 0 0 0 0 0 0 0 0 0 0 0 0 0 0 0 0 0 0 0 0 0 0 0 0 0 0 0 0 0 0 0 0 0 ;
174 4 79 88 71 59 79 141 0 0 0 0 0 0 0 0 0 0 0 0 0 0 0 0 0 0 0 0 0 0 0 0 0 0 0 0 0 0 0 0 ;
149 146 66 104 83 176 53 65 21 0 0 0 0 0 0 0 0 0 0 0 0 0 0 0 0 0 0 0 0 0 0 0 0 0 0 0 0 0 0 0 ;
57 71 184 131 131 22 44 9 23 193 0 0 0 0 0 0 0 0 0 0 0 0 0 0 0 0 0 0 0 0 0 0 0 0 0 0 0 0 0 0 ;
25 75 82 90 19 98 170 170 157 194 42 0 0 0 0 0 0 0 0 0 0 0 0 0 0 0 0 0 0 0 0 0 0 0 0 0 0 0 0 0 ;
145 166 146 183 117 162 43 105 16 12 45 192 0 0 0 0 0 0 0 0 0 0 0 0 0 0 0 0 0 0 0 0 0 0 0 0 0 0 0 0 ;
130 121 43 180 29 131 11 58 162 193 109 51 162 0 0 0 0 0 0 0 0 0 0 0 0 0 0 0 0 0 0 0 0 0 0 0 0 0 0 0 ;
199 67 64 55 61 55 60 1 90 9 145 76 197 126 0 0 0 0 0 0 0 0 0 0 0 0 0 0 0 0 0 0 0 0 0 0 0 0 0 0 ;
74 124 199 142 60 106 159 140 126 171 183 44 80 169 69 0 0 0 0 0 0 0 0 0 0 0 0 0 0 0 0 0 0 0 0 0 0 0 0 0 ;
53 98 100 176 9 159 3 61 12 41 168 163 110 135 42 150 0 0 0 0 0 0 0 0 0 0 0 0 0 0 0 0 0 0 0 0 0 0 0 0 ;
25 99 58 188 89 115 33 151 40 176 181 37 106 34 196 62 87 0 0 0 0 0 0 0 0 0 0 0 0 0 0 0 0 0 0 0 0 0 0 0 ;
33 156 68 81 149 54 72 24 157 68 171 196 73 113 121 56 1 66 0 0 0 0 0 0 0 0 0 0 0 0 0 0 0 0 0 0 0 0 0 0 ;
92 14 58 142 90 26 182 157 144 100 33 152 150 141 149 170 5 65 147 0 0 0 0 0 0 0 0 0 0 0 0 0 0 0 0 0 0 0 0 0 ;
153 51 17 181 105 43 115 64 186 68 111 122 105 23 48 154 167 170 116 1 0 0 0 0 0 0 0 0 0 0 0 0 0 0 0 0 0 0 0 0 ;
114 183 164 109 173 124 165 78 85 5 37 92 79 64 152 157 31 85 134 43 134 0 0 0 0 0 0 0 0 0 0 0 0 0 0 0 0 0 0 0 ;
84 10 21 45 172 96 47 63 165 73 103 8 46 167 107 75 118 7 54 184 121 185 0 0 0 0 0 0 0 0 0 0 0 0 0 0 0 0 0 0 ;
173 7 130 175 108 30 70 169 29 161 122 188 155 157 168 51 48 144 188 200 99 17 5 0 0 0 0 0 0 0 0 0 0 0 0 0 0 0 0 0 ;
195 81 157 98 187 168 165 97 169 113 172 158 23 97 64 52 154 114 114 16 46 126 188 193 0 0 0 0 0 0 0 0 0 0 0 0 0 0 0 0 ;
131 6 117 132 90 175 138 104 115 18 98 189 103 49 158 200 194 140 28 32 1 83 25 86 52 0 0 0 0 0 0 0 0 0 0 0 0 0 0 0 ;
67 70 60 17 136 3 91 133 106 160 108 122 15 107 99 31 87 87 86 126 21 133 92 3 87 165 0 0 0 0 0 0 0 0 0 0 0 0 0 0 ;
90 183 4 30 179 138 113 102 143 14 13 101 200 83 133 155 180 176 151 191 18 63 13 125 181 180 33 0 0 0 0 0 0 0 0 0 0 0 0 0 ;
1 121 147 44 146 134 61 184 187 108 104 106 153 27 112 113 5 161 1 38 7 19 42 85 149 83 27 2 0 0 0 0 0 0 0 0 0 0 0 0 ;
54 175 127 24 150 159 99 35 48 147 131 174 43 14 74 51 73 156 105 193 5 84 174 157 198 53 85 34 194 0 0 0 0 0 0 0 0 0 0 0 ;
179 116 179 122 169 81 33 173 6 80 80 44 152 173 11 104 193 116 33 76 147 5 185 50 154 138 125 27 191 37 0 0 0 0 0 0 0 0 0 0 ;
58 137 186 86 68 25 182 173 108 103 58 67 166 187 124 138 131 87 12 173 67 15 95 129 147 2 159 165 192 30 91 0 0 0 0 0 0 0 0 0 ;
115 35 39 157 189 152 11 192 83 55 59 187 151 153 29 48 37 4 75 165 115 99 143 80 48 91 94 44 62 161 7 148 0 0 0 0 0 0 0 0 ;
154 73 99 133 3 135 6 110 90 84 153 8 13 72 68 107 99 61 151 100 198 151 180 158 114 188 33 193 107 108 170 142 43 0 0 0 0 0 0 0 ;
118 52 153 108 128 46 96 41 107 100 186 20 13 114 170 150 160 20 191 33 175 34 169 41 21 174 9 150 186 146 186 94 87 180 0 0 0 0 0 0 ;
179 130 86 124 89 182 185 193 189 153 5 57 164 127 98 150 122 27 115 31 161 122 91 145 95 190 58 126 132 17 79 114 120 117 63 0 0 0 0 0 ;
79 192 117 140 38 21 56 18 50 6 104 106 78 189 65 130 45 159 174 165 46 9 151 38 158 180 29 113 60 50 163 39 165 40 116 32 0 0 0 0 ;
69 23 191 155 110 85 134 150 22 187 137 188 81 77 165 198 3 141 41 188 85 60 5 40 41 79 12 105 153 178 145 61 147 152 37 93 63 0 0 0 ;
90 134 192 160 173 17 43 10 25 131 62 162 95 168 117 136 62 5 38 103 2 9 80 194 158 69 62 128 35 46 196 33 49 16 158 24 91 66 0 0 ;
193 173 49 95 192 145 194 133 199 52 43 11 33 197 97 102 97 87 111 157 68 20 147 74 169 14 71 14 3 152 5 16 101 89 1 95 4 32 83 0 ;
110 139 65 55 139 106 35 2 190 10 3 146 73 57 16 2 177 34 107 50 147 116 71 142 119 166 128 73 103 149 126 175 150 17 161 4 106 174 76 63 ]
w=[67, 77, 22, 48, 83, 13, 90, 16, 91, 20, 64, 87, 87, 83, 78, 32, 73, 77, 96, 24, 34, 74, 59, 78, 53, 95, 96, 47, 25, 24, 87, 30, 3, 65, 71, 75, 13, 55, 5, 80]
W=111 
k=5 
inst_name = "QKP_40_200_100" 
feasible = true 
Q2=[77 0 0 0 0 0 0 0 0 0 0 0 0 0 0 0 0 0 0 0 0 0 0 0 0 0 0 0 0 0 0 0 0 0 0 0 0 0 0 0; 187 182 0 0 0 0 0 0 0 0 0 0 0 0 0 0 0 0 0 0 0 0 0 0 0 0 0 0 0 0 0 0 0 0 0 0 0 0 0 0; 175 22 4 0 0 0 0 0 0 0 0 0 0 0 0 0 0 0 0 0 0 0 0 0 0 0 0 0 0 0 0 0 0 0 0 0 0 0 0 0; 187 196 41 167 0 0 0 0 0 0 0 0 0 0 0 0 0 0 0 0 0 0 0 0 0 0 0 0 0 0 0 0 0 0 0 0 0 0 0 0; 127 46 195 134 159 0 0 0 0 0 0 0 0 0 0 0 0 0 0 0 0 0 0 0 0 0 0 0 0 0 0 0 0 0 0 0 0 0 0 0; 22 14 195 194 69 40 0 0 0 0 0 0 0 0 0 0 0 0 0 0 0 0 0 0 0 0 0 0 0 0 0 0 0 0 0 0 0 0 0 0; 67 11 7 121 154 199 144 0 0 0 0 0 0 0 0 0 0 0 0 0 0 0 0 0 0 0 0 0 0 0 0 0 0 0 0 0 0 0 0 0; 1 199 174 113 150 170 198 14 0 0 0 0 0 0 0 0 0 0 0 0 0 0 0 0 0 0 0 0 0 0 0 0 0 0 0 0 0 0 0 0; 20 45 198 57 170 19 148 148 187 0 0 0 0 0 0 0 0 0 0 0 0 0 0 0 0 0 0 0 0 0 0 0 0 0 0 0 0 0 0 0; 199 185 12 10 39 184 169 191 198 0 0 0 0 0 0 0 0 0 0 0 0 0 0 0 0 0 0 0 0 0 0 0 0 0 0 0 0 0 0 0; 178 142 138 157 200 176 29 2 4 0 167 0 0 0 0 0 0 0 0 0 0 0 0 0 0 0 0 0 0 0 0 0 0 0 0 0 0 0 0 0; 42 28 1 9 4 24 167 90 196 199 183 4 0 0 0 0 0 0 0 0 0 0 0 0 0 0 0 0 0 0 0 0 0 0 0 0 0 0 0 0; 30 3 172 4 194 26 194 160 18 1 18 199 20 0 0 0 0 0 0 0 0 0 0 0 0 0 0 0 0 0 0 0 0 0 0 0 0 0 0 0; 1 164 196 177 165 150 158 200 136 198 47 189 3 19 0 0 0 0 0 0 0 0 0 0 0 0 0 0 0 0 0 0 0 0 0 0 0 0 0 0; 200 37 0 24 168 70 31 3 52 19 14 189 159 3 144 0 0 0 0 0 0 0 0 0 0 0 0 0 0 0 0 0 0 0 0 0 0 0 0 0; 163 157 10 1 195 31 199 199 197 190 23 0 30 65 194 47 0 0 0 0 0 0 0 0 0 0 0 0 0 0 0 0 0 0 0 0 0 0 0 0; 193 151 174 1 193 3 197 3 162 15 16 186 63 189 2 144 129 0 0 0 0 0 0 0 0 0 0 0 0 0 0 0 0 0 0 0 0 0 0 0; 174 16 194 166 8 191 189 191 14 171 18 3 151 84 25 189 200 153 0 0 0 0 0 0 0 0 0 0 0 0 0 0 0 0 0 0 0 0 0 0; 160 198 156 56 192 188 16 41 37 9 183 5 5 15 28 11 196 190 14 0 0 0 0 0 0 0 0 0 0 0 0 0 0 0 0 0 0 0 0 0; 2 196 192 12 90 175 10 136 10 151 87 35 27 194 186 28 21 17 34 199 0 0 0 0 0 0 0 0 0 0 0 0 0 0 0 0 0 0 0 0; 40 12 33 46 25 24 15 166 172 200 166 144 195 191 33 4 189 188 36 178 46 0 0 0 0 0 0 0 0 0 0 0 0 0 0 0 0 0 0 0; 181 200 183 189 28 130 166 171 25 168 4 198 176 12 7 191 27 199 178 6 12 15 0 0 0 0 0 0 0 0 0 0 0 0 0 0 0 0 0 0; 23 196 40 4 78 191 193 3 180 2 12 6 29 14 27 189 159 0 3 0 110 194 199 0 0 0 0 0 0 0 0 0 0 0 0 0 0 0 0 0; 2 157 14 160 13 7 10 120 22 72 23 7 200 124 148 198 9 58 46 187 158 71 12 5 0 0 0 0 0 0 0 0 0 0 0 0 0 0 0 0; 0 196 53 67 116 4 43 40 5 196 112 7 43 178 30 0 3 48 173 195 199 133 181 134 168 0 0 0 0 0 0 0 0 0 0 0 0 0 0 0; 148 163 143 199 53 200 112 23 55 30 78 71 194 6 165 183 193 142 157 19 197 67 184 200 199 6 0 0 0 0 0 0 0 0 0 0 0 0 0 0; 190 13 198 175 4 56 86 22 15 187 190 81 0 191 7 39 1 20 18 6 184 154 187 0 13 15 175 0 0 0 0 0 0 0 0 0 0 0 0 0; 199 70 5 185 3 47 139 11 12 9 77 68 25 173 67 72 197 25 199 168 199 197 161 148 14 138 200 198 0 0 0 0 0 0 0 0 0 0 0 0; 154 4 30 185 31 36 119 183 191 53 54 21 162 192 186 150 141 37 15 4 195 180 0 30 2 160 155 184 5 0 0 0 0 0 0 0 0 0 0 0; 18 75 15 9 24 163 196 6 197 130 136 166 46 10 191 78 4 7 194 152 21 196 2 160 15 58 52 197 5 177 0 0 0 0 0 0 0 0 0 0; 186 4 0 159 180 200 4 18 32 84 180 171 22 7 22 19 36 128 193 0 199 189 133 20 2 198 12 6 5 198 190 0 0 0 0 0 0 0 0 0; 23 165 185 2 7 41 199 0 121 154 160 1 29 47 195 184 169 199 155 1 82 138 17 148 159 195 135 199 157 19 198 34 0 0 0 0 0 0 0 0; 24 173 141 40 199 52 195 23 175 116 7 197 194 197 195 76 179 189 2 27 1 23 16 26 54 3 191 0 53 80 13 31 192 0 0 0 0 0 0 0; 37 149 42 62 26 176 132 184 77 98 1 188 189 14 0 12 40 185 5 177 13 193 25 188 196 18 196 39 4 44 10 132 182 4 0 0 0 0 0 0; 2 2 121 23 141 10 9 7 4 21 199 198 3 70 113 32 19 193 83 183 13 9 136 44 178 1 154 55 23 198 141 33 67 2 141 0 0 0 0 0; 151 4 64 29 164 195 148 197 196 197 61 71 130 4 162 33 158 12 8 14 165 195 26 172 6 18 191 64 176 168 4 199 11 199 22 174 0 0 0 0; 146 185 6 6 67 200 59 35 182 3 44 9 129 167 15 2 200 23 160 4 183 183 198 200 167 136 192 67 32 1 55 162 38 0 182 124 151 0 0 0; 199 38 3 17 4 196 172 199 197 62 180 19 178 6 18 54 182 200 165 88 199 192 167 2 36 139 158 33 178 156 3 168 158 199 35 180 188 188 0 0; 2 14 193 125 2 13 3 37 0 154 186 196 169 0 183 28 184 198 12 24 155 187 14 153 7 189 129 186 199 0 198 194 76 175 199 131 200 168 183 0; 20 24 180 188 30 70 181 199 10 195 198 36 195 143 196 198 18 187 5 199 10 54 199 56 15 14 58 142 14 24 60 12 42 196 32 196 89 5 196 181]
