n=50
density=75
Q1=[0 0 0 0 0 0 0 0 0 0 0 0 0 0 0 0 0 0 0 0 0 0 0 0 0 0 0 0 0 0 0 0 0 0 0 0 0 0 0 0 0 0 0 0 0 0 0 0 0 0 ;
139 0 0 0 0 0 0 0 0 0 0 0 0 0 0 0 0 0 0 0 0 0 0 0 0 0 0 0 0 0 0 0 0 0 0 0 0 0 0 0 0 0 0 0 0 0 0 0 0 0 ;
121 0 72 0 0 0 0 0 0 0 0 0 0 0 0 0 0 0 0 0 0 0 0 0 0 0 0 0 0 0 0 0 0 0 0 0 0 0 0 0 0 0 0 0 0 0 0 0 0 0 ;
10 0 88 153 0 0 0 0 0 0 0 0 0 0 0 0 0 0 0 0 0 0 0 0 0 0 0 0 0 0 0 0 0 0 0 0 0 0 0 0 0 0 0 0 0 0 0 0 0 0 ;
8 0 0 172 23 0 0 0 0 0 0 0 0 0 0 0 0 0 0 0 0 0 0 0 0 0 0 0 0 0 0 0 0 0 0 0 0 0 0 0 0 0 0 0 0 0 0 0 0 0 ;
0 9 175 0 68 117 0 0 0 0 0 0 0 0 0 0 0 0 0 0 0 0 0 0 0 0 0 0 0 0 0 0 0 0 0 0 0 0 0 0 0 0 0 0 0 0 0 0 0 0 ;
2 196 0 0 13 178 0 0 0 0 0 0 0 0 0 0 0 0 0 0 0 0 0 0 0 0 0 0 0 0 0 0 0 0 0 0 0 0 0 0 0 0 0 0 0 0 0 0 0 0 ;
17 108 139 0 0 54 77 125 0 0 0 0 0 0 0 0 0 0 0 0 0 0 0 0 0 0 0 0 0 0 0 0 0 0 0 0 0 0 0 0 0 0 0 0 0 0 0 0 0 0 ;
55 0 186 18 100 87 160 45 34 0 0 0 0 0 0 0 0 0 0 0 0 0 0 0 0 0 0 0 0 0 0 0 0 0 0 0 0 0 0 0 0 0 0 0 0 0 0 0 0 0 ;
0 56 11 32 109 0 0 5 0 137 0 0 0 0 0 0 0 0 0 0 0 0 0 0 0 0 0 0 0 0 0 0 0 0 0 0 0 0 0 0 0 0 0 0 0 0 0 0 0 0 ;
119 196 98 197 47 0 113 127 169 71 121 0 0 0 0 0 0 0 0 0 0 0 0 0 0 0 0 0 0 0 0 0 0 0 0 0 0 0 0 0 0 0 0 0 0 0 0 0 0 0 ;
154 82 19 2 66 0 0 181 0 0 10 12 0 0 0 0 0 0 0 0 0 0 0 0 0 0 0 0 0 0 0 0 0 0 0 0 0 0 0 0 0 0 0 0 0 0 0 0 0 0 ;
54 0 0 39 45 0 122 73 0 64 28 125 176 0 0 0 0 0 0 0 0 0 0 0 0 0 0 0 0 0 0 0 0 0 0 0 0 0 0 0 0 0 0 0 0 0 0 0 0 0 ;
98 121 59 108 197 107 51 66 18 0 0 85 19 122 0 0 0 0 0 0 0 0 0 0 0 0 0 0 0 0 0 0 0 0 0 0 0 0 0 0 0 0 0 0 0 0 0 0 0 0 ;
0 185 113 0 63 37 79 172 73 82 57 145 76 173 166 0 0 0 0 0 0 0 0 0 0 0 0 0 0 0 0 0 0 0 0 0 0 0 0 0 0 0 0 0 0 0 0 0 0 0 ;
18 0 72 0 198 84 130 199 132 166 0 158 197 0 104 57 0 0 0 0 0 0 0 0 0 0 0 0 0 0 0 0 0 0 0 0 0 0 0 0 0 0 0 0 0 0 0 0 0 0 ;
34 0 128 173 123 168 145 99 138 172 85 0 0 16 90 171 49 0 0 0 0 0 0 0 0 0 0 0 0 0 0 0 0 0 0 0 0 0 0 0 0 0 0 0 0 0 0 0 0 0 ;
118 164 17 145 66 0 105 171 0 87 12 123 0 109 197 0 102 44 0 0 0 0 0 0 0 0 0 0 0 0 0 0 0 0 0 0 0 0 0 0 0 0 0 0 0 0 0 0 0 0 ;
38 7 186 15 0 132 49 0 200 57 51 114 0 4 187 76 161 129 0 0 0 0 0 0 0 0 0 0 0 0 0 0 0 0 0 0 0 0 0 0 0 0 0 0 0 0 0 0 0 0 ;
80 121 10 54 155 23 119 131 84 9 104 106 104 0 81 144 110 109 0 168 0 0 0 0 0 0 0 0 0 0 0 0 0 0 0 0 0 0 0 0 0 0 0 0 0 0 0 0 0 0 ;
117 33 59 185 0 0 62 0 101 49 99 0 84 104 71 104 86 174 130 34 128 0 0 0 0 0 0 0 0 0 0 0 0 0 0 0 0 0 0 0 0 0 0 0 0 0 0 0 0 0 ;
127 114 0 0 57 36 35 88 42 182 18 0 29 142 37 61 85 0 0 103 8 160 0 0 0 0 0 0 0 0 0 0 0 0 0 0 0 0 0 0 0 0 0 0 0 0 0 0 0 0 ;
96 124 111 11 160 102 52 0 0 61 0 159 13 44 118 62 0 177 127 0 0 142 167 0 0 0 0 0 0 0 0 0 0 0 0 0 0 0 0 0 0 0 0 0 0 0 0 0 0 0 ;
4 0 134 39 110 184 0 140 2 0 0 111 74 0 103 0 38 198 169 77 81 178 0 113 0 0 0 0 0 0 0 0 0 0 0 0 0 0 0 0 0 0 0 0 0 0 0 0 0 0 ;
0 19 107 139 41 0 68 0 59 151 182 23 0 0 121 165 66 131 200 69 89 33 41 108 14 0 0 0 0 0 0 0 0 0 0 0 0 0 0 0 0 0 0 0 0 0 0 0 0 0 ;
188 72 13 90 44 114 15 149 85 0 156 105 181 152 0 5 124 90 0 0 106 64 147 138 0 77 0 0 0 0 0 0 0 0 0 0 0 0 0 0 0 0 0 0 0 0 0 0 0 0 ;
0 178 4 0 80 0 195 42 78 47 7 76 0 158 180 23 159 0 0 188 0 0 0 91 131 141 2 0 0 0 0 0 0 0 0 0 0 0 0 0 0 0 0 0 0 0 0 0 0 0 ;
88 0 42 127 19 91 71 0 123 125 128 26 160 31 0 123 87 5 40 30 11 19 94 0 50 169 0 66 0 0 0 0 0 0 0 0 0 0 0 0 0 0 0 0 0 0 0 0 0 0 ;
86 45 157 8 0 46 95 0 36 152 183 167 74 79 181 0 180 0 196 0 0 170 103 0 0 0 84 162 86 0 0 0 0 0 0 0 0 0 0 0 0 0 0 0 0 0 0 0 0 0 ;
5 0 131 20 104 0 189 14 145 0 121 117 113 0 100 28 191 82 159 87 106 69 130 107 134 31 0 190 11 12 0 0 0 0 0 0 0 0 0 0 0 0 0 0 0 0 0 0 0 0 ;
59 43 144 0 153 0 0 0 35 166 170 67 105 36 0 0 0 200 71 98 0 0 198 82 55 167 0 162 161 0 36 0 0 0 0 0 0 0 0 0 0 0 0 0 0 0 0 0 0 0 ;
179 132 0 129 97 109 54 56 136 148 120 77 99 168 89 148 153 0 0 131 61 161 138 0 121 22 129 129 169 120 170 105 0 0 0 0 0 0 0 0 0 0 0 0 0 0 0 0 0 0 ;
0 6 0 20 173 63 164 99 189 0 195 38 59 52 66 0 111 0 180 117 0 23 28 129 38 92 0 0 135 45 21 186 111 0 0 0 0 0 0 0 0 0 0 0 0 0 0 0 0 0 ;
146 159 0 181 125 176 139 16 107 0 103 36 62 164 69 0 48 165 116 59 29 75 171 47 16 176 107 0 47 171 124 0 0 172 0 0 0 0 0 0 0 0 0 0 0 0 0 0 0 0 ;
113 174 0 99 0 95 0 159 0 182 23 33 0 105 112 181 112 0 151 65 118 59 33 13 33 0 36 0 102 63 50 41 23 142 79 0 0 0 0 0 0 0 0 0 0 0 0 0 0 0 ;
86 0 23 30 0 0 9 0 8 43 0 128 73 19 116 138 76 0 138 0 34 0 19 200 133 118 88 124 0 137 25 0 173 141 71 133 0 0 0 0 0 0 0 0 0 0 0 0 0 0 ;
154 186 126 111 188 196 4 70 19 181 94 93 0 129 173 0 17 104 96 3 125 47 171 0 0 26 4 40 73 102 18 19 78 0 10 54 36 0 0 0 0 0 0 0 0 0 0 0 0 0 ;
111 18 143 166 143 0 72 105 26 197 113 0 0 0 0 0 170 146 110 96 138 0 98 110 175 12 69 193 195 108 19 0 0 114 15 36 0 69 0 0 0 0 0 0 0 0 0 0 0 0 ;
9 130 129 46 135 41 172 114 103 189 191 103 59 0 0 0 122 44 27 0 179 0 164 0 9 13 0 184 0 35 181 89 0 51 115 138 183 104 104 0 0 0 0 0 0 0 0 0 0 0 ;
0 0 137 97 138 0 35 150 0 184 0 0 29 0 109 154 150 120 32 181 121 0 117 23 74 87 175 122 0 192 117 0 14 151 142 99 61 151 54 169 0 0 0 0 0 0 0 0 0 0 ;
0 163 185 181 65 161 26 168 0 129 64 158 16 51 58 0 0 185 0 185 7 168 9 74 85 47 12 147 179 65 13 97 46 129 87 127 5 0 0 148 27 0 0 0 0 0 0 0 0 0 ;
136 0 0 199 49 76 17 164 14 0 37 161 0 104 0 196 88 83 131 81 56 26 0 83 74 83 146 0 0 0 0 3 26 0 0 0 0 184 26 113 42 3 0 0 0 0 0 0 0 0 ;
146 40 0 175 30 95 0 161 196 0 103 0 105 98 51 186 0 89 44 82 182 180 111 35 78 0 0 83 148 33 182 0 147 188 104 80 77 0 0 35 0 26 95 0 0 0 0 0 0 0 ;
95 0 123 85 0 138 144 0 50 101 55 0 37 141 114 107 57 178 1 15 0 135 34 0 23 0 0 189 28 84 119 69 103 120 88 194 122 25 0 149 199 168 0 118 0 0 0 0 0 0 ;
22 116 76 114 130 61 62 0 123 0 160 53 155 172 179 0 137 0 73 72 58 68 0 188 6 46 7 10 194 0 101 182 149 190 88 0 131 0 103 132 0 27 6 94 0 0 0 0 0 0 ;
137 0 109 71 184 33 191 108 78 127 129 85 0 105 153 32 180 87 141 151 0 0 30 101 173 1 88 193 0 69 157 121 131 16 120 102 125 84 158 98 189 36 186 12 96 184 0 0 0 0 ;
136 67 0 0 0 0 89 0 132 0 0 130 6 99 0 35 67 108 110 122 0 102 43 53 0 181 85 151 132 199 0 0 17 77 154 0 86 154 57 10 114 52 181 1 28 153 110 0 0 0 ;
0 63 60 75 89 192 0 105 0 0 163 152 87 191 185 20 0 199 44 0 10 159 64 134 140 3 185 184 175 19 0 0 20 42 85 76 0 134 11 32 0 161 169 5 27 172 0 0 0 0 ;
0 6 200 24 15 128 187 182 0 0 83 0 50 0 0 48 176 0 21 113 15 80 0 142 0 85 10 73 10 17 162 0 163 199 167 1 87 0 34 0 0 59 0 158 136 3 68 79 0 0 ;
120 158 0 175 54 0 125 89 0 70 136 60 48 97 22 196 184 0 0 0 168 10 96 0 70 179 0 96 136 158 36 0 96 127 0 182 2 77 76 117 0 62 0 55 0 121 0 126 174 159 ]
w=[87, 57, 34, 67, 51, 14, 51, 52, 73, 40, 59, 37, 31, 91, 11, 10, 90, 40, 17, 98, 46, 26, 22, 55, 24, 93, 96, 39, 68, 75, 5, 62, 93, 60, 14, 66, 98, 89, 55, 78, 14, 43, 6, 70, 24, 12, 35, 60, 52, 12]
W=145 
k=8 
inst_name = "QKP_50_200_75" 
feasible = true 
Q2=[200 0 0 0 0 0 0 0 0 0 0 0 0 0 0 0 0 0 0 0 0 0 0 0 0 0 0 0 0 0 0 0 0 0 0 0 0 0 0 0 0 0 0 0 0 0 0 0 0 0; 25 200 0 0 0 0 0 0 0 0 0 0 0 0 0 0 0 0 0 0 0 0 0 0 0 0 0 0 0 0 0 0 0 0 0 0 0 0 0 0 0 0 0 0 0 0 0 0 0 0; 44 200 133 0 0 0 0 0 0 0 0 0 0 0 0 0 0 0 0 0 0 0 0 0 0 0 0 0 0 0 0 0 0 0 0 0 0 0 0 0 0 0 0 0 0 0 0 0 0 0; 200 200 191 10 0 0 0 0 0 0 0 0 0 0 0 0 0 0 0 0 0 0 0 0 0 0 0 0 0 0 0 0 0 0 0 0 0 0 0 0 0 0 0 0 0 0 0 0 0 0; 192 200 200 9 181 0 0 0 0 0 0 0 0 0 0 0 0 0 0 0 0 0 0 0 0 0 0 0 0 0 0 0 0 0 0 0 0 0 0 0 0 0 0 0 0 0 0 0 0 0; 200 193 3 200 155 36 0 0 0 0 0 0 0 0 0 0 0 0 0 0 0 0 0 0 0 0 0 0 0 0 0 0 0 0 0 0 0 0 0 0 0 0 0 0 0 0 0 0 0 0; 198 1 200 200 193 15 200 0 0 0 0 0 0 0 0 0 0 0 0 0 0 0 0 0 0 0 0 0 0 0 0 0 0 0 0 0 0 0 0 0 0 0 0 0 0 0 0 0 0 0; 188 24 19 200 200 176 185 2 0 0 0 0 0 0 0 0 0 0 0 0 0 0 0 0 0 0 0 0 0 0 0 0 0 0 0 0 0 0 0 0 0 0 0 0 0 0 0 0 0 0; 182 200 1 193 25 140 25 167 167 0 0 0 0 0 0 0 0 0 0 0 0 0 0 0 0 0 0 0 0 0 0 0 0 0 0 0 0 0 0 0 0 0 0 0 0 0 0 0 0 0; 200 191 200 183 40 200 200 195 200 15 0 0 0 0 0 0 0 0 0 0 0 0 0 0 0 0 0 0 0 0 0 0 0 0 0 0 0 0 0 0 0 0 0 0 0 0 0 0 0 0; 9 0 127 3 176 200 17 26 27 149 65 0 0 0 0 0 0 0 0 0 0 0 0 0 0 0 0 0 0 0 0 0 0 0 0 0 0 0 0 0 0 0 0 0 0 0 0 0 0 0; 16 197 193 198 180 200 200 15 200 200 196 200 0 0 0 0 0 0 0 0 0 0 0 0 0 0 0 0 0 0 0 0 0 0 0 0 0 0 0 0 0 0 0 0 0 0 0 0 0 0; 160 200 200 167 167 200 57 138 200 151 177 8 19 0 0 0 0 0 0 0 0 0 0 0 0 0 0 0 0 0 0 0 0 0 0 0 0 0 0 0 0 0 0 0 0 0 0 0 0 0; 179 67 146 52 2 86 187 177 187 200 200 163 199 44 0 0 0 0 0 0 0 0 0 0 0 0 0 0 0 0 0 0 0 0 0 0 0 0 0 0 0 0 0 0 0 0 0 0 0 0; 200 15 2 200 197 190 142 8 152 127 189 33 131 23 6 0 0 0 0 0 0 0 0 0 0 0 0 0 0 0 0 0 0 0 0 0 0 0 0 0 0 0 0 0 0 0 0 0 0 0; 196 200 177 200 0 198 54 1 17 4 200 27 2 200 28 145 0 0 0 0 0 0 0 0 0 0 0 0 0 0 0 0 0 0 0 0 0 0 0 0 0 0 0 0 0 0 0 0 0 0; 196 200 70 8 32 5 12 195 60 16 176 200 200 193 179 0 197 0 0 0 0 0 0 0 0 0 0 0 0 0 0 0 0 0 0 0 0 0 0 0 0 0 0 0 0 0 0 0 0 0; 54 32 195 7 146 200 36 5 200 118 196 67 200 81 2 200 43 160 0 0 0 0 0 0 0 0 0 0 0 0 0 0 0 0 0 0 0 0 0 0 0 0 0 0 0 0 0 0 0 0; 178 196 3 200 200 42 188 200 0 190 177 19 200 199 7 169 10 9 200 0 0 0 0 0 0 0 0 0 0 0 0 0 0 0 0 0 0 0 0 0 0 0 0 0 0 0 0 0 0 0; 147 71 196 180 20 193 50 69 146 193 2 43 14 200 170 55 6 72 200 10 0 0 0 0 0 0 0 0 0 0 0 0 0 0 0 0 0 0 0 0 0 0 0 0 0 0 0 0 0 0; 24 193 145 14 200 200 164 200 31 161 103 200 136 88 181 19 173 13 44 194 6 0 0 0 0 0 0 0 0 0 0 0 0 0 0 0 0 0 0 0 0 0 0 0 0 0 0 0 0 0; 18 77 200 200 153 187 175 167 161 5 184 200 196 2 168 142 178 200 200 12 196 3 0 0 0 0 0 0 0 0 0 0 0 0 0 0 0 0 0 0 0 0 0 0 0 0 0 0 0 0; 162 23 7 194 3 74 178 200 200 199 200 5 200 168 13 200 200 1 41 200 200 28 24 0 0 0 0 0 0 0 0 0 0 0 0 0 0 0 0 0 0 0 0 0 0 0 0 0 0 0; 199 200 54 163 35 8 200 5 199 200 200 81 170 200 92 200 178 1 10 135 141 19 200 50 0 0 0 0 0 0 0 0 0 0 0 0 0 0 0 0 0 0 0 0 0 0 0 0 0 0; 200 182 46 13 195 200 159 200 173 18 9 181 200 200 44 7 165 61 0 149 160 198 191 57 187 0 0 0 0 0 0 0 0 0 0 0 0 0 0 0 0 0 0 0 0 0 0 0 0 0; 3 151 188 183 176 37 199 3 174 200 32 86 14 35 200 199 56 187 200 200 23 151 29 52 200 170 0 0 0 0 0 0 0 0 0 0 0 0 0 0 0 0 0 0 0 0 0 0 0 0; 200 21 198 200 123 200 4 169 156 156 198 138 200 1 0 199 19 200 200 12 200 200 200 139 25 42 198 0 0 0 0 0 0 0 0 0 0 0 0 0 0 0 0 0 0 0 0 0 0 0; 121 200 158 61 182 118 157 200 37 74 59 191 19 171 200 44 117 200 174 175 189 191 112 200 167 23 200 145 0 0 0 0 0 0 0 0 0 0 0 0 0 0 0 0 0 0 0 0 0 0; 182 196 5 198 200 164 180 200 172 30 11 2 174 182 16 200 20 200 2 200 200 24 61 200 200 200 178 35 172 0 0 0 0 0 0 0 0 0 0 0 0 0 0 0 0 0 0 0 0 0; 198 200 45 184 13 200 1 197 34 200 11 39 60 200 33 193 6 165 9 154 16 149 61 23 35 181 200 10 198 200 0 0 0 0 0 0 0 0 0 0 0 0 0 0 0 0 0 0 0 0; 162 160 19 200 45 200 200 200 182 5 27 198 30 193 200 200 200 0 197 107 200 200 1 200 189 16 200 26 15 200 182 0 0 0 0 0 0 0 0 0 0 0 0 0 0 0 0 0 0 0; 5 2 200 12 172 73 177 167 46 14 37 170 141 2 151 19 31 200 200 19 147 17 37 200 41 182 31 11 18 20 0 39 0 0 0 0 0 0 0 0 0 0 0 0 0 0 0 0 0 0; 200 200 200 186 21 172 22 189 11 200 0 182 157 160 180 200 63 200 15 67 200 190 178 38 197 132 200 200 6 169 190 13 46 0 0 0 0 0 0 0 0 0 0 0 0 0 0 0 0 0; 7 27 200 10 62 6 44 187 13 200 81 195 169 13 189 200 196 8 29 172 180 178 19 168 188 17 10 200 182 29 38 200 200 11 0 0 0 0 0 0 0 0 0 0 0 0 0 0 0 0; 36 0 200 160 200 142 200 40 200 13 190 192 200 48 86 14 72 200 45 147 54 173 175 197 176 200 177 200 45 152 178 164 184 25 174 0 0 0 0 0 0 0 0 0 0 0 0 0 0 0; 187 200 180 170 200 200 198 200 193 186 200 4 161 199 70 38 155 200 25 200 197 200 198 0 42 10 176 57 200 24 195 200 12 44 138 25 0 0 0 0 0 0 0 0 0 0 0 0 0 0; 34 11 12 83 12 1 198 145 200 2 117 174 200 7 25 200 191 62 128 200 3 186 7 200 200 183 196 181 134 85 193 184 193 200 198 191 181 0 0 0 0 0 0 0 0 0 0 0 0 0; 44 193 56 4 7 200 129 66 181 3 70 200 200 200 200 200 10 54 4 198 10 200 122 67 19 190 166 2 0 15 191 200 200 49 199 176 200 136 0 0 0 0 0 0 0 0 0 0 0 0; 192 37 52 158 22 192 12 45 13 11 0 12 169 200 200 200 11 170 173 200 12 200 7 200 198 187 200 12 200 169 14 140 200 185 84 27 0 73 8 0 0 0 0 0 0 0 0 0 0 0; 200 200 40 118 31 200 172 31 200 12 200 200 197 200 65 45 31 26 199 18 67 200 4 200 199 170 16 47 200 5 0 200 199 26 7 128 173 17 193 11 0 0 0 0 0 0 0 0 0 0; 200 8 10 6 141 32 194 32 200 20 171 13 200 191 197 200 200 0 200 2 200 1 191 154 124 192 195 46 1 141 192 121 162 36 166 60 198 200 200 44 191 0 0 0 0 0 0 0 0 0; 24 200 200 1 196 158 194 6 190 200 197 23 200 41 200 0 191 130 24 146 180 197 200 195 183 171 19 200 200 200 200 198 186 200 200 200 200 6 174 50 192 197 0 0 0 0 0 0 0 0; 1 180 200 7 188 167 200 35 2 200 72 200 14 172 196 10 200 149 179 155 8 2 78 188 162 200 200 185 2 195 11 200 24 0 80 138 163 200 200 182 200 182 148 0 0 0 0 0 0 0; 149 200 69 166 200 57 19 200 187 9 194 200 199 45 35 14 144 20 200 197 200 34 172 200 182 200 200 1 198 132 26 197 67 67 169 4 18 194 200 10 0 17 200 80 0 0 0 0 0 0; 197 51 125 18 66 174 184 200 12 200 13 193 19 16 2 200 13 200 178 132 171 135 200 12 198 194 195 200 2 200 75 12 15 5 139 200 50 200 26 46 200 186 195 129 200 0 0 0 0 0; 16 200 22 136 0 176 9 57 171 59 70 127 200 45 2 189 10 132 11 40 200 200 172 20 22 199 140 1 200 160 0 52 13 187 44 71 59 185 18 161 11 198 10 194 129 8 0 0 0 0; 4 169 200 200 200 200 164 200 54 200 200 27 196 132 200 195 195 78 78 30 200 62 164 169 200 18 185 13 61 1 200 200 186 124 37 200 183 43 193 190 28 175 4 200 184 1 72 0 0 0; 200 149 179 172 183 4 200 34 200 200 20 6 197 4 4 194 200 0 160 200 197 8 148 1 30 198 0 10 6 184 200 200 183 168 190 191 200 20 196 198 200 32 30 200 194 16 200 200 0 0; 200 194 0 192 194 49 5 9 200 200 143 200 158 200 200 164 24 200 196 34 194 181 200 41 200 168 194 156 190 197 13 200 10 1 3 199 179 200 190 200 200 145 200 13 29 200 187 173 200 0; 59 16 200 24 168 200 27 166 200 142 7 165 165 118 179 1 10 200 200 200 13 199 167 200 135 20 200 177 29 36 185 200 148 64 200 1 198 197 128 25 200 166 200 167 200 64 200 2 19 19]
