n=25
density=50
Q1=[0 0 0 0 0 0 0 0 0 0 0 0 0 0 0 0 0 0 0 0 0 0 0 0 0 ;
0 1 0 0 0 0 0 0 0 0 0 0 0 0 0 0 0 0 0 0 0 0 0 0 0 ;
0 87 100 0 0 0 0 0 0 0 0 0 0 0 0 0 0 0 0 0 0 0 0 0 0 ;
74 80 11 31 0 0 0 0 0 0 0 0 0 0 0 0 0 0 0 0 0 0 0 0 0 ;
0 92 24 0 0 0 0 0 0 0 0 0 0 0 0 0 0 0 0 0 0 0 0 0 0 ;
0 41 67 43 11 0 0 0 0 0 0 0 0 0 0 0 0 0 0 0 0 0 0 0 0 ;
0 78 15 0 0 63 87 0 0 0 0 0 0 0 0 0 0 0 0 0 0 0 0 0 0 ;
65 0 0 7 0 0 54 57 0 0 0 0 0 0 0 0 0 0 0 0 0 0 0 0 0 ;
0 0 99 0 0 0 38 0 27 0 0 0 0 0 0 0 0 0 0 0 0 0 0 0 0 ;
80 17 26 0 4 14 85 56 28 0 0 0 0 0 0 0 0 0 0 0 0 0 0 0 0 ;
0 50 20 0 0 40 42 0 58 0 0 0 0 0 0 0 0 0 0 0 0 0 0 0 0 ;
93 81 0 0 53 23 0 81 62 51 11 53 0 0 0 0 0 0 0 0 0 0 0 0 0 ;
49 0 72 48 5 0 14 0 43 0 59 0 19 0 0 0 0 0 0 0 0 0 0 0 0 ;
0 0 0 76 0 30 0 48 0 0 26 0 92 21 0 0 0 0 0 0 0 0 0 0 0 ;
0 83 46 0 86 0 0 0 0 72 0 0 0 73 0 0 0 0 0 0 0 0 0 0 0 ;
81 0 93 71 80 1 50 0 49 0 52 81 0 0 0 0 0 0 0 0 0 0 0 0 0 ;
12 51 66 0 36 100 47 10 0 63 3 0 8 0 0 0 0 0 0 0 0 0 0 0 0 ;
79 0 46 0 15 96 0 99 91 53 0 0 0 0 4 0 34 0 0 0 0 0 0 0 0 ;
77 0 82 0 0 25 37 66 83 0 87 5 7 0 3 0 0 79 0 0 0 0 0 0 0 ;
0 86 0 56 0 0 21 9 88 56 0 0 0 0 34 68 60 0 47 91 0 0 0 0 0 ;
0 0 0 0 5 65 36 0 0 42 26 59 59 0 0 0 86 0 97 48 14 0 0 0 0 ;
0 61 85 0 18 0 0 0 52 0 1 0 97 0 0 65 31 41 0 83 0 0 0 0 0 ;
7 0 68 71 0 0 0 42 41 27 36 66 0 0 0 0 88 0 72 90 63 0 94 0 0 ;
0 0 0 0 41 0 0 0 0 29 0 77 0 47 68 52 0 4 0 77 0 15 8 14 0 ;
0 0 85 60 79 0 36 19 71 25 0 26 33 0 0 41 10 4 0 10 0 0 14 0 0 ]
w=[23, 13, 40, 38, 37, 40, 31, 34, 29, 24, 29, 10, 49, 6, 33, 50, 43, 47, 49, 49, 12, 15, 41, 10, 5]
W=93 
k=5 
inst_name = "QKP_25_100_50" 
feasible = true 
Q2=[100 0 0 0 0 0 0 0 0 0 0 0 0 0 0 0 0 0 0 0 0 0 0 0 0; 100 100 0 0 0 0 0 0 0 0 0 0 0 0 0 0 0 0 0 0 0 0 0 0 0; 100 9 0 0 0 0 0 0 0 0 0 0 0 0 0 0 0 0 0 0 0 0 0 0 0; 0 9 90 72 0 0 0 0 0 0 0 0 0 0 0 0 0 0 0 0 0 0 0 0 0; 100 0 81 100 100 0 0 0 0 0 0 0 0 0 0 0 0 0 0 0 0 0 0 0 0; 100 64 28 75 92 100 0 0 0 0 0 0 0 0 0 0 0 0 0 0 0 0 0 0 0; 100 22 92 100 100 8 0 0 0 0 0 0 0 0 0 0 0 0 0 0 0 0 0 0 0; 13 100 100 96 100 100 21 35 0 0 0 0 0 0 0 0 0 0 0 0 0 0 0 0 0; 100 100 0 100 100 100 97 100 84 0 0 0 0 0 0 0 0 0 0 0 0 0 0 0 0; 6 99 86 100 98 90 11 2 85 100 0 0 0 0 0 0 0 0 0 0 0 0 0 0 0; 100 43 92 100 100 64 88 100 32 100 100 0 0 0 0 0 0 0 0 0 0 0 0 0 0; 0 10 100 100 45 89 100 5 2 34 99 13 0 0 0 0 0 0 0 0 0 0 0 0 0; 78 100 28 65 100 100 91 100 84 100 14 100 95 0 0 0 0 0 0 0 0 0 0 0 0; 100 100 100 4 100 89 100 92 100 100 88 100 0 92 0 0 0 0 0 0 0 0 0 0 0; 100 9 79 100 11 100 100 100 100 10 100 100 100 8 100 0 0 0 0 0 0 0 0 0 0; 13 100 5 16 8 100 3 100 82 100 11 10 100 100 100 100 0 0 0 0 0 0 0 0 0; 94 22 11 100 70 0 95 90 100 20 99 100 96 100 100 100 100 0 0 0 0 0 0 0 0; 14 100 88 100 89 1 100 0 5 10 100 100 100 100 97 100 68 100 0 0 0 0 0 0 0; 14 100 17 100 100 81 63 16 12 100 6 95 100 100 98 100 100 0 100 0 0 0 0 0 0; 100 10 100 42 100 100 91 91 12 25 100 100 100 100 77 0 23 100 57 4 0 0 0 0 0; 100 100 100 100 99 26 79 100 100 87 93 4 23 100 100 100 9 100 2 82 91 0 0 0 0; 100 12 10 100 86 100 100 100 30 100 99 100 2 100 100 17 88 71 100 8 100 100 0 0 0; 95 100 9 13 100 100 100 60 77 83 97 30 100 100 100 100 9 100 24 3 27 100 3 0 0; 100 100 100 100 76 100 100 100 100 77 100 15 100 74 7 23 100 98 100 3 100 96 92 97 0; 100 100 1 18 16 100 86 99 9 76 100 80 85 100 100 93 100 100 100 91 100 100 96 100 100]
