n=45
density=25
Q1=[0 0 0 0 0 0 0 0 0 0 0 0 0 0 0 0 0 0 0 0 0 0 0 0 0 0 0 0 0 0 0 0 0 0 0 0 0 0 0 0 0 0 0 0 0 ;
49 0 0 0 0 0 0 0 0 0 0 0 0 0 0 0 0 0 0 0 0 0 0 0 0 0 0 0 0 0 0 0 0 0 0 0 0 0 0 0 0 0 0 0 0 ;
0 0 0 0 0 0 0 0 0 0 0 0 0 0 0 0 0 0 0 0 0 0 0 0 0 0 0 0 0 0 0 0 0 0 0 0 0 0 0 0 0 0 0 0 0 ;
0 10 0 0 0 0 0 0 0 0 0 0 0 0 0 0 0 0 0 0 0 0 0 0 0 0 0 0 0 0 0 0 0 0 0 0 0 0 0 0 0 0 0 0 0 ;
85 0 0 50 0 0 0 0 0 0 0 0 0 0 0 0 0 0 0 0 0 0 0 0 0 0 0 0 0 0 0 0 0 0 0 0 0 0 0 0 0 0 0 0 0 ;
0 0 65 74 0 18 0 0 0 0 0 0 0 0 0 0 0 0 0 0 0 0 0 0 0 0 0 0 0 0 0 0 0 0 0 0 0 0 0 0 0 0 0 0 0 ;
0 0 25 0 22 0 0 0 0 0 0 0 0 0 0 0 0 0 0 0 0 0 0 0 0 0 0 0 0 0 0 0 0 0 0 0 0 0 0 0 0 0 0 0 0 ;
59 0 21 0 0 0 0 100 0 0 0 0 0 0 0 0 0 0 0 0 0 0 0 0 0 0 0 0 0 0 0 0 0 0 0 0 0 0 0 0 0 0 0 0 0 ;
37 0 74 0 0 0 0 0 58 0 0 0 0 0 0 0 0 0 0 0 0 0 0 0 0 0 0 0 0 0 0 0 0 0 0 0 0 0 0 0 0 0 0 0 0 ;
66 1 0 0 0 93 0 0 0 0 0 0 0 0 0 0 0 0 0 0 0 0 0 0 0 0 0 0 0 0 0 0 0 0 0 0 0 0 0 0 0 0 0 0 0 ;
0 0 0 0 0 0 0 0 66 0 0 0 0 0 0 0 0 0 0 0 0 0 0 0 0 0 0 0 0 0 0 0 0 0 0 0 0 0 0 0 0 0 0 0 0 ;
83 0 0 0 9 42 0 0 0 0 0 0 0 0 0 0 0 0 0 0 0 0 0 0 0 0 0 0 0 0 0 0 0 0 0 0 0 0 0 0 0 0 0 0 0 ;
0 0 0 0 0 0 0 0 0 0 0 0 52 0 0 0 0 0 0 0 0 0 0 0 0 0 0 0 0 0 0 0 0 0 0 0 0 0 0 0 0 0 0 0 0 ;
0 21 0 0 0 0 0 97 14 0 0 0 0 87 0 0 0 0 0 0 0 0 0 0 0 0 0 0 0 0 0 0 0 0 0 0 0 0 0 0 0 0 0 0 0 ;
0 72 0 0 0 9 0 0 11 0 0 0 0 0 79 0 0 0 0 0 0 0 0 0 0 0 0 0 0 0 0 0 0 0 0 0 0 0 0 0 0 0 0 0 0 ;
0 0 36 0 0 0 0 0 0 27 77 0 0 16 0 8 0 0 0 0 0 0 0 0 0 0 0 0 0 0 0 0 0 0 0 0 0 0 0 0 0 0 0 0 0 ;
0 82 0 0 0 0 0 0 0 79 0 97 0 37 28 0 27 0 0 0 0 0 0 0 0 0 0 0 0 0 0 0 0 0 0 0 0 0 0 0 0 0 0 0 0 ;
0 0 0 0 0 46 63 0 0 0 0 0 0 98 0 0 0 70 0 0 0 0 0 0 0 0 0 0 0 0 0 0 0 0 0 0 0 0 0 0 0 0 0 0 0 ;
58 0 0 0 72 0 0 0 0 0 6 0 11 0 0 0 0 82 39 0 0 0 0 0 0 0 0 0 0 0 0 0 0 0 0 0 0 0 0 0 0 0 0 0 0 ;
0 0 87 45 65 0 0 0 0 0 20 0 0 0 24 37 84 0 0 74 0 0 0 0 0 0 0 0 0 0 0 0 0 0 0 0 0 0 0 0 0 0 0 0 0 ;
5 0 0 0 81 0 0 0 91 65 0 0 0 0 0 0 0 0 0 0 0 0 0 0 0 0 0 0 0 0 0 0 0 0 0 0 0 0 0 0 0 0 0 0 0 ;
62 0 22 63 0 97 0 0 0 83 0 0 0 19 45 0 0 0 30 0 77 0 0 0 0 0 0 0 0 0 0 0 0 0 0 0 0 0 0 0 0 0 0 0 0 ;
0 0 0 95 0 0 0 0 0 39 0 0 0 0 48 24 0 0 0 0 0 42 0 0 0 0 0 0 0 0 0 0 0 0 0 0 0 0 0 0 0 0 0 0 0 ;
0 70 0 0 0 0 0 0 0 0 0 0 0 76 0 0 0 69 0 0 0 0 0 0 0 0 0 0 0 0 0 0 0 0 0 0 0 0 0 0 0 0 0 0 0 ;
0 0 0 53 0 0 0 0 0 0 0 0 0 0 100 0 0 60 0 98 0 13 0 0 92 0 0 0 0 0 0 0 0 0 0 0 0 0 0 0 0 0 0 0 0 ;
55 0 0 0 0 0 58 0 0 0 0 0 0 0 86 16 15 0 0 39 0 37 0 0 0 0 0 0 0 0 0 0 0 0 0 0 0 0 0 0 0 0 0 0 0 ;
0 0 0 0 0 0 93 6 0 0 0 0 0 3 0 3 98 0 34 24 0 0 0 71 0 0 0 0 0 0 0 0 0 0 0 0 0 0 0 0 0 0 0 0 0 ;
36 0 0 77 0 0 92 0 55 0 98 0 0 0 0 0 63 0 0 0 0 0 0 0 0 0 0 0 0 0 0 0 0 0 0 0 0 0 0 0 0 0 0 0 0 ;
0 0 0 0 0 0 0 0 30 29 0 5 0 0 0 0 0 0 0 0 87 0 25 55 0 17 45 0 0 0 0 0 0 0 0 0 0 0 0 0 0 0 0 0 0 ;
0 12 0 0 22 0 0 0 0 0 0 47 14 0 0 0 0 0 58 0 0 0 0 0 0 0 0 0 0 0 0 0 0 0 0 0 0 0 0 0 0 0 0 0 0 ;
0 0 0 0 0 0 0 67 0 0 0 0 0 0 0 0 0 0 39 0 38 0 19 0 0 95 0 0 0 0 0 0 0 0 0 0 0 0 0 0 0 0 0 0 0 ;
83 0 0 0 0 84 0 0 0 0 0 53 15 0 55 0 0 57 0 0 90 0 0 0 0 0 90 0 83 4 0 0 0 0 0 0 0 0 0 0 0 0 0 0 0 ;
0 0 77 0 0 0 41 0 0 0 0 0 0 0 0 0 0 0 0 0 0 0 0 0 0 0 50 0 0 60 0 0 0 0 0 0 0 0 0 0 0 0 0 0 0 ;
32 0 0 32 0 0 0 0 0 7 97 82 0 0 0 0 52 93 0 0 20 0 17 0 0 0 0 1 0 0 0 0 63 6 0 0 0 0 0 0 0 0 0 0 0 ;
0 0 3 0 0 0 0 0 0 0 0 0 98 0 18 0 25 99 0 0 0 0 0 1 0 0 0 0 0 0 75 0 0 48 0 0 0 0 0 0 0 0 0 0 0 ;
0 0 0 0 0 0 0 0 73 0 72 53 0 0 5 77 0 57 0 0 0 0 52 0 42 29 0 0 60 0 0 16 0 0 0 0 0 0 0 0 0 0 0 0 0 ;
0 0 0 0 71 0 0 0 0 0 0 86 0 0 0 0 93 0 36 0 0 11 0 0 0 0 0 0 0 0 0 0 0 0 79 54 0 0 0 0 0 0 0 0 0 ;
0 0 0 0 0 0 0 11 0 49 0 0 0 0 0 0 0 0 0 0 0 0 0 87 0 0 0 15 0 0 0 53 0 0 0 0 0 0 0 0 0 0 0 0 0 ;
0 0 0 0 0 0 0 0 0 0 0 0 0 0 0 0 0 0 60 0 0 0 40 0 0 0 0 0 0 0 0 0 54 47 0 0 0 0 9 0 0 0 0 0 0 ;
0 0 34 0 0 0 43 0 0 0 0 0 9 5 0 33 0 0 28 28 0 21 0 0 0 0 0 0 0 26 0 0 0 0 0 79 0 0 0 0 0 0 0 0 0 ;
0 45 0 0 25 0 0 0 0 0 0 0 9 0 0 0 0 65 0 0 0 0 0 0 0 0 52 0 41 0 0 0 0 0 0 0 0 64 0 0 0 0 0 0 0 ;
0 99 66 3 0 0 0 0 0 0 5 0 0 97 0 27 0 0 0 0 0 0 0 0 0 0 0 75 51 0 0 0 0 8 52 0 49 0 0 0 0 0 0 0 0 ;
10 62 0 0 26 0 32 0 0 0 0 0 0 90 0 0 0 0 0 0 0 0 0 0 0 53 0 0 0 0 44 0 0 0 0 19 0 83 0 96 0 13 10 0 0 ;
0 0 0 2 0 0 0 0 0 0 0 0 30 0 0 0 0 0 0 91 0 82 0 0 86 86 0 0 0 0 0 0 85 80 84 0 0 0 0 79 72 0 71 0 0 ;
80 0 0 48 6 0 0 0 0 0 0 90 0 0 0 0 0 0 11 72 0 0 0 0 0 0 0 0 0 8 16 0 0 0 97 0 0 0 0 52 5 0 0 75 55 ]
w=[3, 41, 36, 32, 16, 19, 4, 48, 47, 12, 39, 23, 15, 46, 12, 47, 34, 32, 24, 29, 24, 41, 24, 33, 24, 40, 38, 50, 45, 23, 8, 24, 24, 13, 15, 50, 21, 20, 37, 47, 21, 13, 12, 5, 2]
W=132 
k=9 
inst_name = "QKP_45_100_25" 
feasible = true 
Q2=[100 0 0 0 0 0 0 0 0 0 0 0 0 0 0 0 0 0 0 0 0 0 0 0 0 0 0 0 0 0 0 0 0 0 0 0 0 0 0 0 0 0 0 0 0; 83 100 0 0 0 0 0 0 0 0 0 0 0 0 0 0 0 0 0 0 0 0 0 0 0 0 0 0 0 0 0 0 0 0 0 0 0 0 0 0 0 0 0 0 0; 100 100 100 0 0 0 0 0 0 0 0 0 0 0 0 0 0 0 0 0 0 0 0 0 0 0 0 0 0 0 0 0 0 0 0 0 0 0 0 0 0 0 0 0 0; 100 92 100 100 0 0 0 0 0 0 0 0 0 0 0 0 0 0 0 0 0 0 0 0 0 0 0 0 0 0 0 0 0 0 0 0 0 0 0 0 0 0 0 0 0; 3 100 100 50 100 0 0 0 0 0 0 0 0 0 0 0 0 0 0 0 0 0 0 0 0 0 0 0 0 0 0 0 0 0 0 0 0 0 0 0 0 0 0 0 0; 100 100 31 9 100 87 0 0 0 0 0 0 0 0 0 0 0 0 0 0 0 0 0 0 0 0 0 0 0 0 0 0 0 0 0 0 0 0 0 0 0 0 0 0 0; 100 100 91 100 83 100 100 0 0 0 0 0 0 0 0 0 0 0 0 0 0 0 0 0 0 0 0 0 0 0 0 0 0 0 0 0 0 0 0 0 0 0 0 0 0; 7 100 87 100 100 100 100 0 0 0 0 0 0 0 0 0 0 0 0 0 0 0 0 0 0 0 0 0 0 0 0 0 0 0 0 0 0 0 0 0 0 0 0 0 0; 92 100 26 100 100 100 100 100 36 0 0 0 0 0 0 0 0 0 0 0 0 0 0 0 0 0 0 0 0 0 0 0 0 0 0 0 0 0 0 0 0 0 0 0 0; 2 100 100 100 100 2 100 100 100 100 0 0 0 0 0 0 0 0 0 0 0 0 0 0 0 0 0 0 0 0 0 0 0 0 0 0 0 0 0 0 0 0 0 0 0; 100 100 100 100 100 100 100 100 32 100 100 0 0 0 0 0 0 0 0 0 0 0 0 0 0 0 0 0 0 0 0 0 0 0 0 0 0 0 0 0 0 0 0 0 0; 0 100 100 100 99 93 100 100 100 100 100 100 0 0 0 0 0 0 0 0 0 0 0 0 0 0 0 0 0 0 0 0 0 0 0 0 0 0 0 0 0 0 0 0 0; 100 100 100 100 100 100 100 100 100 100 100 100 44 0 0 0 0 0 0 0 0 0 0 0 0 0 0 0 0 0 0 0 0 0 0 0 0 0 0 0 0 0 0 0 0; 100 90 100 100 100 100 100 1 90 100 100 100 100 6 0 0 0 0 0 0 0 0 0 0 0 0 0 0 0 0 0 0 0 0 0 0 0 0 0 0 0 0 0 0 0; 100 13 100 100 100 100 100 100 99 100 100 100 100 100 7 0 0 0 0 0 0 0 0 0 0 0 0 0 0 0 0 0 0 0 0 0 0 0 0 0 0 0 0 0 0; 100 100 80 100 100 100 100 100 100 96 23 100 100 92 100 100 0 0 0 0 0 0 0 0 0 0 0 0 0 0 0 0 0 0 0 0 0 0 0 0 0 0 0 0 0; 100 12 100 100 100 100 100 100 100 8 100 1 100 82 83 100 100 0 0 0 0 0 0 0 0 0 0 0 0 0 0 0 0 0 0 0 0 0 0 0 0 0 0 0 0; 100 100 100 100 100 84 34 100 100 100 100 100 100 0 100 100 100 6 0 0 0 0 0 0 0 0 0 0 0 0 0 0 0 0 0 0 0 0 0 0 0 0 0 0 0; 2 100 100 100 2 100 100 100 100 100 94 100 93 100 100 100 100 15 85 0 0 0 0 0 0 0 0 0 0 0 0 0 0 0 0 0 0 0 0 0 0 0 0 0 0; 100 100 5 83 29 100 100 100 100 100 91 100 100 100 87 85 7 100 100 4 0 0 0 0 0 0 0 0 0 0 0 0 0 0 0 0 0 0 0 0 0 0 0 0 0; 100 100 100 100 0 100 100 100 0 32 100 100 100 100 100 100 100 100 100 100 100 0 0 0 0 0 0 0 0 0 0 0 0 0 0 0 0 0 0 0 0 0 0 0 0; 7 100 84 7 100 0 100 100 100 7 100 100 100 84 56 100 100 100 83 100 9 100 0 0 0 0 0 0 0 0 0 0 0 0 0 0 0 0 0 0 0 0 0 0 0; 100 100 100 4 100 100 100 100 100 79 100 100 100 100 97 87 100 100 100 100 100 62 100 0 0 0 0 0 0 0 0 0 0 0 0 0 0 0 0 0 0 0 0 0 0; 100 16 100 100 100 100 100 100 100 100 100 100 100 19 100 100 100 14 100 100 100 100 100 100 0 0 0 0 0 0 0 0 0 0 0 0 0 0 0 0 0 0 0 0 0; 100 100 100 36 100 100 100 100 100 100 100 100 100 100 0 100 100 28 100 0 100 98 100 100 8 0 0 0 0 0 0 0 0 0 0 0 0 0 0 0 0 0 0 0 0; 29 100 100 100 100 100 30 100 100 100 100 100 100 100 10 88 96 100 100 63 100 71 100 100 100 100 0 0 0 0 0 0 0 0 0 0 0 0 0 0 0 0 0 0 0; 100 100 100 100 100 100 0 96 100 100 100 100 100 99 100 100 2 100 71 92 100 100 100 10 100 100 100 0 0 0 0 0 0 0 0 0 0 0 0 0 0 0 0 0 0; 70 100 100 12 100 100 6 100 5 100 0 100 100 100 100 100 30 100 100 100 100 100 100 100 100 100 100 100 0 0 0 0 0 0 0 0 0 0 0 0 0 0 0 0 0; 100 100 100 100 100 100 100 100 98 94 100 99 100 100 100 100 100 100 100 100 10 100 95 16 100 93 80 100 100 0 0 0 0 0 0 0 0 0 0 0 0 0 0 0 0; 100 96 100 100 91 100 100 100 100 100 100 79 97 100 100 100 100 100 18 100 100 100 100 100 100 100 100 100 100 100 0 0 0 0 0 0 0 0 0 0 0 0 0 0 0; 100 100 100 100 100 100 100 19 100 100 100 100 100 100 100 100 100 100 89 100 90 100 86 100 100 0 100 100 100 100 100 0 0 0 0 0 0 0 0 0 0 0 0 0 0; 17 100 100 100 100 3 100 100 100 100 100 8 93 100 20 100 100 34 100 100 1 100 100 100 100 100 5 100 14 96 100 100 0 0 0 0 0 0 0 0 0 0 0 0 0; 100 100 7 100 100 100 70 100 100 100 100 100 100 100 100 100 100 100 100 100 100 100 100 100 100 100 13 100 100 1 100 100 100 0 0 0 0 0 0 0 0 0 0 0 0; 92 100 100 71 100 100 100 100 100 94 1 13 100 100 100 100 11 7 100 100 82 100 92 100 100 100 100 99 100 100 100 100 0 100 0 0 0 0 0 0 0 0 0 0 0; 100 100 98 100 100 100 100 100 100 100 100 100 1 100 88 100 91 0 100 100 100 100 100 100 100 100 100 100 100 100 5 100 100 77 100 0 0 0 0 0 0 0 0 0 0; 100 100 100 100 100 100 100 100 19 100 12 7 100 100 95 19 100 11 100 100 100 100 2 100 67 88 100 100 24 100 100 89 100 100 100 100 0 0 0 0 0 0 0 0 0; 100 100 100 100 15 100 100 100 100 100 100 13 100 100 100 100 2 100 81 100 100 94 100 100 100 100 100 100 100 100 100 100 100 100 8 8 100 0 0 0 0 0 0 0 0; 100 100 100 100 100 100 100 96 100 61 100 100 100 100 100 100 100 100 100 100 100 100 100 4 100 100 100 87 100 100 100 16 100 100 100 100 100 100 0 0 0 0 0 0 0; 100 100 100 100 100 100 100 100 100 100 100 100 100 100 100 100 100 100 14 100 100 100 71 100 100 100 100 100 100 100 100 100 37 55 100 100 100 100 93 0 0 0 0 0 0; 100 100 100 100 100 100 85 100 100 100 100 100 95 97 100 76 100 100 73 80 100 90 100 100 100 100 100 100 100 89 100 100 100 100 100 16 100 100 100 100 0 0 0 0 0; 100 72 100 100 97 100 100 100 100 100 100 100 91 100 100 100 100 12 100 100 100 100 100 100 100 100 11 100 73 100 100 100 100 100 100 100 100 27 100 100 100 0 0 0 0; 100 1 34 97 100 100 100 100 100 100 99 100 100 2 100 75 100 100 100 100 100 100 100 100 100 100 100 7 1 100 100 100 100 92 14 100 51 100 100 100 100 100 0 0 0; 95 19 100 100 89 100 89 100 100 100 100 100 100 2 100 100 100 100 100 100 100 100 100 100 100 3 100 100 100 100 72 100 100 100 100 82 100 2 100 4 100 88 93 0 0; 100 100 100 98 100 100 100 100 100 100 100 100 100 100 100 100 100 100 100 8 100 8 100 100 0 6 100 100 100 100 100 100 2 19 5 100 100 100 100 18 20 100 9 100 0; 12 100 100 96 97 100 100 100 100 100 100 9 100 100 100 100 100 100 90 27 100 100 100 100 100 100 100 100 100 99 92 100 100 100 3 100 100 100 100 25 99 100 100 6 42]
