heur = false
LBS_limit = 3
preproc = 2
tight_root = 0
total_time = 282.36
NDP = 51
total_nodes = 117969
pruned_nodes = 58985
pruned_dominance_nodes = 2980
heur_time = 0.0
Y_N = Any[[1789.0, 827.0], [1723.0, 1073.0], [1663.0, 1099.0], [1656.0, 1202.0], [1644.0, 1261.0], [1597.0, 1309.0], [1577.0, 1320.0], [1573.0, 1393.0], [1549.0, 1414.0], [1539.0, 1438.0], [1526.0, 1439.0], [1525.0, 1494.0], [1523.0, 1499.0], [1471.0, 1546.0], [1449.0, 1565.0], [1435.0, 1569.0], [1429.0, 1579.0], [1424.0, 1582.0], [1414.0, 1608.0], [1410.0, 1616.0], [1390.0, 1633.0], [1383.0, 1665.0], [1370.0, 1702.0], [1339.0, 1735.0], [1289.0, 1777.0], [1271.0, 1781.0], [1270.0, 1794.0], [1250.0, 1818.0], [1243.0, 1819.0], [1219.0, 1837.0], [1181.0, 1880.0], [1164.0, 1900.0], [1154.0, 1908.0], [1145.0, 1912.0], [1112.0, 1989.0], [1076.0, 1995.0], [1043.0, 2015.0], [1035.0, 2033.0], [1017.0, 2036.0], [971.0, 2042.0], [969.0, 2066.0], [948.0, 2103.0], [906.0, 2124.0], [879.0, 2171.0], [780.0, 2177.0], [774.0, 2216.0], [754.0, 2251.0], [687.0, 2257.0], [669.0, 2281.0], [620.0, 2303.0], [595.0, 2314.0]]
