heur = false
LBS_limit = 3
preproc = 2
tight_root = 0
total_time = 238.85
NDP = 72
total_nodes = 212799
pruned_nodes = 106400
pruned_dominance_nodes = 383
heur_time = 0.0
Y_N = Any[[697.0, 731.0], [684.0, 750.0], [679.0, 820.0], [643.0, 866.0], [642.0, 871.0], [626.0, 886.0], [619.0, 888.0], [614.0, 896.0], [606.0, 901.0], [603.0, 906.0], [599.0, 929.0], [585.0, 935.0], [584.0, 943.0], [582.0, 958.0], [581.0, 962.0], [572.0, 976.0], [561.0, 993.0], [558.0, 1015.0], [543.0, 1019.0], [541.0, 1034.0], [524.0, 1056.0], [510.0, 1077.0], [505.0, 1078.0], [494.0, 1094.0], [490.0, 1098.0], [472.0, 1117.0], [455.0, 1131.0], [452.0, 1141.0], [445.0, 1150.0], [439.0, 1154.0], [434.0, 1170.0], [424.0, 1171.0], [414.0, 1196.0], [409.0, 1199.0], [402.0, 1212.0], [389.0, 1215.0], [387.0, 1226.0], [379.0, 1258.0], [347.0, 1266.0], [343.0, 1270.0], [338.0, 1291.0], [326.0, 1295.0], [320.0, 1302.0], [302.0, 1320.0], [289.0, 1335.0], [281.0, 1339.0], [273.0, 1346.0], [263.0, 1372.0], [243.0, 1379.0], [239.0, 1386.0], [238.0, 1391.0], [225.0, 1397.0], [202.0, 1404.0], [197.0, 1425.0], [176.0, 1460.0], [173.0, 1461.0], [154.0, 1472.0], [140.0, 1473.0], [137.0, 1474.0], [128.0, 1482.0], [91.0, 1484.0], [87.0, 1485.0], [82.0, 1489.0], [68.0, 1490.0], [66.0, 1491.0], [61.0, 1493.0], [29.0, 1494.0], [28.0, 1495.0], [24.0, 1496.0], [22.0, 1497.0], [20.0, 1498.0], [15.0, 1500.0]]
