heur = false
LBS_limit = 3
preproc = 2
tight_root = 0
total_time = 1800.0
NDP = 123
total_nodes = 805587
pruned_nodes = 402759
pruned_dominance_nodes = 79210
heur_time = 0.0
Y_N = Any[[1801.0, 2622.0], [1782.0, 2660.0], [1764.0, 2690.0], [1759.0, 2705.0], [1754.0, 2720.0], [1747.0, 2731.0], [1721.0, 2740.0], [1704.0, 2743.0], [1700.0, 2816.0], [1691.0, 2840.0], [1677.0, 2842.0], [1657.0, 2905.0], [1622.0, 2913.0], [1621.0, 2948.0], [1611.0, 2964.0], [1598.0, 2982.0], [1580.0, 2987.0], [1574.0, 2995.0], [1568.0, 2998.0], [1564.0, 3045.0], [1554.0, 3057.0], [1538.0, 3079.0], [1521.0, 3094.0], [1508.0, 3109.0], [1492.0, 3131.0], [1471.0, 3153.0], [1467.0, 3159.0], [1465.0, 3163.0], [1461.0, 3166.0], [1459.0, 3170.0], [1451.0, 3183.0], [1435.0, 3185.0], [1428.0, 3187.0], [1423.0, 3194.0], [1421.0, 3205.0], [1419.0, 3210.0], [1410.0, 3234.0], [1403.0, 3249.0], [1392.0, 3254.0], [1387.0, 3259.0], [1381.0, 3263.0], [1370.0, 3274.0], [1365.0, 3290.0], [1358.0, 3303.0], [1353.0, 3315.0], [1339.0, 3330.0], [1324.0, 3343.0], [1320.0, 3352.0], [1310.0, 3372.0], [1297.0, 3377.0], [1290.0, 3392.0], [1279.0, 3396.0], [1273.0, 3407.0], [1262.0, 3411.0], [1260.0, 3415.0], [1248.0, 3446.0], [1234.0, 3457.0], [1232.0, 3458.0], [1218.0, 3460.0], [1198.0, 3464.0], [1197.0, 3480.0], [1196.0, 3501.0], [1179.0, 3523.0], [1152.0, 3533.0], [1146.0, 3546.0], [1142.0, 3558.0], [1132.0, 3559.0], [1125.0, 3561.0], [1112.0, 3574.0], [1109.0, 3591.0], [1108.0, 3598.0], [1102.0, 3600.0], [1088.0, 3606.0], [1078.0, 3617.0], [1071.0, 3618.0], [1070.0, 3630.0], [1060.0, 3653.0], [1047.0, 3654.0], [1039.0, 3677.0], [1022.0, 3694.0], [1015.0, 3708.0], [985.0, 3710.0], [976.0, 3719.0], [971.0, 3724.0], [968.0, 3725.0], [963.0, 3729.0], [962.0, 3741.0], [941.0, 3743.0], [936.0, 3750.0], [928.0, 3771.0], [919.0, 3779.0], [898.0, 3798.0], [882.0, 3808.0], [881.0, 3827.0], [855.0, 3831.0], [848.0, 3833.0], [844.0, 3834.0], [841.0, 3841.0], [837.0, 3856.0], [834.0, 3869.0], [820.0, 3875.0], [803.0, 3896.0], [797.0, 3897.0], [780.0, 3906.0], [766.0, 3936.0], [756.0, 3947.0], [749.0, 3948.0], [726.0, 3954.0], [721.0, 3961.0], [715.0, 3971.0], [707.0, 3999.0], [684.0, 4033.0], [631.0, 4043.0], [625.0, 4064.0], [621.0, 4067.0], [600.0, 4077.0], [581.0, 4101.0], [552.0, 4124.0], [539.0, 4147.0], [471.0, 4148.0], [464.0, 4150.0], [431.0, 4193.0], [389.0, 4239.0]]
