heur = false
LBS_limit = 3
preproc = 2
tight_root = 0
total_time = 76.85
NDP = 41
total_nodes = 41221
pruned_nodes = 20611
pruned_dominance_nodes = 108
heur_time = 0.0
Y_N = Any[[1161.0, 154.0], [1130.0, 226.0], [1110.0, 340.0], [1103.0, 402.0], [1041.0, 447.0], [1025.0, 453.0], [1020.0, 467.0], [1010.0, 489.0], [984.0, 506.0], [973.0, 514.0], [960.0, 523.0], [959.0, 583.0], [947.0, 614.0], [939.0, 618.0], [935.0, 630.0], [915.0, 642.0], [913.0, 643.0], [908.0, 644.0], [905.0, 670.0], [894.0, 711.0], [876.0, 729.0], [871.0, 778.0], [850.0, 780.0], [830.0, 789.0], [828.0, 828.0], [827.0, 829.0], [774.0, 897.0], [752.0, 947.0], [702.0, 951.0], [683.0, 969.0], [674.0, 989.0], [663.0, 1021.0], [623.0, 1027.0], [604.0, 1030.0], [598.0, 1058.0], [546.0, 1083.0], [534.0, 1084.0], [522.0, 1100.0], [479.0, 1109.0], [475.0, 1165.0], [410.0, 1170.0]]
