heur = false
LBS_limit = 3
preproc = 2
tight_root = 0
total_time = 623.62
NDP = 61
total_nodes = 265763
pruned_nodes = 132882
pruned_dominance_nodes = 1204
heur_time = 0.0
Y_N = Any[[714.0, 251.0], [709.0, 268.0], [708.0, 283.0], [698.0, 306.0], [655.0, 330.0], [642.0, 354.0], [635.0, 393.0], [622.0, 413.0], [614.0, 434.0], [591.0, 447.0], [585.0, 451.0], [579.0, 489.0], [559.0, 494.0], [556.0, 510.0], [554.0, 517.0], [545.0, 536.0], [525.0, 539.0], [511.0, 561.0], [508.0, 586.0], [504.0, 607.0], [474.0, 609.0], [464.0, 653.0], [450.0, 663.0], [443.0, 668.0], [440.0, 671.0], [436.0, 672.0], [426.0, 694.0], [422.0, 697.0], [407.0, 700.0], [397.0, 701.0], [394.0, 713.0], [382.0, 742.0], [371.0, 758.0], [367.0, 761.0], [355.0, 763.0], [350.0, 799.0], [319.0, 826.0], [302.0, 833.0], [291.0, 836.0], [281.0, 853.0], [272.0, 862.0], [260.0, 865.0], [255.0, 874.0], [251.0, 877.0], [248.0, 895.0], [241.0, 913.0], [206.0, 932.0], [200.0, 957.0], [184.0, 960.0], [160.0, 969.0], [150.0, 972.0], [144.0, 976.0], [134.0, 982.0], [112.0, 990.0], [100.0, 992.0], [88.0, 994.0], [71.0, 995.0], [65.0, 997.0], [56.0, 998.0], [39.0, 999.0], [34.0, 1000.0]]
