heur = false
LBS_limit = 3
preproc = 2
tight_root = 0
total_time = 163.82
NDP = 54
total_nodes = 73589
pruned_nodes = 36795
pruned_dominance_nodes = 550
heur_time = 0.0
Y_N = Any[[757.0, 110.0], [725.0, 176.0], [708.0, 264.0], [692.0, 302.0], [688.0, 313.0], [657.0, 332.0], [655.0, 370.0], [644.0, 373.0], [624.0, 393.0], [611.0, 410.0], [605.0, 447.0], [597.0, 465.0], [587.0, 469.0], [570.0, 477.0], [564.0, 487.0], [543.0, 502.0], [537.0, 517.0], [535.0, 548.0], [518.0, 573.0], [485.0, 586.0], [473.0, 594.0], [465.0, 615.0], [444.0, 664.0], [432.0, 676.0], [398.0, 679.0], [397.0, 683.0], [385.0, 711.0], [371.0, 723.0], [364.0, 739.0], [348.0, 761.0], [329.0, 765.0], [317.0, 785.0], [296.0, 837.0], [281.0, 839.0], [280.0, 854.0], [270.0, 855.0], [246.0, 871.0], [229.0, 880.0], [214.0, 882.0], [206.0, 891.0], [183.0, 904.0], [167.0, 912.0], [166.0, 915.0], [162.0, 923.0], [152.0, 924.0], [148.0, 925.0], [147.0, 936.0], [119.0, 947.0], [106.0, 958.0], [97.0, 969.0], [95.0, 972.0], [75.0, 977.0], [47.0, 992.0], [17.0, 998.0]]
