heur = true
LBS_limit = 3
preproc = 1
tight_root = 0
total_time = 188.53
NDP = 59
total_nodes = 206435
pruned_nodes = 103218
pruned_dominance_nodes = 1148
heur_time = 0.25
Y_N = Any[[662.0, 1307.0], [651.0, 1353.0], [636.0, 1395.0], [629.0, 1397.0], [618.0, 1400.0], [614.0, 1413.0], [613.0, 1501.0], [577.0, 1560.0], [539.0, 1592.0], [532.0, 1597.0], [524.0, 1605.0], [520.0, 1635.0], [503.0, 1636.0], [497.0, 1642.0], [495.0, 1654.0], [485.0, 1662.0], [482.0, 1680.0], [481.0, 1721.0], [467.0, 1723.0], [458.0, 1724.0], [444.0, 1729.0], [440.0, 1738.0], [429.0, 1751.0], [425.0, 1774.0], [420.0, 1779.0], [402.0, 1794.0], [389.0, 1796.0], [388.0, 1801.0], [386.0, 1810.0], [377.0, 1820.0], [372.0, 1821.0], [371.0, 1825.0], [368.0, 1844.0], [354.0, 1871.0], [344.0, 1879.0], [340.0, 1903.0], [319.0, 1908.0], [318.0, 1910.0], [299.0, 1916.0], [297.0, 1962.0], [258.0, 1974.0], [251.0, 1992.0], [240.0, 1993.0], [236.0, 1994.0], [223.0, 2010.0], [197.0, 2023.0], [192.0, 2026.0], [166.0, 2033.0], [164.0, 2037.0], [147.0, 2041.0], [146.0, 2046.0], [136.0, 2053.0], [124.0, 2057.0], [120.0, 2059.0], [116.0, 2060.0], [100.0, 2067.0], [85.0, 2070.0], [72.0, 2078.0], [6.0, 2079.0]]
