heur = true
LBS_limit = 3
preproc = 1
tight_root = 0
total_time = 1800.16
NDP = 76
total_nodes = 837573
pruned_nodes = 418751
pruned_dominance_nodes = 78084
heur_time = 0.8
Y_N = Any[[2208.0, 2255.0], [1981.0, 2718.0], [1754.0, 2720.0], [1747.0, 2731.0], [1721.0, 2740.0], [1704.0, 2743.0], [1700.0, 2816.0], [1691.0, 2840.0], [1677.0, 2842.0], [1657.0, 2905.0], [1622.0, 2913.0], [1621.0, 2948.0], [1611.0, 2964.0], [1598.0, 2982.0], [1580.0, 2987.0], [1574.0, 2995.0], [1569.0, 3007.0], [1564.0, 3045.0], [1554.0, 3057.0], [1538.0, 3079.0], [1521.0, 3094.0], [1508.0, 3109.0], [1492.0, 3131.0], [1471.0, 3153.0], [1467.0, 3159.0], [1465.0, 3163.0], [1461.0, 3166.0], [1459.0, 3170.0], [1451.0, 3183.0], [1435.0, 3185.0], [1428.0, 3187.0], [1425.0, 3208.0], [1419.0, 3210.0], [1410.0, 3234.0], [1403.0, 3249.0], [1392.0, 3254.0], [1390.0, 3255.0], [1387.0, 3259.0], [1381.0, 3263.0], [1370.0, 3274.0], [1369.0, 3600.0], [1088.0, 3606.0], [1078.0, 3617.0], [1071.0, 3618.0], [1070.0, 3630.0], [1060.0, 3653.0], [1047.0, 3654.0], [1039.0, 3677.0], [1022.0, 3694.0], [1015.0, 3708.0], [985.0, 3710.0], [976.0, 3719.0], [971.0, 3724.0], [968.0, 3725.0], [963.0, 3729.0], [962.0, 3741.0], [941.0, 3743.0], [936.0, 3750.0], [928.0, 3771.0], [919.0, 3779.0], [913.0, 3781.0], [898.0, 3798.0], [882.0, 3808.0], [881.0, 3827.0], [855.0, 3831.0], [848.0, 3833.0], [844.0, 3834.0], [841.0, 3841.0], [837.0, 3856.0], [834.0, 3869.0], [820.0, 3875.0], [803.0, 3896.0], [797.0, 3897.0], [793.0, 4172.0], [485.0, 4204.0], [389.0, 4239.0]]
