heur = true
LBS_limit = 3
preproc = 1
tight_root = 0
total_time = 1800.0
NDP = 101
total_nodes = 1598043
pruned_nodes = 799000
pruned_dominance_nodes = 51145
heur_time = 0.29
Y_N = Any[[1460.0, 1080.0], [1446.0, 1128.0], [1436.0, 1174.0], [1391.0, 1206.0], [1379.0, 1312.0], [1352.0, 1321.0], [1349.0, 1354.0], [1341.0, 1367.0], [1319.0, 1454.0], [1308.0, 1468.0], [1305.0, 1488.0], [1291.0, 1515.0], [1280.0, 1606.0], [1256.0, 1624.0], [1232.0, 1630.0], [1217.0, 1707.0], [1197.0, 1709.0], [1193.0, 1715.0], [1185.0, 1745.0], [1158.0, 1747.0], [1151.0, 1754.0], [1148.0, 1762.0], [1144.0, 1778.0], [1129.0, 1781.0], [1127.0, 1823.0], [1121.0, 1829.0], [1101.0, 1832.0], [1097.0, 1851.0], [1084.0, 1862.0], [1075.0, 1876.0], [1070.0, 1915.0], [1053.0, 1918.0], [1047.0, 1928.0], [1032.0, 1974.0], [1013.0, 1983.0], [999.0, 2002.0], [997.0, 2007.0], [989.0, 2017.0], [983.0, 2058.0], [977.0, 2067.0], [940.0, 2096.0], [923.0, 2100.0], [910.0, 2102.0], [906.0, 2105.0], [904.0, 2124.0], [897.0, 2126.0], [895.0, 2146.0], [886.0, 2160.0], [873.0, 2169.0], [868.0, 2201.0], [853.0, 2237.0], [819.0, 2249.0], [813.0, 2261.0], [793.0, 2266.0], [783.0, 2272.0], [772.0, 2276.0], [765.0, 2331.0], [741.0, 2346.0], [700.0, 2367.0], [688.0, 2369.0], [679.0, 2371.0], [678.0, 2381.0], [646.0, 2384.0], [645.0, 2415.0], [636.0, 2427.0], [620.0, 2439.0], [618.0, 2442.0], [598.0, 2445.0], [582.0, 2461.0], [570.0, 2467.0], [554.0, 2474.0], [551.0, 2475.0], [543.0, 2479.0], [538.0, 2480.0], [530.0, 2502.0], [512.0, 2506.0], [505.0, 2515.0], [504.0, 2532.0], [486.0, 2552.0], [479.0, 2561.0], [477.0, 2573.0], [448.0, 2580.0], [428.0, 2589.0], [416.0, 2590.0], [414.0, 2595.0], [410.0, 2605.0], [408.0, 2607.0], [404.0, 2615.0], [392.0, 2622.0], [379.0, 2629.0], [375.0, 2638.0], [352.0, 2647.0], [341.0, 2651.0], [339.0, 2677.0], [332.0, 2684.0], [309.0, 2688.0], [297.0, 2703.0], [282.0, 2704.0], [256.0, 2727.0], [238.0, 2767.0], [202.0, 2774.0]]
