heur = true
LBS_limit = 3
preproc = 1
tight_root = 0
total_time = 1810.45
NDP = 83
total_nodes = 630413
pruned_nodes = 315170
pruned_dominance_nodes = 46358
heur_time = 1.8
Y_N = Any[[2274.0, 4137.0], [2213.0, 4221.0], [2205.0, 4224.0], [2185.0, 4289.0], [2004.0, 4536.0], [1543.0, 4912.0], [1541.0, 4993.0], [1520.0, 5020.0], [1513.0, 5050.0], [1505.0, 5061.0], [1494.0, 5065.0], [1491.0, 5085.0], [1485.0, 5098.0], [1478.0, 5142.0], [1469.0, 5166.0], [1453.0, 5205.0], [1432.0, 5216.0], [1431.0, 5233.0], [1418.0, 5235.0], [1415.0, 5244.0], [1413.0, 5259.0], [1412.0, 5266.0], [1395.0, 5267.0], [1393.0, 5268.0], [1386.0, 5299.0], [1383.0, 5311.0], [1373.0, 5316.0], [1369.0, 5321.0], [1366.0, 5339.0], [1360.0, 5348.0], [1347.0, 5398.0], [1341.0, 5408.0], [1323.0, 5422.0], [1322.0, 5457.0], [1289.0, 5460.0], [1284.0, 5473.0], [1281.0, 5495.0], [1270.0, 5511.0], [1264.0, 5519.0], [1258.0, 5521.0], [1229.0, 5526.0], [1226.0, 5546.0], [1222.0, 5548.0], [1219.0, 5570.0], [1207.0, 5580.0], [1196.0, 5596.0], [1191.0, 5606.0], [1179.0, 5616.0], [1168.0, 5632.0], [1146.0, 5636.0], [1140.0, 5646.0], [1129.0, 5653.0], [1120.0, 5669.0], [1117.0, 5691.0], [1101.0, 5698.0], [1092.0, 5701.0], [1078.0, 5717.0], [1065.0, 5724.0], [1052.0, 5729.0], [1049.0, 5731.0], [1039.0, 5739.0], [1035.0, 5745.0], [1030.0, 5754.0], [1027.0, 5776.0], [1009.0, 5789.0], [1003.0, 5808.0], [978.0, 5818.0], [974.0, 5822.0], [952.0, 5829.0], [951.0, 5841.0], [948.0, 5849.0], [944.0, 6080.0], [703.0, 6081.0], [700.0, 6086.0], [699.0, 6100.0], [690.0, 6116.0], [687.0, 6138.0], [662.0, 6148.0], [658.0, 6152.0], [635.0, 6171.0], [585.0, 6350.0], [363.0, 6452.0], [300.0, 6488.0]]
