heur = true
LBS_limit = 3
preproc = 1
tight_root = 0
total_time = 1800.0
NDP = 50
total_nodes = 877791
pruned_nodes = 438863
pruned_dominance_nodes = 53208
heur_time = 0.97
Y_N = Any[[2692.0, 3972.0], [2387.0, 4196.0], [2383.0, 4202.0], [2339.0, 4235.0], [2319.0, 4251.0], [2318.0, 4344.0], [2284.0, 4603.0], [2156.0, 4786.0], [1970.0, 4796.0], [1963.0, 4805.0], [1946.0, 4812.0], [1941.0, 4857.0], [1924.0, 5059.0], [1761.0, 5105.0], [1739.0, 5116.0], [1720.0, 5141.0], [1712.0, 5174.0], [1683.0, 5275.0], [1600.0, 5308.0], [1568.0, 5311.0], [1553.0, 5315.0], [1534.0, 5329.0], [1531.0, 5335.0], [1529.0, 5365.0], [1494.0, 5369.0], [1488.0, 5471.0], [1411.0, 5485.0], [1362.0, 5503.0], [1352.0, 5519.0], [1348.0, 5520.0], [1340.0, 5568.0], [1288.0, 5571.0], [1271.0, 5574.0], [1266.0, 5593.0], [1248.0, 5597.0], [1226.0, 5651.0], [1179.0, 5723.0], [1106.0, 5724.0], [1056.0, 5779.0], [1030.0, 5789.0], [1012.0, 5810.0], [991.0, 5831.0], [941.0, 5850.0], [939.0, 5868.0], [891.0, 5882.0], [844.0, 5885.0], [839.0, 5887.0], [830.0, 5941.0], [762.0, 5949.0], [726.0, 6007.0]]
