heur = false
LBS_limit = 3
preproc = 1
tight_root = 0
total_time = 1680.67
NDP = 90
total_nodes = 948105
pruned_nodes = 474053
pruned_dominance_nodes = 443580
heur_time = 0.0
Y_N = Any[[4908.0, 2722.0], [4868.0, 2802.0], [4863.0, 2818.0], [4858.0, 2824.0], [4852.0, 2860.0], [4847.0, 2887.0], [4835.0, 2895.0], [4830.0, 2897.0], [4823.0, 2919.0], [4815.0, 2924.0], [4811.0, 2949.0], [4805.0, 2993.0], [4802.0, 3009.0], [4788.0, 3084.0], [4765.0, 3089.0], [4754.0, 3118.0], [4746.0, 3126.0], [4737.0, 3201.0], [4725.0, 3206.0], [4705.0, 3247.0], [4685.0, 3265.0], [4665.0, 3293.0], [4651.0, 3301.0], [4650.0, 3305.0], [4646.0, 3311.0], [4643.0, 3340.0], [4635.0, 3345.0], [4626.0, 3353.0], [4617.0, 3376.0], [4610.0, 3382.0], [4609.0, 3388.0], [4605.0, 3405.0], [4587.0, 3434.0], [4559.0, 3440.0], [4553.0, 3462.0], [4552.0, 3463.0], [4547.0, 3488.0], [4531.0, 3496.0], [4527.0, 3500.0], [4515.0, 3511.0], [4514.0, 3517.0], [4505.0, 3522.0], [4502.0, 3524.0], [4498.0, 3534.0], [4495.0, 3540.0], [4488.0, 3554.0], [4483.0, 3569.0], [4472.0, 3570.0], [4469.0, 3590.0], [4462.0, 3600.0], [4451.0, 3626.0], [4429.0, 3636.0], [4426.0, 3649.0], [4418.0, 3692.0], [4403.0, 3695.0], [4397.0, 3698.0], [4394.0, 3703.0], [4391.0, 3705.0], [4386.0, 3709.0], [4380.0, 3727.0], [4368.0, 3743.0], [4347.0, 3766.0], [4345.0, 3780.0], [4344.0, 3782.0], [4336.0, 3792.0], [4325.0, 3800.0], [4306.0, 3816.0], [4293.0, 3837.0], [4273.0, 3871.0], [4258.0, 3873.0], [4257.0, 3891.0], [4247.0, 3894.0], [4236.0, 3913.0], [4235.0, 3925.0], [4219.0, 3963.0], [4209.0, 3968.0], [4170.0, 3974.0], [4167.0, 3993.0], [4155.0, 4001.0], [4139.0, 4005.0], [4136.0, 4013.0], [4135.0, 4033.0], [4108.0, 4038.0], [4096.0, 4078.0], [4044.0, 4090.0], [4038.0, 4117.0], [4011.0, 4158.0], [3928.0, 4202.0], [3881.0, 4207.0], [3826.0, 4254.0]]
