heur = false
LBS_limit = 3
preproc = 1
tight_root = 0
total_time = 183.77
NDP = 31
total_nodes = 89157
pruned_nodes = 44579
pruned_dominance_nodes = 41807
heur_time = 0.0
Y_N = Any[[5345.0, 3712.0], [5299.0, 3804.0], [5249.0, 3891.0], [5172.0, 3911.0], [5137.0, 3976.0], [5107.0, 3989.0], [5041.0, 4066.0], [5018.0, 4121.0], [4899.0, 4132.0], [4892.0, 4200.0], [4781.0, 4205.0], [4776.0, 4206.0], [4771.0, 4207.0], [4748.0, 4227.0], [4732.0, 4232.0], [4724.0, 4242.0], [4715.0, 4285.0], [4697.0, 4326.0], [4677.0, 4327.0], [4663.0, 4338.0], [4642.0, 4352.0], [4629.0, 4373.0], [4598.0, 4430.0], [4595.0, 4481.0], [4567.0, 4485.0], [4377.0, 4496.0], [4266.0, 4525.0], [4228.0, 4526.0], [4135.0, 4529.0], [4133.0, 4540.0], [4087.0, 4582.0]]
