heur = false
LBS_limit = 3
preproc = 1
tight_root = 0
total_time = 1800.0
NDP = 108
total_nodes = 782275
pruned_nodes = 391125
pruned_dominance_nodes = 381197
heur_time = 0.0
Y_N = Any[[6972.0, 3758.0], [6968.0, 3847.0], [6957.0, 3866.0], [6948.0, 3871.0], [6945.0, 3957.0], [6935.0, 3986.0], [6922.0, 3989.0], [6921.0, 3996.0], [6920.0, 4039.0], [6907.0, 4044.0], [6899.0, 4076.0], [6886.0, 4091.0], [6884.0, 4096.0], [6877.0, 4121.0], [6875.0, 4127.0], [6863.0, 4133.0], [6855.0, 4134.0], [6849.0, 4172.0], [6848.0, 4180.0], [6841.0, 4188.0], [6834.0, 4191.0], [6828.0, 4220.0], [6819.0, 4267.0], [6786.0, 4270.0], [6779.0, 4271.0], [6777.0, 4289.0], [6773.0, 4345.0], [6760.0, 4391.0], [6736.0, 4420.0], [6717.0, 4433.0], [6706.0, 4454.0], [6700.0, 4467.0], [6691.0, 4468.0], [6688.0, 4469.0], [6672.0, 4483.0], [6669.0, 4492.0], [6664.0, 4501.0], [6661.0, 4502.0], [6660.0, 4513.0], [6650.0, 4567.0], [6619.0, 4568.0], [6612.0, 4585.0], [6606.0, 4615.0], [6596.0, 4618.0], [6588.0, 4622.0], [6577.0, 4624.0], [6575.0, 4630.0], [6571.0, 4651.0], [6562.0, 4696.0], [6533.0, 4701.0], [6529.0, 4707.0], [6527.0, 4714.0], [6521.0, 4719.0], [6519.0, 4746.0], [6505.0, 4780.0], [6501.0, 4799.0], [6465.0, 4810.0], [6452.0, 4829.0], [6443.0, 4838.0], [6429.0, 4848.0], [6425.0, 4853.0], [6417.0, 4859.0], [6409.0, 4868.0], [6406.0, 4879.0], [6400.0, 4880.0], [6399.0, 4887.0], [6396.0, 4908.0], [6373.0, 4912.0], [6369.0, 4913.0], [6364.0, 4914.0], [6363.0, 4916.0], [6362.0, 4928.0], [6361.0, 4967.0], [6351.0, 4989.0], [6323.0, 5012.0], [6309.0, 5022.0], [6289.0, 5057.0], [6278.0, 5062.0], [6267.0, 5065.0], [6266.0, 5079.0], [6246.0, 5113.0], [6240.0, 5124.0], [6221.0, 5144.0], [6213.0, 5145.0], [6209.0, 5149.0], [6193.0, 5165.0], [6181.0, 5171.0], [6168.0, 5211.0], [6161.0, 5214.0], [6135.0, 5245.0], [6120.0, 5258.0], [6105.0, 5275.0], [6087.0, 5298.0], [6067.0, 5332.0], [6047.0, 5333.0], [6007.0, 5334.0], [6004.0, 5338.0], [5989.0, 5404.0], [5925.0, 5410.0], [5913.0, 5430.0], [5899.0, 5480.0], [5838.0, 5494.0], [5821.0, 5528.0], [5772.0, 5529.0], [5739.0, 5534.0], [5673.0, 5539.0], [5672.0, 5549.0], [5669.0, 5557.0]]
