heur = false
LBS_limit = 3
preproc = 1
tight_root = 0
total_time = 1572.06
NDP = 87
total_nodes = 857765
pruned_nodes = 428883
pruned_dominance_nodes = 416298
heur_time = 0.0
Y_N = Any[[4717.0, 2764.0], [4710.0, 2770.0], [4704.0, 2804.0], [4694.0, 2860.0], [4677.0, 2909.0], [4668.0, 2913.0], [4662.0, 2936.0], [4653.0, 2939.0], [4645.0, 3010.0], [4625.0, 3035.0], [4623.0, 3081.0], [4610.0, 3096.0], [4602.0, 3124.0], [4587.0, 3130.0], [4581.0, 3163.0], [4564.0, 3168.0], [4563.0, 3186.0], [4551.0, 3201.0], [4545.0, 3216.0], [4544.0, 3242.0], [4526.0, 3256.0], [4513.0, 3259.0], [4506.0, 3262.0], [4504.0, 3268.0], [4501.0, 3279.0], [4500.0, 3286.0], [4494.0, 3304.0], [4491.0, 3310.0], [4485.0, 3320.0], [4484.0, 3357.0], [4475.0, 3381.0], [4469.0, 3399.0], [4465.0, 3403.0], [4452.0, 3405.0], [4448.0, 3429.0], [4432.0, 3431.0], [4428.0, 3473.0], [4416.0, 3485.0], [4407.0, 3502.0], [4398.0, 3506.0], [4397.0, 3520.0], [4381.0, 3537.0], [4373.0, 3564.0], [4356.0, 3567.0], [4355.0, 3573.0], [4353.0, 3601.0], [4341.0, 3609.0], [4337.0, 3610.0], [4332.0, 3630.0], [4325.0, 3631.0], [4310.0, 3637.0], [4309.0, 3641.0], [4308.0, 3650.0], [4303.0, 3660.0], [4301.0, 3690.0], [4291.0, 3742.0], [4267.0, 3762.0], [4232.0, 3780.0], [4224.0, 3818.0], [4204.0, 3820.0], [4193.0, 3863.0], [4170.0, 3867.0], [4157.0, 3870.0], [4155.0, 3872.0], [4145.0, 3894.0], [4137.0, 3898.0], [4130.0, 3925.0], [4098.0, 3942.0], [4089.0, 3950.0], [4071.0, 3977.0], [4040.0, 4010.0], [4021.0, 4012.0], [4012.0, 4014.0], [4007.0, 4018.0], [3995.0, 4021.0], [3983.0, 4050.0], [3980.0, 4053.0], [3963.0, 4060.0], [3949.0, 4065.0], [3942.0, 4080.0], [3899.0, 4088.0], [3883.0, 4112.0], [3865.0, 4126.0], [3864.0, 4128.0], [3821.0, 4134.0], [3806.0, 4176.0], [3794.0, 4186.0]]
