heur = false
LBS_limit = 3
preproc = 1
tight_root = 0
total_time = 92.87
NDP = 73
total_nodes = 60189
pruned_nodes = 30095
pruned_dominance_nodes = 26235
heur_time = 0.0
Y_N = Any[[3228.0, 1669.0], [3215.0, 1713.0], [3196.0, 1742.0], [3173.0, 1747.0], [3168.0, 1797.0], [3166.0, 1822.0], [3160.0, 1826.0], [3150.0, 1875.0], [3134.0, 1883.0], [3131.0, 1886.0], [3130.0, 1898.0], [3117.0, 1901.0], [3116.0, 1916.0], [3113.0, 1966.0], [3106.0, 1970.0], [3093.0, 1978.0], [3090.0, 1980.0], [3082.0, 1992.0], [3073.0, 2018.0], [3068.0, 2040.0], [3050.0, 2049.0], [3039.0, 2066.0], [3034.0, 2069.0], [3027.0, 2084.0], [3018.0, 2101.0], [3017.0, 2105.0], [3016.0, 2119.0], [3007.0, 2124.0], [3003.0, 2133.0], [2997.0, 2145.0], [2979.0, 2146.0], [2978.0, 2163.0], [2976.0, 2165.0], [2971.0, 2179.0], [2963.0, 2218.0], [2939.0, 2219.0], [2932.0, 2223.0], [2929.0, 2250.0], [2920.0, 2252.0], [2912.0, 2264.0], [2903.0, 2272.0], [2898.0, 2296.0], [2888.0, 2300.0], [2873.0, 2306.0], [2871.0, 2317.0], [2870.0, 2336.0], [2854.0, 2349.0], [2837.0, 2362.0], [2824.0, 2376.0], [2819.0, 2381.0], [2818.0, 2385.0], [2816.0, 2400.0], [2811.0, 2420.0], [2796.0, 2424.0], [2783.0, 2427.0], [2782.0, 2441.0], [2764.0, 2442.0], [2751.0, 2451.0], [2750.0, 2469.0], [2740.0, 2476.0], [2734.0, 2478.0], [2732.0, 2481.0], [2730.0, 2485.0], [2726.0, 2489.0], [2712.0, 2495.0], [2710.0, 2518.0], [2701.0, 2529.0], [2686.0, 2539.0], [2683.0, 2548.0], [2681.0, 2561.0], [2667.0, 2596.0], [2612.0, 2631.0], [2604.0, 2635.0]]
