heur = false
LBS_limit = 3
preproc = 1
tight_root = 0
total_time = 1800.0
NDP = 97
total_nodes = 881017
pruned_nodes = 440495
pruned_dominance_nodes = 417807
heur_time = 0.0
Y_N = Any[[7117.0, 3966.0], [7078.0, 3994.0], [7040.0, 4056.0], [7039.0, 4058.0], [7038.0, 4075.0], [7017.0, 4089.0], [7010.0, 4176.0], [6973.0, 4200.0], [6958.0, 4213.0], [6951.0, 4215.0], [6943.0, 4228.0], [6931.0, 4247.0], [6926.0, 4255.0], [6923.0, 4262.0], [6922.0, 4266.0], [6921.0, 4308.0], [6905.0, 4320.0], [6895.0, 4326.0], [6887.0, 4345.0], [6876.0, 4375.0], [6865.0, 4401.0], [6837.0, 4402.0], [6836.0, 4473.0], [6819.0, 4476.0], [6811.0, 4479.0], [6803.0, 4480.0], [6798.0, 4492.0], [6795.0, 4493.0], [6790.0, 4500.0], [6788.0, 4521.0], [6776.0, 4569.0], [6772.0, 4575.0], [6770.0, 4620.0], [6734.0, 4621.0], [6727.0, 4652.0], [6712.0, 4673.0], [6710.0, 4674.0], [6702.0, 4679.0], [6696.0, 4688.0], [6678.0, 4694.0], [6675.0, 4715.0], [6668.0, 4752.0], [6659.0, 4763.0], [6639.0, 4764.0], [6637.0, 4779.0], [6621.0, 4806.0], [6619.0, 4820.0], [6604.0, 4821.0], [6592.0, 4833.0], [6587.0, 4840.0], [6577.0, 4899.0], [6533.0, 4901.0], [6529.0, 4908.0], [6527.0, 4931.0], [6515.0, 4944.0], [6507.0, 4945.0], [6505.0, 4963.0], [6496.0, 4966.0], [6493.0, 4973.0], [6486.0, 5003.0], [6469.0, 5029.0], [6438.0, 5033.0], [6432.0, 5067.0], [6426.0, 5074.0], [6411.0, 5103.0], [6394.0, 5119.0], [6384.0, 5137.0], [6358.0, 5149.0], [6347.0, 5155.0], [6337.0, 5160.0], [6336.0, 5187.0], [6316.0, 5206.0], [6310.0, 5231.0], [6295.0, 5251.0], [6257.0, 5281.0], [6256.0, 5294.0], [6252.0, 5306.0], [6219.0, 5355.0], [6179.0, 5366.0], [6157.0, 5375.0], [6147.0, 5399.0], [6140.0, 5405.0], [6127.0, 5406.0], [6103.0, 5416.0], [6094.0, 5435.0], [6068.0, 5460.0], [6025.0, 5463.0], [5978.0, 5473.0], [5961.0, 5476.0], [5954.0, 5500.0], [5921.0, 5504.0], [5900.0, 5533.0], [5840.0, 5534.0], [5838.0, 5542.0], [5823.0, 5547.0], [5803.0, 5555.0], [5800.0, 5581.0]]
