heur = false
LBS_limit = 3
preproc = 1
tight_root = 0
total_time = 1800.0
NDP = 95
total_nodes = 736451
pruned_nodes = 368213
pruned_dominance_nodes = 352986
heur_time = 0.0
Y_N = Any[[6420.0, 4834.0], [6370.0, 4835.0], [6361.0, 4889.0], [6343.0, 4891.0], [6332.0, 4898.0], [6330.0, 4911.0], [6328.0, 4923.0], [6318.0, 4937.0], [6314.0, 4949.0], [6308.0, 4989.0], [6287.0, 4998.0], [6282.0, 5005.0], [6281.0, 5045.0], [6274.0, 5083.0], [6262.0, 5088.0], [6254.0, 5097.0], [6247.0, 5115.0], [6235.0, 5131.0], [6217.0, 5137.0], [6213.0, 5164.0], [6210.0, 5197.0], [6188.0, 5209.0], [6179.0, 5241.0], [6165.0, 5257.0], [6152.0, 5259.0], [6143.0, 5272.0], [6139.0, 5274.0], [6137.0, 5295.0], [6136.0, 5350.0], [6113.0, 5357.0], [6099.0, 5360.0], [6097.0, 5381.0], [6077.0, 5385.0], [6074.0, 5393.0], [6073.0, 5437.0], [6048.0, 5458.0], [6047.0, 5468.0], [6039.0, 5489.0], [6036.0, 5533.0], [5987.0, 5541.0], [5985.0, 5562.0], [5972.0, 5576.0], [5969.0, 5601.0], [5954.0, 5613.0], [5949.0, 5673.0], [5913.0, 5694.0], [5908.0, 5699.0], [5888.0, 5714.0], [5880.0, 5735.0], [5872.0, 5761.0], [5851.0, 5765.0], [5848.0, 5768.0], [5844.0, 5780.0], [5836.0, 5783.0], [5825.0, 5799.0], [5824.0, 5811.0], [5816.0, 5815.0], [5815.0, 5830.0], [5801.0, 5833.0], [5798.0, 5858.0], [5797.0, 5879.0], [5774.0, 5889.0], [5768.0, 5903.0], [5748.0, 5931.0], [5743.0, 5935.0], [5742.0, 5936.0], [5738.0, 5937.0], [5728.0, 5944.0], [5713.0, 5966.0], [5705.0, 5969.0], [5699.0, 6010.0], [5681.0, 6011.0], [5667.0, 6015.0], [5664.0, 6037.0], [5649.0, 6045.0], [5643.0, 6059.0], [5641.0, 6078.0], [5625.0, 6081.0], [5605.0, 6115.0], [5589.0, 6127.0], [5581.0, 6158.0], [5545.0, 6181.0], [5534.0, 6205.0], [5516.0, 6224.0], [5483.0, 6226.0], [5475.0, 6238.0], [5458.0, 6266.0], [5434.0, 6268.0], [5418.0, 6278.0], [5388.0, 6293.0], [5380.0, 6303.0], [5347.0, 6317.0], [5341.0, 6362.0], [5247.0, 6379.0], [5243.0, 6385.0]]
