heur = false
LBS_limit = 4
preproc = 1
tight_root = 0
total_time = 1800.02
NDP = 510
total_nodes = 145801
pruned_nodes = 72858
pruned_dominance_nodes = 472
heur_time = 0.0
Y_N = Any[[1530.0, 402.0, 802.0], [1512.0, 433.0, 772.0], [1505.0, 553.0, 609.0], [1483.0, 475.0, 784.0], [1477.0, 574.0, 676.0], [1476.0, 602.0, 686.0], [1469.0, 530.0, 714.0], [1467.0, 389.0, 816.0], [1457.0, 608.0, 566.0], [1449.0, 636.0, 570.0], [1448.0, 435.0, 786.0], [1448.0, 417.0, 851.0], [1441.0, 483.0, 889.0], [1438.0, 640.0, 576.0], [1438.0, 613.0, 580.0], [1438.0, 585.0, 697.0], [1437.0, 523.0, 774.0], [1433.0, 567.0, 733.0], [1430.0, 526.0, 736.0], [1427.0, 700.0, 506.0], [1426.0, 649.0, 548.0], [1425.0, 531.0, 769.0], [1424.0, 631.0, 642.0], [1422.0, 502.0, 777.0], [1421.0, 608.0, 745.0], [1421.0, 553.0, 828.0], [1421.0, 493.0, 872.0], [1420.0, 650.0, 574.0], [1417.0, 656.0, 642.0], [1415.0, 641.0, 657.0], [1414.0, 672.0, 610.0], [1414.0, 495.0, 844.0], [1413.0, 674.0, 550.0], [1412.0, 606.0, 806.0], [1408.0, 703.0, 522.0], [1408.0, 698.0, 537.0], [1407.0, 620.0, 747.0], [1405.0, 618.0, 771.0], [1405.0, 612.0, 785.0], [1403.0, 710.0, 597.0], [1400.0, 649.0, 684.0], [1397.0, 678.0, 741.0], [1396.0, 608.0, 833.0], [1395.0, 712.0, 507.0], [1394.0, 640.0, 805.0], [1393.0, 773.0, 529.0], [1390.0, 736.0, 547.0], [1390.0, 723.0, 557.0], [1389.0, 747.0, 558.0], [1384.0, 709.0, 657.0], [1381.0, 767.0, 533.0], [1381.0, 434.0, 907.0], [1378.0, 687.0, 799.0], [1378.0, 617.0, 808.0], [1378.0, 538.0, 846.0], [1376.0, 611.0, 827.0], [1374.0, 688.0, 735.0], [1373.0, 809.0, 575.0], [1372.0, 729.0, 630.0], [1372.0, 707.0, 708.0], [1370.0, 718.0, 640.0], [1367.0, 734.0, 649.0], [1366.0, 425.0, 944.0], [1365.0, 762.0, 593.0], [1364.0, 759.0, 597.0], [1364.0, 742.0, 660.0], [1362.0, 521.0, 853.0], [1354.0, 754.0, 661.0], [1354.0, 501.0, 862.0], [1353.0, 731.0, 714.0], [1351.0, 814.0, 478.0], [1351.0, 735.0, 704.0], [1350.0, 467.0, 934.0], [1348.0, 771.0, 583.0], [1346.0, 816.0, 543.0], [1346.0, 784.0, 604.0], [1345.0, 762.0, 682.0], [1344.0, 665.0, 814.0], [1342.0, 765.0, 717.0], [1342.0, 701.0, 807.0], [1342.0, 512.0, 855.0], [1341.0, 501.0, 870.0], [1340.0, 612.0, 819.0], [1340.0, 581.0, 909.0], [1338.0, 807.0, 645.0], [1336.0, 583.0, 859.0], [1335.0, 714.0, 743.0], [1334.0, 861.0, 623.0], [1333.0, 497.0, 951.0], [1331.0, 807.0, 671.0], [1329.0, 730.0, 836.0], [1327.0, 633.0, 866.0], [1326.0, 758.0, 738.0], [1326.0, 648.0, 843.0], [1324.0, 733.0, 771.0], [1321.0, 643.0, 865.0], [1320.0, 826.0, 657.0], [1318.0, 852.0, 638.0], [1318.0, 776.0, 746.0], [1317.0, 575.0, 920.0], [1316.0, 867.0, 512.0], [1316.0, 792.0, 720.0], [1316.0, 747.0, 756.0], [1316.0, 588.0, 880.0], [1313.0, 799.0, 675.0], [1311.0, 815.0, 780.0], [1311.0, 605.0, 888.0], [1310.0, 658.0, 895.0], [1309.0, 902.0, 530.0], [1309.0, 887.0, 547.0], [1309.0, 848.0, 654.0], [1308.0, 926.0, 608.0], [1307.0, 884.0, 640.0], [1307.0, 668.0, 861.0], [1306.0, 856.0, 679.0], [1301.0, 606.0, 899.0], [1300.0, 470.0, 957.0], [1299.0, 921.0, 629.0], [1298.0, 571.0, 938.0], [1296.0, 623.0, 916.0], [1293.0, 861.0, 776.0], [1293.0, 771.0, 784.0], [1290.0, 693.0, 849.0], [1289.0, 609.0, 931.0], [1283.0, 896.0, 645.0], [1281.0, 690.0, 867.0], [1280.0, 972.0, 568.0], [1277.0, 928.0, 649.0], [1276.0, 589.0, 948.0], [1274.0, 895.0, 658.0], [1273.0, 984.0, 579.0], [1273.0, 745.0, 833.0], [1273.0, 661.0, 910.0], [1272.0, 706.0, 837.0], [1272.0, 675.0, 872.0], [1271.0, 885.0, 679.0], [1269.0, 774.0, 826.0], [1267.0, 912.0, 668.0], [1260.0, 674.0, 874.0], [1259.0, 879.0, 728.0], [1258.0, 934.0, 595.0], [1257.0, 940.0, 621.0], [1256.0, 820.0, 797.0], [1255.0, 734.0, 858.0], [1254.0, 952.0, 596.0], [1254.0, 883.0, 682.0], [1253.0, 947.0, 597.0], [1253.0, 908.0, 679.0], [1253.0, 750.0, 836.0], [1252.0, 935.0, 680.0], [1251.0, 784.0, 811.0], [1250.0, 957.0, 638.0], [1250.0, 749.0, 847.0], [1249.0, 1001.0, 510.0], [1249.0, 970.0, 643.0], [1248.0, 1007.0, 609.0], [1248.0, 980.0, 654.0], [1248.0, 676.0, 871.0], [1247.0, 1025.0, 604.0], [1244.0, 980.0, 658.0], [1244.0, 962.0, 668.0], [1244.0, 889.0, 726.0], [1243.0, 921.0, 690.0], [1243.0, 791.0, 806.0], [1243.0, 736.0, 871.0], [1240.0, 960.0, 680.0], [1240.0, 781.0, 837.0], [1238.0, 987.0, 614.0], [1238.0, 986.0, 628.0], [1238.0, 911.0, 695.0], [1238.0, 818.0, 806.0], [1237.0, 1002.0, 619.0], [1237.0, 656.0, 1004.0], [1236.0, 876.0, 747.0], [1235.0, 885.0, 751.0], [1234.0, 1026.0, 552.0], [1233.0, 911.0, 703.0], [1232.0, 748.0, 901.0], [1229.0, 873.0, 752.0], [1227.0, 1023.0, 642.0], [1227.0, 923.0, 704.0], [1226.0, 1048.0, 623.0], [1225.0, 1088.0, 487.0], [1225.0, 873.0, 761.0], [1225.0, 765.0, 889.0], [1224.0, 1036.0, 626.0], [1221.0, 893.0, 755.0], [1221.0, 845.0, 795.0], [1220.0, 924.0, 707.0], [1220.0, 674.0, 949.0], [1218.0, 1001.0, 647.0], [1218.0, 920.0, 715.0], [1217.0, 879.0, 767.0], [1217.0, 827.0, 824.0], [1211.0, 929.0, 722.0], [1210.0, 1017.0, 652.0], [1210.0, 963.0, 694.0], [1209.0, 908.0, 757.0], [1207.0, 1057.0, 550.0], [1207.0, 890.0, 785.0], [1207.0, 753.0, 891.0], [1204.0, 979.0, 688.0], [1204.0, 838.0, 831.0], [1203.0, 979.0, 694.0], [1201.0, 1025.0, 643.0], [1201.0, 768.0, 840.0], [1199.0, 1071.0, 540.0], [1199.0, 841.0, 835.0], [1198.0, 980.0, 669.0], [1197.0, 899.0, 771.0], [1197.0, 718.0, 917.0], [1196.0, 919.0, 738.0], [1195.0, 1067.0, 627.0], [1193.0, 950.0, 702.0], [1192.0, 963.0, 695.0], [1191.0, 1110.0, 581.0], [1191.0, 958.0, 719.0], [1191.0, 848.0, 828.0], [1189.0, 1039.0, 648.0], [1187.0, 1046.0, 637.0], [1186.0, 1015.0, 681.0], [1184.0, 984.0, 683.0], [1184.0, 945.0, 728.0], [1181.0, 1035.0, 681.0], [1181.0, 896.0, 824.0], [1180.0, 993.0, 695.0], [1176.0, 1056.0, 656.0], [1176.0, 845.0, 852.0], [1173.0, 817.0, 908.0], [1172.0, 1107.0, 594.0], [1171.0, 945.0, 737.0], [1171.0, 925.0, 762.0], [1170.0, 978.0, 710.0], [1169.0, 1108.0, 582.0], [1169.0, 1061.0, 641.0], [1169.0, 994.0, 703.0], [1169.0, 958.0, 728.0], [1168.0, 1129.0, 547.0], [1168.0, 953.0, 736.0], [1168.0, 936.0, 805.0], [1166.0, 1131.0, 547.0], [1165.0, 1077.0, 600.0], [1165.0, 980.0, 720.0], [1164.0, 977.0, 736.0], [1162.0, 1121.0, 549.0], [1162.0, 999.0, 685.0], [1161.0, 1119.0, 582.0], [1160.0, 1136.0, 556.0], [1158.0, 1088.0, 672.0], [1156.0, 922.0, 815.0], [1156.0, 721.0, 909.0], [1155.0, 1019.0, 686.0], [1153.0, 948.0, 768.0], [1152.0, 1122.0, 599.0], [1151.0, 1005.0, 716.0], [1151.0, 861.0, 866.0], [1150.0, 886.0, 858.0], [1148.0, 1018.0, 695.0], [1147.0, 984.0, 746.0], [1146.0, 1033.0, 726.0], [1145.0, 1004.0, 736.0], [1145.0, 958.0, 775.0], [1144.0, 1137.0, 548.0], [1144.0, 1121.0, 608.0], [1142.0, 1050.0, 674.0], [1140.0, 777.0, 949.0], [1139.0, 1128.0, 592.0], [1138.0, 1007.0, 746.0], [1136.0, 1042.0, 676.0], [1134.0, 1186.0, 551.0], [1134.0, 974.0, 793.0], [1133.0, 1147.0, 585.0], [1133.0, 920.0, 816.0], [1128.0, 912.0, 832.0], [1127.0, 1187.0, 549.0], [1126.0, 1124.0, 622.0], [1126.0, 888.0, 837.0], [1125.0, 1044.0, 675.0], [1125.0, 994.0, 748.0], [1124.0, 1018.0, 731.0], [1122.0, 1117.0, 650.0], [1122.0, 1055.0, 706.0], [1118.0, 1153.0, 612.0], [1118.0, 1060.0, 691.0], [1117.0, 1091.0, 656.0], [1115.0, 1042.0, 729.0], [1115.0, 1010.0, 769.0], [1115.0, 940.0, 810.0], [1114.0, 978.0, 798.0], [1113.0, 1109.0, 699.0], [1110.0, 1227.0, 560.0], [1110.0, 964.0, 810.0], [1108.0, 869.0, 871.0], [1107.0, 913.0, 818.0], [1106.0, 1151.0, 618.0], [1106.0, 1065.0, 720.0], [1105.0, 1025.0, 765.0], [1104.0, 1231.0, 492.0], [1104.0, 985.0, 800.0], [1103.0, 1066.0, 704.0], [1103.0, 986.0, 781.0], [1102.0, 1125.0, 620.0], [1102.0, 1075.0, 722.0], [1102.0, 864.0, 875.0], [1100.0, 1040.0, 778.0], [1099.0, 1129.0, 628.0], [1097.0, 1157.0, 660.0], [1096.0, 1236.0, 591.0], [1096.0, 1188.0, 612.0], [1096.0, 899.0, 868.0], [1092.0, 1247.0, 474.0], [1092.0, 1115.0, 665.0], [1088.0, 1164.0, 659.0], [1086.0, 1063.0, 761.0], [1085.0, 928.0, 817.0], [1085.0, 903.0, 856.0], [1083.0, 1122.0, 670.0], [1083.0, 1064.0, 728.0], [1083.0, 924.0, 862.0], [1081.0, 1264.0, 450.0], [1080.0, 1176.0, 630.0], [1070.0, 946.0, 812.0], [1066.0, 1197.0, 609.0], [1065.0, 1285.0, 439.0], [1065.0, 1210.0, 631.0], [1061.0, 1199.0, 660.0], [1060.0, 1121.0, 687.0], [1059.0, 1126.0, 679.0], [1059.0, 1122.0, 688.0], [1058.0, 1189.0, 663.0], [1058.0, 1088.0, 704.0], [1054.0, 1120.0, 690.0], [1054.0, 1058.0, 785.0], [1053.0, 1289.0, 514.0], [1053.0, 1268.0, 583.0], [1053.0, 1222.0, 603.0], [1053.0, 1126.0, 704.0], [1053.0, 1078.0, 758.0], [1051.0, 1212.0, 649.0], [1051.0, 939.0, 835.0], [1050.0, 1313.0, 566.0], [1049.0, 1113.0, 743.0], [1045.0, 869.0, 904.0], [1043.0, 1260.0, 590.0], [1042.0, 992.0, 787.0], [1040.0, 1127.0, 725.0], [1035.0, 1003.0, 807.0], [1033.0, 1171.0, 709.0], [1030.0, 1216.0, 674.0], [1029.0, 1332.0, 478.0], [1027.0, 982.0, 838.0], [1026.0, 1172.0, 694.0], [1025.0, 1138.0, 715.0], [1016.0, 1340.0, 485.0], [1015.0, 1218.0, 618.0], [1014.0, 1137.0, 717.0], [1009.0, 1220.0, 631.0], [1006.0, 1236.0, 608.0], [1004.0, 1305.0, 583.0], [1004.0, 1229.0, 613.0], [1003.0, 1069.0, 787.0], [1001.0, 1242.0, 671.0], [1000.0, 1326.0, 552.0], [1000.0, 1280.0, 597.0], [998.0, 1345.0, 484.0], [998.0, 1306.0, 593.0], [998.0, 1260.0, 606.0], [998.0, 1244.0, 607.0], [997.0, 1249.0, 629.0], [995.0, 1106.0, 746.0], [993.0, 1368.0, 511.0], [992.0, 1115.0, 765.0], [992.0, 1078.0, 769.0], [991.0, 1155.0, 717.0], [990.0, 1177.0, 727.0], [985.0, 1197.0, 699.0], [984.0, 1281.0, 641.0], [983.0, 1081.0, 774.0], [983.0, 1071.0, 793.0], [982.0, 1296.0, 600.0], [982.0, 1252.0, 642.0], [981.0, 1179.0, 705.0], [981.0, 1124.0, 730.0], [980.0, 1293.0, 622.0], [979.0, 998.0, 817.0], [976.0, 1351.0, 560.0], [976.0, 1340.0, 576.0], [975.0, 1027.0, 808.0], [972.0, 1092.0, 808.0], [971.0, 1348.0, 584.0], [970.0, 1299.0, 609.0], [970.0, 1249.0, 697.0], [969.0, 1201.0, 719.0], [969.0, 1043.0, 818.0], [963.0, 1114.0, 804.0], [956.0, 1314.0, 588.0], [956.0, 1185.0, 748.0], [956.0, 1037.0, 848.0], [955.0, 1150.0, 749.0], [954.0, 1121.0, 792.0], [948.0, 1377.0, 514.0], [947.0, 1303.0, 635.0], [947.0, 1297.0, 637.0], [946.0, 1306.0, 613.0], [945.0, 1443.0, 489.0], [944.0, 1285.0, 669.0], [942.0, 1355.0, 522.0], [941.0, 1228.0, 717.0], [937.0, 1325.0, 647.0], [936.0, 1239.0, 711.0], [929.0, 1377.0, 518.0], [929.0, 1131.0, 753.0], [927.0, 1349.0, 564.0], [925.0, 1371.0, 527.0], [925.0, 1231.0, 723.0], [924.0, 1201.0, 760.0], [922.0, 1277.0, 689.0], [920.0, 1383.0, 507.0], [917.0, 1368.0, 548.0], [916.0, 1348.0, 589.0], [915.0, 1357.0, 558.0], [912.0, 1314.0, 653.0], [912.0, 1156.0, 769.0], [911.0, 1275.0, 719.0], [909.0, 1381.0, 546.0], [907.0, 1417.0, 490.0], [904.0, 1296.0, 662.0], [902.0, 1306.0, 655.0], [900.0, 1209.0, 746.0], [899.0, 1327.0, 591.0], [898.0, 1392.0, 552.0], [898.0, 1367.0, 563.0], [896.0, 1358.0, 570.0], [895.0, 1484.0, 485.0], [893.0, 1160.0, 773.0], [892.0, 1344.0, 601.0], [891.0, 1404.0, 502.0], [891.0, 1306.0, 658.0], [890.0, 1401.0, 522.0], [886.0, 1405.0, 569.0], [885.0, 1333.0, 626.0], [884.0, 1318.0, 652.0], [883.0, 1250.0, 769.0], [880.0, 1284.0, 707.0], [878.0, 1351.0, 574.0], [877.0, 1411.0, 496.0], [876.0, 1374.0, 572.0], [875.0, 1428.0, 503.0], [873.0, 1427.0, 549.0], [871.0, 1345.0, 638.0], [866.0, 1440.0, 510.0], [865.0, 1523.0, 462.0], [865.0, 1382.0, 589.0], [861.0, 1385.0, 587.0], [861.0, 1284.0, 831.0], [860.0, 1414.0, 576.0], [858.0, 1293.0, 673.0], [856.0, 1368.0, 602.0], [856.0, 1359.0, 634.0], [855.0, 1428.0, 572.0], [851.0, 1464.0, 488.0], [850.0, 1424.0, 602.0], [850.0, 1392.0, 615.0], [850.0, 1291.0, 715.0], [848.0, 1525.0, 441.0], [848.0, 1454.0, 499.0], [838.0, 1340.0, 655.0], [837.0, 1466.0, 526.0], [837.0, 1369.0, 679.0], [833.0, 1478.0, 505.0], [832.0, 1451.0, 540.0], [826.0, 1334.0, 716.0], [824.0, 1467.0, 544.0], [822.0, 1551.0, 429.0], [820.0, 1305.0, 729.0], [817.0, 1505.0, 523.0], [815.0, 1490.0, 550.0], [813.0, 1443.0, 619.0], [810.0, 1516.0, 494.0], [808.0, 1371.0, 665.0], [800.0, 1401.0, 621.0], [800.0, 1381.0, 712.0], [799.0, 1449.0, 564.0], [798.0, 1536.0, 478.0], [798.0, 1398.0, 641.0], [790.0, 1561.0, 496.0], [790.0, 1382.0, 705.0], [789.0, 1325.0, 798.0], [788.0, 1450.0, 586.0], [787.0, 1470.0, 581.0], [782.0, 1397.0, 687.0], [779.0, 1484.0, 558.0], [776.0, 1472.0, 612.0], [774.0, 1588.0, 467.0], [766.0, 1436.0, 625.0], [763.0, 1486.0, 553.0], [752.0, 1594.0, 469.0], [752.0, 1449.0, 631.0], [748.0, 1404.0, 711.0], [745.0, 1511.0, 568.0], [727.0, 1563.0, 519.0], [714.0, 1543.0, 565.0], [713.0, 1457.0, 685.0], [712.0, 1573.0, 500.0], [707.0, 1608.0, 451.0], [702.0, 1567.0, 529.0], [693.0, 1583.0, 537.0], [683.0, 1543.0, 593.0], [661.0, 1577.0, 570.0], [654.0, 1569.0, 578.0]]
