heur = false
LBS_limit = 4
preproc = 1
tight_root = 0
total_time = 3.68
NDP = 96
total_nodes = 803
pruned_nodes = 402
pruned_dominance_nodes = 0
heur_time = 0.0
Y_N = Any[[287.0, 4.0, 56.0], [283.0, 6.0, 93.0], [271.0, 16.0, 77.0], [262.0, 34.0, 120.0], [254.0, 42.0, 92.0], [247.0, 10.0, 127.0], [240.0, 47.0, 97.0], [240.0, 10.0, 139.0], [238.0, 45.0, 103.0], [237.0, 46.0, 101.0], [235.0, 66.0, 81.0], [233.0, 104.0, 51.0], [231.0, 56.0, 129.0], [229.0, 78.0, 84.0], [228.0, 110.0, 55.0], [223.0, 117.0, 81.0], [221.0, 95.0, 84.0], [218.0, 68.0, 121.0], [218.0, 9.0, 215.0], [217.0, 31.0, 165.0], [215.0, 102.0, 96.0], [211.0, 121.0, 74.0], [210.0, 71.0, 116.0], [210.0, 42.0, 168.0], [209.0, 105.0, 101.0], [208.0, 134.0, 84.0], [206.0, 20.0, 220.0], [205.0, 112.0, 92.0], [203.0, 91.0, 134.0], [202.0, 103.0, 134.0], [201.0, 108.0, 95.0], [200.0, 59.0, 151.0], [198.0, 50.0, 169.0], [195.0, 137.0, 85.0], [192.0, 117.0, 88.0], [186.0, 148.0, 88.0], [185.0, 120.0, 110.0], [183.0, 131.0, 98.0], [181.0, 197.0, 37.0], [181.0, 124.0, 103.0], [181.0, 93.0, 148.0], [180.0, 136.0, 92.0], [180.0, 52.0, 153.0], [179.0, 190.0, 51.0], [179.0, 126.0, 104.0], [179.0, 51.0, 159.0], [178.0, 132.0, 107.0], [178.0, 119.0, 133.0], [176.0, 124.0, 132.0], [173.0, 100.0, 148.0], [172.0, 214.0, 42.0], [165.0, 160.0, 67.0], [165.0, 138.0, 92.0], [164.0, 139.0, 107.0], [162.0, 106.0, 137.0], [160.0, 160.0, 96.0], [159.0, 202.0, 51.0], [158.0, 161.0, 102.0], [158.0, 110.0, 148.0], [156.0, 149.0, 111.0], [155.0, 151.0, 106.0], [154.0, 112.0, 141.0], [152.0, 178.0, 88.0], [152.0, 135.0, 148.0], [151.0, 183.0, 54.0], [151.0, 150.0, 160.0], [149.0, 181.0, 64.0], [147.0, 120.0, 166.0], [146.0, 170.0, 106.0], [142.0, 214.0, 62.0], [142.0, 200.0, 65.0], [135.0, 209.0, 65.0], [135.0, 194.0, 73.0], [131.0, 223.0, 71.0], [122.0, 190.0, 121.0], [119.0, 226.0, 49.0], [118.0, 260.0, 28.0], [116.0, 207.0, 80.0], [116.0, 175.0, 125.0], [115.0, 252.0, 29.0], [113.0, 211.0, 135.0], [107.0, 227.0, 83.0], [104.0, 264.0, 25.0], [104.0, 237.0, 37.0], [103.0, 240.0, 72.0], [102.0, 265.0, 28.0], [100.0, 280.0, 32.0], [100.0, 226.0, 96.0], [99.0, 245.0, 37.0], [96.0, 250.0, 37.0], [91.0, 281.0, 30.0], [90.0, 257.0, 47.0], [84.0, 284.0, 30.0], [78.0, 228.0, 87.0], [68.0, 276.0, 57.0], [60.0, 281.0, 67.0]]
