heur = false
LBS_limit = 4
preproc = 1
tight_root = 0
total_time = 4.63
NDP = 82
total_nodes = 2459
pruned_nodes = 1230
pruned_dominance_nodes = 0
heur_time = 0.0
Y_N = Any[[318.0, 219.0, 134.0], [297.0, 298.0, 119.0], [272.0, 308.0, 136.0], [269.0, 345.0, 80.0], [268.0, 312.0, 161.0], [265.0, 321.0, 124.0], [265.0, 318.0, 136.0], [259.0, 375.0, 105.0], [258.0, 369.0, 149.0], [235.0, 371.0, 154.0], [228.0, 376.0, 94.0], [218.0, 383.0, 136.0], [212.0, 402.0, 157.0], [211.0, 343.0, 173.0], [205.0, 332.0, 176.0], [200.0, 404.0, 97.0], [199.0, 428.0, 127.0], [190.0, 407.0, 147.0], [190.0, 346.0, 173.0], [188.0, 406.0, 163.0], [185.0, 411.0, 132.0], [182.0, 409.0, 160.0], [181.0, 410.0, 149.0], [179.0, 463.0, 82.0], [176.0, 413.0, 153.0], [176.0, 395.0, 194.0], [175.0, 467.0, 102.0], [172.0, 473.0, 106.0], [171.0, 414.0, 131.0], [170.0, 473.0, 123.0], [164.0, 434.0, 129.0], [163.0, 438.0, 153.0], [162.0, 413.0, 179.0], [159.0, 514.0, 84.0], [157.0, 442.0, 152.0], [155.0, 485.0, 119.0], [155.0, 420.0, 172.0], [153.0, 471.0, 156.0], [143.0, 417.0, 175.0], [140.0, 421.0, 232.0], [139.0, 422.0, 225.0], [138.0, 477.0, 152.0], [134.0, 497.0, 164.0], [127.0, 516.0, 62.0], [127.0, 474.0, 182.0], [122.0, 498.0, 153.0], [115.0, 553.0, 107.0], [115.0, 427.0, 213.0], [111.0, 490.0, 172.0], [110.0, 506.0, 125.0], [107.0, 529.0, 136.0], [104.0, 498.0, 167.0], [102.0, 503.0, 181.0], [101.0, 504.0, 167.0], [95.0, 561.0, 103.0], [90.0, 504.0, 170.0], [89.0, 505.0, 171.0], [87.0, 481.0, 193.0], [83.0, 562.0, 137.0], [79.0, 508.0, 151.0], [77.0, 509.0, 161.0], [71.0, 574.0, 111.0], [71.0, 533.0, 158.0], [67.0, 509.0, 189.0], [65.0, 510.0, 178.0], [63.0, 513.0, 183.0], [62.0, 570.0, 123.0], [62.0, 565.0, 126.0], [62.0, 510.0, 240.0], [61.0, 587.0, 100.0], [59.0, 588.0, 116.0], [55.0, 586.0, 148.0], [50.0, 511.0, 220.0], [49.0, 588.0, 157.0], [49.0, 563.0, 174.0], [37.0, 564.0, 168.0], [28.0, 590.0, 148.0], [25.0, 591.0, 144.0], [23.0, 592.0, 113.0], [14.0, 592.0, 131.0], [12.0, 593.0, 193.0], [-0.0, 594.0, 189.0]]
