heur = false
LBS_limit = 4
preproc = 1
tight_root = 0
total_time = 16.3
NDP = 181
total_nodes = 5663
pruned_nodes = 2832
pruned_dominance_nodes = 4
heur_time = 0.0
Y_N = Any[[495.0, 59.0, 190.0], [489.0, 107.0, 130.0], [475.0, 101.0, 203.0], [475.0, 80.0, 287.0], [471.0, 112.0, 129.0], [470.0, 122.0, 142.0], [470.0, 113.0, 170.0], [469.0, 86.0, 218.0], [468.0, 57.0, 334.0], [465.0, 117.0, 151.0], [462.0, 122.0, 150.0], [462.0, 105.0, 227.0], [461.0, 118.0, 222.0], [458.0, 125.0, 182.0], [455.0, 161.0, 200.0], [446.0, 76.0, 307.0], [443.0, 97.0, 276.0], [441.0, 154.0, 234.0], [439.0, 183.0, 137.0], [439.0, 141.0, 267.0], [432.0, 111.0, 308.0], [430.0, 169.0, 198.0], [429.0, 195.0, 164.0], [429.0, 62.0, 338.0], [424.0, 168.0, 200.0], [423.0, 156.0, 216.0], [421.0, 180.0, 197.0], [420.0, 209.0, 121.0], [419.0, 202.0, 145.0], [416.0, 190.0, 172.0], [416.0, 114.0, 270.0], [412.0, 201.0, 188.0], [408.0, 167.0, 225.0], [407.0, 237.0, 152.0], [404.0, 214.0, 158.0], [403.0, 214.0, 194.0], [402.0, 188.0, 213.0], [402.0, 155.0, 250.0], [401.0, 174.0, 221.0], [401.0, 156.0, 237.0], [400.0, 238.0, 168.0], [397.0, 133.0, 284.0], [396.0, 168.0, 250.0], [394.0, 251.0, 79.0], [394.0, 208.0, 230.0], [393.0, 160.0, 255.0], [389.0, 242.0, 157.0], [388.0, 219.0, 222.0], [386.0, 170.0, 241.0], [384.0, 233.0, 177.0], [383.0, 248.0, 165.0], [383.0, 207.0, 235.0], [382.0, 259.0, 93.0], [380.0, 257.0, 172.0], [380.0, 121.0, 337.0], [379.0, 228.0, 179.0], [378.0, 226.0, 217.0], [377.0, 133.0, 287.0], [376.0, 268.0, 102.0], [376.0, 260.0, 123.0], [376.0, 232.0, 186.0], [376.0, 187.0, 265.0], [374.0, 136.0, 285.0], [373.0, 210.0, 232.0], [371.0, 272.0, 142.0], [371.0, 162.0, 334.0], [370.0, 230.0, 210.0], [368.0, 287.0, 128.0], [368.0, 193.0, 260.0], [366.0, 247.0, 189.0], [365.0, 294.0, 183.0], [364.0, 172.0, 270.0], [363.0, 216.0, 226.0], [362.0, 298.0, 55.0], [361.0, 242.0, 204.0], [359.0, 227.0, 211.0], [359.0, 197.0, 272.0], [358.0, 214.0, 230.0], [357.0, 218.0, 227.0], [356.0, 296.0, 90.0], [352.0, 245.0, 199.0], [350.0, 234.0, 224.0], [349.0, 307.0, 149.0], [348.0, 266.0, 201.0], [347.0, 239.0, 261.0], [346.0, 245.0, 228.0], [346.0, 201.0, 273.0], [345.0, 213.0, 262.0], [342.0, 317.0, 113.0], [340.0, 263.0, 241.0], [338.0, 309.0, 145.0], [337.0, 314.0, 136.0], [335.0, 329.0, 91.0], [334.0, 318.0, 139.0], [334.0, 294.0, 212.0], [334.0, 214.0, 293.0], [333.0, 353.0, 101.0], [330.0, 325.0, 133.0], [327.0, 231.0, 309.0], [326.0, 329.0, 121.0], [324.0, 358.0, 59.0], [323.0, 317.0, 169.0], [321.0, 336.0, 158.0], [318.0, 188.0, 325.0], [317.0, 320.0, 164.0], [317.0, 315.0, 170.0], [317.0, 295.0, 196.0], [317.0, 277.0, 236.0], [312.0, 266.0, 243.0], [309.0, 340.0, 113.0], [309.0, 321.0, 160.0], [306.0, 238.0, 262.0], [304.0, 326.0, 180.0], [304.0, 244.0, 253.0], [304.0, 236.0, 276.0], [303.0, 239.0, 287.0], [302.0, 398.0, 57.0], [301.0, 356.0, 106.0], [301.0, 299.0, 205.0], [301.0, 270.0, 251.0], [299.0, 330.0, 197.0], [298.0, 370.0, 93.0], [296.0, 380.0, 88.0], [296.0, 361.0, 116.0], [291.0, 369.0, 123.0], [291.0, 339.0, 137.0], [290.0, 372.0, 122.0], [289.0, 316.0, 231.0], [288.0, 343.0, 163.0], [285.0, 356.0, 162.0], [284.0, 412.0, 41.0], [282.0, 385.0, 93.0], [280.0, 402.0, 96.0], [278.0, 415.0, 115.0], [277.0, 386.0, 141.0], [277.0, 335.0, 172.0], [272.0, 396.0, 129.0], [269.0, 340.0, 166.0], [269.0, 339.0, 167.0], [268.0, 421.0, 55.0], [268.0, 348.0, 178.0], [267.0, 335.0, 197.0], [266.0, 380.0, 153.0], [265.0, 402.0, 169.0], [265.0, 344.0, 236.0], [265.0, 324.0, 237.0], [261.0, 360.0, 173.0], [260.0, 373.0, 202.0], [259.0, 335.0, 250.0], [258.0, 427.0, 76.0], [254.0, 444.0, 51.0], [253.0, 431.0, 58.0], [247.0, 378.0, 180.0], [245.0, 368.0, 205.0], [241.0, 432.0, 97.0], [240.0, 434.0, 111.0], [240.0, 380.0, 176.0], [235.0, 517.0, 31.0], [234.0, 451.0, 60.0], [234.0, 443.0, 76.0], [230.0, 438.0, 120.0], [228.0, 433.0, 175.0], [226.0, 454.0, 134.0], [225.0, 384.0, 228.0], [224.0, 464.0, 67.0], [223.0, 467.0, 70.0], [219.0, 498.0, 71.0], [214.0, 478.0, 74.0], [211.0, 481.0, 129.0], [209.0, 392.0, 195.0], [206.0, 403.0, 203.0], [195.0, 451.0, 147.0], [194.0, 437.0, 158.0], [181.0, 481.0, 138.0], [177.0, 434.0, 161.0], [161.0, 503.0, 104.0], [154.0, 533.0, 84.0], [149.0, 520.0, 85.0], [136.0, 520.0, 89.0], [136.0, 518.0, 91.0], [125.0, 550.0, 103.0]]
