heur = false
LBS_limit = 4
preproc = 1
tight_root = 0
total_time = 14.43
NDP = 222
total_nodes = 3877
pruned_nodes = 1939
pruned_dominance_nodes = 0
heur_time = 0.0
Y_N = Any[[512.0, 67.0, 206.0], [488.0, 83.0, 226.0], [465.0, 137.0, 161.0], [460.0, 148.0, 159.0], [460.0, 39.0, 310.0], [459.0, 163.0, 192.0], [457.0, 133.0, 194.0], [451.0, 78.0, 252.0], [449.0, 122.0, 196.0], [449.0, 106.0, 233.0], [446.0, 178.0, 190.0], [442.0, 197.0, 162.0], [437.0, 119.0, 234.0], [435.0, 204.0, 130.0], [428.0, 203.0, 145.0], [423.0, 251.0, 165.0], [421.0, 206.0, 192.0], [419.0, 148.0, 249.0], [414.0, 208.0, 184.0], [413.0, 157.0, 203.0], [409.0, 174.0, 263.0], [407.0, 112.0, 300.0], [401.0, 123.0, 302.0], [398.0, 183.0, 237.0], [397.0, 100.0, 321.0], [394.0, 224.0, 190.0], [394.0, 213.0, 216.0], [388.0, 228.0, 176.0], [386.0, 222.0, 210.0], [386.0, 175.0, 282.0], [382.0, 294.0, 124.0], [380.0, 257.0, 178.0], [379.0, 99.0, 339.0], [378.0, 264.0, 194.0], [376.0, 181.0, 296.0], [374.0, 221.0, 215.0], [374.0, 198.0, 219.0], [371.0, 295.0, 104.0], [368.0, 238.0, 238.0], [368.0, 152.0, 299.0], [364.0, 223.0, 251.0], [361.0, 304.0, 103.0], [360.0, 297.0, 133.0], [359.0, 208.0, 281.0], [357.0, 327.0, 158.0], [352.0, 221.0, 252.0], [351.0, 349.0, 92.0], [351.0, 247.0, 195.0], [351.0, 179.0, 338.0], [348.0, 282.0, 166.0], [347.0, 284.0, 188.0], [346.0, 235.0, 250.0], [345.0, 266.0, 193.0], [342.0, 354.0, 86.0], [342.0, 258.0, 207.0], [340.0, 344.0, 130.0], [340.0, 258.0, 223.0], [340.0, 223.0, 286.0], [339.0, 291.0, 176.0], [338.0, 300.0, 203.0], [337.0, 241.0, 229.0], [337.0, 149.0, 386.0], [330.0, 321.0, 170.0], [329.0, 310.0, 191.0], [329.0, 276.0, 209.0], [328.0, 330.0, 166.0], [319.0, 336.0, 166.0], [319.0, 326.0, 173.0], [319.0, 215.0, 304.0], [317.0, 263.0, 229.0], [316.0, 273.0, 239.0], [314.0, 240.0, 257.0], [313.0, 403.0, 125.0], [313.0, 315.0, 174.0], [313.0, 282.0, 205.0], [310.0, 297.0, 248.0], [308.0, 263.0, 251.0], [305.0, 308.0, 199.0], [305.0, 235.0, 277.0], [303.0, 330.0, 171.0], [302.0, 314.0, 220.0], [301.0, 361.0, 153.0], [301.0, 246.0, 256.0], [299.0, 334.0, 176.0], [298.0, 306.0, 239.0], [295.0, 325.0, 232.0], [295.0, 252.0, 309.0], [292.0, 401.0, 126.0], [291.0, 266.0, 262.0], [291.0, 260.0, 270.0], [290.0, 332.0, 236.0], [289.0, 330.0, 242.0], [288.0, 243.0, 311.0], [287.0, 364.0, 131.0], [287.0, 350.0, 229.0], [286.0, 404.0, 108.0], [284.0, 402.0, 158.0], [283.0, 300.0, 252.0], [282.0, 435.0, 120.0], [282.0, 264.0, 264.0], [281.0, 290.0, 277.0], [274.0, 312.0, 256.0], [274.0, 308.0, 300.0], [273.0, 410.0, 127.0], [273.0, 408.0, 133.0], [271.0, 328.0, 260.0], [269.0, 385.0, 171.0], [268.0, 221.0, 354.0], [267.0, 381.0, 186.0], [266.0, 403.0, 153.0], [265.0, 392.0, 162.0], [263.0, 256.0, 305.0], [262.0, 411.0, 131.0], [262.0, 343.0, 233.0], [262.0, 305.0, 306.0], [260.0, 313.0, 295.0], [257.0, 403.0, 188.0], [257.0, 372.0, 189.0], [256.0, 398.0, 189.0], [253.0, 411.0, 139.0], [250.0, 426.0, 146.0], [250.0, 344.0, 242.0], [249.0, 353.0, 224.0], [248.0, 404.0, 194.0], [247.0, 350.0, 249.0], [246.0, 321.0, 312.0], [245.0, 439.0, 97.0], [245.0, 394.0, 204.0], [245.0, 360.0, 209.0], [243.0, 422.0, 155.0], [241.0, 424.0, 164.0], [241.0, 348.0, 256.0], [240.0, 352.0, 249.0], [238.0, 462.0, 104.0], [238.0, 407.0, 170.0], [236.0, 428.0, 145.0], [236.0, 406.0, 179.0], [235.0, 431.0, 133.0], [235.0, 396.0, 199.0], [231.0, 471.0, 129.0], [231.0, 434.0, 133.0], [231.0, 400.0, 231.0], [230.0, 413.0, 173.0], [227.0, 420.0, 176.0], [226.0, 432.0, 187.0], [225.0, 476.0, 67.0], [225.0, 452.0, 135.0], [222.0, 481.0, 108.0], [217.0, 399.0, 267.0], [215.0, 406.0, 218.0], [212.0, 473.0, 128.0], [212.0, 332.0, 280.0], [210.0, 444.0, 143.0], [210.0, 433.0, 144.0], [210.0, 413.0, 223.0], [210.0, 355.0, 275.0], [210.0, 327.0, 313.0], [209.0, 475.0, 131.0], [209.0, 457.0, 133.0], [208.0, 451.0, 174.0], [204.0, 496.0, 107.0], [204.0, 477.0, 128.0], [204.0, 447.0, 179.0], [202.0, 473.0, 135.0], [199.0, 489.0, 117.0], [198.0, 356.0, 270.0], [197.0, 414.0, 192.0], [196.0, 405.0, 226.0], [193.0, 491.0, 136.0], [191.0, 413.0, 261.0], [190.0, 475.0, 140.0], [190.0, 368.0, 274.0], [186.0, 495.0, 139.0], [186.0, 416.0, 238.0], [186.0, 374.0, 286.0], [182.0, 450.0, 207.0], [180.0, 459.0, 178.0], [179.0, 486.0, 153.0], [177.0, 490.0, 159.0], [176.0, 481.0, 181.0], [175.0, 499.0, 135.0], [174.0, 486.0, 181.0], [174.0, 459.0, 183.0], [172.0, 469.0, 184.0], [171.0, 495.0, 169.0], [171.0, 490.0, 198.0], [171.0, 414.0, 248.0], [169.0, 524.0, 75.0], [168.0, 522.0, 80.0], [162.0, 418.0, 210.0], [162.0, 404.0, 273.0], [159.0, 539.0, 94.0], [158.0, 458.0, 217.0], [155.0, 516.0, 110.0], [155.0, 419.0, 253.0], [154.0, 529.0, 115.0], [153.0, 484.0, 212.0], [152.0, 519.0, 120.0], [151.0, 476.0, 228.0], [151.0, 422.0, 284.0], [150.0, 445.0, 273.0], [149.0, 504.0, 154.0], [146.0, 502.0, 189.0], [141.0, 535.0, 122.0], [137.0, 497.0, 208.0], [130.0, 582.0, 102.0], [128.0, 495.0, 211.0], [125.0, 500.0, 221.0], [121.0, 495.0, 225.0], [121.0, 451.0, 284.0], [115.0, 534.0, 130.0], [114.0, 504.0, 224.0], [114.0, 498.0, 233.0], [113.0, 588.0, 113.0], [109.0, 537.0, 148.0], [108.0, 579.0, 127.0], [106.0, 501.0, 239.0], [91.0, 567.0, 134.0], [89.0, 532.0, 196.0], [74.0, 588.0, 116.0], [72.0, 534.0, 196.0], [71.0, 576.0, 130.0]]
