heur = false
LBS_limit = 4
preproc = 1
tight_root = 0
total_time = 6.01
NDP = 84
total_nodes = 991
pruned_nodes = 496
pruned_dominance_nodes = 0
heur_time = 0.0
Y_N = Any[[286.0, 12.0, 104.0], [278.0, 19.0, 115.0], [261.0, 27.0, 98.0], [258.0, 33.0, 87.0], [253.0, 39.0, 95.0], [252.0, 34.0, 121.0], [249.0, 10.0, 159.0], [246.0, 22.0, 161.0], [245.0, 19.0, 174.0], [244.0, 44.0, 87.0], [241.0, 48.0, 123.0], [239.0, 29.0, 173.0], [238.0, 81.0, 93.0], [237.0, 61.0, 130.0], [233.0, 30.0, 164.0], [232.0, 34.0, 160.0], [229.0, 107.0, 72.0], [229.0, 34.0, 162.0], [228.0, 85.0, 86.0], [228.0, 37.0, 175.0], [224.0, 94.0, 74.0], [221.0, 115.0, 90.0], [219.0, 105.0, 96.0], [216.0, 98.0, 101.0], [214.0, 38.0, 163.0], [214.0, 37.0, 180.0], [213.0, 18.0, 195.0], [211.0, 21.0, 219.0], [210.0, 39.0, 143.0], [209.0, 113.0, 91.0], [207.0, 59.0, 181.0], [206.0, 106.0, 98.0], [205.0, 130.0, 81.0], [202.0, 119.0, 93.0], [202.0, 112.0, 96.0], [201.0, 128.0, 102.0], [198.0, 94.0, 153.0], [197.0, 95.0, 143.0], [192.0, 139.0, 89.0], [191.0, 105.0, 119.0], [190.0, 129.0, 102.0], [188.0, 114.0, 103.0], [186.0, 140.0, 99.0], [184.0, 105.0, 146.0], [180.0, 180.0, 67.0], [174.0, 131.0, 138.0], [173.0, 196.0, 57.0], [173.0, 136.0, 102.0], [173.0, 41.0, 220.0], [171.0, 109.0, 149.0], [169.0, 190.0, 70.0], [168.0, 107.0, 150.0], [164.0, 117.0, 151.0], [160.0, 134.0, 147.0], [160.0, 110.0, 162.0], [157.0, 199.0, 41.0], [156.0, 133.0, 162.0], [149.0, 145.0, 99.0], [148.0, 103.0, 193.0], [147.0, 200.0, 64.0], [141.0, 187.0, 79.0], [140.0, 146.0, 108.0], [139.0, 141.0, 111.0], [136.0, 190.0, 78.0], [135.0, 197.0, 68.0], [133.0, 168.0, 103.0], [131.0, 194.0, 74.0], [128.0, 195.0, 82.0], [126.0, 182.0, 118.0], [123.0, 209.0, 90.0], [119.0, 208.0, 95.0], [117.0, 216.0, 78.0], [111.0, 241.0, 42.0], [110.0, 269.0, 39.0], [110.0, 248.0, 42.0], [107.0, 226.0, 59.0], [102.0, 206.0, 106.0], [102.0, 196.0, 117.0], [102.0, 188.0, 124.0], [92.0, 231.0, 100.0], [87.0, 209.0, 148.0], [79.0, 291.0, 50.0], [79.0, 289.0, 58.0], [34.0, 293.0, 84.0]]
