heur = false
LBS_limit = 4
preproc = 1
tight_root = 0
total_time = 5.09
NDP = 77
total_nodes = 2207
pruned_nodes = 1104
pruned_dominance_nodes = 0
heur_time = 0.0
Y_N = Any[[415.0, 983.0, 345.0], [398.0, 999.0, 261.0], [385.0, 1002.0, 297.0], [368.0, 1060.0, 232.0], [353.0, 1013.0, 386.0], [346.0, 1030.0, 315.0], [339.0, 1084.0, 255.0], [329.0, 1089.0, 255.0], [326.0, 1089.0, 291.0], [311.0, 1082.0, 292.0], [307.0, 1096.0, 266.0], [307.0, 1095.0, 325.0], [305.0, 1122.0, 204.0], [303.0, 1097.0, 246.0], [301.0, 1098.0, 260.0], [298.0, 1141.0, 216.0], [298.0, 1092.0, 360.0], [291.0, 1109.0, 303.0], [286.0, 1154.0, 234.0], [280.0, 1153.0, 251.0], [275.0, 1164.0, 264.0], [270.0, 1145.0, 317.0], [267.0, 1165.0, 242.0], [264.0, 1172.0, 252.0], [259.0, 1096.0, 320.0], [258.0, 1162.0, 270.0], [255.0, 1206.0, 213.0], [252.0, 1174.0, 302.0], [250.0, 1184.0, 257.0], [248.0, 1216.0, 237.0], [247.0, 1165.0, 305.0], [243.0, 1196.0, 343.0], [238.0, 1220.0, 223.0], [233.0, 1224.0, 200.0], [233.0, 1212.0, 247.0], [230.0, 1220.0, 275.0], [226.0, 1223.0, 230.0], [213.0, 1239.0, 290.0], [213.0, 1215.0, 309.0], [204.0, 1249.0, 228.0], [196.0, 1243.0, 277.0], [195.0, 1245.0, 286.0], [194.0, 1253.0, 257.0], [188.0, 1255.0, 257.0], [188.0, 1254.0, 296.0], [187.0, 1243.0, 319.0], [183.0, 1235.0, 352.0], [179.0, 1261.0, 258.0], [178.0, 1259.0, 263.0], [174.0, 1254.0, 299.0], [173.0, 1263.0, 265.0], [171.0, 1266.0, 261.0], [170.0, 1259.0, 316.0], [169.0, 1265.0, 287.0], [166.0, 1262.0, 291.0], [157.0, 1307.0, 229.0], [157.0, 1268.0, 318.0], [156.0, 1295.0, 251.0], [154.0, 1248.0, 363.0], [151.0, 1310.0, 254.0], [148.0, 1305.0, 272.0], [147.0, 1311.0, 248.0], [146.0, 1270.0, 286.0], [143.0, 1250.0, 320.0], [142.0, 1316.0, 286.0], [137.0, 1276.0, 287.0], [132.0, 1322.0, 230.0], [126.0, 1305.0, 335.0], [123.0, 1344.0, 245.0], [123.0, 1320.0, 276.0], [122.0, 1326.0, 261.0], [116.0, 1345.0, 268.0], [106.0, 1349.0, 297.0], [96.0, 1334.0, 307.0], [95.0, 1377.0, 258.0], [82.0, 1355.0, 337.0], [60.0, 1401.0, 312.0]]
