heur = false
LBS_limit = 4
preproc = 1
tight_root = 0
total_time = 47.5
NDP = 157
total_nodes = 2449
pruned_nodes = 1225
pruned_dominance_nodes = 0
heur_time = 0.0
Y_N = Any[[282.0, 15.0, 86.0], [272.0, 16.0, 92.0], [257.0, 32.0, 124.0], [256.0, 14.0, 165.0], [249.0, 36.0, 120.0], [247.0, 18.0, 155.0], [241.0, 21.0, 164.0], [240.0, 45.0, 116.0], [238.0, 28.0, 187.0], [234.0, 109.0, 68.0], [230.0, 115.0, 47.0], [230.0, 51.0, 122.0], [230.0, 29.0, 148.0], [229.0, 85.0, 100.0], [226.0, 29.0, 150.0], [222.0, 99.0, 92.0], [219.0, 121.0, 83.0], [218.0, 109.0, 99.0], [218.0, 30.0, 152.0], [216.0, 39.0, 158.0], [216.0, 37.0, 160.0], [215.0, 52.0, 113.0], [214.0, 64.0, 116.0], [214.0, 17.0, 215.0], [213.0, 47.0, 175.0], [212.0, 117.0, 95.0], [212.0, 116.0, 96.0], [212.0, 50.0, 181.0], [204.0, 113.0, 125.0], [202.0, 118.0, 90.0], [202.0, 105.0, 126.0], [200.0, 78.0, 142.0], [199.0, 82.0, 131.0], [199.0, 23.0, 236.0], [198.0, 81.0, 145.0], [197.0, 131.0, 93.0], [195.0, 119.0, 101.0], [193.0, 90.0, 133.0], [191.0, 53.0, 181.0], [186.0, 102.0, 151.0], [185.0, 180.0, 19.0], [185.0, 144.0, 90.0], [185.0, 119.0, 112.0], [183.0, 167.0, 45.0], [182.0, 121.0, 103.0], [180.0, 123.0, 111.0], [179.0, 124.0, 109.0], [179.0, 123.0, 114.0], [178.0, 185.0, 22.0], [178.0, 114.0, 140.0], [178.0, 104.0, 156.0], [177.0, 112.0, 147.0], [176.0, 127.0, 95.0], [175.0, 166.0, 60.0], [172.0, 196.0, 64.0], [172.0, 134.0, 92.0], [172.0, 106.0, 162.0], [171.0, 188.0, 66.0], [169.0, 163.0, 68.0], [169.0, 133.0, 121.0], [168.0, 109.0, 161.0], [167.0, 192.0, 66.0], [167.0, 104.0, 164.0], [166.0, 142.0, 122.0], [166.0, 28.0, 215.0], [165.0, 198.0, 49.0], [163.0, 122.0, 154.0], [161.0, 207.0, 28.0], [161.0, 80.0, 183.0], [160.0, 197.0, 57.0], [160.0, 181.0, 69.0], [159.0, 119.0, 160.0], [156.0, 119.0, 163.0], [155.0, 197.0, 67.0], [153.0, 220.0, 51.0], [151.0, 198.0, 52.0], [150.0, 190.0, 71.0], [149.0, 179.0, 72.0], [148.0, 159.0, 106.0], [148.0, 100.0, 199.0], [147.0, 146.0, 107.0], [146.0, 192.0, 105.0], [146.0, 126.0, 169.0], [145.0, 223.0, 57.0], [142.0, 189.0, 114.0], [141.0, 206.0, 72.0], [140.0, 207.0, 61.0], [138.0, 196.0, 88.0], [135.0, 213.0, 70.0], [134.0, 206.0, 76.0], [133.0, 166.0, 122.0], [133.0, 102.0, 195.0], [132.0, 129.0, 141.0], [129.0, 203.0, 113.0], [128.0, 208.0, 84.0], [128.0, 184.0, 123.0], [126.0, 106.0, 217.0], [124.0, 140.0, 155.0], [123.0, 254.0, 32.0], [122.0, 257.0, 18.0], [122.0, 184.0, 127.0], [121.0, 231.0, 60.0], [121.0, 209.0, 82.0], [121.0, 198.0, 124.0], [121.0, 133.0, 173.0], [119.0, 215.0, 64.0], [118.0, 183.0, 130.0], [117.0, 190.0, 133.0], [117.0, 105.0, 219.0], [113.0, 180.0, 138.0], [112.0, 261.0, 26.0], [112.0, 108.0, 224.0], [111.0, 238.0, 38.0], [111.0, 199.0, 128.0], [110.0, 199.0, 134.0], [108.0, 269.0, 35.0], [108.0, 209.0, 100.0], [107.0, 293.0, 34.0], [107.0, 250.0, 38.0], [106.0, 260.0, 37.0], [106.0, 236.0, 75.0], [105.0, 277.0, 35.0], [105.0, 204.0, 134.0], [105.0, 200.0, 141.0], [104.0, 212.0, 97.0], [103.0, 259.0, 44.0], [102.0, 214.0, 99.0], [102.0, 212.0, 112.0], [98.0, 284.0, 36.0], [98.0, 252.0, 48.0], [98.0, 217.0, 84.0], [97.0, 219.0, 78.0], [96.0, 278.0, 54.0], [96.0, 200.0, 142.0], [93.0, 208.0, 147.0], [88.0, 285.0, 37.0], [88.0, 279.0, 41.0], [88.0, 220.0, 94.0], [85.0, 267.0, 56.0], [83.0, 201.0, 152.0], [80.0, 295.0, 61.0], [76.0, 271.0, 65.0], [74.0, 289.0, 62.0], [72.0, 224.0, 94.0], [71.0, 280.0, 70.0], [71.0, 231.0, 104.0], [71.0, 211.0, 152.0], [70.0, 266.0, 71.0], [67.0, 199.0, 160.0], [66.0, 290.0, 73.0], [63.0, 283.0, 84.0], [57.0, 288.0, 83.0], [50.0, 294.0, 68.0], [38.0, 290.0, 84.0], [30.0, 291.0, 73.0], [26.0, 292.0, 75.0], [23.0, 295.0, 86.0]]
