heur = false
LBS_limit = 4
preproc = 1
tight_root = 0
total_time = 3.63
NDP = 60
total_nodes = 869
pruned_nodes = 435
pruned_dominance_nodes = 0
heur_time = 0.0
Y_N = Any[[213.0, 94.0, 94.0], [189.0, 105.0, 106.0], [182.0, 106.0, 79.0], [180.0, 106.0, 107.0], [171.0, 123.0, 116.0], [158.0, 163.0, 72.0], [158.0, 126.0, 109.0], [155.0, 131.0, 93.0], [148.0, 181.0, 74.0], [144.0, 120.0, 128.0], [143.0, 198.0, 93.0], [139.0, 116.0, 170.0], [134.0, 131.0, 184.0], [124.0, 178.0, 101.0], [122.0, 180.0, 95.0], [122.0, 142.0, 111.0], [121.0, 187.0, 102.0], [113.0, 201.0, 93.0], [113.0, 193.0, 96.0], [112.0, 202.0, 95.0], [112.0, 195.0, 96.0], [109.0, 203.0, 56.0], [107.0, 167.0, 118.0], [106.0, 206.0, 55.0], [104.0, 200.0, 113.0], [100.0, 200.0, 117.0], [98.0, 242.0, 39.0], [98.0, 202.0, 130.0], [96.0, 205.0, 154.0], [95.0, 213.0, 91.0], [89.0, 261.0, 45.0], [89.0, 209.0, 92.0], [86.0, 270.0, 28.0], [85.0, 207.0, 118.0], [82.0, 210.0, 102.0], [79.0, 217.0, 133.0], [74.0, 196.0, 157.0], [73.0, 227.0, 67.0], [72.0, 262.0, 37.0], [72.0, 219.0, 94.0], [68.0, 288.0, 50.0], [68.0, 256.0, 59.0], [65.0, 267.0, 56.0], [65.0, 209.0, 180.0], [62.0, 278.0, 61.0], [62.0, 238.0, 74.0], [60.0, 295.0, 87.0], [56.0, 224.0, 105.0], [55.0, 283.0, 89.0], [53.0, 245.0, 125.0], [53.0, 215.0, 146.0], [40.0, 297.0, 64.0], [38.0, 282.0, 107.0], [36.0, 294.0, 97.0], [32.0, 296.0, 110.0], [24.0, 296.0, 112.0], [12.0, 295.0, 123.0], [7.0, 299.0, 90.0], [6.0, 298.0, 109.0], [-0.0, 300.0, 138.0]]
