heur = false
LBS_limit = 4
preproc = 1
tight_root = 0
total_time = 24.17
NDP = 105
total_nodes = 1979
pruned_nodes = 990
pruned_dominance_nodes = 0
heur_time = 0.0
Y_N = Any[[283.0, 12.0, 99.0], [259.0, 30.0, 86.0], [236.0, 3.0, 120.0], [220.0, 80.0, 50.0], [220.0, 77.0, 51.0], [216.0, 47.0, 82.0], [208.0, 94.0, 68.0], [207.0, 57.0, 105.0], [205.0, 98.0, 74.0], [203.0, 101.0, 79.0], [200.0, 102.0, 58.0], [197.0, 102.0, 72.0], [194.0, 134.0, 92.0], [192.0, 33.0, 142.0], [183.0, 117.0, 94.0], [181.0, 108.0, 139.0], [169.0, 105.0, 149.0], [163.0, 176.0, 57.0], [160.0, 130.0, 106.0], [156.0, 132.0, 103.0], [156.0, 127.0, 150.0], [155.0, 135.0, 120.0], [151.0, 103.0, 160.0], [148.0, 145.0, 99.0], [147.0, 146.0, 94.0], [144.0, 177.0, 60.0], [142.0, 186.0, 60.0], [139.0, 121.0, 164.0], [133.0, 199.0, 79.0], [130.0, 148.0, 117.0], [129.0, 185.0, 81.0], [129.0, 176.0, 91.0], [128.0, 187.0, 84.0], [128.0, 186.0, 88.0], [127.0, 122.0, 160.0], [125.0, 220.0, 76.0], [121.0, 194.0, 102.0], [118.0, 172.0, 114.0], [117.0, 130.0, 136.0], [115.0, 133.0, 172.0], [114.0, 201.0, 97.0], [114.0, 135.0, 172.0], [113.0, 205.0, 87.0], [112.0, 203.0, 92.0], [108.0, 207.0, 85.0], [105.0, 213.0, 79.0], [105.0, 208.0, 92.0], [102.0, 184.0, 125.0], [101.0, 233.0, 31.0], [99.0, 189.0, 117.0], [94.0, 184.0, 141.0], [93.0, 212.0, 92.0], [91.0, 202.0, 144.0], [90.0, 276.0, 50.0], [90.0, 206.0, 103.0], [89.0, 225.0, 84.0], [89.0, 217.0, 99.0], [87.0, 238.0, 57.0], [87.0, 220.0, 85.0], [87.0, 206.0, 106.0], [86.0, 262.0, 53.0], [86.0, 200.0, 154.0], [84.0, 223.0, 108.0], [83.0, 231.0, 84.0], [82.0, 218.0, 129.0], [81.0, 271.0, 55.0], [78.0, 284.0, 44.0], [72.0, 272.0, 68.0], [70.0, 225.0, 95.0], [69.0, 288.0, 53.0], [69.0, 270.0, 70.0], [69.0, 231.0, 117.0], [68.0, 213.0, 136.0], [64.0, 222.0, 126.0], [64.0, 200.0, 168.0], [63.0, 228.0, 118.0], [63.0, 207.0, 142.0], [62.0, 286.0, 61.0], [62.0, 205.0, 163.0], [61.0, 229.0, 125.0], [59.0, 208.0, 158.0], [57.0, 200.0, 173.0], [55.0, 278.0, 66.0], [55.0, 212.0, 137.0], [54.0, 269.0, 77.0], [54.0, 238.0, 100.0], [53.0, 292.0, 74.0], [50.0, 246.0, 103.0], [50.0, 213.0, 178.0], [49.0, 294.0, 73.0], [48.0, 290.0, 88.0], [47.0, 278.0, 90.0], [45.0, 300.0, 38.0], [44.0, 296.0, 86.0], [43.0, 291.0, 91.0], [41.0, 275.0, 97.0], [36.0, 297.0, 80.0], [34.0, 283.0, 98.0], [32.0, 286.0, 93.0], [26.0, 289.0, 96.0], [24.0, 296.0, 102.0], [23.0, 300.0, 107.0], [10.0, 299.0, 108.0], [8.0, 299.0, 116.0], [-0.0, 300.0, 122.0]]
