heur = false
LBS_limit = 4
preproc = 1
tight_root = 0
total_time = 320.45
NDP = 413
total_nodes = 41467
pruned_nodes = 20734
pruned_dominance_nodes = 3
heur_time = 0.0
Y_N = Any[[1161.0, 154.0, 343.0], [1130.0, 226.0, 476.0], [1110.0, 340.0, 368.0], [1104.0, 238.0, 460.0], [1103.0, 402.0, 406.0], [1103.0, 277.0, 419.0], [1103.0, 239.0, 443.0], [1102.0, 277.0, 426.0], [1100.0, 248.0, 604.0], [1090.0, 308.0, 507.0], [1075.0, 316.0, 495.0], [1075.0, 288.0, 537.0], [1071.0, 297.0, 585.0], [1063.0, 354.0, 430.0], [1056.0, 367.0, 422.0], [1056.0, 325.0, 575.0], [1051.0, 333.0, 449.0], [1049.0, 395.0, 542.0], [1041.0, 447.0, 334.0], [1041.0, 407.0, 400.0], [1034.0, 345.0, 631.0], [1032.0, 402.0, 448.0], [1032.0, 282.0, 655.0], [1030.0, 363.0, 548.0], [1026.0, 415.0, 555.0], [1025.0, 453.0, 396.0], [1020.0, 467.0, 330.0], [1019.0, 325.0, 634.0], [1011.0, 440.0, 427.0], [1011.0, 365.0, 563.0], [1010.0, 489.0, 311.0], [1010.0, 424.0, 508.0], [1009.0, 432.0, 556.0], [1004.0, 457.0, 486.0], [1001.0, 383.0, 677.0], [998.0, 464.0, 424.0], [998.0, 462.0, 519.0], [998.0, 388.0, 571.0], [994.0, 401.0, 683.0], [989.0, 444.0, 651.0], [989.0, 343.0, 711.0], [988.0, 476.0, 494.0], [986.0, 361.0, 689.0], [984.0, 506.0, 485.0], [978.0, 473.0, 552.0], [976.0, 483.0, 498.0], [975.0, 430.0, 660.0], [973.0, 514.0, 469.0], [972.0, 448.0, 623.0], [966.0, 344.0, 693.0], [960.0, 523.0, 437.0], [959.0, 583.0, 478.0], [959.0, 373.0, 717.0], [958.0, 453.0, 555.0], [956.0, 394.0, 735.0], [950.0, 515.0, 497.0], [947.0, 614.0, 417.0], [947.0, 518.0, 533.0], [947.0, 486.0, 602.0], [946.0, 498.0, 598.0], [946.0, 484.0, 673.0], [939.0, 618.0, 351.0], [939.0, 518.0, 540.0], [936.0, 598.0, 433.0], [936.0, 538.0, 491.0], [935.0, 630.0, 383.0], [935.0, 562.0, 505.0], [935.0, 513.0, 622.0], [934.0, 533.0, 526.0], [929.0, 537.0, 516.0], [924.0, 515.0, 542.0], [924.0, 497.0, 623.0], [923.0, 575.0, 520.0], [923.0, 490.0, 677.0], [922.0, 608.0, 419.0], [922.0, 591.0, 460.0], [921.0, 590.0, 512.0], [920.0, 550.0, 532.0], [920.0, 538.0, 571.0], [919.0, 555.0, 563.0], [917.0, 590.0, 547.0], [915.0, 642.0, 367.0], [915.0, 518.0, 606.0], [914.0, 439.0, 683.0], [913.0, 643.0, 407.0], [913.0, 613.0, 436.0], [912.0, 613.0, 447.0], [912.0, 506.0, 635.0], [909.0, 557.0, 551.0], [909.0, 457.0, 717.0], [908.0, 644.0, 354.0], [908.0, 593.0, 481.0], [905.0, 670.0, 314.0], [905.0, 615.0, 461.0], [905.0, 530.0, 584.0], [903.0, 498.0, 730.0], [902.0, 649.0, 404.0], [901.0, 616.0, 477.0], [899.0, 562.0, 596.0], [898.0, 647.0, 419.0], [897.0, 552.0, 610.0], [896.0, 658.0, 391.0], [896.0, 592.0, 527.0], [896.0, 511.0, 632.0], [894.0, 711.0, 297.0], [894.0, 528.0, 711.0], [893.0, 629.0, 426.0], [892.0, 637.0, 490.0], [892.0, 458.0, 762.0], [891.0, 535.0, 638.0], [890.0, 640.0, 454.0], [890.0, 599.0, 513.0], [888.0, 684.0, 394.0], [888.0, 597.0, 589.0], [885.0, 620.0, 494.0], [883.0, 578.0, 614.0], [882.0, 539.0, 639.0], [881.0, 583.0, 603.0], [881.0, 582.0, 644.0], [881.0, 470.0, 753.0], [880.0, 559.0, 652.0], [878.0, 512.0, 729.0], [877.0, 632.0, 494.0], [877.0, 613.0, 528.0], [877.0, 605.0, 531.0], [877.0, 561.0, 668.0], [876.0, 729.0, 429.0], [875.0, 668.0, 436.0], [874.0, 484.0, 767.0], [873.0, 635.0, 534.0], [872.0, 654.0, 442.0], [871.0, 778.0, 242.0], [871.0, 598.0, 549.0], [871.0, 580.0, 649.0], [870.0, 645.0, 452.0], [870.0, 636.0, 493.0], [869.0, 522.0, 744.0], [868.0, 599.0, 607.0], [867.0, 733.0, 259.0], [867.0, 609.0, 618.0], [865.0, 631.0, 561.0], [863.0, 626.0, 562.0], [862.0, 614.0, 641.0], [860.0, 643.0, 486.0], [859.0, 657.0, 485.0], [856.0, 589.0, 683.0], [855.0, 700.0, 449.0], [854.0, 669.0, 453.0], [851.0, 628.0, 566.0], [851.0, 567.0, 696.0], [850.0, 780.0, 313.0], [850.0, 677.0, 463.0], [850.0, 617.0, 628.0], [849.0, 717.0, 461.0], [849.0, 660.0, 555.0], [849.0, 639.0, 595.0], [848.0, 684.0, 465.0], [847.0, 664.0, 466.0], [845.0, 674.0, 468.0], [845.0, 620.0, 635.0], [842.0, 698.0, 466.0], [842.0, 524.0, 762.0], [841.0, 611.0, 690.0], [840.0, 774.0, 337.0], [840.0, 746.0, 372.0], [839.0, 762.0, 363.0], [839.0, 567.0, 751.0], [839.0, 513.0, 773.0], [838.0, 676.0, 485.0], [838.0, 613.0, 677.0], [837.0, 754.0, 453.0], [837.0, 597.0, 697.0], [836.0, 668.0, 511.0], [835.0, 577.0, 718.0], [830.0, 789.0, 349.0], [830.0, 777.0, 371.0], [830.0, 745.0, 487.0], [829.0, 677.0, 514.0], [828.0, 828.0, 298.0], [828.0, 641.0, 568.0], [827.0, 829.0, 306.0], [827.0, 631.0, 628.0], [826.0, 641.0, 642.0], [825.0, 724.0, 514.0], [825.0, 641.0, 646.0], [825.0, 583.0, 718.0], [822.0, 770.0, 391.0], [822.0, 627.0, 659.0], [820.0, 790.0, 350.0], [819.0, 665.0, 604.0], [818.0, 795.0, 332.0], [818.0, 667.0, 519.0], [818.0, 616.0, 665.0], [817.0, 662.0, 647.0], [815.0, 669.0, 524.0], [814.0, 756.0, 415.0], [812.0, 773.0, 380.0], [812.0, 666.0, 533.0], [811.0, 724.0, 524.0], [811.0, 612.0, 731.0], [809.0, 768.0, 416.0], [809.0, 548.0, 755.0], [805.0, 675.0, 603.0], [805.0, 622.0, 684.0], [804.0, 730.0, 539.0], [802.0, 709.0, 558.0], [802.0, 663.0, 621.0], [801.0, 645.0, 697.0], [796.0, 651.0, 659.0], [795.0, 818.0, 355.0], [794.0, 662.0, 648.0], [793.0, 724.0, 612.0], [790.0, 820.0, 343.0], [790.0, 756.0, 422.0], [789.0, 792.0, 361.0], [789.0, 744.0, 514.0], [788.0, 762.0, 435.0], [788.0, 521.0, 806.0], [787.0, 807.0, 383.0], [787.0, 770.0, 475.0], [782.0, 600.0, 741.0], [781.0, 828.0, 365.0], [781.0, 783.0, 422.0], [780.0, 762.0, 477.0], [779.0, 803.0, 385.0], [777.0, 807.0, 397.0], [776.0, 778.0, 475.0], [776.0, 695.0, 652.0], [774.0, 897.0, 316.0], [774.0, 788.0, 435.0], [774.0, 686.0, 670.0], [771.0, 732.0, 525.0], [769.0, 820.0, 401.0], [768.0, 741.0, 570.0], [766.0, 797.0, 438.0], [764.0, 768.0, 480.0], [764.0, 720.0, 633.0], [763.0, 862.0, 320.0], [762.0, 841.0, 338.0], [762.0, 804.0, 472.0], [762.0, 747.0, 497.0], [761.0, 752.0, 488.0], [760.0, 845.0, 324.0], [759.0, 798.0, 506.0], [758.0, 826.0, 434.0], [758.0, 771.0, 518.0], [757.0, 793.0, 524.0], [757.0, 746.0, 526.0], [757.0, 652.0, 687.0], [756.0, 769.0, 550.0], [754.0, 691.0, 670.0], [752.0, 947.0, 217.0], [752.0, 730.0, 581.0], [750.0, 926.0, 224.0], [746.0, 915.0, 306.0], [746.0, 731.0, 607.0], [746.0, 672.0, 689.0], [744.0, 847.0, 441.0], [744.0, 806.0, 462.0], [743.0, 864.0, 335.0], [742.0, 775.0, 545.0], [739.0, 745.0, 551.0], [738.0, 733.0, 615.0], [737.0, 877.0, 352.0], [736.0, 832.0, 492.0], [736.0, 754.0, 564.0], [735.0, 773.0, 555.0], [734.0, 763.0, 581.0], [734.0, 760.0, 595.0], [734.0, 734.0, 604.0], [734.0, 696.0, 643.0], [732.0, 941.0, 270.0], [731.0, 703.0, 638.0], [730.0, 881.0, 382.0], [728.0, 703.0, 690.0], [726.0, 728.0, 624.0], [725.0, 743.0, 608.0], [724.0, 807.0, 505.0], [724.0, 725.0, 626.0], [722.0, 848.0, 384.0], [721.0, 775.0, 585.0], [721.0, 743.0, 618.0], [720.0, 892.0, 321.0], [716.0, 894.0, 339.0], [716.0, 788.0, 591.0], [714.0, 752.0, 622.0], [713.0, 793.0, 533.0], [711.0, 807.0, 532.0], [710.0, 858.0, 411.0], [709.0, 907.0, 349.0], [709.0, 863.0, 383.0], [708.0, 918.0, 358.0], [707.0, 931.0, 300.0], [707.0, 739.0, 638.0], [706.0, 787.0, 594.0], [705.0, 921.0, 362.0], [705.0, 897.0, 377.0], [702.0, 951.0, 261.0], [702.0, 833.0, 463.0], [699.0, 776.0, 634.0], [696.0, 942.0, 318.0], [695.0, 828.0, 518.0], [694.0, 792.0, 589.0], [694.0, 791.0, 591.0], [694.0, 777.0, 640.0], [693.0, 856.0, 477.0], [692.0, 949.0, 337.0], [691.0, 933.0, 401.0], [690.0, 871.0, 404.0], [690.0, 864.0, 442.0], [688.0, 860.0, 467.0], [684.0, 811.0, 541.0], [684.0, 805.0, 577.0], [683.0, 969.0, 252.0], [682.0, 816.0, 525.0], [680.0, 857.0, 485.0], [679.0, 826.0, 520.0], [677.0, 812.0, 606.0], [675.0, 846.0, 522.0], [674.0, 989.0, 308.0], [674.0, 894.0, 404.0], [674.0, 828.0, 532.0], [673.0, 861.0, 487.0], [669.0, 875.0, 482.0], [669.0, 863.0, 548.0], [668.0, 871.0, 492.0], [667.0, 943.0, 340.0], [667.0, 881.0, 424.0], [663.0, 1021.0, 241.0], [663.0, 900.0, 443.0], [661.0, 995.0, 299.0], [660.0, 799.0, 607.0], [657.0, 953.0, 323.0], [657.0, 940.0, 364.0], [657.0, 881.0, 449.0], [653.0, 997.0, 245.0], [653.0, 956.0, 323.0], [653.0, 919.0, 421.0], [653.0, 918.0, 424.0], [650.0, 896.0, 482.0], [650.0, 838.0, 603.0], [648.0, 875.0, 486.0], [647.0, 924.0, 429.0], [647.0, 903.0, 511.0], [646.0, 841.0, 551.0], [641.0, 976.0, 397.0], [640.0, 920.0, 433.0], [639.0, 805.0, 623.0], [638.0, 977.0, 326.0], [635.0, 924.0, 461.0], [630.0, 1010.0, 286.0], [629.0, 1006.0, 293.0], [629.0, 988.0, 398.0], [624.0, 1020.0, 255.0], [624.0, 928.0, 421.0], [623.0, 1027.0, 263.0], [623.0, 948.0, 423.0], [623.0, 880.0, 537.0], [623.0, 868.0, 547.0], [623.0, 829.0, 605.0], [616.0, 1010.0, 299.0], [616.0, 922.0, 500.0], [614.0, 949.0, 431.0], [613.0, 989.0, 333.0], [611.0, 867.0, 551.0], [608.0, 999.0, 340.0], [604.0, 1030.0, 259.0], [598.0, 1058.0, 218.0], [598.0, 886.0, 595.0], [597.0, 929.0, 445.0], [596.0, 1035.0, 291.0], [591.0, 941.0, 476.0], [589.0, 1040.0, 292.0], [588.0, 967.0, 429.0], [585.0, 1001.0, 336.0], [583.0, 1004.0, 320.0], [581.0, 1028.0, 304.0], [579.0, 972.0, 405.0], [578.0, 1003.0, 334.0], [578.0, 944.0, 486.0], [577.0, 915.0, 519.0], [576.0, 989.0, 358.0], [575.0, 994.0, 342.0], [569.0, 1018.0, 411.0], [568.0, 1036.0, 340.0], [566.0, 1050.0, 261.0], [564.0, 1020.0, 394.0], [560.0, 1049.0, 297.0], [556.0, 1053.0, 278.0], [556.0, 958.0, 462.0], [553.0, 1056.0, 220.0], [551.0, 1053.0, 360.0], [550.0, 1005.0, 428.0], [546.0, 1083.0, 324.0], [546.0, 1064.0, 390.0], [542.0, 927.0, 500.0], [537.0, 995.0, 493.0], [534.0, 1084.0, 229.0], [527.0, 1065.0, 328.0], [525.0, 1084.0, 281.0], [522.0, 1100.0, 215.0], [517.0, 1005.0, 485.0], [513.0, 952.0, 515.0], [511.0, 1099.0, 333.0], [505.0, 1067.0, 348.0], [494.0, 1064.0, 400.0], [489.0, 1078.0, 361.0], [479.0, 1109.0, 254.0], [475.0, 1165.0, 199.0], [474.0, 1082.0, 338.0], [436.0, 1077.0, 497.0], [428.0, 1146.0, 230.0], [410.0, 1170.0, 328.0]]
