heur = false
LBS_limit = 4
preproc = 1
tight_root = 0
total_time = 1800.0
NDP = 803
total_nodes = 81777
pruned_nodes = 40857
pruned_dominance_nodes = 3
heur_time = 0.0
Y_N = Any[[1450.0, 3023.0, 1000.0], [1441.0, 3001.0, 1036.0], [1440.0, 3028.0, 1056.0], [1419.0, 3032.0, 1104.0], [1413.0, 3038.0, 1011.0], [1403.0, 3043.0, 1089.0], [1395.0, 3052.0, 1003.0], [1382.0, 3047.0, 1147.0], [1359.0, 3142.0, 996.0], [1358.0, 3067.0, 1036.0], [1354.0, 3153.0, 953.0], [1347.0, 3097.0, 1070.0], [1338.0, 3075.0, 1083.0], [1333.0, 3077.0, 1092.0], [1328.0, 3150.0, 999.0], [1325.0, 3098.0, 1021.0], [1316.0, 3127.0, 1012.0], [1315.0, 3151.0, 1029.0], [1306.0, 3129.0, 1062.0], [1303.0, 3103.0, 1079.0], [1299.0, 3146.0, 1037.0], [1296.0, 3092.0, 1157.0], [1293.0, 3099.0, 1095.0], [1292.0, 3140.0, 1083.0], [1289.0, 3147.0, 1083.0], [1285.0, 3253.0, 942.0], [1285.0, 3121.0, 1109.0], [1281.0, 3157.0, 970.0], [1281.0, 3124.0, 1108.0], [1279.0, 3142.0, 1119.0], [1278.0, 3177.0, 1113.0], [1270.0, 3178.0, 1008.0], [1269.0, 3155.0, 1123.0], [1263.0, 3234.0, 998.0], [1260.0, 3179.0, 1024.0], [1258.0, 3182.0, 1114.0], [1257.0, 3274.0, 946.0], [1251.0, 3189.0, 1045.0], [1250.0, 3159.0, 1143.0], [1248.0, 3195.0, 1049.0], [1244.0, 3162.0, 1115.0], [1241.0, 3142.0, 1158.0], [1239.0, 3199.0, 1052.0], [1238.0, 3200.0, 1094.0], [1236.0, 3246.0, 1011.0], [1235.0, 3236.0, 1040.0], [1234.0, 3212.0, 1168.0], [1229.0, 3274.0, 1014.0], [1223.0, 3282.0, 1075.0], [1220.0, 3285.0, 1059.0], [1216.0, 3229.0, 1104.0], [1213.0, 3287.0, 1132.0], [1209.0, 3304.0, 933.0], [1208.0, 3290.0, 1028.0], [1208.0, 3208.0, 1199.0], [1200.0, 3185.0, 1223.0], [1195.0, 3233.0, 1149.0], [1192.0, 3213.0, 1225.0], [1191.0, 3354.0, 970.0], [1191.0, 3226.0, 1206.0], [1187.0, 3294.0, 1102.0], [1182.0, 3332.0, 987.0], [1180.0, 3245.0, 1150.0], [1178.0, 3364.0, 968.0], [1177.0, 3307.0, 1060.0], [1176.0, 3357.0, 999.0], [1175.0, 3372.0, 933.0], [1174.0, 3372.0, 965.0], [1171.0, 3258.0, 1165.0], [1169.0, 3356.0, 1000.0], [1168.0, 3379.0, 982.0], [1168.0, 3311.0, 1069.0], [1167.0, 3312.0, 1140.0], [1166.0, 3315.0, 1089.0], [1165.0, 3318.0, 1067.0], [1162.0, 3349.0, 1027.0], [1160.0, 3325.0, 1031.0], [1158.0, 3390.0, 942.0], [1156.0, 3323.0, 1073.0], [1155.0, 3256.0, 1188.0], [1151.0, 3399.0, 1052.0], [1150.0, 3337.0, 1123.0], [1150.0, 3298.0, 1174.0], [1147.0, 3378.0, 1066.0], [1146.0, 3316.0, 1156.0], [1146.0, 3282.0, 1203.0], [1139.0, 3400.0, 995.0], [1138.0, 3352.0, 1135.0], [1136.0, 3249.0, 1206.0], [1135.0, 3344.0, 1163.0], [1133.0, 3355.0, 1068.0], [1130.0, 3401.0, 988.0], [1129.0, 3409.0, 990.0], [1129.0, 3302.0, 1180.0], [1128.0, 3357.0, 1181.0], [1127.0, 3254.0, 1222.0], [1126.0, 3278.0, 1218.0], [1125.0, 3395.0, 1076.0], [1125.0, 3362.0, 1094.0], [1125.0, 3305.0, 1191.0], [1124.0, 3441.0, 908.0], [1123.0, 3411.0, 972.0], [1121.0, 3374.0, 1097.0], [1119.0, 3433.0, 981.0], [1117.0, 3259.0, 1285.0], [1114.0, 3305.0, 1210.0], [1113.0, 3396.0, 1075.0], [1113.0, 3393.0, 1107.0], [1110.0, 3272.0, 1223.0], [1109.0, 3448.0, 970.0], [1109.0, 3400.0, 1083.0], [1108.0, 3413.0, 1082.0], [1108.0, 3406.0, 1171.0], [1107.0, 3361.0, 1195.0], [1105.0, 3282.0, 1270.0], [1103.0, 3398.0, 1182.0], [1101.0, 3307.0, 1241.0], [1100.0, 3417.0, 1005.0], [1098.0, 3318.0, 1199.0], [1097.0, 3323.0, 1201.0], [1096.0, 3411.0, 1095.0], [1096.0, 3263.0, 1345.0], [1095.0, 3448.0, 995.0], [1089.0, 3330.0, 1208.0], [1088.0, 3419.0, 1079.0], [1086.0, 3416.0, 1148.0], [1086.0, 3336.0, 1209.0], [1084.0, 3491.0, 942.0], [1082.0, 3402.0, 1206.0], [1080.0, 3469.0, 1013.0], [1077.0, 3448.0, 1016.0], [1077.0, 3435.0, 1052.0], [1075.0, 3456.0, 1031.0], [1074.0, 3473.0, 1080.0], [1068.0, 3355.0, 1210.0], [1068.0, 3347.0, 1233.0], [1067.0, 3509.0, 949.0], [1066.0, 3433.0, 1087.0], [1066.0, 3431.0, 1128.0], [1066.0, 3407.0, 1191.0], [1065.0, 3489.0, 990.0], [1065.0, 3451.0, 1091.0], [1065.0, 3420.0, 1191.0], [1062.0, 3495.0, 987.0], [1061.0, 3406.0, 1225.0], [1058.0, 3352.0, 1260.0], [1056.0, 3514.0, 937.0], [1055.0, 3412.0, 1218.0], [1053.0, 3444.0, 1105.0], [1053.0, 3436.0, 1141.0], [1052.0, 3531.0, 1007.0], [1052.0, 3440.0, 1124.0], [1052.0, 3425.0, 1149.0], [1049.0, 3296.0, 1287.0], [1046.0, 3480.0, 1018.0], [1043.0, 3465.0, 1128.0], [1043.0, 3425.0, 1166.0], [1043.0, 3361.0, 1283.0], [1041.0, 3472.0, 1106.0], [1040.0, 3497.0, 1025.0], [1038.0, 3428.0, 1169.0], [1038.0, 3401.0, 1275.0], [1037.0, 3356.0, 1333.0], [1035.0, 3505.0, 1043.0], [1035.0, 3435.0, 1172.0], [1034.0, 3404.0, 1246.0], [1031.0, 3485.0, 1064.0], [1031.0, 3484.0, 1105.0], [1031.0, 3358.0, 1294.0], [1030.0, 3537.0, 945.0], [1029.0, 3549.0, 1020.0], [1028.0, 3451.0, 1143.0], [1026.0, 3424.0, 1233.0], [1023.0, 3527.0, 1046.0], [1022.0, 3496.0, 1146.0], [1022.0, 3469.0, 1165.0], [1021.0, 3539.0, 1046.0], [1021.0, 3489.0, 1164.0], [1020.0, 3431.0, 1194.0], [1017.0, 3550.0, 955.0], [1017.0, 3499.0, 1087.0], [1017.0, 3449.0, 1173.0], [1016.0, 3410.0, 1240.0], [1013.0, 3466.0, 1167.0], [1013.0, 3408.0, 1242.0], [1012.0, 3397.0, 1336.0], [1011.0, 3554.0, 1037.0], [1008.0, 3473.0, 1193.0], [1007.0, 3506.0, 1047.0], [1003.0, 3546.0, 1051.0], [1003.0, 3542.0, 1068.0], [1002.0, 3508.0, 1113.0], [1001.0, 3412.0, 1302.0], [1000.0, 3568.0, 1069.0], [1000.0, 3493.0, 1214.0], [999.0, 3597.0, 966.0], [997.0, 3621.0, 898.0], [995.0, 3525.0, 1089.0], [994.0, 3512.0, 1096.0], [992.0, 3513.0, 1157.0], [990.0, 3525.0, 1138.0], [989.0, 3612.0, 945.0], [987.0, 3466.0, 1223.0], [986.0, 3475.0, 1254.0], [983.0, 3574.0, 997.0], [982.0, 3575.0, 1043.0], [980.0, 3581.0, 973.0], [980.0, 3559.0, 1129.0], [979.0, 3617.0, 962.0], [979.0, 3497.0, 1192.0], [976.0, 3504.0, 1173.0], [974.0, 3578.0, 1009.0], [974.0, 3570.0, 1106.0], [971.0, 3618.0, 936.0], [971.0, 3517.0, 1187.0], [969.0, 3502.0, 1216.0], [967.0, 3618.0, 955.0], [967.0, 3570.0, 1136.0], [966.0, 3588.0, 985.0], [966.0, 3427.0, 1277.0], [965.0, 3479.0, 1242.0], [963.0, 3638.0, 974.0], [957.0, 3575.0, 1190.0], [955.0, 3441.0, 1259.0], [954.0, 3637.0, 1055.0], [954.0, 3593.0, 1069.0], [952.0, 3491.0, 1263.0], [949.0, 3584.0, 1094.0], [947.0, 3492.0, 1218.0], [946.0, 3595.0, 1089.0], [946.0, 3414.0, 1301.0], [944.0, 3576.0, 1115.0], [940.0, 3514.0, 1238.0], [938.0, 3639.0, 968.0], [937.0, 3618.0, 1075.0], [937.0, 3579.0, 1128.0], [936.0, 3579.0, 1248.0], [935.0, 3419.0, 1315.0], [934.0, 3659.0, 1011.0], [933.0, 3597.0, 1129.0], [931.0, 3500.0, 1268.0], [927.0, 3603.0, 1100.0], [926.0, 3448.0, 1314.0], [925.0, 3633.0, 1086.0], [923.0, 3580.0, 1155.0], [922.0, 3453.0, 1283.0], [921.0, 3672.0, 933.0], [921.0, 3636.0, 1084.0], [919.0, 3660.0, 1011.0], [917.0, 3600.0, 1113.0], [916.0, 3583.0, 1178.0], [916.0, 3470.0, 1327.0], [915.0, 3654.0, 1030.0], [915.0, 3502.0, 1315.0], [914.0, 3583.0, 1211.0], [912.0, 3595.0, 1137.0], [912.0, 3586.0, 1138.0], [911.0, 3638.0, 1033.0], [911.0, 3600.0, 1188.0], [910.0, 3701.0, 946.0], [909.0, 3610.0, 1117.0], [908.0, 3655.0, 1061.0], [906.0, 3637.0, 1080.0], [905.0, 3602.0, 1119.0], [905.0, 3591.0, 1232.0], [902.0, 3598.0, 1234.0], [901.0, 3614.0, 1130.0], [901.0, 3514.0, 1257.0], [898.0, 3664.0, 1031.0], [898.0, 3616.0, 1089.0], [898.0, 3602.0, 1132.0], [896.0, 3665.0, 1037.0], [896.0, 3630.0, 1090.0], [895.0, 3687.0, 1092.0], [895.0, 3474.0, 1374.0], [894.0, 3625.0, 1171.0], [893.0, 3519.0, 1302.0], [892.0, 3563.0, 1265.0], [891.0, 3501.0, 1323.0], [890.0, 3689.0, 1030.0], [890.0, 3604.0, 1199.0], [888.0, 3627.0, 1096.0], [886.0, 3531.0, 1267.0], [885.0, 3607.0, 1187.0], [884.0, 3723.0, 910.0], [883.0, 3702.0, 1000.0], [883.0, 3544.0, 1307.0], [881.0, 3627.0, 1125.0], [877.0, 3657.0, 1099.0], [874.0, 3723.0, 973.0], [872.0, 3700.0, 1002.0], [872.0, 3606.0, 1211.0], [871.0, 3613.0, 1180.0], [871.0, 3537.0, 1311.0], [870.0, 3602.0, 1219.0], [869.0, 3697.0, 1018.0], [869.0, 3683.0, 1146.0], [869.0, 3608.0, 1216.0], [868.0, 3762.0, 935.0], [867.0, 3687.0, 1156.0], [865.0, 3698.0, 1013.0], [865.0, 3619.0, 1181.0], [860.0, 3706.0, 1019.0], [860.0, 3599.0, 1225.0], [859.0, 3633.0, 1160.0], [859.0, 3619.0, 1186.0], [858.0, 3491.0, 1329.0], [857.0, 3636.0, 1183.0], [856.0, 3702.0, 1076.0], [855.0, 3596.0, 1241.0], [853.0, 3709.0, 1034.0], [853.0, 3611.0, 1207.0], [852.0, 3710.0, 991.0], [852.0, 3650.0, 1164.0], [852.0, 3552.0, 1272.0], [848.0, 3749.0, 967.0], [848.0, 3720.0, 1026.0], [848.0, 3704.0, 1046.0], [848.0, 3687.0, 1195.0], [844.0, 3740.0, 994.0], [844.0, 3634.0, 1219.0], [842.0, 3759.0, 983.0], [842.0, 3606.0, 1234.0], [841.0, 3653.0, 1197.0], [840.0, 3700.0, 1105.0], [839.0, 3707.0, 1044.0], [839.0, 3601.0, 1236.0], [838.0, 3768.0, 924.0], [838.0, 3720.0, 1041.0], [837.0, 3767.0, 954.0], [836.0, 3670.0, 1199.0], [836.0, 3627.0, 1229.0], [834.0, 3745.0, 1032.0], [834.0, 3707.0, 1082.0], [832.0, 3701.0, 1111.0], [832.0, 3582.0, 1251.0], [831.0, 3738.0, 1044.0], [829.0, 3747.0, 989.0], [829.0, 3653.0, 1202.0], [826.0, 3690.0, 1243.0], [825.0, 3701.0, 1117.0], [823.0, 3713.0, 1062.0], [823.0, 3653.0, 1253.0], [823.0, 3588.0, 1312.0], [820.0, 3711.0, 1065.0], [818.0, 3758.0, 1022.0], [818.0, 3555.0, 1383.0], [817.0, 3708.0, 1128.0], [816.0, 3526.0, 1384.0], [815.0, 3732.0, 1083.0], [813.0, 3770.0, 958.0], [813.0, 3711.0, 1091.0], [812.0, 3765.0, 1012.0], [812.0, 3753.0, 1052.0], [812.0, 3728.0, 1158.0], [809.0, 3777.0, 1065.0], [807.0, 3609.0, 1320.0], [806.0, 3783.0, 953.0], [805.0, 3694.0, 1295.0], [803.0, 3794.0, 1014.0], [802.0, 3737.0, 1094.0], [801.0, 3697.0, 1168.0], [799.0, 3696.0, 1237.0], [796.0, 3762.0, 1083.0], [796.0, 3713.0, 1176.0], [796.0, 3699.0, 1189.0], [795.0, 3737.0, 1124.0], [794.0, 3736.0, 1136.0], [793.0, 3792.0, 1040.0], [793.0, 3746.0, 1090.0], [791.0, 3799.0, 1021.0], [790.0, 3738.0, 1094.0], [789.0, 3720.0, 1169.0], [789.0, 3631.0, 1297.0], [788.0, 3797.0, 1030.0], [787.0, 3586.0, 1334.0], [784.0, 3740.0, 1097.0], [784.0, 3736.0, 1137.0], [783.0, 3756.0, 1089.0], [783.0, 3734.0, 1141.0], [783.0, 3697.0, 1190.0], [782.0, 3856.0, 926.0], [779.0, 3739.0, 1111.0], [779.0, 3704.0, 1241.0], [778.0, 3795.0, 1082.0], [778.0, 3706.0, 1215.0], [775.0, 3814.0, 1017.0], [775.0, 3745.0, 1113.0], [775.0, 3727.0, 1201.0], [774.0, 3629.0, 1321.0], [773.0, 3756.0, 1170.0], [772.0, 3759.0, 1095.0], [772.0, 3741.0, 1206.0], [770.0, 3759.0, 1178.0], [767.0, 3789.0, 1105.0], [766.0, 3788.0, 1111.0], [765.0, 3796.0, 1047.0], [764.0, 3802.0, 1081.0], [764.0, 3770.0, 1138.0], [760.0, 3807.0, 1036.0], [758.0, 3781.0, 1130.0], [758.0, 3763.0, 1157.0], [757.0, 3696.0, 1304.0], [756.0, 3853.0, 980.0], [756.0, 3784.0, 1149.0], [756.0, 3700.0, 1280.0], [754.0, 3794.0, 1157.0], [754.0, 3703.0, 1257.0], [753.0, 3777.0, 1189.0], [752.0, 3760.0, 1202.0], [750.0, 3818.0, 981.0], [750.0, 3803.0, 1041.0], [750.0, 3753.0, 1238.0], [749.0, 3662.0, 1313.0], [745.0, 3808.0, 1021.0], [744.0, 3823.0, 985.0], [744.0, 3799.0, 1108.0], [743.0, 3642.0, 1318.0], [742.0, 3713.0, 1244.0], [741.0, 3832.0, 1051.0], [740.0, 3871.0, 935.0], [739.0, 3805.0, 1095.0], [738.0, 3808.0, 1096.0], [736.0, 3907.0, 940.0], [735.0, 3857.0, 961.0], [735.0, 3854.0, 984.0], [735.0, 3802.0, 1109.0], [734.0, 3850.0, 1087.0], [734.0, 3804.0, 1141.0], [734.0, 3780.0, 1158.0], [732.0, 3852.0, 1059.0], [731.0, 3788.0, 1178.0], [730.0, 3865.0, 977.0], [729.0, 3861.0, 1057.0], [728.0, 3824.0, 1098.0], [728.0, 3823.0, 1148.0], [728.0, 3713.0, 1276.0], [724.0, 3830.0, 1089.0], [722.0, 3767.0, 1204.0], [719.0, 3824.0, 1127.0], [719.0, 3762.0, 1208.0], [719.0, 3720.0, 1274.0], [714.0, 3747.0, 1241.0], [713.0, 3755.0, 1211.0], [712.0, 3871.0, 1010.0], [710.0, 3836.0, 1113.0], [710.0, 3803.0, 1179.0], [709.0, 3875.0, 1058.0], [709.0, 3760.0, 1266.0], [708.0, 3701.0, 1302.0], [705.0, 3742.0, 1288.0], [704.0, 3920.0, 966.0], [704.0, 3895.0, 1030.0], [703.0, 3858.0, 1074.0], [701.0, 3719.0, 1302.0], [700.0, 3770.0, 1190.0], [698.0, 3835.0, 1138.0], [698.0, 3828.0, 1147.0], [697.0, 3853.0, 1141.0], [695.0, 3769.0, 1225.0], [694.0, 3912.0, 1000.0], [694.0, 3798.0, 1200.0], [693.0, 3814.0, 1174.0], [693.0, 3780.0, 1202.0], [691.0, 3746.0, 1275.0], [691.0, 3717.0, 1350.0], [689.0, 3873.0, 1103.0], [689.0, 3757.0, 1311.0], [688.0, 3827.0, 1206.0], [688.0, 3762.0, 1229.0], [687.0, 3835.0, 1176.0], [686.0, 3862.0, 1106.0], [684.0, 3882.0, 1074.0], [683.0, 3916.0, 993.0], [682.0, 3901.0, 1022.0], [681.0, 3781.0, 1231.0], [681.0, 3746.0, 1335.0], [680.0, 3878.0, 1138.0], [680.0, 3798.0, 1216.0], [678.0, 3917.0, 1011.0], [678.0, 3892.0, 1101.0], [677.0, 3920.0, 1084.0], [677.0, 3831.0, 1182.0], [675.0, 3841.0, 1196.0], [673.0, 3928.0, 980.0], [669.0, 3934.0, 925.0], [667.0, 3951.0, 920.0], [664.0, 3899.0, 1116.0], [664.0, 3810.0, 1232.0], [663.0, 3952.0, 938.0], [663.0, 3871.0, 1163.0], [662.0, 3781.0, 1250.0], [661.0, 3857.0, 1179.0], [661.0, 3766.0, 1251.0], [660.0, 3931.0, 954.0], [658.0, 3932.0, 995.0], [657.0, 3956.0, 955.0], [656.0, 3922.0, 1013.0], [656.0, 3877.0, 1141.0], [655.0, 3929.0, 1023.0], [655.0, 3842.0, 1243.0], [654.0, 3891.0, 1147.0], [653.0, 3885.0, 1196.0], [653.0, 3796.0, 1251.0], [652.0, 3773.0, 1263.0], [650.0, 3930.0, 1052.0], [650.0, 3926.0, 1086.0], [646.0, 3768.0, 1279.0], [645.0, 3960.0, 893.0], [642.0, 3809.0, 1255.0], [641.0, 3847.0, 1227.0], [639.0, 3902.0, 1125.0], [638.0, 3937.0, 1001.0], [638.0, 3780.0, 1281.0], [637.0, 3995.0, 919.0], [637.0, 3949.0, 981.0], [635.0, 4014.0, 904.0], [635.0, 3791.0, 1275.0], [634.0, 3910.0, 1132.0], [633.0, 3987.0, 956.0], [632.0, 3958.0, 1071.0], [631.0, 3915.0, 1118.0], [631.0, 3875.0, 1197.0], [631.0, 3782.0, 1288.0], [628.0, 3903.0, 1150.0], [628.0, 3852.0, 1206.0], [628.0, 3805.0, 1260.0], [627.0, 3959.0, 1087.0], [626.0, 4017.0, 1003.0], [626.0, 3890.0, 1165.0], [626.0, 3861.0, 1213.0], [625.0, 3756.0, 1333.0], [624.0, 3927.0, 1116.0], [624.0, 3793.0, 1348.0], [623.0, 3934.0, 1146.0], [622.0, 3969.0, 1006.0], [620.0, 3813.0, 1253.0], [619.0, 3961.0, 1041.0], [616.0, 3965.0, 1010.0], [615.0, 3908.0, 1174.0], [615.0, 3809.0, 1314.0], [613.0, 4023.0, 887.0], [613.0, 3947.0, 1089.0], [610.0, 3949.0, 1115.0], [610.0, 3909.0, 1151.0], [610.0, 3866.0, 1215.0], [609.0, 3962.0, 1013.0], [609.0, 3901.0, 1178.0], [608.0, 3959.0, 1106.0], [608.0, 3906.0, 1190.0], [608.0, 3890.0, 1203.0], [607.0, 3921.0, 1166.0], [606.0, 3967.0, 1044.0], [606.0, 3894.0, 1195.0], [606.0, 3884.0, 1206.0], [605.0, 3955.0, 1111.0], [604.0, 3940.0, 1141.0], [603.0, 3921.0, 1184.0], [602.0, 3882.0, 1238.0], [601.0, 3895.0, 1206.0], [601.0, 3832.0, 1291.0], [598.0, 3952.0, 1143.0], [596.0, 4033.0, 919.0], [596.0, 3967.0, 1064.0], [595.0, 4025.0, 983.0], [595.0, 3975.0, 1023.0], [595.0, 3954.0, 1122.0], [592.0, 3973.0, 1038.0], [592.0, 3971.0, 1066.0], [591.0, 3981.0, 1019.0], [590.0, 3819.0, 1317.0], [588.0, 3976.0, 1030.0], [587.0, 3998.0, 1017.0], [586.0, 3986.0, 1038.0], [586.0, 3908.0, 1203.0], [586.0, 3846.0, 1284.0], [585.0, 4034.0, 908.0], [585.0, 3991.0, 1051.0], [585.0, 3840.0, 1285.0], [585.0, 3820.0, 1365.0], [584.0, 4007.0, 1076.0], [584.0, 3958.0, 1128.0], [584.0, 3878.0, 1255.0], [581.0, 3887.0, 1214.0], [580.0, 4039.0, 869.0], [580.0, 3971.0, 1098.0], [579.0, 3930.0, 1157.0], [578.0, 3961.0, 1159.0], [578.0, 3927.0, 1177.0], [577.0, 4042.0, 894.0], [576.0, 4013.0, 1020.0], [575.0, 3953.0, 1163.0], [574.0, 3851.0, 1306.0], [572.0, 3935.0, 1201.0], [572.0, 3891.0, 1245.0], [570.0, 4030.0, 979.0], [567.0, 4019.0, 984.0], [566.0, 4066.0, 927.0], [566.0, 4034.0, 958.0], [566.0, 3944.0, 1188.0], [565.0, 4056.0, 934.0], [565.0, 3987.0, 1098.0], [561.0, 3964.0, 1153.0], [560.0, 4041.0, 943.0], [560.0, 4038.0, 1057.0], [560.0, 3900.0, 1208.0], [560.0, 3877.0, 1261.0], [559.0, 3988.0, 1111.0], [559.0, 3956.0, 1170.0], [558.0, 4005.0, 1084.0], [557.0, 4053.0, 1016.0], [554.0, 4019.0, 1077.0], [554.0, 3894.0, 1228.0], [552.0, 3894.0, 1235.0], [551.0, 3993.0, 1135.0], [550.0, 4069.0, 900.0], [547.0, 3983.0, 1149.0], [546.0, 3994.0, 1168.0], [546.0, 3931.0, 1256.0], [545.0, 4052.0, 1088.0], [544.0, 4008.0, 1116.0], [543.0, 4062.0, 943.0], [542.0, 4077.0, 963.0], [540.0, 4063.0, 976.0], [540.0, 3980.0, 1208.0], [535.0, 3860.0, 1278.0], [532.0, 4011.0, 1106.0], [531.0, 3945.0, 1233.0], [530.0, 4055.0, 1000.0], [530.0, 3992.0, 1174.0], [530.0, 3972.0, 1230.0], [529.0, 4084.0, 922.0], [529.0, 3984.0, 1191.0], [528.0, 4014.0, 1123.0], [527.0, 4015.0, 1182.0], [526.0, 4020.0, 1097.0], [525.0, 4023.0, 1103.0], [523.0, 4079.0, 961.0], [522.0, 4032.0, 1106.0], [521.0, 4110.0, 905.0], [521.0, 4055.0, 1040.0], [521.0, 3958.0, 1235.0], [520.0, 4086.0, 919.0], [519.0, 4080.0, 967.0], [519.0, 4049.0, 1096.0], [519.0, 3895.0, 1262.0], [517.0, 4057.0, 1017.0], [516.0, 4102.0, 956.0], [516.0, 4068.0, 1021.0], [513.0, 3865.0, 1286.0], [512.0, 4121.0, 926.0], [511.0, 4053.0, 1060.0], [509.0, 4034.0, 1122.0], [508.0, 4113.0, 949.0], [507.0, 4073.0, 1025.0], [505.0, 4039.0, 1122.0], [503.0, 4081.0, 1035.0], [502.0, 4066.0, 1048.0], [502.0, 4010.0, 1197.0], [501.0, 4016.0, 1200.0], [501.0, 3996.0, 1238.0], [501.0, 3961.0, 1244.0], [499.0, 4054.0, 1064.0], [497.0, 4034.0, 1134.0], [497.0, 4032.0, 1173.0], [493.0, 4087.0, 984.0], [492.0, 4117.0, 937.0], [492.0, 4082.0, 1010.0], [492.0, 4077.0, 1056.0], [491.0, 4096.0, 1036.0], [490.0, 4087.0, 1057.0], [490.0, 4061.0, 1068.0], [490.0, 4044.0, 1185.0], [490.0, 3949.0, 1271.0], [489.0, 4157.0, 885.0], [489.0, 4065.0, 1091.0], [487.0, 4127.0, 942.0], [487.0, 4099.0, 989.0], [485.0, 4141.0, 924.0], [485.0, 4077.0, 1059.0], [482.0, 4163.0, 909.0], [482.0, 4053.0, 1144.0], [481.0, 4120.0, 972.0], [481.0, 4070.0, 1081.0], [480.0, 4124.0, 993.0], [478.0, 4102.0, 1053.0], [476.0, 4054.0, 1124.0], [474.0, 4131.0, 929.0], [473.0, 4078.0, 1138.0], [472.0, 4095.0, 1081.0], [470.0, 4142.0, 979.0], [469.0, 4126.0, 1039.0], [467.0, 4162.0, 920.0], [467.0, 4096.0, 1076.0], [467.0, 4049.0, 1185.0], [465.0, 4093.0, 1102.0], [463.0, 4101.0, 1068.0], [463.0, 4099.0, 1073.0], [462.0, 4197.0, 901.0], [461.0, 4112.0, 1073.0], [460.0, 4172.0, 956.0], [457.0, 4113.0, 1041.0], [456.0, 4160.0, 964.0], [456.0, 4111.0, 1093.0], [456.0, 4012.0, 1207.0], [452.0, 4053.0, 1184.0], [451.0, 4123.0, 1043.0], [451.0, 4114.0, 1047.0], [450.0, 4168.0, 971.0], [447.0, 4184.0, 954.0], [446.0, 4061.0, 1144.0], [445.0, 4154.0, 1019.0], [445.0, 4118.0, 1056.0], [445.0, 4065.0, 1184.0], [445.0, 3988.0, 1265.0], [444.0, 4139.0, 1030.0], [441.0, 4159.0, 975.0], [441.0, 4119.0, 1083.0], [438.0, 4141.0, 1035.0], [438.0, 4107.0, 1126.0], [436.0, 4092.0, 1130.0], [434.0, 4169.0, 1015.0], [434.0, 4160.0, 1033.0], [434.0, 4102.0, 1131.0], [434.0, 4037.0, 1254.0], [431.0, 4095.0, 1164.0], [425.0, 4190.0, 947.0], [425.0, 4120.0, 1173.0], [423.0, 4098.0, 1195.0], [421.0, 4175.0, 1007.0], [421.0, 4037.0, 1273.0], [420.0, 4124.0, 1045.0], [419.0, 4184.0, 956.0], [419.0, 4123.0, 1047.0], [418.0, 4187.0, 989.0], [416.0, 4091.0, 1202.0], [416.0, 4039.0, 1216.0], [414.0, 4199.0, 958.0], [414.0, 4061.0, 1204.0], [412.0, 4131.0, 1042.0], [412.0, 4126.0, 1190.0], [411.0, 4132.0, 1060.0], [410.0, 4178.0, 1018.0], [410.0, 4138.0, 1046.0], [409.0, 4224.0, 955.0], [407.0, 4168.0, 1020.0], [407.0, 4047.0, 1213.0], [406.0, 4162.0, 1048.0], [404.0, 4205.0, 958.0], [402.0, 4163.0, 1107.0], [402.0, 4006.0, 1275.0], [401.0, 4129.0, 1123.0], [400.0, 4209.0, 977.0], [398.0, 4184.0, 1048.0], [396.0, 4170.0, 1054.0], [394.0, 4171.0, 1075.0], [390.0, 4130.0, 1134.0], [389.0, 4201.0, 1028.0], [388.0, 4128.0, 1142.0], [387.0, 4138.0, 1108.0], [384.0, 4170.0, 1127.0], [383.0, 4187.0, 1038.0], [383.0, 4185.0, 1049.0], [382.0, 4211.0, 1060.0], [381.0, 4232.0, 989.0], [379.0, 4134.0, 1142.0], [378.0, 4175.0, 1069.0], [376.0, 4242.0, 974.0], [375.0, 4064.0, 1269.0], [372.0, 4207.0, 1070.0], [370.0, 4133.0, 1145.0], [368.0, 4221.0, 1029.0], [367.0, 4193.0, 1124.0], [367.0, 4177.0, 1145.0], [367.0, 4085.0, 1246.0], [365.0, 4125.0, 1226.0], [365.0, 4098.0, 1236.0], [363.0, 4198.0, 1100.0], [361.0, 4074.0, 1320.0], [358.0, 4224.0, 1007.0], [356.0, 4208.0, 1136.0], [354.0, 4248.0, 963.0], [346.0, 4130.0, 1153.0], [343.0, 4214.0, 1123.0], [342.0, 4218.0, 1101.0], [338.0, 4219.0, 1061.0], [337.0, 4221.0, 1066.0], [337.0, 4149.0, 1172.0], [336.0, 4238.0, 1041.0], [333.0, 4263.0, 992.0], [333.0, 4242.0, 1058.0], [332.0, 4217.0, 1113.0], [328.0, 4259.0, 1044.0], [322.0, 4248.0, 1077.0], [319.0, 4216.0, 1116.0], [316.0, 4190.0, 1161.0], [305.0, 4226.0, 1204.0], [302.0, 4256.0, 1053.0], [298.0, 4281.0, 1062.0], [298.0, 4236.0, 1110.0], [296.0, 4245.0, 1142.0], [276.0, 4287.0, 1034.0], [259.0, 4298.0, 1063.0]]
