heur = false
LBS_limit = 4
preproc = 1
tight_root = 0
total_time = 11.2
NDP = 117
total_nodes = 7519
pruned_nodes = 3760
pruned_dominance_nodes = 0
heur_time = 0.0
Y_N = Any[[498.0, 432.0, 266.0], [490.0, 459.0, 266.0], [484.0, 531.0, 148.0], [480.0, 490.0, 228.0], [479.0, 581.0, 181.0], [471.0, 496.0, 268.0], [459.0, 503.0, 184.0], [458.0, 444.0, 279.0], [457.0, 516.0, 184.0], [453.0, 528.0, 216.0], [442.0, 536.0, 212.0], [442.0, 513.0, 222.0], [441.0, 539.0, 213.0], [441.0, 515.0, 231.0], [431.0, 515.0, 235.0], [420.0, 545.0, 211.0], [419.0, 557.0, 253.0], [415.0, 596.0, 170.0], [413.0, 576.0, 241.0], [408.0, 608.0, 230.0], [406.0, 652.0, 177.0], [401.0, 577.0, 236.0], [389.0, 682.0, 155.0], [389.0, 553.0, 256.0], [387.0, 618.0, 195.0], [382.0, 664.0, 161.0], [379.0, 623.0, 203.0], [378.0, 618.0, 207.0], [378.0, 571.0, 247.0], [376.0, 560.0, 248.0], [371.0, 582.0, 260.0], [368.0, 577.0, 267.0], [364.0, 610.0, 210.0], [363.0, 620.0, 234.0], [362.0, 681.0, 199.0], [361.0, 599.0, 259.0], [356.0, 631.0, 215.0], [350.0, 695.0, 169.0], [350.0, 638.0, 225.0], [350.0, 622.0, 288.0], [348.0, 641.0, 204.0], [347.0, 675.0, 274.0], [346.0, 680.0, 235.0], [334.0, 684.0, 188.0], [327.0, 712.0, 189.0], [323.0, 701.0, 190.0], [319.0, 748.0, 141.0], [315.0, 742.0, 169.0], [315.0, 691.0, 196.0], [314.0, 683.0, 232.0], [312.0, 756.0, 169.0], [312.0, 734.0, 202.0], [309.0, 701.0, 204.0], [304.0, 778.0, 206.0], [303.0, 696.0, 213.0], [299.0, 699.0, 260.0], [295.0, 732.0, 216.0], [292.0, 764.0, 219.0], [285.0, 780.0, 153.0], [283.0, 703.0, 228.0], [282.0, 734.0, 272.0], [276.0, 803.0, 154.0], [269.0, 813.0, 151.0], [268.0, 784.0, 173.0], [265.0, 748.0, 227.0], [264.0, 795.0, 170.0], [264.0, 751.0, 222.0], [262.0, 768.0, 232.0], [261.0, 740.0, 235.0], [260.0, 762.0, 233.0], [259.0, 835.0, 134.0], [259.0, 783.0, 187.0], [259.0, 769.0, 266.0], [253.0, 803.0, 209.0], [251.0, 773.0, 252.0], [249.0, 839.0, 155.0], [248.0, 784.0, 221.0], [246.0, 827.0, 159.0], [244.0, 861.0, 172.0], [243.0, 801.0, 236.0], [239.0, 809.0, 190.0], [233.0, 833.0, 179.0], [232.0, 779.0, 254.0], [231.0, 844.0, 185.0], [229.0, 837.0, 198.0], [227.0, 821.0, 199.0], [227.0, 786.0, 238.0], [224.0, 853.0, 276.0], [208.0, 891.0, 187.0], [205.0, 865.0, 242.0], [193.0, 867.0, 197.0], [192.0, 912.0, 135.0], [190.0, 860.0, 297.0], [175.0, 871.0, 290.0], [172.0, 921.0, 183.0], [171.0, 876.0, 192.0], [167.0, 922.0, 135.0], [157.0, 933.0, 125.0], [155.0, 877.0, 208.0], [154.0, 930.0, 217.0], [153.0, 937.0, 164.0], [152.0, 946.0, 141.0], [149.0, 875.0, 242.0], [143.0, 878.0, 235.0], [131.0, 878.0, 329.0], [130.0, 883.0, 250.0], [123.0, 945.0, 167.0], [114.0, 958.0, 250.0], [94.0, 963.0, 178.0], [93.0, 964.0, 143.0], [70.0, 965.0, 238.0], [68.0, 970.0, 247.0], [55.0, 969.0, 250.0], [48.0, 975.0, 151.0], [36.0, 973.0, 169.0], [24.0, 977.0, 230.0], [-0.0, 980.0, 192.0]]
