heur = false
LBS_limit = 4
preproc = 1
tight_root = 0
total_time = 46.4
NDP = 223
total_nodes = 11451
pruned_nodes = 5726
pruned_dominance_nodes = 1
heur_time = 0.0
Y_N = Any[[405.0, 187.0, 91.0], [382.0, 121.0, 240.0], [369.0, 169.0, 230.0], [359.0, 213.0, 111.0], [355.0, 291.0, 120.0], [343.0, 214.0, 194.0], [334.0, 127.0, 319.0], [323.0, 242.0, 220.0], [322.0, 221.0, 280.0], [321.0, 309.0, 111.0], [321.0, 274.0, 156.0], [317.0, 284.0, 171.0], [313.0, 243.0, 247.0], [308.0, 209.0, 292.0], [307.0, 348.0, 124.0], [306.0, 379.0, 75.0], [303.0, 313.0, 189.0], [301.0, 318.0, 133.0], [301.0, 289.0, 246.0], [300.0, 314.0, 136.0], [300.0, 246.0, 261.0], [299.0, 340.0, 155.0], [297.0, 318.0, 281.0], [296.0, 351.0, 153.0], [295.0, 366.0, 86.0], [295.0, 328.0, 212.0], [294.0, 219.0, 293.0], [283.0, 376.0, 145.0], [280.0, 338.0, 211.0], [278.0, 228.0, 289.0], [276.0, 342.0, 168.0], [275.0, 379.0, 83.0], [272.0, 352.0, 149.0], [271.0, 340.0, 187.0], [266.0, 384.0, 110.0], [266.0, 343.0, 173.0], [263.0, 382.0, 113.0], [263.0, 377.0, 142.0], [263.0, 353.0, 175.0], [260.0, 358.0, 250.0], [259.0, 400.0, 70.0], [259.0, 386.0, 115.0], [259.0, 235.0, 296.0], [255.0, 403.0, 101.0], [254.0, 392.0, 105.0], [253.0, 405.0, 136.0], [252.0, 367.0, 158.0], [250.0, 217.0, 347.0], [244.0, 420.0, 94.0], [241.0, 370.0, 178.0], [239.0, 428.0, 110.0], [239.0, 404.0, 137.0], [237.0, 395.0, 170.0], [236.0, 438.0, 82.0], [235.0, 381.0, 191.0], [234.0, 414.0, 154.0], [234.0, 295.0, 290.0], [230.0, 439.0, 118.0], [230.0, 278.0, 357.0], [229.0, 450.0, 64.0], [229.0, 399.0, 184.0], [229.0, 361.0, 205.0], [229.0, 284.0, 311.0], [227.0, 432.0, 122.0], [227.0, 366.0, 246.0], [225.0, 309.0, 293.0], [223.0, 454.0, 96.0], [223.0, 410.0, 167.0], [222.0, 454.0, 113.0], [222.0, 409.0, 216.0], [222.0, 327.0, 332.0], [221.0, 445.0, 158.0], [216.0, 455.0, 65.0], [215.0, 447.0, 160.0], [213.0, 329.0, 265.0], [212.0, 483.0, 66.0], [212.0, 467.0, 92.0], [211.0, 335.0, 310.0], [210.0, 499.0, 52.0], [210.0, 473.0, 91.0], [210.0, 436.0, 166.0], [210.0, 421.0, 190.0], [207.0, 462.0, 97.0], [207.0, 391.0, 230.0], [202.0, 496.0, 77.0], [202.0, 452.0, 170.0], [199.0, 498.0, 123.0], [199.0, 425.0, 190.0], [197.0, 415.0, 226.0], [197.0, 351.0, 286.0], [192.0, 449.0, 177.0], [192.0, 358.0, 261.0], [191.0, 471.0, 136.0], [190.0, 457.0, 162.0], [189.0, 524.0, 87.0], [189.0, 475.0, 187.0], [187.0, 381.0, 265.0], [186.0, 360.0, 268.0], [185.0, 476.0, 166.0], [180.0, 422.0, 233.0], [177.0, 511.0, 96.0], [176.0, 423.0, 223.0], [176.0, 392.0, 305.0], [175.0, 444.0, 195.0], [175.0, 405.0, 260.0], [174.0, 417.0, 273.0], [171.0, 480.0, 161.0], [171.0, 437.0, 210.0], [169.0, 530.0, 80.0], [169.0, 482.0, 129.0], [168.0, 479.0, 196.0], [167.0, 494.0, 157.0], [166.0, 422.0, 247.0], [164.0, 426.0, 229.0], [164.0, 320.0, 348.0], [162.0, 534.0, 52.0], [161.0, 514.0, 115.0], [161.0, 498.0, 132.0], [158.0, 433.0, 243.0], [156.0, 531.0, 111.0], [155.0, 496.0, 181.0], [154.0, 501.0, 155.0], [152.0, 533.0, 80.0], [150.0, 526.0, 118.0], [149.0, 530.0, 120.0], [149.0, 505.0, 122.0], [149.0, 423.0, 255.0], [148.0, 424.0, 249.0], [147.0, 513.0, 159.0], [145.0, 423.0, 266.0], [143.0, 539.0, 55.0], [143.0, 406.0, 287.0], [142.0, 528.0, 137.0], [142.0, 502.0, 163.0], [141.0, 552.0, 57.0], [141.0, 550.0, 88.0], [140.0, 438.0, 209.0], [139.0, 499.0, 173.0], [139.0, 458.0, 214.0], [133.0, 559.0, 100.0], [133.0, 516.0, 194.0], [133.0, 496.0, 199.0], [133.0, 476.0, 205.0], [133.0, 466.0, 214.0], [133.0, 465.0, 216.0], [133.0, 434.0, 232.0], [131.0, 554.0, 110.0], [131.0, 531.0, 169.0], [131.0, 433.0, 248.0], [130.0, 558.0, 143.0], [129.0, 488.0, 235.0], [128.0, 562.0, 80.0], [128.0, 407.0, 327.0], [126.0, 505.0, 224.0], [123.0, 564.0, 86.0], [122.0, 562.0, 127.0], [122.0, 442.0, 252.0], [121.0, 414.0, 289.0], [120.0, 416.0, 325.0], [116.0, 570.0, 126.0], [116.0, 497.0, 250.0], [116.0, 418.0, 283.0], [112.0, 574.0, 115.0], [112.0, 568.0, 133.0], [111.0, 422.0, 323.0], [109.0, 581.0, 101.0], [104.0, 560.0, 142.0], [104.0, 458.0, 308.0], [103.0, 572.0, 128.0], [102.0, 521.0, 182.0], [102.0, 503.0, 232.0], [100.0, 537.0, 148.0], [100.0, 530.0, 185.0], [99.0, 517.0, 191.0], [93.0, 577.0, 114.0], [92.0, 546.0, 145.0], [91.0, 584.0, 100.0], [87.0, 512.0, 208.0], [86.0, 585.0, 93.0], [85.0, 586.0, 71.0], [85.0, 577.0, 133.0], [85.0, 571.0, 136.0], [84.0, 584.0, 133.0], [83.0, 586.0, 122.0], [82.0, 579.0, 140.0], [82.0, 574.0, 145.0], [81.0, 585.0, 141.0], [80.0, 510.0, 236.0], [79.0, 592.0, 92.0], [79.0, 588.0, 150.0], [79.0, 517.0, 192.0], [79.0, 498.0, 237.0], [77.0, 548.0, 153.0], [76.0, 506.0, 241.0], [75.0, 506.0, 246.0], [72.0, 527.0, 203.0], [71.0, 594.0, 112.0], [71.0, 554.0, 152.0], [71.0, 498.0, 261.0], [69.0, 596.0, 121.0], [68.0, 564.0, 155.0], [67.0, 538.0, 217.0], [66.0, 598.0, 112.0], [66.0, 507.0, 257.0], [65.0, 593.0, 159.0], [62.0, 594.0, 152.0], [59.0, 543.0, 219.0], [57.0, 511.0, 227.0], [57.0, 507.0, 264.0], [56.0, 553.0, 160.0], [52.0, 502.0, 275.0], [50.0, 515.0, 254.0], [49.0, 590.0, 163.0], [48.0, 595.0, 122.0], [47.0, 591.0, 172.0], [45.0, 596.0, 152.0], [43.0, 597.0, 143.0], [41.0, 576.0, 179.0], [38.0, 599.0, 167.0], [36.0, 597.0, 190.0], [33.0, 599.0, 198.0], [26.0, 600.0, 166.0], [5.0, 600.0, 198.0]]
