heur = false
LBS_limit = 4
preproc = 1
tight_root = 0
total_time = 1800.13
NDP = 519
total_nodes = 173135
pruned_nodes = 86552
pruned_dominance_nodes = 252
heur_time = 0.0
Y_N = Any[[662.0, 1307.0, 592.0], [651.0, 1353.0, 611.0], [636.0, 1395.0, 549.0], [636.0, 1369.0, 566.0], [635.0, 1378.0, 604.0], [634.0, 1330.0, 633.0], [629.0, 1397.0, 546.0], [618.0, 1400.0, 454.0], [618.0, 1355.0, 615.0], [614.0, 1413.0, 501.0], [613.0, 1501.0, 529.0], [610.0, 1366.0, 646.0], [599.0, 1425.0, 607.0], [591.0, 1429.0, 531.0], [590.0, 1425.0, 611.0], [588.0, 1492.0, 637.0], [577.0, 1560.0, 538.0], [577.0, 1359.0, 659.0], [572.0, 1499.0, 590.0], [570.0, 1379.0, 641.0], [564.0, 1416.0, 640.0], [564.0, 1395.0, 653.0], [563.0, 1554.0, 579.0], [560.0, 1514.0, 585.0], [557.0, 1445.0, 645.0], [555.0, 1445.0, 662.0], [547.0, 1404.0, 690.0], [539.0, 1592.0, 405.0], [539.0, 1502.0, 633.0], [538.0, 1591.0, 480.0], [538.0, 1420.0, 677.0], [537.0, 1564.0, 604.0], [535.0, 1524.0, 649.0], [532.0, 1566.0, 647.0], [532.0, 1468.0, 678.0], [530.0, 1567.0, 496.0], [530.0, 1457.0, 696.0], [528.0, 1588.0, 556.0], [526.0, 1594.0, 540.0], [524.0, 1605.0, 527.0], [522.0, 1595.0, 552.0], [520.0, 1635.0, 427.0], [517.0, 1585.0, 567.0], [515.0, 1589.0, 571.0], [512.0, 1599.0, 561.0], [512.0, 1583.0, 588.0], [509.0, 1627.0, 531.0], [509.0, 1469.0, 669.0], [505.0, 1570.0, 591.0], [503.0, 1636.0, 516.0], [502.0, 1607.0, 589.0], [497.0, 1642.0, 417.0], [497.0, 1536.0, 665.0], [495.0, 1654.0, 423.0], [495.0, 1459.0, 697.0], [494.0, 1584.0, 615.0], [491.0, 1597.0, 645.0], [489.0, 1609.0, 550.0], [488.0, 1639.0, 442.0], [487.0, 1513.0, 678.0], [487.0, 1496.0, 697.0], [486.0, 1644.0, 508.0], [485.0, 1662.0, 495.0], [485.0, 1632.0, 531.0], [484.0, 1539.0, 666.0], [483.0, 1651.0, 527.0], [483.0, 1557.0, 694.0], [482.0, 1680.0, 403.0], [482.0, 1625.0, 535.0], [482.0, 1604.0, 619.0], [481.0, 1721.0, 494.0], [478.0, 1547.0, 699.0], [475.0, 1634.0, 531.0], [475.0, 1576.0, 651.0], [475.0, 1526.0, 708.0], [474.0, 1628.0, 594.0], [474.0, 1579.0, 667.0], [473.0, 1611.0, 598.0], [472.0, 1640.0, 556.0], [470.0, 1654.0, 538.0], [468.0, 1695.0, 588.0], [467.0, 1723.0, 522.0], [464.0, 1622.0, 596.0], [462.0, 1622.0, 604.0], [462.0, 1563.0, 670.0], [461.0, 1586.0, 709.0], [459.0, 1617.0, 630.0], [459.0, 1613.0, 647.0], [459.0, 1588.0, 669.0], [458.0, 1724.0, 478.0], [458.0, 1596.0, 653.0], [457.0, 1670.0, 596.0], [456.0, 1525.0, 715.0], [455.0, 1591.0, 706.0], [452.0, 1650.0, 609.0], [452.0, 1617.0, 688.0], [450.0, 1655.0, 655.0], [449.0, 1521.0, 741.0], [448.0, 1547.0, 721.0], [447.0, 1662.0, 614.0], [444.0, 1729.0, 510.0], [440.0, 1738.0, 438.0], [440.0, 1710.0, 536.0], [439.0, 1733.0, 439.0], [438.0, 1737.0, 506.0], [438.0, 1709.0, 582.0], [438.0, 1668.0, 619.0], [436.0, 1670.0, 624.0], [435.0, 1733.0, 526.0], [433.0, 1727.0, 549.0], [433.0, 1674.0, 605.0], [432.0, 1675.0, 624.0], [432.0, 1636.0, 681.0], [429.0, 1751.0, 513.0], [426.0, 1733.0, 574.0], [426.0, 1669.0, 635.0], [425.0, 1774.0, 362.0], [424.0, 1681.0, 622.0], [424.0, 1671.0, 684.0], [424.0, 1632.0, 685.0], [422.0, 1759.0, 447.0], [422.0, 1598.0, 691.0], [422.0, 1533.0, 750.0], [421.0, 1772.0, 471.0], [420.0, 1779.0, 502.0], [419.0, 1622.0, 712.0], [418.0, 1698.0, 627.0], [418.0, 1623.0, 730.0], [417.0, 1737.0, 562.0], [417.0, 1695.0, 663.0], [411.0, 1757.0, 531.0], [411.0, 1740.0, 540.0], [410.0, 1631.0, 715.0], [407.0, 1740.0, 555.0], [406.0, 1634.0, 722.0], [404.0, 1743.0, 547.0], [404.0, 1715.0, 655.0], [404.0, 1635.0, 712.0], [403.0, 1743.0, 559.0], [402.0, 1794.0, 382.0], [402.0, 1669.0, 712.0], [401.0, 1794.0, 421.0], [401.0, 1749.0, 571.0], [401.0, 1739.0, 576.0], [401.0, 1731.0, 582.0], [401.0, 1672.0, 701.0], [400.0, 1744.0, 587.0], [400.0, 1732.0, 644.0], [399.0, 1792.0, 435.0], [399.0, 1786.0, 438.0], [399.0, 1768.0, 512.0], [396.0, 1650.0, 724.0], [393.0, 1760.0, 532.0], [393.0, 1756.0, 543.0], [390.0, 1761.0, 550.0], [390.0, 1701.0, 672.0], [389.0, 1796.0, 420.0], [389.0, 1676.0, 689.0], [388.0, 1801.0, 473.0], [388.0, 1750.0, 557.0], [388.0, 1600.0, 746.0], [387.0, 1755.0, 554.0], [386.0, 1810.0, 508.0], [385.0, 1610.0, 756.0], [384.0, 1754.0, 578.0], [384.0, 1635.0, 737.0], [383.0, 1763.0, 550.0], [383.0, 1757.0, 561.0], [382.0, 1778.0, 525.0], [382.0, 1766.0, 552.0], [381.0, 1758.0, 583.0], [380.0, 1786.0, 558.0], [380.0, 1746.0, 592.0], [380.0, 1678.0, 687.0], [378.0, 1742.0, 616.0], [377.0, 1820.0, 525.0], [377.0, 1774.0, 576.0], [375.0, 1743.0, 598.0], [373.0, 1702.0, 661.0], [372.0, 1821.0, 371.0], [372.0, 1753.0, 603.0], [371.0, 1825.0, 478.0], [371.0, 1674.0, 740.0], [370.0, 1759.0, 581.0], [370.0, 1699.0, 705.0], [370.0, 1681.0, 723.0], [369.0, 1787.0, 540.0], [369.0, 1743.0, 612.0], [368.0, 1829.0, 508.0], [368.0, 1758.0, 616.0], [366.0, 1746.0, 627.0], [366.0, 1739.0, 645.0], [365.0, 1788.0, 559.0], [365.0, 1767.0, 590.0], [363.0, 1705.0, 675.0], [362.0, 1760.0, 615.0], [362.0, 1709.0, 670.0], [360.0, 1839.0, 449.0], [360.0, 1814.0, 563.0], [360.0, 1777.0, 577.0], [360.0, 1718.0, 687.0], [359.0, 1732.0, 661.0], [359.0, 1710.0, 714.0], [358.0, 1745.0, 635.0], [357.0, 1773.0, 587.0], [356.0, 1840.0, 488.0], [356.0, 1802.0, 590.0], [356.0, 1766.0, 650.0], [356.0, 1751.0, 651.0], [355.0, 1748.0, 668.0], [355.0, 1732.0, 677.0], [354.0, 1871.0, 459.0], [354.0, 1767.0, 609.0], [353.0, 1836.0, 511.0], [353.0, 1822.0, 524.0], [352.0, 1766.0, 666.0], [350.0, 1688.0, 736.0], [349.0, 1807.0, 579.0], [349.0, 1721.0, 735.0], [345.0, 1744.0, 676.0], [344.0, 1879.0, 481.0], [344.0, 1830.0, 531.0], [342.0, 1840.0, 512.0], [342.0, 1630.0, 750.0], [341.0, 1728.0, 704.0], [340.0, 1903.0, 449.0], [339.0, 1786.0, 634.0], [338.0, 1816.0, 538.0], [336.0, 1728.0, 714.0], [335.0, 1802.0, 593.0], [334.0, 1874.0, 522.0], [334.0, 1745.0, 669.0], [333.0, 1818.0, 544.0], [332.0, 1836.0, 534.0], [332.0, 1820.0, 535.0], [331.0, 1822.0, 582.0], [329.0, 1627.0, 777.0], [328.0, 1770.0, 656.0], [328.0, 1710.0, 736.0], [325.0, 1875.0, 521.0], [324.0, 1894.0, 458.0], [324.0, 1803.0, 587.0], [323.0, 1849.0, 524.0], [323.0, 1830.0, 554.0], [322.0, 1837.0, 535.0], [322.0, 1826.0, 596.0], [322.0, 1771.0, 639.0], [321.0, 1698.0, 755.0], [320.0, 1789.0, 636.0], [320.0, 1704.0, 738.0], [319.0, 1908.0, 481.0], [319.0, 1877.0, 500.0], [319.0, 1828.0, 562.0], [318.0, 1910.0, 409.0], [318.0, 1833.0, 584.0], [318.0, 1796.0, 597.0], [318.0, 1772.0, 662.0], [317.0, 1886.0, 489.0], [317.0, 1781.0, 653.0], [315.0, 1878.0, 493.0], [314.0, 1837.0, 540.0], [312.0, 1839.0, 526.0], [312.0, 1791.0, 601.0], [312.0, 1768.0, 694.0], [311.0, 1843.0, 566.0], [311.0, 1799.0, 640.0], [309.0, 1801.0, 621.0], [308.0, 1845.0, 533.0], [307.0, 1889.0, 499.0], [307.0, 1860.0, 581.0], [307.0, 1838.0, 604.0], [305.0, 1774.0, 669.0], [304.0, 1804.0, 665.0], [303.0, 1890.0, 483.0], [303.0, 1806.0, 635.0], [302.0, 1902.0, 525.0], [300.0, 1775.0, 694.0], [299.0, 1916.0, 464.0], [299.0, 1757.0, 698.0], [298.0, 1827.0, 621.0], [297.0, 1962.0, 441.0], [297.0, 1842.0, 626.0], [296.0, 1889.0, 530.0], [295.0, 1917.0, 457.0], [295.0, 1903.0, 484.0], [295.0, 1779.0, 667.0], [295.0, 1757.0, 710.0], [293.0, 1853.0, 605.0], [293.0, 1787.0, 673.0], [292.0, 1906.0, 495.0], [292.0, 1863.0, 557.0], [292.0, 1709.0, 742.0], [291.0, 1785.0, 738.0], [290.0, 1847.0, 620.0], [289.0, 1869.0, 584.0], [289.0, 1815.0, 654.0], [288.0, 1904.0, 518.0], [288.0, 1787.0, 732.0], [288.0, 1759.0, 740.0], [287.0, 1856.0, 590.0], [286.0, 1855.0, 614.0], [286.0, 1847.0, 638.0], [285.0, 1857.0, 662.0], [285.0, 1715.0, 743.0], [284.0, 1924.0, 475.0], [282.0, 1909.0, 499.0], [282.0, 1793.0, 724.0], [280.0, 1891.0, 592.0], [278.0, 1921.0, 478.0], [278.0, 1807.0, 666.0], [277.0, 1909.0, 516.0], [276.0, 1906.0, 554.0], [275.0, 1813.0, 699.0], [272.0, 1926.0, 466.0], [272.0, 1919.0, 541.0], [270.0, 1925.0, 488.0], [270.0, 1864.0, 659.0], [269.0, 1920.0, 501.0], [269.0, 1872.0, 615.0], [268.0, 1717.0, 755.0], [266.0, 1865.0, 622.0], [265.0, 1941.0, 470.0], [264.0, 1951.0, 481.0], [264.0, 1934.0, 527.0], [264.0, 1807.0, 704.0], [263.0, 1836.0, 685.0], [263.0, 1799.0, 714.0], [261.0, 1891.0, 599.0], [260.0, 1898.0, 578.0], [260.0, 1788.0, 764.0], [258.0, 1974.0, 342.0], [258.0, 1925.0, 546.0], [255.0, 1892.0, 586.0], [254.0, 1908.0, 561.0], [253.0, 1837.0, 667.0], [253.0, 1792.0, 737.0], [253.0, 1789.0, 740.0], [252.0, 1814.0, 717.0], [252.0, 1796.0, 757.0], [251.0, 1992.0, 366.0], [250.0, 1932.0, 537.0], [249.0, 1968.0, 411.0], [249.0, 1964.0, 415.0], [249.0, 1941.0, 530.0], [248.0, 1966.0, 495.0], [248.0, 1821.0, 731.0], [247.0, 1925.0, 547.0], [247.0, 1906.0, 586.0], [247.0, 1792.0, 799.0], [246.0, 1893.0, 604.0], [246.0, 1838.0, 681.0], [245.0, 1979.0, 499.0], [242.0, 1847.0, 685.0], [241.0, 1909.0, 559.0], [241.0, 1847.0, 692.0], [240.0, 1993.0, 432.0], [240.0, 1919.0, 556.0], [240.0, 1908.0, 582.0], [240.0, 1850.0, 665.0], [239.0, 1910.0, 631.0], [238.0, 1918.0, 605.0], [237.0, 1990.0, 481.0], [237.0, 1925.0, 552.0], [236.0, 1994.0, 452.0], [234.0, 1803.0, 775.0], [230.0, 1939.0, 548.0], [230.0, 1933.0, 602.0], [230.0, 1873.0, 634.0], [227.0, 1942.0, 606.0], [226.0, 1946.0, 573.0], [225.0, 1986.0, 493.0], [224.0, 1865.0, 676.0], [223.0, 2010.0, 409.0], [223.0, 1888.0, 632.0], [221.0, 1871.0, 680.0], [220.0, 1867.0, 687.0], [219.0, 1842.0, 694.0], [218.0, 1872.0, 666.0], [216.0, 1907.0, 633.0], [213.0, 1840.0, 701.0], [212.0, 1949.0, 617.0], [212.0, 1900.0, 635.0], [212.0, 1872.0, 728.0], [211.0, 1967.0, 515.0], [210.0, 1994.0, 456.0], [207.0, 1991.0, 544.0], [206.0, 1874.0, 637.0], [204.0, 1998.0, 430.0], [204.0, 1994.0, 483.0], [203.0, 1879.0, 653.0], [202.0, 1873.0, 670.0], [199.0, 2002.0, 519.0], [199.0, 1951.0, 573.0], [199.0, 1883.0, 721.0], [197.0, 2023.0, 396.0], [197.0, 1884.0, 660.0], [196.0, 2015.0, 399.0], [196.0, 2005.0, 467.0], [195.0, 2015.0, 433.0], [195.0, 2010.0, 476.0], [195.0, 1982.0, 547.0], [195.0, 1887.0, 663.0], [192.0, 2026.0, 411.0], [192.0, 2016.0, 465.0], [192.0, 1883.0, 733.0], [191.0, 1955.0, 582.0], [191.0, 1886.0, 670.0], [190.0, 1946.0, 633.0], [189.0, 1937.0, 636.0], [188.0, 1975.0, 592.0], [187.0, 1998.0, 523.0], [183.0, 1903.0, 642.0], [181.0, 1995.0, 571.0], [179.0, 1952.0, 602.0], [178.0, 1906.0, 689.0], [177.0, 2005.0, 525.0], [176.0, 2009.0, 481.0], [175.0, 1908.0, 675.0], [172.0, 2006.0, 513.0], [172.0, 1938.0, 644.0], [171.0, 1959.0, 594.0], [170.0, 2018.0, 414.0], [169.0, 2023.0, 510.0], [166.0, 2033.0, 465.0], [165.0, 2015.0, 528.0], [164.0, 2037.0, 419.0], [162.0, 1955.0, 599.0], [162.0, 1931.0, 649.0], [161.0, 1928.0, 664.0], [159.0, 1917.0, 679.0], [157.0, 1953.0, 643.0], [155.0, 2034.0, 440.0], [155.0, 2024.0, 466.0], [155.0, 1958.0, 650.0], [154.0, 2002.0, 539.0], [154.0, 1999.0, 555.0], [152.0, 2018.0, 516.0], [151.0, 1946.0, 680.0], [150.0, 1987.0, 577.0], [149.0, 2024.0, 486.0], [148.0, 2016.0, 521.0], [148.0, 1962.0, 594.0], [147.0, 2041.0, 476.0], [146.0, 2046.0, 490.0], [145.0, 1946.0, 692.0], [143.0, 2026.0, 537.0], [143.0, 2007.0, 595.0], [142.0, 1969.0, 627.0], [141.0, 2011.0, 559.0], [140.0, 1960.0, 634.0], [140.0, 1932.0, 716.0], [138.0, 2017.0, 543.0], [138.0, 1971.0, 603.0], [138.0, 1961.0, 633.0], [136.0, 2012.0, 567.0], [136.0, 1969.0, 678.0], [135.0, 1970.0, 686.0], [133.0, 1971.0, 616.0], [132.0, 2031.0, 575.0], [131.0, 2035.0, 507.0], [129.0, 1970.0, 702.0], [125.0, 2035.0, 536.0], [125.0, 1972.0, 628.0], [124.0, 2057.0, 421.0], [121.0, 1996.0, 614.0], [121.0, 1971.0, 704.0], [120.0, 2059.0, 430.0], [119.0, 2017.0, 586.0], [117.0, 1975.0, 624.0], [116.0, 2060.0, 409.0], [116.0, 1995.0, 619.0], [115.0, 1971.0, 715.0], [113.0, 2054.0, 494.0], [113.0, 2000.0, 650.0], [112.0, 2053.0, 506.0], [111.0, 2048.0, 519.0], [108.0, 2018.0, 600.0], [105.0, 2038.0, 523.0], [105.0, 1972.0, 678.0], [104.0, 2033.0, 585.0], [102.0, 1982.0, 714.0], [99.0, 2034.0, 566.0], [96.0, 2019.0, 621.0], [96.0, 1982.0, 717.0], [94.0, 2043.0, 536.0], [94.0, 2011.0, 626.0], [93.0, 2053.0, 535.0], [92.0, 2047.0, 546.0], [92.0, 2021.0, 655.0], [91.0, 2042.0, 582.0], [89.0, 2055.0, 583.0], [87.0, 2031.0, 608.0], [86.0, 1983.0, 679.0], [85.0, 2070.0, 420.0], [85.0, 2065.0, 441.0], [82.0, 2058.0, 484.0], [82.0, 2035.0, 598.0], [78.0, 2060.0, 534.0], [77.0, 2043.0, 589.0], [76.0, 2067.0, 471.0], [76.0, 2062.0, 522.0], [76.0, 2045.0, 600.0], [74.0, 2065.0, 488.0], [71.0, 2055.0, 594.0], [63.0, 2056.0, 625.0], [60.0, 2072.0, 389.0], [55.0, 2043.0, 641.0], [52.0, 2059.0, 535.0], [49.0, 2066.0, 545.0], [49.0, 2057.0, 567.0], [48.0, 2078.0, 454.0], [48.0, 2073.0, 491.0], [44.0, 2067.0, 599.0], [39.0, 2067.0, 614.0], [38.0, 2067.0, 638.0], [28.0, 2068.0, 567.0], [25.0, 2068.0, 606.0], [11.0, 2078.0, 544.0], [6.0, 2079.0, 643.0]]
