heur = false
LBS_limit = 4
preproc = 1
tight_root = 0
total_time = 282.76
NDP = 413
total_nodes = 40489
pruned_nodes = 20245
pruned_dominance_nodes = 51
heur_time = 0.0
Y_N = Any[[690.0, 256.0, 432.0], [646.0, 314.0, 315.0], [645.0, 321.0, 273.0], [640.0, 349.0, 323.0], [632.0, 265.0, 488.0], [621.0, 233.0, 523.0], [618.0, 405.0, 171.0], [618.0, 349.0, 358.0], [618.0, 295.0, 424.0], [617.0, 334.0, 415.0], [615.0, 357.0, 229.0], [610.0, 291.0, 491.0], [606.0, 401.0, 283.0], [598.0, 354.0, 347.0], [594.0, 382.0, 317.0], [594.0, 372.0, 358.0], [592.0, 419.0, 254.0], [592.0, 370.0, 395.0], [590.0, 339.0, 444.0], [589.0, 421.0, 317.0], [589.0, 399.0, 321.0], [586.0, 441.0, 335.0], [584.0, 376.0, 406.0], [583.0, 473.0, 318.0], [582.0, 401.0, 350.0], [580.0, 293.0, 510.0], [574.0, 444.0, 346.0], [572.0, 480.0, 167.0], [572.0, 339.0, 446.0], [571.0, 420.0, 382.0], [571.0, 335.0, 462.0], [568.0, 376.0, 429.0], [566.0, 516.0, 216.0], [565.0, 474.0, 361.0], [559.0, 420.0, 389.0], [558.0, 518.0, 217.0], [558.0, 512.0, 258.0], [556.0, 381.0, 411.0], [553.0, 484.0, 290.0], [552.0, 433.0, 384.0], [552.0, 394.0, 418.0], [551.0, 490.0, 311.0], [550.0, 546.0, 324.0], [550.0, 435.0, 378.0], [548.0, 400.0, 461.0], [542.0, 402.0, 390.0], [542.0, 346.0, 477.0], [540.0, 548.0, 293.0], [540.0, 279.0, 536.0], [531.0, 446.0, 387.0], [529.0, 364.0, 473.0], [529.0, 359.0, 488.0], [528.0, 461.0, 373.0], [527.0, 442.0, 403.0], [526.0, 375.0, 515.0], [525.0, 444.0, 439.0], [524.0, 377.0, 491.0], [522.0, 478.0, 345.0], [521.0, 447.0, 404.0], [521.0, 379.0, 467.0], [521.0, 360.0, 524.0], [518.0, 609.0, 250.0], [517.0, 498.0, 327.0], [517.0, 463.0, 367.0], [510.0, 548.0, 300.0], [510.0, 499.0, 355.0], [510.0, 456.0, 396.0], [509.0, 476.0, 377.0], [509.0, 448.0, 481.0], [507.0, 500.0, 359.0], [504.0, 473.0, 413.0], [504.0, 463.0, 431.0], [501.0, 515.0, 350.0], [499.0, 567.0, 253.0], [498.0, 524.0, 348.0], [496.0, 593.0, 291.0], [496.0, 372.0, 523.0], [494.0, 552.0, 309.0], [494.0, 484.0, 361.0], [489.0, 603.0, 307.0], [488.0, 486.0, 365.0], [487.0, 360.0, 548.0], [481.0, 545.0, 329.0], [481.0, 540.0, 406.0], [479.0, 449.0, 442.0], [478.0, 519.0, 427.0], [476.0, 553.0, 344.0], [476.0, 447.0, 508.0], [472.0, 574.0, 333.0], [471.0, 646.0, 290.0], [470.0, 606.0, 308.0], [470.0, 461.0, 458.0], [463.0, 550.0, 415.0], [458.0, 559.0, 368.0], [457.0, 475.0, 439.0], [457.0, 458.0, 477.0], [448.0, 651.0, 236.0], [447.0, 659.0, 273.0], [447.0, 601.0, 329.0], [441.0, 560.0, 374.0], [441.0, 528.0, 467.0], [439.0, 565.0, 397.0], [437.0, 448.0, 494.0], [436.0, 607.0, 311.0], [436.0, 460.0, 491.0], [435.0, 465.0, 522.0], [434.0, 582.0, 331.0], [432.0, 660.0, 250.0], [430.0, 662.0, 285.0], [430.0, 635.0, 346.0], [429.0, 535.0, 423.0], [425.0, 570.0, 370.0], [420.0, 557.0, 436.0], [418.0, 668.0, 213.0], [416.0, 531.0, 483.0], [413.0, 678.0, 244.0], [412.0, 583.0, 358.0], [411.0, 550.0, 442.0], [411.0, 485.0, 485.0], [409.0, 596.0, 358.0], [409.0, 554.0, 439.0], [408.0, 598.0, 371.0], [407.0, 568.0, 373.0], [405.0, 662.0, 296.0], [405.0, 603.0, 384.0], [405.0, 584.0, 416.0], [403.0, 553.0, 444.0], [403.0, 548.0, 450.0], [403.0, 470.0, 516.0], [402.0, 608.0, 411.0], [400.0, 674.0, 265.0], [399.0, 678.0, 273.0], [398.0, 609.0, 367.0], [397.0, 709.0, 206.0], [394.0, 569.0, 429.0], [394.0, 533.0, 475.0], [392.0, 615.0, 349.0], [391.0, 643.0, 323.0], [391.0, 550.0, 464.0], [391.0, 540.0, 466.0], [390.0, 647.0, 317.0], [390.0, 613.0, 366.0], [389.0, 535.0, 483.0], [388.0, 671.0, 288.0], [386.0, 635.0, 359.0], [386.0, 542.0, 488.0], [385.0, 720.0, 249.0], [385.0, 693.0, 259.0], [381.0, 443.0, 528.0], [380.0, 689.0, 289.0], [380.0, 667.0, 293.0], [378.0, 678.0, 302.0], [376.0, 696.0, 253.0], [376.0, 484.0, 553.0], [375.0, 668.0, 309.0], [375.0, 644.0, 332.0], [375.0, 628.0, 367.0], [375.0, 616.0, 399.0], [374.0, 696.0, 265.0], [373.0, 559.0, 499.0], [372.0, 732.0, 215.0], [372.0, 702.0, 252.0], [372.0, 630.0, 398.0], [370.0, 713.0, 254.0], [370.0, 696.0, 287.0], [370.0, 641.0, 343.0], [370.0, 579.0, 419.0], [369.0, 699.0, 258.0], [369.0, 637.0, 402.0], [369.0, 601.0, 414.0], [368.0, 680.0, 327.0], [367.0, 685.0, 293.0], [367.0, 626.0, 410.0], [367.0, 583.0, 433.0], [365.0, 724.0, 223.0], [365.0, 610.0, 414.0], [364.0, 699.0, 305.0], [363.0, 598.0, 469.0], [360.0, 713.0, 257.0], [359.0, 599.0, 438.0], [357.0, 719.0, 261.0], [356.0, 614.0, 412.0], [355.0, 716.0, 293.0], [354.0, 750.0, 212.0], [354.0, 644.0, 377.0], [353.0, 699.0, 329.0], [352.0, 731.0, 225.0], [352.0, 678.0, 331.0], [351.0, 762.0, 223.0], [350.0, 629.0, 405.0], [350.0, 605.0, 426.0], [349.0, 688.0, 351.0], [349.0, 615.0, 435.0], [343.0, 734.0, 261.0], [343.0, 701.0, 295.0], [341.0, 619.0, 422.0], [340.0, 737.0, 251.0], [340.0, 707.0, 316.0], [340.0, 684.0, 376.0], [339.0, 754.0, 234.0], [339.0, 638.0, 390.0], [339.0, 606.0, 436.0], [338.0, 728.0, 262.0], [338.0, 723.0, 276.0], [338.0, 668.0, 386.0], [338.0, 628.0, 407.0], [337.0, 731.0, 307.0], [336.0, 714.0, 318.0], [336.0, 642.0, 399.0], [335.0, 614.0, 436.0], [334.0, 709.0, 321.0], [332.0, 634.0, 425.0], [331.0, 661.0, 390.0], [327.0, 636.0, 461.0], [326.0, 723.0, 312.0], [324.0, 734.0, 274.0], [323.0, 766.0, 245.0], [323.0, 696.0, 359.0], [323.0, 638.0, 406.0], [321.0, 741.0, 269.0], [321.0, 738.0, 273.0], [321.0, 705.0, 339.0], [321.0, 698.0, 353.0], [321.0, 695.0, 369.0], [321.0, 640.0, 422.0], [319.0, 765.0, 276.0], [319.0, 715.0, 315.0], [319.0, 698.0, 397.0], [317.0, 708.0, 376.0], [316.0, 709.0, 339.0], [311.0, 749.0, 320.0], [309.0, 768.0, 219.0], [307.0, 781.0, 217.0], [307.0, 643.0, 415.0], [304.0, 770.0, 242.0], [304.0, 719.0, 325.0], [304.0, 711.0, 343.0], [300.0, 784.0, 297.0], [298.0, 716.0, 346.0], [297.0, 661.0, 401.0], [297.0, 652.0, 452.0], [295.0, 707.0, 400.0], [293.0, 757.0, 328.0], [292.0, 602.0, 491.0], [291.0, 797.0, 221.0], [291.0, 726.0, 334.0], [291.0, 709.0, 362.0], [290.0, 786.0, 229.0], [288.0, 724.0, 340.0], [283.0, 768.0, 309.0], [283.0, 681.0, 401.0], [283.0, 653.0, 403.0], [282.0, 799.0, 153.0], [282.0, 730.0, 347.0], [282.0, 712.0, 354.0], [282.0, 659.0, 413.0], [281.0, 726.0, 381.0], [280.0, 811.0, 166.0], [280.0, 800.0, 231.0], [279.0, 809.0, 181.0], [279.0, 677.0, 419.0], [278.0, 813.0, 226.0], [278.0, 799.0, 242.0], [277.0, 717.0, 401.0], [276.0, 823.0, 194.0], [276.0, 781.0, 299.0], [276.0, 628.0, 463.0], [276.0, 616.0, 469.0], [272.0, 789.0, 308.0], [271.0, 637.0, 453.0], [270.0, 707.0, 417.0], [267.0, 728.0, 408.0], [266.0, 749.0, 337.0], [264.0, 758.0, 339.0], [262.0, 791.0, 258.0], [261.0, 856.0, 191.0], [261.0, 826.0, 198.0], [261.0, 805.0, 244.0], [261.0, 777.0, 328.0], [260.0, 821.0, 200.0], [260.0, 765.0, 334.0], [259.0, 792.0, 355.0], [258.0, 654.0, 471.0], [257.0, 835.0, 208.0], [256.0, 812.0, 245.0], [256.0, 738.0, 370.0], [255.0, 811.0, 260.0], [255.0, 803.0, 269.0], [255.0, 765.0, 362.0], [254.0, 827.0, 231.0], [254.0, 813.0, 247.0], [252.0, 795.0, 298.0], [251.0, 835.0, 226.0], [251.0, 827.0, 292.0], [251.0, 702.0, 419.0], [250.0, 654.0, 489.0], [249.0, 860.0, 222.0], [249.0, 817.0, 295.0], [249.0, 793.0, 324.0], [246.0, 733.0, 391.0], [242.0, 794.0, 316.0], [241.0, 852.0, 230.0], [241.0, 831.0, 255.0], [240.0, 793.0, 352.0], [238.0, 862.0, 240.0], [238.0, 715.0, 422.0], [237.0, 799.0, 301.0], [236.0, 797.0, 309.0], [235.0, 832.0, 314.0], [232.0, 742.0, 390.0], [231.0, 773.0, 374.0], [230.0, 871.0, 254.0], [230.0, 796.0, 369.0], [228.0, 777.0, 372.0], [225.0, 746.0, 400.0], [225.0, 733.0, 411.0], [224.0, 876.0, 221.0], [224.0, 780.0, 392.0], [224.0, 742.0, 401.0], [222.0, 823.0, 319.0], [221.0, 807.0, 322.0], [218.0, 842.0, 320.0], [214.0, 820.0, 327.0], [214.0, 805.0, 339.0], [209.0, 872.0, 237.0], [208.0, 733.0, 414.0], [206.0, 901.0, 181.0], [206.0, 854.0, 292.0], [205.0, 848.0, 312.0], [203.0, 791.0, 375.0], [202.0, 884.0, 199.0], [200.0, 733.0, 427.0], [199.0, 873.0, 239.0], [198.0, 875.0, 225.0], [197.0, 797.0, 347.0], [196.0, 864.0, 271.0], [196.0, 798.0, 344.0], [193.0, 859.0, 304.0], [192.0, 870.0, 277.0], [191.0, 881.0, 210.0], [191.0, 814.0, 328.0], [191.0, 797.0, 359.0], [191.0, 787.0, 388.0], [190.0, 860.0, 278.0], [189.0, 825.0, 333.0], [188.0, 777.0, 418.0], [184.0, 830.0, 354.0], [184.0, 801.0, 362.0], [182.0, 798.0, 375.0], [180.0, 883.0, 202.0], [179.0, 873.0, 274.0], [179.0, 862.0, 294.0], [177.0, 894.0, 219.0], [177.0, 831.0, 338.0], [176.0, 877.0, 260.0], [175.0, 902.0, 210.0], [174.0, 869.0, 291.0], [172.0, 876.0, 321.0], [171.0, 912.0, 199.0], [169.0, 913.0, 209.0], [167.0, 894.0, 239.0], [167.0, 804.0, 371.0], [166.0, 932.0, 194.0], [166.0, 853.0, 332.0], [163.0, 882.0, 251.0], [162.0, 835.0, 351.0], [161.0, 896.0, 224.0], [160.0, 909.0, 222.0], [159.0, 860.0, 345.0], [157.0, 828.0, 380.0], [156.0, 882.0, 318.0], [155.0, 943.0, 174.0], [155.0, 869.0, 324.0], [154.0, 870.0, 324.0], [153.0, 918.0, 195.0], [152.0, 841.0, 373.0], [151.0, 895.0, 272.0], [151.0, 846.0, 346.0], [150.0, 933.0, 217.0], [149.0, 910.0, 270.0], [149.0, 866.0, 363.0], [146.0, 886.0, 296.0], [143.0, 816.0, 387.0], [141.0, 798.0, 424.0], [135.0, 900.0, 336.0], [134.0, 952.0, 211.0], [129.0, 871.0, 364.0], [128.0, 952.0, 237.0], [125.0, 924.0, 249.0], [123.0, 965.0, 177.0], [120.0, 901.0, 291.0], [108.0, 922.0, 281.0], [107.0, 954.0, 198.0], [105.0, 963.0, 186.0], [105.0, 916.0, 292.0], [103.0, 956.0, 200.0], [101.0, 953.0, 247.0], [100.0, 932.0, 292.0], [83.0, 892.0, 356.0], [81.0, 973.0, 151.0], [80.0, 963.0, 205.0], [80.0, 934.0, 258.0], [80.0, 916.0, 297.0], [75.0, 976.0, 207.0], [74.0, 966.0, 214.0], [69.0, 994.0, 216.0], [66.0, 963.0, 268.0], [62.0, 920.0, 312.0], [60.0, 924.0, 295.0], [39.0, 976.0, 229.0], [27.0, 987.0, 265.0], [22.0, 1000.0, 184.0], [-0.0, 1000.0, 251.0]]
