heur = false
LBS_limit = 4
preproc = 1
tight_root = 0
total_time = 7.12
NDP = 83
total_nodes = 3341
pruned_nodes = 1671
pruned_dominance_nodes = 0
heur_time = 0.0
Y_N = Any[[297.0, 268.0, 200.0], [265.0, 304.0, 202.0], [255.0, 307.0, 164.0], [254.0, 311.0, 205.0], [248.0, 329.0, 201.0], [246.0, 316.0, 233.0], [240.0, 327.0, 203.0], [231.0, 339.0, 176.0], [227.0, 311.0, 239.0], [224.0, 310.0, 246.0], [215.0, 391.0, 190.0], [212.0, 309.0, 275.0], [202.0, 387.0, 195.0], [201.0, 395.0, 173.0], [194.0, 332.0, 241.0], [190.0, 400.0, 191.0], [186.0, 409.0, 168.0], [177.0, 395.0, 212.0], [174.0, 407.0, 193.0], [173.0, 476.0, 135.0], [173.0, 444.0, 137.0], [169.0, 380.0, 220.0], [163.0, 336.0, 234.0], [161.0, 411.0, 199.0], [159.0, 466.0, 152.0], [159.0, 389.0, 227.0], [158.0, 414.0, 185.0], [156.0, 402.0, 231.0], [155.0, 487.0, 120.0], [154.0, 426.0, 196.0], [151.0, 473.0, 162.0], [150.0, 395.0, 264.0], [148.0, 405.0, 236.0], [143.0, 424.0, 202.0], [140.0, 406.0, 206.0], [140.0, 405.0, 254.0], [139.0, 479.0, 151.0], [139.0, 436.0, 199.0], [138.0, 457.0, 174.0], [134.0, 480.0, 138.0], [132.0, 481.0, 175.0], [128.0, 446.0, 179.0], [128.0, 408.0, 211.0], [128.0, 406.0, 246.0], [121.0, 485.0, 195.0], [120.0, 419.0, 212.0], [119.0, 487.0, 194.0], [118.0, 492.0, 178.0], [118.0, 488.0, 202.0], [115.0, 456.0, 232.0], [113.0, 430.0, 292.0], [112.0, 490.0, 195.0], [108.0, 496.0, 174.0], [108.0, 481.0, 203.0], [103.0, 497.0, 171.0], [100.0, 493.0, 214.0], [97.0, 485.0, 215.0], [95.0, 506.0, 174.0], [94.0, 488.0, 222.0], [90.0, 507.0, 194.0], [89.0, 538.0, 124.0], [88.0, 508.0, 210.0], [87.0, 477.0, 259.0], [83.0, 516.0, 183.0], [79.0, 541.0, 107.0], [78.0, 571.0, 146.0], [77.0, 498.0, 218.0], [74.0, 557.0, 162.0], [72.0, 564.0, 160.0], [64.0, 523.0, 204.0], [63.0, 489.0, 248.0], [62.0, 496.0, 226.0], [60.0, 567.0, 195.0], [57.0, 576.0, 131.0], [55.0, 580.0, 158.0], [51.0, 530.0, 204.0], [51.0, 492.0, 253.0], [50.0, 581.0, 159.0], [37.0, 575.0, 187.0], [31.0, 580.0, 196.0], [26.0, 581.0, 167.0], [24.0, 582.0, 214.0], [-0.0, 582.0, 238.0]]
