heur = false
LBS_limit = 4
preproc = 1
tight_root = 0
total_time = 1.13
NDP = 55
total_nodes = 367
pruned_nodes = 184
pruned_dominance_nodes = 0
heur_time = 0.0
Y_N = Any[[244.0, 36.0, 93.0], [239.0, 14.0, 150.0], [231.0, 40.0, 116.0], [228.0, 72.0, 92.0], [226.0, 94.0, 83.0], [214.0, 44.0, 111.0], [208.0, 64.0, 130.0], [205.0, 35.0, 168.0], [201.0, 105.0, 46.0], [198.0, 84.0, 142.0], [196.0, 97.0, 50.0], [190.0, 106.0, 83.0], [189.0, 115.0, 97.0], [188.0, 109.0, 114.0], [179.0, 155.0, 15.0], [175.0, 129.0, 87.0], [172.0, 101.0, 158.0], [170.0, 170.0, 51.0], [164.0, 186.0, 78.0], [164.0, 131.0, 105.0], [160.0, 139.0, 117.0], [160.0, 138.0, 128.0], [152.0, 106.0, 202.0], [146.0, 158.0, 111.0], [143.0, 194.0, 53.0], [143.0, 115.0, 145.0], [130.0, 123.0, 165.0], [126.0, 192.0, 86.0], [121.0, 212.0, 82.0], [117.0, 161.0, 132.0], [113.0, 132.0, 176.0], [111.0, 194.0, 110.0], [110.0, 144.0, 154.0], [109.0, 173.0, 135.0], [104.0, 196.0, 84.0], [101.0, 181.0, 136.0], [99.0, 244.0, 45.0], [96.0, 270.0, 54.0], [95.0, 207.0, 92.0], [87.0, 215.0, 90.0], [80.0, 202.0, 136.0], [78.0, 220.0, 75.0], [75.0, 254.0, 64.0], [72.0, 294.0, 55.0], [72.0, 264.0, 71.0], [65.0, 223.0, 90.0], [56.0, 204.0, 138.0], [50.0, 225.0, 98.0], [40.0, 292.0, 57.0], [37.0, 287.0, 62.0], [36.0, 279.0, 88.0], [32.0, 288.0, 76.0], [27.0, 295.0, 104.0], [24.0, 295.0, 107.0], [-0.0, 297.0, 121.0]]
