heur = false
LBS_limit = 4
preproc = 1
tight_root = 0
total_time = 140.22
NDP = 418
total_nodes = 19991
pruned_nodes = 9996
pruned_dominance_nodes = 11
heur_time = 0.0
Y_N = Any[[942.0, 456.0, 485.0], [941.0, 562.0, 423.0], [873.0, 631.0, 318.0], [864.0, 655.0, 361.0], [852.0, 644.0, 366.0], [850.0, 697.0, 383.0], [849.0, 623.0, 414.0], [835.0, 710.0, 333.0], [835.0, 602.0, 485.0], [831.0, 605.0, 435.0], [821.0, 743.0, 317.0], [814.0, 666.0, 437.0], [811.0, 680.0, 431.0], [810.0, 680.0, 452.0], [807.0, 709.0, 415.0], [806.0, 719.0, 351.0], [806.0, 639.0, 508.0], [799.0, 755.0, 326.0], [799.0, 721.0, 477.0], [799.0, 636.0, 529.0], [797.0, 734.0, 328.0], [793.0, 727.0, 346.0], [780.0, 765.0, 346.0], [770.0, 793.0, 317.0], [770.0, 710.0, 534.0], [767.0, 826.0, 334.0], [765.0, 807.0, 349.0], [762.0, 724.0, 408.0], [758.0, 753.0, 367.0], [754.0, 761.0, 456.0], [752.0, 733.0, 469.0], [751.0, 862.0, 323.0], [749.0, 768.0, 410.0], [748.0, 774.0, 402.0], [746.0, 776.0, 423.0], [744.0, 849.0, 338.0], [738.0, 785.0, 359.0], [735.0, 809.0, 352.0], [732.0, 747.0, 477.0], [731.0, 781.0, 378.0], [730.0, 777.0, 379.0], [727.0, 815.0, 363.0], [726.0, 819.0, 406.0], [725.0, 783.0, 449.0], [725.0, 700.0, 551.0], [724.0, 823.0, 351.0], [724.0, 811.0, 475.0], [723.0, 761.0, 491.0], [720.0, 865.0, 274.0], [715.0, 827.0, 407.0], [714.0, 846.0, 387.0], [712.0, 821.0, 429.0], [711.0, 863.0, 373.0], [709.0, 870.0, 426.0], [702.0, 890.0, 359.0], [698.0, 745.0, 529.0], [695.0, 842.0, 442.0], [693.0, 755.0, 507.0], [692.0, 900.0, 313.0], [689.0, 862.0, 429.0], [688.0, 769.0, 518.0], [687.0, 886.0, 391.0], [685.0, 914.0, 284.0], [684.0, 803.0, 482.0], [683.0, 904.0, 290.0], [682.0, 764.0, 536.0], [681.0, 886.0, 393.0], [681.0, 836.0, 448.0], [677.0, 812.0, 468.0], [675.0, 896.0, 418.0], [673.0, 829.0, 456.0], [673.0, 785.0, 541.0], [673.0, 767.0, 556.0], [671.0, 916.0, 257.0], [669.0, 913.0, 406.0], [669.0, 899.0, 416.0], [667.0, 901.0, 434.0], [666.0, 845.0, 452.0], [666.0, 837.0, 526.0], [665.0, 915.0, 373.0], [665.0, 809.0, 546.0], [664.0, 862.0, 438.0], [662.0, 925.0, 346.0], [660.0, 936.0, 265.0], [659.0, 973.0, 320.0], [657.0, 847.0, 466.0], [652.0, 916.0, 381.0], [652.0, 846.0, 476.0], [651.0, 854.0, 440.0], [650.0, 926.0, 366.0], [649.0, 916.0, 407.0], [648.0, 875.0, 464.0], [647.0, 960.0, 380.0], [647.0, 925.0, 439.0], [646.0, 943.0, 383.0], [646.0, 869.0, 478.0], [645.0, 854.0, 496.0], [644.0, 977.0, 279.0], [640.0, 928.0, 458.0], [639.0, 887.0, 478.0], [636.0, 849.0, 514.0], [633.0, 1008.0, 287.0], [633.0, 969.0, 362.0], [632.0, 938.0, 468.0], [632.0, 907.0, 474.0], [631.0, 818.0, 595.0], [628.0, 868.0, 502.0], [627.0, 980.0, 385.0], [625.0, 954.0, 434.0], [622.0, 863.0, 508.0], [621.0, 1008.0, 393.0], [615.0, 880.0, 509.0], [611.0, 890.0, 475.0], [607.0, 892.0, 569.0], [606.0, 930.0, 511.0], [605.0, 958.0, 397.0], [603.0, 982.0, 422.0], [599.0, 1034.0, 336.0], [596.0, 943.0, 476.0], [596.0, 911.0, 520.0], [595.0, 1014.0, 340.0], [592.0, 967.0, 439.0], [591.0, 981.0, 440.0], [589.0, 972.0, 453.0], [588.0, 1033.0, 343.0], [583.0, 1000.0, 399.0], [582.0, 947.0, 454.0], [582.0, 936.0, 493.0], [580.0, 998.0, 419.0], [579.0, 996.0, 431.0], [577.0, 919.0, 553.0], [576.0, 944.0, 528.0], [576.0, 869.0, 611.0], [575.0, 1009.0, 394.0], [572.0, 1052.0, 324.0], [572.0, 1024.0, 358.0], [571.0, 999.0, 412.0], [571.0, 974.0, 459.0], [571.0, 962.0, 471.0], [570.0, 1010.0, 363.0], [570.0, 998.0, 424.0], [570.0, 954.0, 492.0], [569.0, 1002.0, 398.0], [568.0, 981.0, 457.0], [568.0, 944.0, 533.0], [568.0, 884.0, 591.0], [566.0, 1029.0, 344.0], [564.0, 1018.0, 386.0], [562.0, 1002.0, 399.0], [560.0, 986.0, 450.0], [560.0, 888.0, 593.0], [557.0, 1030.0, 370.0], [557.0, 995.0, 464.0], [556.0, 1070.0, 340.0], [556.0, 1025.0, 375.0], [555.0, 992.0, 477.0], [553.0, 998.0, 450.0], [553.0, 905.0, 554.0], [552.0, 1074.0, 214.0], [552.0, 948.0, 497.0], [551.0, 1020.0, 380.0], [551.0, 954.0, 535.0], [550.0, 969.0, 480.0], [549.0, 1055.0, 391.0], [549.0, 971.0, 505.0], [548.0, 1002.0, 418.0], [547.0, 1006.0, 434.0], [547.0, 854.0, 616.0], [546.0, 1108.0, 266.0], [546.0, 973.0, 511.0], [546.0, 958.0, 519.0], [545.0, 1065.0, 375.0], [545.0, 1017.0, 392.0], [545.0, 979.0, 521.0], [545.0, 955.0, 535.0], [544.0, 1012.0, 427.0], [544.0, 890.0, 572.0], [543.0, 1027.0, 445.0], [541.0, 1037.0, 401.0], [541.0, 986.0, 505.0], [541.0, 913.0, 617.0], [540.0, 1084.0, 301.0], [540.0, 1078.0, 321.0], [539.0, 992.0, 479.0], [538.0, 1099.0, 331.0], [537.0, 998.0, 456.0], [536.0, 1033.0, 420.0], [535.0, 1035.0, 444.0], [535.0, 957.0, 562.0], [533.0, 1072.0, 365.0], [531.0, 1014.0, 449.0], [529.0, 1001.0, 459.0], [527.0, 1039.0, 428.0], [525.0, 1075.0, 397.0], [523.0, 1004.0, 454.0], [523.0, 995.0, 476.0], [522.0, 1128.0, 275.0], [520.0, 1090.0, 367.0], [520.0, 974.0, 535.0], [519.0, 1041.0, 451.0], [519.0, 997.0, 492.0], [517.0, 923.0, 588.0], [516.0, 1009.0, 457.0], [516.0, 916.0, 597.0], [516.0, 915.0, 600.0], [514.0, 956.0, 566.0], [513.0, 1091.0, 343.0], [513.0, 987.0, 510.0], [511.0, 1078.0, 399.0], [511.0, 1009.0, 517.0], [507.0, 1048.0, 431.0], [506.0, 953.0, 572.0], [505.0, 1092.0, 360.0], [503.0, 1018.0, 458.0], [503.0, 991.0, 554.0], [501.0, 1042.0, 515.0], [500.0, 1083.0, 379.0], [500.0, 993.0, 529.0], [496.0, 1128.0, 329.0], [496.0, 1049.0, 437.0], [495.0, 1110.0, 363.0], [495.0, 1060.0, 427.0], [492.0, 1063.0, 404.0], [490.0, 1171.0, 222.0], [490.0, 1083.0, 388.0], [490.0, 1045.0, 447.0], [490.0, 965.0, 555.0], [489.0, 1085.0, 440.0], [488.0, 1146.0, 330.0], [487.0, 1092.0, 385.0], [486.0, 1049.0, 474.0], [486.0, 1002.0, 541.0], [485.0, 1100.0, 414.0], [482.0, 1058.0, 462.0], [482.0, 1005.0, 535.0], [481.0, 1093.0, 420.0], [481.0, 1031.0, 519.0], [480.0, 1150.0, 317.0], [480.0, 1114.0, 406.0], [480.0, 1065.0, 450.0], [476.0, 1118.0, 348.0], [474.0, 1118.0, 376.0], [474.0, 1035.0, 522.0], [474.0, 1013.0, 542.0], [471.0, 1069.0, 465.0], [471.0, 1045.0, 481.0], [468.0, 1073.0, 453.0], [465.0, 1121.0, 337.0], [465.0, 1064.0, 492.0], [464.0, 1096.0, 467.0], [461.0, 1128.0, 371.0], [458.0, 1157.0, 294.0], [458.0, 1056.0, 574.0], [457.0, 1126.0, 394.0], [455.0, 1184.0, 223.0], [455.0, 1173.0, 328.0], [455.0, 1157.0, 338.0], [453.0, 1137.0, 363.0], [453.0, 1068.0, 539.0], [452.0, 1118.0, 400.0], [452.0, 1028.0, 579.0], [451.0, 1120.0, 445.0], [449.0, 1125.0, 438.0], [447.0, 1128.0, 399.0], [447.0, 1072.0, 485.0], [446.0, 1139.0, 373.0], [444.0, 1081.0, 490.0], [444.0, 1035.0, 616.0], [443.0, 1137.0, 416.0], [442.0, 1191.0, 220.0], [442.0, 1078.0, 534.0], [440.0, 1161.0, 379.0], [440.0, 1098.0, 453.0], [439.0, 1091.0, 474.0], [438.0, 1094.0, 483.0], [438.0, 1091.0, 495.0], [437.0, 1100.0, 474.0], [435.0, 1170.0, 373.0], [433.0, 1180.0, 241.0], [432.0, 1134.0, 434.0], [432.0, 1123.0, 473.0], [431.0, 1127.0, 442.0], [431.0, 1104.0, 475.0], [431.0, 1096.0, 488.0], [430.0, 1141.0, 401.0], [429.0, 1133.0, 443.0], [426.0, 1047.0, 610.0], [425.0, 1197.0, 330.0], [425.0, 1120.0, 486.0], [423.0, 1151.0, 466.0], [423.0, 1121.0, 490.0], [420.0, 1163.0, 395.0], [420.0, 1153.0, 410.0], [418.0, 1097.0, 503.0], [416.0, 1209.0, 294.0], [415.0, 1177.0, 401.0], [415.0, 1108.0, 519.0], [413.0, 1167.0, 472.0], [413.0, 1108.0, 545.0], [410.0, 1197.0, 379.0], [408.0, 1215.0, 258.0], [408.0, 1124.0, 534.0], [408.0, 1104.0, 554.0], [407.0, 1201.0, 328.0], [404.0, 1168.0, 448.0], [403.0, 1179.0, 389.0], [402.0, 1210.0, 355.0], [402.0, 1197.0, 407.0], [402.0, 1181.0, 419.0], [401.0, 1168.0, 479.0], [400.0, 1214.0, 261.0], [398.0, 1145.0, 501.0], [397.0, 1214.0, 278.0], [396.0, 1200.0, 366.0], [392.0, 1202.0, 380.0], [390.0, 1213.0, 297.0], [390.0, 1178.0, 424.0], [389.0, 1229.0, 275.0], [388.0, 1215.0, 276.0], [388.0, 1194.0, 410.0], [387.0, 1124.0, 544.0], [386.0, 1211.0, 308.0], [383.0, 1171.0, 436.0], [383.0, 1135.0, 506.0], [382.0, 1190.0, 418.0], [381.0, 1176.0, 443.0], [380.0, 1250.0, 274.0], [380.0, 1221.0, 308.0], [380.0, 1201.0, 388.0], [379.0, 1245.0, 294.0], [378.0, 1204.0, 378.0], [377.0, 1230.0, 351.0], [377.0, 1169.0, 458.0], [375.0, 1252.0, 334.0], [374.0, 1164.0, 495.0], [372.0, 1171.0, 469.0], [371.0, 1191.0, 455.0], [369.0, 1209.0, 363.0], [369.0, 1177.0, 479.0], [368.0, 1264.0, 385.0], [365.0, 1240.0, 399.0], [361.0, 1171.0, 480.0], [360.0, 1220.0, 413.0], [360.0, 1198.0, 438.0], [357.0, 1210.0, 424.0], [356.0, 1201.0, 474.0], [356.0, 1131.0, 556.0], [353.0, 1265.0, 346.0], [353.0, 1254.0, 394.0], [352.0, 1273.0, 302.0], [348.0, 1272.0, 355.0], [347.0, 1133.0, 572.0], [342.0, 1274.0, 344.0], [341.0, 1223.0, 437.0], [340.0, 1279.0, 403.0], [337.0, 1291.0, 305.0], [337.0, 1229.0, 439.0], [337.0, 1225.0, 451.0], [337.0, 1219.0, 475.0], [335.0, 1287.0, 328.0], [333.0, 1192.0, 501.0], [333.0, 1136.0, 564.0], [332.0, 1286.0, 332.0], [332.0, 1243.0, 451.0], [331.0, 1173.0, 520.0], [329.0, 1208.0, 492.0], [327.0, 1227.0, 455.0], [320.0, 1229.0, 456.0], [319.0, 1287.0, 395.0], [318.0, 1294.0, 298.0], [318.0, 1274.0, 418.0], [318.0, 1194.0, 582.0], [315.0, 1309.0, 248.0], [315.0, 1269.0, 452.0], [307.0, 1223.0, 477.0], [304.0, 1289.0, 321.0], [304.0, 1277.0, 404.0], [303.0, 1210.0, 479.0], [302.0, 1262.0, 453.0], [300.0, 1311.0, 223.0], [299.0, 1288.0, 397.0], [297.0, 1243.0, 494.0], [296.0, 1284.0, 441.0], [296.0, 1221.0, 495.0], [295.0, 1307.0, 287.0], [293.0, 1349.0, 370.0], [290.0, 1291.0, 378.0], [286.0, 1352.0, 302.0], [286.0, 1280.0, 479.0], [284.0, 1303.0, 464.0], [276.0, 1270.0, 486.0], [275.0, 1363.0, 334.0], [273.0, 1315.0, 395.0], [260.0, 1309.0, 405.0], [252.0, 1302.0, 478.0], [249.0, 1359.0, 350.0], [242.0, 1347.0, 383.0], [241.0, 1370.0, 323.0], [240.0, 1360.0, 348.0], [235.0, 1358.0, 396.0], [232.0, 1359.0, 381.0], [231.0, 1356.0, 443.0], [230.0, 1368.0, 366.0], [228.0, 1411.0, 286.0], [228.0, 1367.0, 371.0], [227.0, 1375.0, 356.0], [221.0, 1382.0, 323.0], [207.0, 1361.0, 382.0], [202.0, 1385.0, 342.0], [198.0, 1400.0, 383.0], [195.0, 1427.0, 289.0], [181.0, 1409.0, 322.0], [176.0, 1452.0, 342.0], [176.0, 1443.0, 345.0], [158.0, 1410.0, 364.0], [154.0, 1437.0, 359.0], [148.0, 1372.0, 389.0], [138.0, 1448.0, 365.0]]
