heur = false
LBS_limit = 4
preproc = 2
tight_root = 0
total_time = 32.75
NDP = 103
total_nodes = 1759
pruned_nodes = 880
pruned_dominance_nodes = 0
heur_time = 0.0
Y_N = Any[[294.0, 2.0, 79.0], [283.0, 4.0, 40.0], [271.0, 23.0, 58.0], [266.0, 23.0, 95.0], [265.0, 24.0, 70.0], [258.0, 25.0, 74.0], [251.0, 15.0, 128.0], [247.0, 33.0, 100.0], [244.0, 41.0, 111.0], [241.0, 26.0, 156.0], [235.0, 87.0, 66.0], [235.0, 47.0, 102.0], [233.0, 106.0, 70.0], [226.0, 48.0, 88.0], [225.0, 55.0, 96.0], [225.0, 27.0, 145.0], [218.0, 109.0, 92.0], [218.0, 55.0, 118.0], [216.0, 35.0, 153.0], [214.0, 115.0, 86.0], [210.0, 119.0, 94.0], [206.0, 60.0, 98.0], [205.0, 48.0, 168.0], [204.0, 49.0, 180.0], [203.0, 115.0, 100.0], [201.0, 134.0, 77.0], [200.0, 91.0, 148.0], [197.0, 124.0, 102.0], [196.0, 97.0, 133.0], [196.0, 92.0, 146.0], [193.0, 99.0, 113.0], [192.0, 67.0, 188.0], [188.0, 99.0, 122.0], [184.0, 43.0, 241.0], [183.0, 116.0, 129.0], [183.0, 107.0, 131.0], [182.0, 127.0, 86.0], [178.0, 128.0, 93.0], [177.0, 158.0, 32.0], [177.0, 122.0, 103.0], [177.0, 112.0, 158.0], [175.0, 158.0, 88.0], [175.0, 130.0, 93.0], [175.0, 129.0, 95.0], [174.0, 134.0, 103.0], [171.0, 171.0, 31.0], [171.0, 137.0, 104.0], [168.0, 109.0, 165.0], [167.0, 142.0, 114.0], [164.0, 206.0, 50.0], [163.0, 181.0, 63.0], [162.0, 120.0, 146.0], [162.0, 113.0, 153.0], [161.0, 156.0, 101.0], [157.0, 120.0, 153.0], [155.0, 188.0, 64.0], [153.0, 193.0, 64.0], [153.0, 127.0, 165.0], [151.0, 157.0, 90.0], [150.0, 162.0, 115.0], [150.0, 129.0, 160.0], [149.0, 197.0, 71.0], [147.0, 190.0, 74.0], [147.0, 114.0, 204.0], [145.0, 177.0, 125.0], [137.0, 132.0, 180.0], [136.0, 196.0, 72.0], [134.0, 210.0, 72.0], [133.0, 199.0, 76.0], [133.0, 137.0, 176.0], [131.0, 196.0, 121.0], [127.0, 145.0, 169.0], [124.0, 205.0, 82.0], [123.0, 241.0, 20.0], [123.0, 199.0, 130.0], [120.0, 260.0, 39.0], [120.0, 208.0, 77.0], [120.0, 148.0, 165.0], [118.0, 264.0, 40.0], [115.0, 247.0, 41.0], [115.0, 213.0, 75.0], [111.0, 216.0, 86.0], [109.0, 217.0, 74.0], [108.0, 195.0, 138.0], [107.0, 282.0, 40.0], [107.0, 210.0, 139.0], [107.0, 148.0, 167.0], [102.0, 223.0, 99.0], [101.0, 270.0, 55.0], [100.0, 227.0, 84.0], [99.0, 272.0, 48.0], [97.0, 234.0, 91.0], [95.0, 196.0, 144.0], [89.0, 227.0, 108.0], [88.0, 293.0, 56.0], [87.0, 247.0, 63.0], [83.0, 204.0, 149.0], [73.0, 232.0, 106.0], [63.0, 263.0, 66.0], [60.0, 281.0, 58.0], [59.0, 241.0, 84.0], [35.0, 287.0, 80.0], [32.0, 290.0, 84.0]]
