heur = false
LBS_limit = 4
preproc = 2
tight_root = 0
total_time = 1.38
NDP = 26
total_nodes = 305
pruned_nodes = 153
pruned_dominance_nodes = 0
heur_time = 0.0
Y_N = Any[[214.0, 34.0, 147.0], [189.0, 91.0, 61.0], [187.0, 101.0, 36.0], [178.0, 110.0, 80.0], [169.0, 119.0, 55.0], [154.0, 125.0, 64.0], [152.0, 143.0, 105.0], [142.0, 113.0, 145.0], [137.0, 168.0, 36.0], [133.0, 131.0, 140.0], [125.0, 153.0, 86.0], [122.0, 224.0, 81.0], [116.0, 171.0, 122.0], [92.0, 226.0, 90.0], [92.0, 208.0, 107.0], [76.0, 196.0, 129.0], [75.0, 223.0, 124.0], [71.0, 227.0, 125.0], [67.0, 205.0, 138.0], [57.0, 231.0, 79.0], [52.0, 299.0, 56.0], [49.0, 279.0, 65.0], [14.0, 295.0, 68.0], [10.0, 299.0, 115.0], [8.0, 300.0, 74.0], [-0.0, 300.0, 105.0]]
