heur = false
LBS_limit = 4
preproc = 2
tight_root = 0
total_time = 135.6
NDP = 264
total_nodes = 22713
pruned_nodes = 11357
pruned_dominance_nodes = 4
heur_time = 0.0
Y_N = Any[[533.0, 10.0, 73.0], [490.0, 81.0, 145.0], [486.0, 111.0, 97.0], [482.0, 130.0, 129.0], [482.0, 124.0, 136.0], [482.0, 101.0, 155.0], [479.0, 127.0, 132.0], [476.0, 119.0, 155.0], [473.0, 121.0, 164.0], [465.0, 87.0, 190.0], [461.0, 129.0, 183.0], [460.0, 133.0, 192.0], [459.0, 192.0, 83.0], [458.0, 142.0, 176.0], [457.0, 53.0, 222.0], [456.0, 70.0, 244.0], [455.0, 186.0, 132.0], [455.0, 132.0, 202.0], [454.0, 146.0, 155.0], [454.0, 127.0, 207.0], [449.0, 127.0, 246.0], [448.0, 190.0, 96.0], [448.0, 188.0, 143.0], [446.0, 218.0, 145.0], [446.0, 179.0, 157.0], [446.0, 158.0, 180.0], [443.0, 159.0, 163.0], [442.0, 190.0, 157.0], [439.0, 151.0, 230.0], [436.0, 207.0, 168.0], [434.0, 163.0, 173.0], [433.0, 165.0, 201.0], [433.0, 156.0, 209.0], [432.0, 214.0, 161.0], [430.0, 224.0, 148.0], [429.0, 218.0, 167.0], [427.0, 227.0, 153.0], [427.0, 167.0, 177.0], [426.0, 163.0, 224.0], [423.0, 171.0, 267.0], [421.0, 259.0, 83.0], [416.0, 176.0, 200.0], [413.0, 228.0, 134.0], [413.0, 216.0, 201.0], [407.0, 232.0, 145.0], [407.0, 176.0, 207.0], [406.0, 219.0, 173.0], [405.0, 285.0, 112.0], [405.0, 217.0, 177.0], [405.0, 166.0, 285.0], [404.0, 227.0, 170.0], [401.0, 236.0, 172.0], [399.0, 237.0, 176.0], [398.0, 253.0, 183.0], [394.0, 221.0, 184.0], [392.0, 274.0, 139.0], [392.0, 206.0, 224.0], [389.0, 229.0, 206.0], [388.0, 288.0, 141.0], [388.0, 235.0, 187.0], [387.0, 299.0, 79.0], [387.0, 235.0, 195.0], [387.0, 178.0, 226.0], [386.0, 300.0, 82.0], [386.0, 293.0, 125.0], [386.0, 252.0, 231.0], [386.0, 223.0, 232.0], [383.0, 308.0, 122.0], [383.0, 254.0, 151.0], [380.0, 209.0, 242.0], [379.0, 218.0, 244.0], [378.0, 305.0, 153.0], [378.0, 235.0, 232.0], [377.0, 272.0, 188.0], [376.0, 309.0, 149.0], [373.0, 314.0, 158.0], [371.0, 188.0, 278.0], [369.0, 216.0, 257.0], [367.0, 293.0, 182.0], [363.0, 360.0, 84.0], [361.0, 281.0, 200.0], [359.0, 330.0, 162.0], [358.0, 336.0, 166.0], [358.0, 226.0, 245.0], [357.0, 237.0, 232.0], [356.0, 290.0, 186.0], [352.0, 298.0, 186.0], [352.0, 197.0, 261.0], [352.0, 149.0, 303.0], [351.0, 301.0, 169.0], [350.0, 360.0, 107.0], [350.0, 328.0, 175.0], [350.0, 236.0, 255.0], [349.0, 290.0, 233.0], [347.0, 375.0, 90.0], [346.0, 205.0, 288.0], [345.0, 287.0, 242.0], [344.0, 316.0, 201.0], [342.0, 360.0, 134.0], [342.0, 241.0, 248.0], [339.0, 378.0, 128.0], [339.0, 295.0, 218.0], [338.0, 383.0, 129.0], [338.0, 245.0, 254.0], [337.0, 372.0, 155.0], [336.0, 384.0, 80.0], [336.0, 318.0, 181.0], [332.0, 296.0, 224.0], [327.0, 215.0, 305.0], [326.0, 326.0, 176.0], [326.0, 300.0, 224.0], [324.0, 331.0, 172.0], [323.0, 317.0, 185.0], [323.0, 304.0, 203.0], [322.0, 281.0, 243.0], [321.0, 400.0, 107.0], [321.0, 320.0, 203.0], [321.0, 309.0, 220.0], [319.0, 361.0, 177.0], [318.0, 262.0, 248.0], [317.0, 391.0, 118.0], [317.0, 291.0, 248.0], [315.0, 305.0, 223.0], [315.0, 302.0, 230.0], [314.0, 390.0, 136.0], [314.0, 331.0, 185.0], [313.0, 270.0, 282.0], [312.0, 392.0, 139.0], [312.0, 383.0, 142.0], [312.0, 325.0, 198.0], [311.0, 427.0, 123.0], [310.0, 329.0, 201.0], [310.0, 305.0, 232.0], [309.0, 398.0, 129.0], [306.0, 393.0, 145.0], [306.0, 333.0, 194.0], [306.0, 293.0, 236.0], [305.0, 405.0, 143.0], [305.0, 324.0, 228.0], [302.0, 355.0, 185.0], [302.0, 295.0, 307.0], [300.0, 385.0, 147.0], [298.0, 399.0, 181.0], [295.0, 359.0, 201.0], [294.0, 336.0, 214.0], [294.0, 328.0, 227.0], [293.0, 335.0, 258.0], [291.0, 408.0, 127.0], [287.0, 366.0, 189.0], [286.0, 413.0, 135.0], [284.0, 408.0, 156.0], [281.0, 451.0, 105.0], [281.0, 415.0, 164.0], [280.0, 476.0, 101.0], [280.0, 417.0, 139.0], [278.0, 382.0, 187.0], [276.0, 306.0, 262.0], [274.0, 381.0, 191.0], [274.0, 353.0, 244.0], [273.0, 451.0, 138.0], [271.0, 334.0, 271.0], [270.0, 433.0, 150.0], [269.0, 395.0, 189.0], [267.0, 402.0, 205.0], [266.0, 423.0, 167.0], [266.0, 370.0, 233.0], [263.0, 478.0, 60.0], [263.0, 466.0, 117.0], [262.0, 450.0, 148.0], [261.0, 387.0, 207.0], [256.0, 420.0, 171.0], [256.0, 377.0, 216.0], [255.0, 336.0, 284.0], [254.0, 471.0, 112.0], [253.0, 429.0, 151.0], [252.0, 465.0, 123.0], [251.0, 430.0, 151.0], [250.0, 488.0, 95.0], [250.0, 370.0, 242.0], [249.0, 378.0, 250.0], [248.0, 480.0, 135.0], [241.0, 432.0, 158.0], [241.0, 424.0, 174.0], [239.0, 499.0, 128.0], [239.0, 314.0, 285.0], [237.0, 406.0, 192.0], [235.0, 409.0, 175.0], [234.0, 413.0, 177.0], [234.0, 411.0, 228.0], [232.0, 460.0, 150.0], [231.0, 487.0, 130.0], [231.0, 383.0, 233.0], [231.0, 367.0, 253.0], [229.0, 474.0, 152.0], [226.0, 478.0, 149.0], [226.0, 430.0, 171.0], [225.0, 477.0, 156.0], [225.0, 433.0, 179.0], [224.0, 320.0, 288.0], [223.0, 416.0, 192.0], [222.0, 446.0, 161.0], [221.0, 485.0, 169.0], [219.0, 335.0, 314.0], [218.0, 503.0, 129.0], [218.0, 423.0, 187.0], [217.0, 455.0, 173.0], [215.0, 455.0, 180.0], [214.0, 535.0, 101.0], [214.0, 414.0, 208.0], [214.0, 384.0, 244.0], [213.0, 393.0, 244.0], [211.0, 521.0, 122.0], [208.0, 577.0, 88.0], [207.0, 426.0, 210.0], [205.0, 488.0, 137.0], [205.0, 401.0, 246.0], [204.0, 511.0, 123.0], [203.0, 507.0, 134.0], [203.0, 492.0, 145.0], [201.0, 490.0, 153.0], [199.0, 537.0, 96.0], [196.0, 493.0, 136.0], [195.0, 399.0, 262.0], [192.0, 559.0, 95.0], [192.0, 547.0, 99.0], [192.0, 396.0, 269.0], [191.0, 523.0, 121.0], [191.0, 458.0, 170.0], [190.0, 445.0, 184.0], [189.0, 528.0, 105.0], [189.0, 426.0, 213.0], [188.0, 478.0, 189.0], [187.0, 398.0, 272.0], [185.0, 529.0, 114.0], [184.0, 487.0, 171.0], [179.0, 427.0, 209.0], [178.0, 505.0, 142.0], [174.0, 567.0, 111.0], [171.0, 481.0, 173.0], [171.0, 474.0, 191.0], [171.0, 453.0, 197.0], [170.0, 568.0, 98.0], [168.0, 404.0, 260.0], [167.0, 494.0, 145.0], [166.0, 464.0, 193.0], [164.0, 498.0, 148.0], [161.0, 514.0, 139.0], [159.0, 576.0, 128.0], [159.0, 408.0, 269.0], [157.0, 490.0, 156.0], [155.0, 491.0, 154.0], [155.0, 480.0, 203.0], [153.0, 438.0, 212.0], [153.0, 405.0, 271.0], [148.0, 501.0, 152.0], [144.0, 486.0, 180.0], [139.0, 499.0, 153.0], [130.0, 485.0, 193.0], [122.0, 514.0, 140.0], [121.0, 479.0, 205.0], [119.0, 486.0, 213.0], [117.0, 503.0, 143.0], [109.0, 488.0, 184.0], [103.0, 573.0, 133.0]]
