heur = false
LBS_limit = 4
preproc = 2
tight_root = 0
total_time = 2.61
NDP = 46
total_nodes = 599
pruned_nodes = 300
pruned_dominance_nodes = 0
heur_time = 0.0
Y_N = Any[[271.0, 5.0, 18.0], [267.0, 29.0, 87.0], [256.0, 39.0, 118.0], [237.0, 18.0, 133.0], [236.0, 69.0, 50.0], [236.0, 55.0, 89.0], [236.0, 40.0, 98.0], [231.0, 32.0, 172.0], [218.0, 80.0, 31.0], [217.0, 83.0, 66.0], [214.0, 86.0, 68.0], [213.0, 88.0, 67.0], [211.0, 17.0, 185.0], [210.0, 100.0, 37.0], [208.0, 95.0, 88.0], [207.0, 98.0, 51.0], [203.0, 40.0, 160.0], [202.0, 102.0, 62.0], [200.0, 107.0, 85.0], [196.0, 90.0, 100.0], [194.0, 126.0, 88.0], [181.0, 134.0, 47.0], [178.0, 165.0, 59.0], [178.0, 93.0, 136.0], [175.0, 96.0, 141.0], [174.0, 133.0, 106.0], [170.0, 101.0, 135.0], [159.0, 127.0, 108.0], [157.0, 195.0, 56.0], [155.0, 167.0, 60.0], [154.0, 180.0, 70.0], [151.0, 145.0, 92.0], [135.0, 183.0, 84.0], [132.0, 221.0, 15.0], [132.0, 187.0, 70.0], [123.0, 156.0, 92.0], [121.0, 188.0, 67.0], [113.0, 235.0, 42.0], [107.0, 168.0, 108.0], [100.0, 239.0, 19.0], [96.0, 174.0, 118.0], [95.0, 263.0, 46.0], [84.0, 217.0, 97.0], [75.0, 251.0, 50.0], [63.0, 267.0, 50.0], [47.0, 267.0, 62.0]]
