heur = false
LBS_limit = 4
preproc = 2
tight_root = 0
total_time = 809.44
NDP = 405
total_nodes = 94205
pruned_nodes = 47103
pruned_dominance_nodes = 56
heur_time = 0.0
Y_N = Any[[570.0, 972.0, 318.0], [552.0, 932.0, 351.0], [544.0, 980.0, 342.0], [534.0, 908.0, 469.0], [517.0, 996.0, 294.0], [509.0, 936.0, 547.0], [507.0, 978.0, 372.0], [502.0, 990.0, 326.0], [501.0, 941.0, 424.0], [497.0, 958.0, 386.0], [493.0, 994.0, 409.0], [491.0, 996.0, 389.0], [489.0, 1043.0, 298.0], [487.0, 998.0, 385.0], [486.0, 1021.0, 377.0], [482.0, 1023.0, 344.0], [481.0, 1074.0, 328.0], [480.0, 942.0, 489.0], [479.0, 984.0, 428.0], [474.0, 989.0, 414.0], [469.0, 1083.0, 239.0], [463.0, 1005.0, 432.0], [462.0, 1075.0, 345.0], [462.0, 972.0, 465.0], [460.0, 1045.0, 394.0], [452.0, 1076.0, 359.0], [452.0, 1002.0, 449.0], [452.0, 996.0, 495.0], [451.0, 1100.0, 366.0], [451.0, 1024.0, 466.0], [451.0, 1002.0, 497.0], [445.0, 1031.0, 416.0], [444.0, 1084.0, 376.0], [444.0, 1030.0, 438.0], [441.0, 977.0, 583.0], [439.0, 1085.0, 386.0], [437.0, 1034.0, 466.0], [434.0, 995.0, 535.0], [433.0, 1123.0, 245.0], [432.0, 998.0, 512.0], [429.0, 1062.0, 404.0], [429.0, 1017.0, 467.0], [427.0, 1088.0, 383.0], [427.0, 1039.0, 437.0], [427.0, 1006.0, 491.0], [424.0, 1128.0, 251.0], [424.0, 1040.0, 417.0], [423.0, 1095.0, 409.0], [421.0, 1079.0, 428.0], [420.0, 1102.0, 402.0], [419.0, 1113.0, 328.0], [418.0, 1126.0, 319.0], [417.0, 1146.0, 291.0], [417.0, 1110.0, 360.0], [417.0, 1106.0, 388.0], [416.0, 1088.0, 432.0], [415.0, 1123.0, 330.0], [415.0, 1053.0, 456.0], [413.0, 1144.0, 333.0], [409.0, 1050.0, 485.0], [408.0, 1054.0, 488.0], [408.0, 1001.0, 548.0], [407.0, 1060.0, 514.0], [405.0, 1096.0, 418.0], [404.0, 1072.0, 458.0], [401.0, 1092.0, 431.0], [400.0, 1116.0, 394.0], [400.0, 1103.0, 403.0], [398.0, 1160.0, 331.0], [398.0, 1121.0, 384.0], [398.0, 1086.0, 434.0], [397.0, 1128.0, 383.0], [395.0, 1183.0, 304.0], [395.0, 1152.0, 340.0], [394.0, 1062.0, 466.0], [392.0, 1141.0, 341.0], [390.0, 1099.0, 431.0], [388.0, 1155.0, 375.0], [387.0, 1108.0, 434.0], [386.0, 1179.0, 322.0], [383.0, 1042.0, 532.0], [382.0, 1074.0, 436.0], [381.0, 1171.0, 344.0], [378.0, 1130.0, 422.0], [377.0, 1082.0, 462.0], [376.0, 1136.0, 437.0], [375.0, 1167.0, 370.0], [374.0, 1064.0, 497.0], [372.0, 1154.0, 406.0], [372.0, 1100.0, 444.0], [372.0, 1074.0, 513.0], [371.0, 1089.0, 468.0], [369.0, 1187.0, 278.0], [368.0, 1075.0, 494.0], [368.0, 1060.0, 565.0], [367.0, 1137.0, 413.0], [366.0, 1189.0, 354.0], [366.0, 1097.0, 519.0], [363.0, 1186.0, 383.0], [362.0, 1127.0, 458.0], [362.0, 1118.0, 462.0], [361.0, 1160.0, 398.0], [358.0, 1188.0, 410.0], [358.0, 1112.0, 474.0], [357.0, 1119.0, 467.0], [355.0, 1125.0, 496.0], [353.0, 1196.0, 296.0], [351.0, 1218.0, 235.0], [351.0, 1190.0, 329.0], [351.0, 1153.0, 430.0], [351.0, 1128.0, 486.0], [350.0, 1192.0, 345.0], [350.0, 1084.0, 546.0], [346.0, 1153.0, 457.0], [346.0, 1077.0, 555.0], [344.0, 1175.0, 421.0], [341.0, 1197.0, 377.0], [340.0, 1156.0, 447.0], [338.0, 1150.0, 476.0], [336.0, 1142.0, 512.0], [336.0, 1099.0, 526.0], [335.0, 1192.0, 392.0], [334.0, 1200.0, 296.0], [334.0, 1179.0, 460.0], [333.0, 1212.0, 311.0], [330.0, 1201.0, 357.0], [330.0, 1190.0, 419.0], [330.0, 1186.0, 428.0], [329.0, 1222.0, 250.0], [327.0, 1212.0, 376.0], [326.0, 1203.0, 470.0], [325.0, 1218.0, 326.0], [325.0, 1115.0, 542.0], [325.0, 1095.0, 564.0], [323.0, 1244.0, 311.0], [323.0, 1233.0, 315.0], [322.0, 1137.0, 538.0], [322.0, 1124.0, 558.0], [321.0, 1166.0, 495.0], [321.0, 1064.0, 588.0], [319.0, 1260.0, 296.0], [319.0, 1219.0, 322.0], [318.0, 1273.0, 312.0], [318.0, 1213.0, 343.0], [316.0, 1238.0, 348.0], [315.0, 1208.0, 394.0], [314.0, 1216.0, 360.0], [314.0, 1148.0, 515.0], [312.0, 1226.0, 355.0], [311.0, 1204.0, 400.0], [310.0, 1255.0, 318.0], [310.0, 1189.0, 500.0], [309.0, 1090.0, 565.0], [307.0, 1225.0, 418.0], [306.0, 1123.0, 570.0], [305.0, 1253.0, 348.0], [305.0, 1204.0, 432.0], [304.0, 1136.0, 540.0], [301.0, 1266.0, 347.0], [301.0, 1204.0, 492.0], [300.0, 1279.0, 313.0], [300.0, 1231.0, 435.0], [300.0, 1217.0, 440.0], [297.0, 1248.0, 381.0], [297.0, 1208.0, 442.0], [296.0, 1272.0, 337.0], [295.0, 1215.0, 471.0], [294.0, 1275.0, 317.0], [294.0, 1212.0, 488.0], [293.0, 1162.0, 505.0], [292.0, 1249.0, 414.0], [291.0, 1296.0, 361.0], [289.0, 1141.0, 523.0], [288.0, 1281.0, 367.0], [286.0, 1142.0, 526.0], [285.0, 1255.0, 416.0], [284.0, 1151.0, 554.0], [282.0, 1162.0, 514.0], [281.0, 1216.0, 461.0], [280.0, 1284.0, 371.0], [279.0, 1230.0, 453.0], [278.0, 1198.0, 512.0], [277.0, 1298.0, 278.0], [277.0, 1158.0, 517.0], [275.0, 1232.0, 422.0], [274.0, 1220.0, 492.0], [273.0, 1249.0, 418.0], [273.0, 1236.0, 451.0], [273.0, 1121.0, 614.0], [270.0, 1275.0, 382.0], [269.0, 1211.0, 498.0], [268.0, 1155.0, 532.0], [268.0, 1134.0, 605.0], [267.0, 1310.0, 276.0], [267.0, 1290.0, 418.0], [265.0, 1307.0, 360.0], [265.0, 1237.0, 441.0], [264.0, 1155.0, 542.0], [262.0, 1342.0, 274.0], [262.0, 1292.0, 369.0], [262.0, 1228.0, 455.0], [262.0, 1189.0, 524.0], [262.0, 1182.0, 585.0], [261.0, 1282.0, 424.0], [260.0, 1223.0, 474.0], [259.0, 1249.0, 432.0], [259.0, 1231.0, 466.0], [259.0, 1218.0, 501.0], [258.0, 1301.0, 369.0], [258.0, 1260.0, 448.0], [255.0, 1199.0, 510.0], [254.0, 1312.0, 306.0], [254.0, 1197.0, 515.0], [252.0, 1204.0, 505.0], [251.0, 1232.0, 453.0], [250.0, 1348.0, 275.0], [250.0, 1311.0, 336.0], [250.0, 1234.0, 468.0], [250.0, 1226.0, 532.0], [249.0, 1315.0, 377.0], [249.0, 1308.0, 384.0], [249.0, 1279.0, 439.0], [248.0, 1291.0, 398.0], [248.0, 1288.0, 460.0], [247.0, 1360.0, 267.0], [247.0, 1299.0, 403.0], [246.0, 1295.0, 426.0], [242.0, 1323.0, 289.0], [242.0, 1209.0, 536.0], [241.0, 1322.0, 354.0], [240.0, 1367.0, 310.0], [239.0, 1301.0, 438.0], [238.0, 1347.0, 314.0], [237.0, 1266.0, 472.0], [236.0, 1347.0, 336.0], [236.0, 1333.0, 341.0], [235.0, 1211.0, 536.0], [234.0, 1305.0, 413.0], [234.0, 1270.0, 502.0], [231.0, 1306.0, 418.0], [227.0, 1319.0, 394.0], [225.0, 1328.0, 382.0], [225.0, 1275.0, 515.0], [224.0, 1312.0, 407.0], [223.0, 1370.0, 304.0], [223.0, 1368.0, 315.0], [223.0, 1365.0, 323.0], [223.0, 1353.0, 355.0], [223.0, 1240.0, 544.0], [221.0, 1290.0, 454.0], [221.0, 1257.0, 527.0], [220.0, 1330.0, 361.0], [219.0, 1369.0, 334.0], [219.0, 1188.0, 594.0], [218.0, 1365.0, 400.0], [215.0, 1292.0, 470.0], [212.0, 1314.0, 434.0], [211.0, 1374.0, 359.0], [208.0, 1366.0, 375.0], [207.0, 1338.0, 408.0], [207.0, 1232.0, 551.0], [206.0, 1297.0, 443.0], [206.0, 1291.0, 513.0], [205.0, 1447.0, 252.0], [205.0, 1368.0, 376.0], [205.0, 1228.0, 557.0], [204.0, 1360.0, 420.0], [201.0, 1233.0, 551.0], [198.0, 1353.0, 434.0], [197.0, 1317.0, 437.0], [196.0, 1375.0, 356.0], [194.0, 1377.0, 335.0], [193.0, 1332.0, 447.0], [192.0, 1397.0, 275.0], [192.0, 1374.0, 416.0], [191.0, 1306.0, 455.0], [190.0, 1260.0, 520.0], [189.0, 1377.0, 374.0], [189.0, 1283.0, 544.0], [188.0, 1408.0, 253.0], [188.0, 1407.0, 349.0], [188.0, 1298.0, 458.0], [187.0, 1294.0, 490.0], [184.0, 1396.0, 364.0], [181.0, 1316.0, 452.0], [180.0, 1338.0, 445.0], [180.0, 1323.0, 454.0], [179.0, 1252.0, 545.0], [177.0, 1376.0, 391.0], [177.0, 1358.0, 460.0], [175.0, 1363.0, 422.0], [174.0, 1316.0, 463.0], [173.0, 1321.0, 468.0], [172.0, 1451.0, 297.0], [172.0, 1305.0, 487.0], [171.0, 1309.0, 481.0], [170.0, 1416.0, 330.0], [169.0, 1379.0, 372.0], [167.0, 1403.0, 385.0], [166.0, 1327.0, 486.0], [165.0, 1378.0, 386.0], [163.0, 1409.0, 350.0], [163.0, 1382.0, 418.0], [163.0, 1297.0, 504.0], [162.0, 1369.0, 443.0], [162.0, 1303.0, 537.0], [161.0, 1339.0, 470.0], [160.0, 1427.0, 386.0], [160.0, 1331.0, 475.0], [159.0, 1373.0, 444.0], [153.0, 1454.0, 329.0], [153.0, 1390.0, 390.0], [153.0, 1287.0, 539.0], [152.0, 1384.0, 424.0], [151.0, 1393.0, 390.0], [149.0, 1402.0, 389.0], [149.0, 1387.0, 403.0], [148.0, 1433.0, 401.0], [146.0, 1460.0, 311.0], [146.0, 1442.0, 371.0], [146.0, 1376.0, 467.0], [145.0, 1342.0, 485.0], [142.0, 1315.0, 498.0], [140.0, 1457.0, 314.0], [139.0, 1453.0, 347.0], [138.0, 1462.0, 314.0], [138.0, 1383.0, 429.0], [136.0, 1387.0, 416.0], [134.0, 1455.0, 343.0], [134.0, 1378.0, 456.0], [134.0, 1377.0, 464.0], [131.0, 1381.0, 445.0], [131.0, 1346.0, 475.0], [131.0, 1330.0, 490.0], [131.0, 1306.0, 554.0], [130.0, 1378.0, 476.0], [129.0, 1388.0, 405.0], [129.0, 1307.0, 515.0], [127.0, 1463.0, 325.0], [126.0, 1459.0, 379.0], [125.0, 1402.0, 426.0], [121.0, 1340.0, 487.0], [118.0, 1463.0, 331.0], [117.0, 1463.0, 334.0], [117.0, 1417.0, 404.0], [117.0, 1351.0, 491.0], [116.0, 1382.0, 451.0], [115.0, 1437.0, 383.0], [115.0, 1319.0, 508.0], [114.0, 1409.0, 426.0], [114.0, 1404.0, 429.0], [113.0, 1464.0, 330.0], [113.0, 1462.0, 370.0], [113.0, 1446.0, 394.0], [113.0, 1412.0, 408.0], [112.0, 1346.0, 498.0], [111.0, 1480.0, 283.0], [110.0, 1386.0, 491.0], [108.0, 1391.0, 438.0], [104.0, 1468.0, 392.0], [103.0, 1473.0, 326.0], [103.0, 1389.0, 445.0], [100.0, 1389.0, 462.0], [95.0, 1397.0, 465.0], [94.0, 1450.0, 407.0], [93.0, 1455.0, 411.0], [90.0, 1476.0, 303.0], [90.0, 1398.0, 431.0], [89.0, 1485.0, 314.0], [87.0, 1486.0, 321.0], [85.0, 1407.0, 465.0], [82.0, 1482.0, 353.0], [82.0, 1461.0, 396.0], [81.0, 1484.0, 373.0], [81.0, 1461.0, 423.0], [79.0, 1488.0, 306.0], [79.0, 1470.0, 399.0], [79.0, 1419.0, 426.0], [79.0, 1404.0, 480.0], [77.0, 1482.0, 412.0], [68.0, 1494.0, 305.0], [68.0, 1440.0, 435.0], [67.0, 1483.0, 376.0], [67.0, 1406.0, 486.0], [65.0, 1489.0, 394.0], [63.0, 1408.0, 439.0], [56.0, 1491.0, 334.0], [53.0, 1493.0, 343.0], [52.0, 1411.0, 480.0], [51.0, 1491.0, 387.0], [49.0, 1492.0, 366.0], [46.0, 1490.0, 389.0], [46.0, 1485.0, 400.0], [45.0, 1499.0, 345.0], [44.0, 1486.0, 395.0], [43.0, 1500.0, 301.0], [40.0, 1494.0, 350.0], [37.0, 1496.0, 423.0], [22.0, 1495.0, 428.0], [9.0, 1497.0, 347.0], [7.0, 1498.0, 352.0], [6.0, 1499.0, 356.0], [4.0, 1500.0, 378.0], [2.0, 1499.0, 433.0], [-0.0, 1500.0, 415.0]]
