heur = false
LBS_limit = 4
preproc = 2
tight_root = 0
total_time = 9.02
NDP = 162
total_nodes = 4677
pruned_nodes = 2339
pruned_dominance_nodes = 1
heur_time = 0.0
Y_N = Any[[680.0, 741.0, 385.0], [661.0, 797.0, 357.0], [653.0, 802.0, 328.0], [650.0, 824.0, 316.0], [645.0, 868.0, 292.0], [643.0, 839.0, 315.0], [638.0, 803.0, 323.0], [634.0, 867.0, 329.0], [631.0, 820.0, 344.0], [628.0, 810.0, 388.0], [619.0, 825.0, 415.0], [617.0, 859.0, 366.0], [609.0, 869.0, 318.0], [602.0, 886.0, 392.0], [590.0, 951.0, 265.0], [590.0, 888.0, 373.0], [584.0, 890.0, 344.0], [584.0, 871.0, 417.0], [580.0, 856.0, 433.0], [578.0, 936.0, 349.0], [575.0, 890.0, 358.0], [574.0, 937.0, 292.0], [565.0, 914.0, 369.0], [561.0, 953.0, 338.0], [550.0, 947.0, 376.0], [549.0, 930.0, 382.0], [543.0, 1014.0, 299.0], [543.0, 924.0, 387.0], [540.0, 899.0, 401.0], [536.0, 820.0, 515.0], [527.0, 973.0, 314.0], [527.0, 958.0, 315.0], [525.0, 965.0, 354.0], [525.0, 947.0, 405.0], [523.0, 1029.0, 293.0], [516.0, 986.0, 305.0], [515.0, 1058.0, 211.0], [515.0, 988.0, 359.0], [515.0, 969.0, 376.0], [515.0, 960.0, 406.0], [512.0, 995.0, 305.0], [510.0, 1031.0, 220.0], [509.0, 996.0, 382.0], [509.0, 943.0, 409.0], [506.0, 1002.0, 321.0], [505.0, 965.0, 407.0], [504.0, 965.0, 413.0], [502.0, 1034.0, 261.0], [501.0, 1074.0, 241.0], [496.0, 1024.0, 311.0], [496.0, 1019.0, 321.0], [488.0, 973.0, 408.0], [482.0, 998.0, 343.0], [481.0, 1054.0, 276.0], [481.0, 1022.0, 388.0], [470.0, 1037.0, 297.0], [469.0, 1099.0, 271.0], [468.0, 988.0, 389.0], [465.0, 1016.0, 391.0], [464.0, 1020.0, 417.0], [463.0, 1033.0, 387.0], [462.0, 1073.0, 283.0], [461.0, 1037.0, 349.0], [461.0, 1024.0, 402.0], [459.0, 1093.0, 304.0], [459.0, 1044.0, 375.0], [458.0, 997.0, 488.0], [449.0, 1051.0, 339.0], [447.0, 1052.0, 374.0], [446.0, 1021.0, 409.0], [444.0, 1081.0, 314.0], [444.0, 1067.0, 332.0], [444.0, 1032.0, 392.0], [441.0, 1094.0, 302.0], [439.0, 1068.0, 350.0], [438.0, 1129.0, 224.0], [438.0, 1097.0, 313.0], [436.0, 1127.0, 272.0], [434.0, 1142.0, 280.0], [433.0, 1044.0, 383.0], [432.0, 1087.0, 316.0], [428.0, 1099.0, 307.0], [427.0, 1117.0, 367.0], [426.0, 987.0, 491.0], [424.0, 1092.0, 370.0], [421.0, 1052.0, 411.0], [419.0, 1146.0, 256.0], [418.0, 1093.0, 374.0], [416.0, 1074.0, 384.0], [408.0, 1118.0, 300.0], [407.0, 1068.0, 405.0], [407.0, 1038.0, 428.0], [402.0, 1181.0, 278.0], [399.0, 1157.0, 279.0], [399.0, 1130.0, 295.0], [397.0, 1114.0, 382.0], [394.0, 1092.0, 387.0], [391.0, 1132.0, 282.0], [389.0, 1177.0, 301.0], [389.0, 1153.0, 317.0], [387.0, 1118.0, 417.0], [384.0, 1133.0, 318.0], [383.0, 1157.0, 324.0], [376.0, 1018.0, 450.0], [373.0, 1154.0, 338.0], [372.0, 1159.0, 309.0], [370.0, 1179.0, 294.0], [370.0, 1116.0, 418.0], [369.0, 1090.0, 476.0], [367.0, 1116.0, 435.0], [366.0, 1119.0, 344.0], [365.0, 1189.0, 328.0], [365.0, 1119.0, 429.0], [363.0, 1127.0, 381.0], [361.0, 1200.0, 268.0], [361.0, 1176.0, 335.0], [358.0, 1124.0, 394.0], [356.0, 1190.0, 355.0], [355.0, 1127.0, 441.0], [354.0, 1134.0, 363.0], [353.0, 1134.0, 377.0], [348.0, 1219.0, 239.0], [347.0, 1140.0, 359.0], [344.0, 1193.0, 309.0], [341.0, 1200.0, 334.0], [334.0, 1235.0, 269.0], [333.0, 1213.0, 389.0], [330.0, 1215.0, 295.0], [325.0, 1167.0, 408.0], [315.0, 1252.0, 316.0], [314.0, 1141.0, 449.0], [305.0, 1226.0, 321.0], [295.0, 1248.0, 353.0], [292.0, 1275.0, 352.0], [277.0, 1205.0, 396.0], [274.0, 1282.0, 333.0], [274.0, 1269.0, 356.0], [274.0, 1176.0, 410.0], [270.0, 1215.0, 369.0], [266.0, 1235.0, 389.0], [263.0, 1314.0, 285.0], [259.0, 1276.0, 381.0], [259.0, 1226.0, 438.0], [255.0, 1250.0, 386.0], [251.0, 1278.0, 367.0], [239.0, 1321.0, 346.0], [236.0, 1299.0, 409.0], [233.0, 1314.0, 352.0], [232.0, 1240.0, 422.0], [224.0, 1189.0, 495.0], [221.0, 1348.0, 307.0], [220.0, 1237.0, 432.0], [217.0, 1325.0, 338.0], [207.0, 1275.0, 423.0], [191.0, 1348.0, 335.0], [184.0, 1301.0, 372.0], [178.0, 1311.0, 375.0], [170.0, 1317.0, 440.0], [168.0, 1394.0, 321.0], [165.0, 1372.0, 405.0], [159.0, 1349.0, 411.0], [100.0, 1389.0, 363.0]]
