heur = false
LBS_limit = 4
preproc = 2
tight_root = 0
total_time = 1800.04
NDP = 677
total_nodes = 100961
pruned_nodes = 50465
pruned_dominance_nodes = 58
heur_time = 0.0
Y_N = Any[[753.0, 182.0, 393.0], [726.0, 240.0, 322.0], [696.0, 317.0, 296.0], [684.0, 306.0, 336.0], [682.0, 320.0, 244.0], [680.0, 288.0, 354.0], [672.0, 167.0, 421.0], [670.0, 322.0, 235.0], [666.0, 243.0, 392.0], [664.0, 313.0, 316.0], [663.0, 348.0, 252.0], [657.0, 364.0, 262.0], [651.0, 367.0, 184.0], [651.0, 331.0, 277.0], [650.0, 350.0, 266.0], [650.0, 321.0, 290.0], [650.0, 303.0, 407.0], [646.0, 316.0, 304.0], [644.0, 391.0, 177.0], [642.0, 397.0, 191.0], [638.0, 374.0, 193.0], [636.0, 309.0, 359.0], [636.0, 210.0, 424.0], [635.0, 369.0, 255.0], [635.0, 343.0, 268.0], [633.0, 388.0, 276.0], [633.0, 340.0, 287.0], [631.0, 383.0, 284.0], [631.0, 317.0, 307.0], [630.0, 391.0, 204.0], [630.0, 376.0, 298.0], [630.0, 365.0, 318.0], [629.0, 402.0, 177.0], [628.0, 328.0, 355.0], [628.0, 326.0, 377.0], [627.0, 406.0, 183.0], [627.0, 348.0, 347.0], [626.0, 350.0, 357.0], [624.0, 332.0, 381.0], [622.0, 426.0, 146.0], [622.0, 400.0, 194.0], [622.0, 290.0, 419.0], [621.0, 310.0, 460.0], [620.0, 344.0, 360.0], [619.0, 412.0, 217.0], [618.0, 399.0, 232.0], [618.0, 372.0, 302.0], [617.0, 419.0, 185.0], [617.0, 394.0, 310.0], [617.0, 391.0, 352.0], [616.0, 348.0, 382.0], [615.0, 414.0, 242.0], [614.0, 416.0, 195.0], [614.0, 395.0, 252.0], [613.0, 420.0, 299.0], [611.0, 327.0, 395.0], [610.0, 409.0, 315.0], [609.0, 449.0, 201.0], [608.0, 443.0, 233.0], [608.0, 428.0, 293.0], [605.0, 392.0, 378.0], [603.0, 444.0, 225.0], [603.0, 335.0, 428.0], [601.0, 411.0, 301.0], [601.0, 406.0, 328.0], [600.0, 454.0, 225.0], [600.0, 314.0, 482.0], [598.0, 429.0, 246.0], [598.0, 337.0, 388.0], [597.0, 421.0, 365.0], [596.0, 478.0, 186.0], [596.0, 346.0, 388.0], [594.0, 452.0, 226.0], [594.0, 433.0, 234.0], [594.0, 427.0, 304.0], [594.0, 328.0, 437.0], [592.0, 458.0, 242.0], [592.0, 431.0, 303.0], [591.0, 360.0, 416.0], [591.0, 350.0, 419.0], [590.0, 395.0, 372.0], [587.0, 442.0, 252.0], [586.0, 402.0, 371.0], [584.0, 262.0, 484.0], [583.0, 481.0, 179.0], [581.0, 487.0, 212.0], [581.0, 450.0, 256.0], [581.0, 444.0, 293.0], [579.0, 454.0, 279.0], [578.0, 492.0, 140.0], [578.0, 322.0, 455.0], [577.0, 476.0, 225.0], [577.0, 457.0, 285.0], [577.0, 415.0, 391.0], [576.0, 484.0, 267.0], [575.0, 459.0, 283.0], [574.0, 437.0, 333.0], [573.0, 392.0, 403.0], [572.0, 462.0, 274.0], [572.0, 446.0, 339.0], [570.0, 497.0, 224.0], [569.0, 498.0, 202.0], [568.0, 495.0, 258.0], [568.0, 345.0, 422.0], [566.0, 469.0, 310.0], [565.0, 534.0, 121.0], [565.0, 439.0, 350.0], [565.0, 409.0, 440.0], [565.0, 283.0, 495.0], [564.0, 484.0, 316.0], [564.0, 411.0, 435.0], [563.0, 434.0, 353.0], [563.0, 348.0, 455.0], [562.0, 489.0, 304.0], [561.0, 465.0, 377.0], [560.0, 466.0, 336.0], [559.0, 503.0, 190.0], [557.0, 524.0, 237.0], [555.0, 425.0, 383.0], [555.0, 352.0, 443.0], [554.0, 499.0, 270.0], [554.0, 475.0, 341.0], [553.0, 529.0, 249.0], [553.0, 340.0, 458.0], [552.0, 511.0, 255.0], [551.0, 537.0, 214.0], [550.0, 527.0, 250.0], [550.0, 509.0, 259.0], [550.0, 507.0, 292.0], [547.0, 538.0, 218.0], [546.0, 543.0, 223.0], [546.0, 448.0, 387.0], [545.0, 249.0, 497.0], [544.0, 552.0, 174.0], [544.0, 531.0, 226.0], [544.0, 479.0, 322.0], [544.0, 324.0, 502.0], [543.0, 523.0, 273.0], [543.0, 251.0, 531.0], [541.0, 493.0, 309.0], [540.0, 560.0, 144.0], [540.0, 474.0, 346.0], [538.0, 542.0, 226.0], [537.0, 532.0, 230.0], [537.0, 503.0, 294.0], [536.0, 507.0, 304.0], [535.0, 543.0, 239.0], [534.0, 554.0, 163.0], [533.0, 544.0, 275.0], [533.0, 489.0, 345.0], [533.0, 476.0, 353.0], [532.0, 558.0, 152.0], [532.0, 521.0, 316.0], [532.0, 344.0, 482.0], [531.0, 555.0, 264.0], [530.0, 566.0, 158.0], [530.0, 435.0, 396.0], [529.0, 566.0, 187.0], [528.0, 501.0, 322.0], [528.0, 456.0, 396.0], [527.0, 504.0, 329.0], [526.0, 348.0, 486.0], [525.0, 531.0, 283.0], [525.0, 477.0, 366.0], [525.0, 464.0, 393.0], [524.0, 569.0, 261.0], [524.0, 496.0, 370.0], [524.0, 271.0, 516.0], [523.0, 500.0, 332.0], [522.0, 573.0, 196.0], [521.0, 559.0, 293.0], [521.0, 468.0, 382.0], [521.0, 413.0, 440.0], [520.0, 468.0, 390.0], [519.0, 569.0, 267.0], [514.0, 523.0, 301.0], [514.0, 421.0, 422.0], [513.0, 576.0, 206.0], [513.0, 429.0, 398.0], [511.0, 503.0, 385.0], [511.0, 364.0, 443.0], [510.0, 580.0, 183.0], [510.0, 471.0, 392.0], [509.0, 581.0, 264.0], [509.0, 543.0, 321.0], [508.0, 569.0, 270.0], [507.0, 547.0, 325.0], [506.0, 596.0, 232.0], [505.0, 613.0, 137.0], [505.0, 530.0, 326.0], [505.0, 434.0, 419.0], [504.0, 601.0, 204.0], [504.0, 521.0, 342.0], [504.0, 465.0, 407.0], [503.0, 364.0, 464.0], [502.0, 608.0, 223.0], [502.0, 598.0, 240.0], [502.0, 552.0, 295.0], [502.0, 484.0, 429.0], [501.0, 604.0, 242.0], [501.0, 568.0, 292.0], [501.0, 532.0, 327.0], [500.0, 402.0, 493.0], [497.0, 299.0, 525.0], [496.0, 612.0, 235.0], [494.0, 548.0, 306.0], [494.0, 529.0, 365.0], [493.0, 623.0, 234.0], [493.0, 585.0, 250.0], [489.0, 534.0, 328.0], [489.0, 506.0, 367.0], [488.0, 577.0, 314.0], [487.0, 580.0, 268.0], [485.0, 628.0, 255.0], [485.0, 385.0, 510.0], [483.0, 530.0, 329.0], [481.0, 631.0, 149.0], [481.0, 579.0, 271.0], [480.0, 456.0, 447.0], [479.0, 589.0, 264.0], [478.0, 601.0, 271.0], [478.0, 586.0, 287.0], [478.0, 537.0, 338.0], [478.0, 524.0, 372.0], [478.0, 494.0, 396.0], [477.0, 630.0, 181.0], [477.0, 576.0, 333.0], [477.0, 514.0, 383.0], [476.0, 488.0, 397.0], [475.0, 581.0, 288.0], [474.0, 632.0, 172.0], [473.0, 604.0, 284.0], [472.0, 638.0, 154.0], [472.0, 635.0, 228.0], [472.0, 471.0, 462.0], [471.0, 657.0, 168.0], [471.0, 614.0, 275.0], [470.0, 539.0, 360.0], [470.0, 486.0, 411.0], [469.0, 509.0, 387.0], [468.0, 582.0, 290.0], [468.0, 547.0, 343.0], [467.0, 669.0, 185.0], [467.0, 650.0, 245.0], [467.0, 591.0, 294.0], [466.0, 658.0, 210.0], [466.0, 629.0, 272.0], [466.0, 503.0, 390.0], [465.0, 612.0, 283.0], [465.0, 565.0, 367.0], [464.0, 500.0, 418.0], [463.0, 651.0, 221.0], [463.0, 518.0, 426.0], [461.0, 599.0, 306.0], [461.0, 532.0, 374.0], [461.0, 524.0, 375.0], [461.0, 522.0, 377.0], [460.0, 473.0, 437.0], [458.0, 673.0, 205.0], [458.0, 601.0, 296.0], [457.0, 669.0, 206.0], [457.0, 643.0, 256.0], [457.0, 636.0, 259.0], [456.0, 615.0, 288.0], [455.0, 619.0, 276.0], [452.0, 709.0, 136.0], [452.0, 659.0, 216.0], [451.0, 608.0, 307.0], [450.0, 660.0, 242.0], [450.0, 584.0, 313.0], [450.0, 579.0, 366.0], [449.0, 632.0, 282.0], [448.0, 586.0, 325.0], [448.0, 560.0, 379.0], [447.0, 644.0, 255.0], [446.0, 677.0, 195.0], [446.0, 493.0, 460.0], [445.0, 694.0, 202.0], [444.0, 610.0, 292.0], [443.0, 653.0, 256.0], [443.0, 533.0, 381.0], [441.0, 682.0, 224.0], [441.0, 611.0, 302.0], [440.0, 546.0, 386.0], [439.0, 653.0, 267.0], [439.0, 547.0, 391.0], [438.0, 695.0, 179.0], [438.0, 542.0, 403.0], [437.0, 622.0, 316.0], [436.0, 656.0, 255.0], [436.0, 443.0, 463.0], [435.0, 584.0, 346.0], [434.0, 667.0, 233.0], [434.0, 656.0, 279.0], [433.0, 662.0, 234.0], [433.0, 659.0, 259.0], [433.0, 596.0, 327.0], [432.0, 637.0, 305.0], [432.0, 574.0, 376.0], [431.0, 740.0, 133.0], [431.0, 694.0, 204.0], [430.0, 676.0, 249.0], [430.0, 585.0, 331.0], [429.0, 693.0, 238.0], [429.0, 644.0, 289.0], [429.0, 622.0, 335.0], [428.0, 664.0, 274.0], [428.0, 650.0, 284.0], [427.0, 623.0, 311.0], [427.0, 598.0, 347.0], [427.0, 525.0, 405.0], [427.0, 446.0, 467.0], [426.0, 543.0, 394.0], [425.0, 674.0, 274.0], [424.0, 706.0, 196.0], [424.0, 611.0, 356.0], [424.0, 600.0, 376.0], [423.0, 527.0, 405.0], [422.0, 658.0, 277.0], [422.0, 497.0, 436.0], [420.0, 607.0, 363.0], [420.0, 581.0, 420.0], [418.0, 737.0, 172.0], [417.0, 656.0, 316.0], [416.0, 642.0, 322.0], [416.0, 639.0, 333.0], [415.0, 700.0, 212.0], [413.0, 707.0, 193.0], [412.0, 699.0, 226.0], [412.0, 504.0, 438.0], [412.0, 450.0, 488.0], [410.0, 755.0, 167.0], [410.0, 711.0, 181.0], [409.0, 662.0, 279.0], [409.0, 657.0, 280.0], [408.0, 738.0, 186.0], [408.0, 707.0, 219.0], [407.0, 668.0, 281.0], [405.0, 700.0, 230.0], [404.0, 746.0, 174.0], [404.0, 701.0, 228.0], [403.0, 722.0, 190.0], [403.0, 711.0, 200.0], [403.0, 677.0, 259.0], [402.0, 684.0, 245.0], [401.0, 718.0, 232.0], [401.0, 703.0, 248.0], [400.0, 742.0, 176.0], [400.0, 722.0, 228.0], [400.0, 678.0, 258.0], [400.0, 663.0, 283.0], [400.0, 561.0, 423.0], [399.0, 690.0, 253.0], [398.0, 670.0, 329.0], [395.0, 615.0, 340.0], [395.0, 545.0, 425.0], [393.0, 616.0, 364.0], [392.0, 676.0, 262.0], [392.0, 650.0, 331.0], [392.0, 621.0, 352.0], [392.0, 465.0, 468.0], [391.0, 714.0, 247.0], [391.0, 710.0, 259.0], [391.0, 648.0, 335.0], [391.0, 620.0, 358.0], [390.0, 683.0, 278.0], [390.0, 621.0, 362.0], [390.0, 606.0, 376.0], [390.0, 467.0, 473.0], [389.0, 750.0, 199.0], [389.0, 541.0, 436.0], [388.0, 672.0, 284.0], [388.0, 636.0, 342.0], [387.0, 770.0, 194.0], [387.0, 697.0, 265.0], [386.0, 671.0, 297.0], [385.0, 692.0, 269.0], [384.0, 757.0, 197.0], [383.0, 723.0, 204.0], [382.0, 759.0, 197.0], [382.0, 702.0, 261.0], [382.0, 690.0, 270.0], [382.0, 638.0, 371.0], [381.0, 708.0, 266.0], [377.0, 724.0, 217.0], [377.0, 718.0, 238.0], [377.0, 658.0, 337.0], [376.0, 644.0, 357.0], [375.0, 544.0, 439.0], [374.0, 813.0, 141.0], [374.0, 742.0, 200.0], [374.0, 736.0, 213.0], [374.0, 674.0, 329.0], [372.0, 729.0, 230.0], [372.0, 687.0, 289.0], [371.0, 694.0, 273.0], [370.0, 585.0, 391.0], [369.0, 719.0, 235.0], [369.0, 716.0, 241.0], [369.0, 697.0, 296.0], [369.0, 676.0, 311.0], [369.0, 566.0, 426.0], [368.0, 736.0, 241.0], [368.0, 584.0, 420.0], [367.0, 742.0, 204.0], [367.0, 719.0, 250.0], [367.0, 702.0, 301.0], [367.0, 615.0, 375.0], [367.0, 592.0, 380.0], [366.0, 780.0, 157.0], [366.0, 772.0, 191.0], [366.0, 719.0, 256.0], [366.0, 648.0, 344.0], [366.0, 647.0, 347.0], [364.0, 751.0, 199.0], [363.0, 791.0, 149.0], [363.0, 767.0, 205.0], [363.0, 746.0, 238.0], [362.0, 758.0, 220.0], [362.0, 711.0, 292.0], [361.0, 769.0, 200.0], [361.0, 592.0, 410.0], [360.0, 787.0, 203.0], [360.0, 647.0, 348.0], [360.0, 633.0, 388.0], [359.0, 762.0, 217.0], [359.0, 669.0, 330.0], [359.0, 615.0, 414.0], [358.0, 763.0, 216.0], [358.0, 747.0, 223.0], [358.0, 733.0, 244.0], [358.0, 684.0, 305.0], [354.0, 807.0, 159.0], [354.0, 712.0, 319.0], [353.0, 773.0, 213.0], [352.0, 739.0, 243.0], [352.0, 724.0, 250.0], [352.0, 660.0, 338.0], [351.0, 623.0, 416.0], [350.0, 724.0, 262.0], [348.0, 788.0, 223.0], [348.0, 722.0, 268.0], [347.0, 755.0, 232.0], [347.0, 663.0, 360.0], [346.0, 672.0, 337.0], [345.0, 725.0, 246.0], [345.0, 676.0, 322.0], [344.0, 718.0, 277.0], [344.0, 714.0, 281.0], [343.0, 720.0, 275.0], [343.0, 676.0, 328.0], [341.0, 679.0, 330.0], [340.0, 742.0, 261.0], [340.0, 716.0, 280.0], [339.0, 776.0, 227.0], [339.0, 692.0, 339.0], [338.0, 826.0, 162.0], [338.0, 786.0, 229.0], [338.0, 726.0, 267.0], [338.0, 719.0, 280.0], [338.0, 565.0, 441.0], [337.0, 795.0, 191.0], [337.0, 790.0, 217.0], [337.0, 729.0, 263.0], [336.0, 747.0, 240.0], [336.0, 670.0, 343.0], [335.0, 799.0, 194.0], [334.0, 791.0, 204.0], [334.0, 748.0, 250.0], [334.0, 745.0, 251.0], [334.0, 720.0, 304.0], [334.0, 680.0, 345.0], [334.0, 646.0, 374.0], [333.0, 791.0, 213.0], [333.0, 771.0, 232.0], [333.0, 758.0, 312.0], [332.0, 859.0, 158.0], [332.0, 654.0, 384.0], [331.0, 791.0, 221.0], [330.0, 767.0, 248.0], [330.0, 631.0, 400.0], [329.0, 759.0, 264.0], [329.0, 692.0, 340.0], [327.0, 798.0, 203.0], [327.0, 767.0, 254.0], [327.0, 686.0, 362.0], [326.0, 764.0, 263.0], [325.0, 772.0, 238.0], [324.0, 691.0, 362.0], [323.0, 851.0, 165.0], [322.0, 829.0, 184.0], [321.0, 752.0, 331.0], [320.0, 772.0, 271.0], [319.0, 837.0, 169.0], [319.0, 774.0, 277.0], [316.0, 806.0, 222.0], [316.0, 659.0, 363.0], [315.0, 775.0, 264.0], [315.0, 566.0, 431.0], [313.0, 809.0, 207.0], [312.0, 691.0, 368.0], [310.0, 841.0, 191.0], [310.0, 788.0, 225.0], [310.0, 641.0, 391.0], [308.0, 847.0, 167.0], [308.0, 779.0, 269.0], [308.0, 765.0, 279.0], [308.0, 661.0, 374.0], [307.0, 683.0, 372.0], [306.0, 790.0, 252.0], [306.0, 785.0, 259.0], [304.0, 799.0, 235.0], [304.0, 766.0, 295.0], [303.0, 854.0, 182.0], [303.0, 850.0, 188.0], [303.0, 699.0, 334.0], [302.0, 861.0, 185.0], [300.0, 701.0, 335.0], [299.0, 811.0, 199.0], [299.0, 808.0, 238.0], [299.0, 724.0, 340.0], [299.0, 673.0, 387.0], [298.0, 862.0, 162.0], [296.0, 642.0, 399.0], [294.0, 810.0, 210.0], [293.0, 815.0, 192.0], [293.0, 781.0, 273.0], [293.0, 699.0, 362.0], [292.0, 821.0, 200.0], [292.0, 814.0, 224.0], [291.0, 828.0, 231.0], [291.0, 816.0, 238.0], [290.0, 753.0, 333.0], [289.0, 769.0, 283.0], [289.0, 735.0, 343.0], [287.0, 759.0, 329.0], [287.0, 680.0, 390.0], [286.0, 858.0, 191.0], [285.0, 814.0, 260.0], [282.0, 838.0, 193.0], [282.0, 724.0, 347.0], [280.0, 775.0, 280.0], [279.0, 777.0, 281.0], [278.0, 831.0, 214.0], [278.0, 767.0, 299.0], [277.0, 885.0, 128.0], [277.0, 851.0, 200.0], [277.0, 719.0, 351.0], [276.0, 865.0, 184.0], [275.0, 818.0, 232.0], [275.0, 794.0, 286.0], [275.0, 708.0, 353.0], [273.0, 834.0, 212.0], [272.0, 769.0, 289.0], [271.0, 791.0, 290.0], [271.0, 769.0, 296.0], [270.0, 886.0, 169.0], [270.0, 824.0, 246.0], [269.0, 696.0, 366.0], [268.0, 798.0, 278.0], [268.0, 752.0, 346.0], [266.0, 868.0, 216.0], [266.0, 783.0, 301.0], [266.0, 730.0, 356.0], [266.0, 702.0, 383.0], [265.0, 768.0, 314.0], [264.0, 808.0, 276.0], [262.0, 776.0, 303.0], [262.0, 691.0, 395.0], [261.0, 809.0, 274.0], [261.0, 793.0, 293.0], [260.0, 811.0, 266.0], [260.0, 713.0, 364.0], [259.0, 905.0, 145.0], [259.0, 834.0, 235.0], [259.0, 810.0, 291.0], [259.0, 805.0, 296.0], [256.0, 882.0, 173.0], [256.0, 825.0, 239.0], [255.0, 782.0, 319.0], [254.0, 908.0, 140.0], [254.0, 821.0, 263.0], [250.0, 872.0, 217.0], [250.0, 798.0, 300.0], [249.0, 888.0, 189.0], [249.0, 769.0, 320.0], [248.0, 827.0, 251.0], [246.0, 878.0, 225.0], [246.0, 843.0, 245.0], [245.0, 895.0, 197.0], [245.0, 792.0, 329.0], [244.0, 883.0, 221.0], [244.0, 799.0, 310.0], [244.0, 768.0, 330.0], [242.0, 846.0, 236.0], [241.0, 858.0, 251.0], [241.0, 812.0, 266.0], [240.0, 843.0, 276.0], [239.0, 735.0, 355.0], [236.0, 919.0, 175.0], [236.0, 729.0, 373.0], [232.0, 809.0, 292.0], [232.0, 757.0, 334.0], [231.0, 859.0, 279.0], [230.0, 812.0, 288.0], [228.0, 802.0, 328.0], [225.0, 815.0, 297.0], [223.0, 790.0, 337.0], [222.0, 881.0, 227.0], [222.0, 791.0, 345.0], [222.0, 767.0, 352.0], [220.0, 922.0, 135.0], [220.0, 804.0, 301.0], [219.0, 887.0, 213.0], [219.0, 730.0, 395.0], [218.0, 787.0, 353.0], [216.0, 811.0, 323.0], [215.0, 941.0, 135.0], [215.0, 926.0, 167.0], [215.0, 888.0, 218.0], [215.0, 807.0, 324.0], [214.0, 865.0, 235.0], [213.0, 823.0, 290.0], [213.0, 783.0, 392.0], [212.0, 869.0, 229.0], [210.0, 876.0, 253.0], [210.0, 800.0, 354.0], [207.0, 884.0, 226.0], [206.0, 897.0, 225.0], [205.0, 826.0, 284.0], [204.0, 890.0, 234.0], [203.0, 915.0, 190.0], [202.0, 916.0, 182.0], [201.0, 900.0, 210.0], [201.0, 862.0, 263.0], [200.0, 788.0, 397.0], [199.0, 931.0, 148.0], [199.0, 833.0, 281.0], [197.0, 933.0, 219.0], [197.0, 882.0, 239.0], [195.0, 952.0, 184.0], [195.0, 865.0, 307.0], [187.0, 962.0, 170.0], [185.0, 895.0, 229.0], [184.0, 909.0, 222.0], [182.0, 898.0, 224.0], [182.0, 893.0, 249.0], [182.0, 886.0, 258.0], [182.0, 870.0, 260.0], [180.0, 897.0, 235.0], [180.0, 871.0, 274.0], [179.0, 882.0, 281.0], [179.0, 860.0, 312.0], [178.0, 812.0, 322.0], [177.0, 817.0, 330.0], [176.0, 969.0, 156.0], [176.0, 910.0, 225.0], [170.0, 893.0, 270.0], [169.0, 914.0, 243.0], [162.0, 971.0, 172.0], [161.0, 894.0, 244.0], [160.0, 958.0, 203.0], [155.0, 907.0, 264.0], [154.0, 831.0, 343.0], [151.0, 890.0, 318.0], [144.0, 926.0, 229.0], [141.0, 856.0, 322.0], [135.0, 906.0, 317.0], [133.0, 983.0, 230.0], [133.0, 907.0, 268.0], [119.0, 987.0, 181.0], [111.0, 910.0, 276.0], [109.0, 911.0, 272.0], [102.0, 928.0, 244.0], [89.0, 959.0, 241.0], [79.0, 991.0, 189.0], [78.0, 995.0, 235.0]]
