heur = false
LBS_limit = 4
preproc = 2
tight_root = 0
total_time = 4.77
NDP = 38
total_nodes = 715
pruned_nodes = 358
pruned_dominance_nodes = 0
heur_time = 0.0
Y_N = Any[[180.0, 111.0, 68.0], [174.0, 120.0, 96.0], [170.0, 119.0, 105.0], [152.0, 137.0, 111.0], [151.0, 143.0, 97.0], [150.0, 141.0, 122.0], [143.0, 146.0, 89.0], [125.0, 164.0, 129.0], [119.0, 190.0, 101.0], [113.0, 209.0, 53.0], [110.0, 200.0, 92.0], [109.0, 205.0, 107.0], [99.0, 201.0, 121.0], [94.0, 210.0, 106.0], [89.0, 208.0, 120.0], [85.0, 234.0, 75.0], [84.0, 228.0, 77.0], [83.0, 224.0, 82.0], [81.0, 211.0, 127.0], [75.0, 234.0, 96.0], [67.0, 224.0, 124.0], [63.0, 229.0, 136.0], [62.0, 235.0, 123.0], [57.0, 236.0, 109.0], [57.0, 209.0, 156.0], [56.0, 209.0, 175.0], [53.0, 219.0, 141.0], [47.0, 286.0, 72.0], [41.0, 262.0, 90.0], [38.0, 272.0, 80.0], [33.0, 291.0, 66.0], [32.0, 298.0, 30.0], [32.0, 295.0, 60.0], [24.0, 278.0, 75.0], [22.0, 288.0, 99.0], [2.0, 300.0, 71.0], [1.0, 300.0, 77.0], [-0.0, 300.0, 132.0]]
