heur = false
LBS_limit = 4
preproc = 2
tight_root = 0
total_time = 1800.03
NDP = 588
total_nodes = 97839
pruned_nodes = 48885
pruned_dominance_nodes = 1178
heur_time = 0.0
Y_N = Any[[3538.0, 3184.0, 1678.0], [3485.0, 3154.0, 1718.0], [3472.0, 3208.0, 1689.0], [3470.0, 3196.0, 1734.0], [3434.0, 3108.0, 1774.0], [3425.0, 3260.0, 1639.0], [3423.0, 3304.0, 1662.0], [3416.0, 3349.0, 1551.0], [3410.0, 3231.0, 1741.0], [3389.0, 3305.0, 1713.0], [3380.0, 3127.0, 1742.0], [3377.0, 3372.0, 1671.0], [3370.0, 3318.0, 1681.0], [3366.0, 3337.0, 1686.0], [3365.0, 3362.0, 1757.0], [3358.0, 3396.0, 1603.0], [3350.0, 3391.0, 1658.0], [3345.0, 3427.0, 1676.0], [3341.0, 3255.0, 1780.0], [3340.0, 3273.0, 1759.0], [3337.0, 3430.0, 1496.0], [3336.0, 3368.0, 1774.0], [3334.0, 3439.0, 1665.0], [3320.0, 3409.0, 1782.0], [3303.0, 3444.0, 1489.0], [3301.0, 3433.0, 1666.0], [3296.0, 3445.0, 1614.0], [3295.0, 3437.0, 1691.0], [3290.0, 3471.0, 1652.0], [3287.0, 3323.0, 1792.0], [3276.0, 3487.0, 1690.0], [3271.0, 3329.0, 1790.0], [3262.0, 3524.0, 1584.0], [3258.0, 3477.0, 1705.0], [3256.0, 3331.0, 1823.0], [3252.0, 3528.0, 1723.0], [3250.0, 3295.0, 1874.0], [3249.0, 3412.0, 1734.0], [3244.0, 3534.0, 1574.0], [3239.0, 3421.0, 1742.0], [3238.0, 3439.0, 1737.0], [3237.0, 3552.0, 1541.0], [3233.0, 3478.0, 1748.0], [3230.0, 3482.0, 1790.0], [3225.0, 3451.0, 1803.0], [3209.0, 3557.0, 1524.0], [3204.0, 3478.0, 1820.0], [3202.0, 3545.0, 1564.0], [3200.0, 3569.0, 1589.0], [3200.0, 3407.0, 1883.0], [3198.0, 3591.0, 1508.0], [3198.0, 3533.0, 1679.0], [3197.0, 3588.0, 1625.0], [3195.0, 3558.0, 1726.0], [3193.0, 3562.0, 1700.0], [3191.0, 3618.0, 1597.0], [3190.0, 3530.0, 1742.0], [3189.0, 3484.0, 1763.0], [3187.0, 3570.0, 1648.0], [3176.0, 3632.0, 1442.0], [3176.0, 3619.0, 1543.0], [3175.0, 3257.0, 1886.0], [3171.0, 3565.0, 1749.0], [3167.0, 3538.0, 1775.0], [3163.0, 3640.0, 1600.0], [3163.0, 3614.0, 1696.0], [3159.0, 3649.0, 1515.0], [3158.0, 3652.0, 1343.0], [3156.0, 3626.0, 1620.0], [3151.0, 3572.0, 1703.0], [3149.0, 3659.0, 1628.0], [3148.0, 3619.0, 1718.0], [3148.0, 3585.0, 1759.0], [3148.0, 3502.0, 1832.0], [3145.0, 3668.0, 1439.0], [3143.0, 3705.0, 1479.0], [3139.0, 3624.0, 1629.0], [3135.0, 3676.0, 1516.0], [3133.0, 3542.0, 1793.0], [3131.0, 3649.0, 1661.0], [3127.0, 3691.0, 1539.0], [3127.0, 3587.0, 1760.0], [3126.0, 3513.0, 1817.0], [3124.0, 3400.0, 1886.0], [3122.0, 3464.0, 1886.0], [3121.0, 3565.0, 1829.0], [3110.0, 3623.0, 1677.0], [3108.0, 3496.0, 1862.0], [3107.0, 3698.0, 1537.0], [3105.0, 3680.0, 1591.0], [3104.0, 3388.0, 1907.0], [3102.0, 3721.0, 1469.0], [3102.0, 3654.0, 1636.0], [3101.0, 3694.0, 1622.0], [3101.0, 3678.0, 1795.0], [3098.0, 3530.0, 1894.0], [3097.0, 3783.0, 1432.0], [3090.0, 3719.0, 1575.0], [3090.0, 3690.0, 1644.0], [3089.0, 3698.0, 1615.0], [3084.0, 3717.0, 1586.0], [3078.0, 3604.0, 1798.0], [3077.0, 3781.0, 1505.0], [3076.0, 3699.0, 1661.0], [3074.0, 3740.0, 1540.0], [3072.0, 3746.0, 1625.0], [3072.0, 3683.0, 1733.0], [3071.0, 3595.0, 1845.0], [3070.0, 3577.0, 1864.0], [3069.0, 3756.0, 1537.0], [3066.0, 3700.0, 1740.0], [3062.0, 3704.0, 1707.0], [3062.0, 3569.0, 1891.0], [3060.0, 3722.0, 1652.0], [3060.0, 3688.0, 1746.0], [3059.0, 3689.0, 1873.0], [3053.0, 3761.0, 1562.0], [3046.0, 3733.0, 1691.0], [3046.0, 3723.0, 1733.0], [3045.0, 3782.0, 1497.0], [3045.0, 3761.0, 1634.0], [3043.0, 3807.0, 1443.0], [3043.0, 3782.0, 1516.0], [3039.0, 3766.0, 1573.0], [3034.0, 3743.0, 1644.0], [3033.0, 3427.0, 1969.0], [3032.0, 3783.0, 1536.0], [3032.0, 3755.0, 1679.0], [3030.0, 3739.0, 1696.0], [3029.0, 3573.0, 1883.0], [3028.0, 3800.0, 1556.0], [3028.0, 3690.0, 1749.0], [3025.0, 3767.0, 1745.0], [3024.0, 3824.0, 1491.0], [3023.0, 3697.0, 1837.0], [3019.0, 3773.0, 1656.0], [3018.0, 3834.0, 1437.0], [3018.0, 3816.0, 1620.0], [3018.0, 3788.0, 1648.0], [3014.0, 3569.0, 1909.0], [3010.0, 3736.0, 1797.0], [3010.0, 3532.0, 1991.0], [3008.0, 3621.0, 1948.0], [3003.0, 3837.0, 1460.0], [3001.0, 3841.0, 1482.0], [2999.0, 3843.0, 1652.0], [2998.0, 3741.0, 1787.0], [2997.0, 3879.0, 1470.0], [2997.0, 3863.0, 1480.0], [2997.0, 3847.0, 1548.0], [2996.0, 3770.0, 1691.0], [2996.0, 3703.0, 1935.0], [2988.0, 3792.0, 1667.0], [2987.0, 3906.0, 1445.0], [2986.0, 3854.0, 1537.0], [2983.0, 3823.0, 1662.0], [2982.0, 3837.0, 1771.0], [2974.0, 3714.0, 1814.0], [2969.0, 3867.0, 1540.0], [2966.0, 3889.0, 1560.0], [2964.0, 3616.0, 1961.0], [2961.0, 3776.0, 1810.0], [2959.0, 3689.0, 1937.0], [2957.0, 3895.0, 1508.0], [2957.0, 3857.0, 1563.0], [2956.0, 3870.0, 1564.0], [2955.0, 3860.0, 1616.0], [2954.0, 3726.0, 1844.0], [2951.0, 3881.0, 1646.0], [2949.0, 3856.0, 1696.0], [2940.0, 3965.0, 1451.0], [2940.0, 3787.0, 1773.0], [2939.0, 3889.0, 1644.0], [2934.0, 3878.0, 1677.0], [2933.0, 3866.0, 1721.0], [2929.0, 3905.0, 1601.0], [2929.0, 3740.0, 1872.0], [2929.0, 3618.0, 1955.0], [2928.0, 3910.0, 1541.0], [2927.0, 3665.0, 1947.0], [2925.0, 3704.0, 1891.0], [2923.0, 3716.0, 1997.0], [2921.0, 3905.0, 1606.0], [2921.0, 3838.0, 1784.0], [2919.0, 3840.0, 1733.0], [2918.0, 3948.0, 1475.0], [2918.0, 3798.0, 1799.0], [2917.0, 3772.0, 1881.0], [2914.0, 3918.0, 1635.0], [2913.0, 3889.0, 1716.0], [2913.0, 3861.0, 1757.0], [2909.0, 3921.0, 1665.0], [2908.0, 3734.0, 1887.0], [2899.0, 3724.0, 1910.0], [2898.0, 3962.0, 1497.0], [2898.0, 3947.0, 1540.0], [2898.0, 3911.0, 1714.0], [2896.0, 3970.0, 1467.0], [2894.0, 3847.0, 1786.0], [2890.0, 3934.0, 1541.0], [2889.0, 3969.0, 1578.0], [2889.0, 3925.0, 1606.0], [2889.0, 3848.0, 1790.0], [2889.0, 3829.0, 1815.0], [2885.0, 3931.0, 1585.0], [2884.0, 3992.0, 1401.0], [2878.0, 3912.0, 1690.0], [2877.0, 3977.0, 1526.0], [2877.0, 3731.0, 1888.0], [2875.0, 3961.0, 1632.0], [2874.0, 3863.0, 1734.0], [2872.0, 3940.0, 1688.0], [2871.0, 3820.0, 1891.0], [2870.0, 3881.0, 1734.0], [2869.0, 4048.0, 1387.0], [2869.0, 3896.0, 1744.0], [2868.0, 3984.0, 1515.0], [2868.0, 3877.0, 1856.0], [2867.0, 4086.0, 1412.0], [2860.0, 3805.0, 1981.0], [2859.0, 3919.0, 1724.0], [2856.0, 3923.0, 1713.0], [2854.0, 3934.0, 1776.0], [2853.0, 4008.0, 1601.0], [2853.0, 3881.0, 1780.0], [2847.0, 3999.0, 1666.0], [2847.0, 3987.0, 1688.0], [2843.0, 4015.0, 1601.0], [2842.0, 3962.0, 1734.0], [2838.0, 3820.0, 1898.0], [2835.0, 4024.0, 1510.0], [2833.0, 4057.0, 1497.0], [2833.0, 3908.0, 1779.0], [2829.0, 4061.0, 1467.0], [2829.0, 4059.0, 1568.0], [2829.0, 4042.0, 1611.0], [2825.0, 4029.0, 1644.0], [2820.0, 3995.0, 1668.0], [2818.0, 3807.0, 1909.0], [2817.0, 3974.0, 1720.0], [2812.0, 3946.0, 1849.0], [2811.0, 4029.0, 1686.0], [2809.0, 4076.0, 1435.0], [2809.0, 3936.0, 1865.0], [2804.0, 3965.0, 1750.0], [2804.0, 3829.0, 1879.0], [2804.0, 3816.0, 1932.0], [2801.0, 4003.0, 1713.0], [2801.0, 3688.0, 2003.0], [2799.0, 4127.0, 1323.0], [2799.0, 3956.0, 1755.0], [2797.0, 3856.0, 1876.0], [2792.0, 3954.0, 1775.0], [2790.0, 4046.0, 1614.0], [2788.0, 3863.0, 1962.0], [2787.0, 4066.0, 1451.0], [2785.0, 3949.0, 1822.0], [2781.0, 4088.0, 1541.0], [2777.0, 4021.0, 1781.0], [2777.0, 3928.0, 1914.0], [2773.0, 4034.0, 1675.0], [2772.0, 4041.0, 1671.0], [2769.0, 4135.0, 1416.0], [2766.0, 4093.0, 1447.0], [2765.0, 4099.0, 1605.0], [2763.0, 4113.0, 1483.0], [2760.0, 4050.0, 1636.0], [2759.0, 4061.0, 1667.0], [2756.0, 3935.0, 1958.0], [2755.0, 4070.0, 1642.0], [2754.0, 3960.0, 1813.0], [2753.0, 4131.0, 1449.0], [2752.0, 3997.0, 1854.0], [2743.0, 4072.0, 1627.0], [2743.0, 4052.0, 1775.0], [2743.0, 4000.0, 1858.0], [2739.0, 4119.0, 1476.0], [2737.0, 4150.0, 1414.0], [2737.0, 4137.0, 1534.0], [2737.0, 3947.0, 1964.0], [2736.0, 4081.0, 1613.0], [2735.0, 4187.0, 1506.0], [2735.0, 4137.0, 1536.0], [2734.0, 4123.0, 1543.0], [2733.0, 3997.0, 1929.0], [2731.0, 4114.0, 1570.0], [2729.0, 4131.0, 1701.0], [2727.0, 4136.0, 1636.0], [2724.0, 4064.0, 1797.0], [2719.0, 4145.0, 1670.0], [2713.0, 4177.0, 1567.0], [2713.0, 4135.0, 1717.0], [2712.0, 3881.0, 2017.0], [2710.0, 4005.0, 1800.0], [2707.0, 4226.0, 1371.0], [2698.0, 4209.0, 1459.0], [2697.0, 4181.0, 1560.0], [2692.0, 4073.0, 1751.0], [2690.0, 4147.0, 1606.0], [2690.0, 4014.0, 1817.0], [2689.0, 4171.0, 1577.0], [2689.0, 4012.0, 1820.0], [2685.0, 4229.0, 1489.0], [2681.0, 4099.0, 1744.0], [2681.0, 4081.0, 1837.0], [2680.0, 3794.0, 2031.0], [2677.0, 4190.0, 1574.0], [2676.0, 4273.0, 1333.0], [2675.0, 4191.0, 1505.0], [2675.0, 4030.0, 1852.0], [2674.0, 4120.0, 1729.0], [2672.0, 4194.0, 1551.0], [2670.0, 4239.0, 1525.0], [2668.0, 4013.0, 1897.0], [2667.0, 4147.0, 1747.0], [2665.0, 4158.0, 1612.0], [2661.0, 4180.0, 1630.0], [2659.0, 4013.0, 1929.0], [2658.0, 4158.0, 1674.0], [2648.0, 4242.0, 1466.0], [2646.0, 4248.0, 1518.0], [2646.0, 4197.0, 1686.0], [2645.0, 4273.0, 1437.0], [2643.0, 4199.0, 1614.0], [2641.0, 4063.0, 1844.0], [2640.0, 4204.0, 1643.0], [2638.0, 4250.0, 1454.0], [2635.0, 4219.0, 1543.0], [2633.0, 4252.0, 1508.0], [2630.0, 4062.0, 1864.0], [2630.0, 3949.0, 1942.0], [2627.0, 4220.0, 1529.0], [2625.0, 4231.0, 1561.0], [2625.0, 4137.0, 1774.0], [2622.0, 4068.0, 1857.0], [2621.0, 4271.0, 1505.0], [2620.0, 4116.0, 1780.0], [2619.0, 4233.0, 1549.0], [2618.0, 4099.0, 1796.0], [2618.0, 4015.0, 1915.0], [2614.0, 3890.0, 1978.0], [2613.0, 4148.0, 1688.0], [2612.0, 4220.0, 1581.0], [2611.0, 4178.0, 1728.0], [2609.0, 4303.0, 1474.0], [2607.0, 4208.0, 1598.0], [2604.0, 4273.0, 1482.0], [2604.0, 4237.0, 1609.0], [2604.0, 4228.0, 1618.0], [2602.0, 4269.0, 1507.0], [2602.0, 4040.0, 1882.0], [2601.0, 4258.0, 1601.0], [2598.0, 4113.0, 1821.0], [2596.0, 3959.0, 1934.0], [2595.0, 4355.0, 1349.0], [2592.0, 4227.0, 1684.0], [2592.0, 4079.0, 1848.0], [2588.0, 4192.0, 1697.0], [2588.0, 4119.0, 1782.0], [2586.0, 4277.0, 1505.0], [2586.0, 4133.0, 1808.0], [2584.0, 4151.0, 1850.0], [2583.0, 4191.0, 1699.0], [2581.0, 4185.0, 1704.0], [2581.0, 3912.0, 1988.0], [2580.0, 4190.0, 1703.0], [2576.0, 4226.0, 1714.0], [2576.0, 4079.0, 1905.0], [2575.0, 4312.0, 1382.0], [2573.0, 4305.0, 1548.0], [2571.0, 4164.0, 1729.0], [2569.0, 4017.0, 1934.0], [2568.0, 4254.0, 1608.0], [2566.0, 4333.0, 1438.0], [2566.0, 4281.0, 1575.0], [2563.0, 4238.0, 1685.0], [2560.0, 4210.0, 1776.0], [2560.0, 4080.0, 1853.0], [2558.0, 4241.0, 1609.0], [2558.0, 4198.0, 1796.0], [2555.0, 4244.0, 1636.0], [2555.0, 4228.0, 1836.0], [2549.0, 4261.0, 1602.0], [2549.0, 4236.0, 1687.0], [2547.0, 4346.0, 1481.0], [2546.0, 4339.0, 1568.0], [2545.0, 4105.0, 1851.0], [2545.0, 4030.0, 1931.0], [2542.0, 4257.0, 1616.0], [2541.0, 4284.0, 1658.0], [2539.0, 4353.0, 1517.0], [2539.0, 4293.0, 1629.0], [2538.0, 4263.0, 1690.0], [2536.0, 4309.0, 1623.0], [2534.0, 4085.0, 1868.0], [2533.0, 4360.0, 1505.0], [2531.0, 4238.0, 1739.0], [2531.0, 4097.0, 1856.0], [2531.0, 3963.0, 1965.0], [2530.0, 3987.0, 1942.0], [2525.0, 4148.0, 1865.0], [2522.0, 4265.0, 1662.0], [2521.0, 4324.0, 1572.0], [2519.0, 4176.0, 1898.0], [2518.0, 4323.0, 1598.0], [2515.0, 4281.0, 1686.0], [2515.0, 4195.0, 1840.0], [2513.0, 4362.0, 1573.0], [2513.0, 4252.0, 1721.0], [2509.0, 4383.0, 1477.0], [2507.0, 4277.0, 1746.0], [2504.0, 4371.0, 1490.0], [2503.0, 4282.0, 1782.0], [2497.0, 4232.0, 1841.0], [2495.0, 4311.0, 1686.0], [2494.0, 4386.0, 1503.0], [2491.0, 4409.0, 1376.0], [2490.0, 4405.0, 1392.0], [2488.0, 3943.0, 1997.0], [2487.0, 4334.0, 1624.0], [2485.0, 4344.0, 1648.0], [2479.0, 4285.0, 1761.0], [2479.0, 4034.0, 1985.0], [2477.0, 4358.0, 1604.0], [2477.0, 4335.0, 1665.0], [2475.0, 4378.0, 1510.0], [2474.0, 4289.0, 1729.0], [2473.0, 4293.0, 1690.0], [2469.0, 4427.0, 1320.0], [2468.0, 4373.0, 1547.0], [2467.0, 4374.0, 1686.0], [2466.0, 4315.0, 1702.0], [2465.0, 4446.0, 1410.0], [2464.0, 4437.0, 1522.0], [2464.0, 4302.0, 1760.0], [2464.0, 4051.0, 1913.0], [2455.0, 4393.0, 1556.0], [2454.0, 4179.0, 1882.0], [2453.0, 4268.0, 1799.0], [2453.0, 4113.0, 1908.0], [2450.0, 4379.0, 1639.0], [2446.0, 4377.0, 1644.0], [2446.0, 4286.0, 1833.0], [2442.0, 4438.0, 1523.0], [2439.0, 4177.0, 1897.0], [2438.0, 4392.0, 1564.0], [2435.0, 4088.0, 1920.0], [2434.0, 4392.0, 1586.0], [2431.0, 4477.0, 1434.0], [2429.0, 4410.0, 1526.0], [2428.0, 4410.0, 1598.0], [2427.0, 4425.0, 1600.0], [2426.0, 4456.0, 1474.0], [2422.0, 4303.0, 1736.0], [2421.0, 4297.0, 1781.0], [2420.0, 4453.0, 1568.0], [2417.0, 4385.0, 1677.0], [2413.0, 4314.0, 1713.0], [2410.0, 4494.0, 1388.0], [2410.0, 4463.0, 1475.0], [2409.0, 4113.0, 1918.0], [2407.0, 4342.0, 1690.0], [2407.0, 4244.0, 1857.0], [2405.0, 4368.0, 1801.0], [2405.0, 4309.0, 1805.0], [2402.0, 4457.0, 1503.0], [2402.0, 4410.0, 1636.0], [2396.0, 4183.0, 1858.0], [2395.0, 4291.0, 1808.0], [2393.0, 4497.0, 1423.0], [2392.0, 4417.0, 1628.0], [2392.0, 4411.0, 1663.0], [2390.0, 4463.0, 1523.0], [2390.0, 4298.0, 1839.0], [2387.0, 4379.0, 1701.0], [2385.0, 4427.0, 1599.0], [2381.0, 4209.0, 1870.0], [2379.0, 4445.0, 1571.0], [2378.0, 4446.0, 1581.0], [2373.0, 4465.0, 1549.0], [2373.0, 4441.0, 1603.0], [2372.0, 4555.0, 1474.0], [2369.0, 4412.0, 1666.0], [2367.0, 4422.0, 1639.0], [2367.0, 4379.0, 1735.0], [2366.0, 4468.0, 1488.0], [2365.0, 4415.0, 1646.0], [2364.0, 4201.0, 1871.0], [2358.0, 4291.0, 1868.0], [2354.0, 4421.0, 1671.0], [2353.0, 4457.0, 1591.0], [2352.0, 4485.0, 1506.0], [2352.0, 4458.0, 1610.0], [2352.0, 4401.0, 1695.0], [2351.0, 4519.0, 1487.0], [2350.0, 4444.0, 1635.0], [2347.0, 4383.0, 1807.0], [2344.0, 4222.0, 1874.0], [2343.0, 4388.0, 1712.0], [2340.0, 4408.0, 1672.0], [2338.0, 4290.0, 1890.0], [2337.0, 4502.0, 1520.0], [2337.0, 4395.0, 1697.0], [2332.0, 4451.0, 1618.0], [2331.0, 4505.0, 1594.0], [2327.0, 4544.0, 1494.0], [2327.0, 4491.0, 1617.0], [2319.0, 4428.0, 1640.0], [2315.0, 4428.0, 1749.0], [2314.0, 4443.0, 1747.0], [2312.0, 4567.0, 1506.0], [2307.0, 4300.0, 1816.0], [2303.0, 4444.0, 1667.0], [2299.0, 4539.0, 1553.0], [2296.0, 4523.0, 1596.0], [2292.0, 4313.0, 1825.0], [2290.0, 4452.0, 1704.0], [2289.0, 4492.0, 1597.0], [2288.0, 4542.0, 1556.0], [2286.0, 4469.0, 1670.0], [2282.0, 4507.0, 1645.0], [2282.0, 4494.0, 1651.0], [2282.0, 4400.0, 1782.0], [2280.0, 4551.0, 1573.0], [2275.0, 4570.0, 1424.0], [2272.0, 4547.0, 1575.0], [2272.0, 4526.0, 1577.0], [2270.0, 4507.0, 1711.0], [2269.0, 4541.0, 1604.0], [2269.0, 4528.0, 1611.0], [2263.0, 4554.0, 1567.0], [2262.0, 4562.0, 1597.0], [2261.0, 4589.0, 1502.0], [2255.0, 4589.0, 1601.0], [2254.0, 4367.0, 1825.0], [2252.0, 4449.0, 1775.0], [2246.0, 4553.0, 1610.0], [2245.0, 4590.0, 1528.0], [2244.0, 4616.0, 1447.0], [2243.0, 4611.0, 1473.0], [2243.0, 4594.0, 1544.0], [2242.0, 4558.0, 1613.0], [2241.0, 4559.0, 1614.0], [2239.0, 4485.0, 1719.0], [2238.0, 4517.0, 1635.0], [2237.0, 4639.0, 1522.0], [2237.0, 4538.0, 1636.0], [2235.0, 4661.0, 1512.0], [2229.0, 4462.0, 1785.0], [2223.0, 4662.0, 1499.0], [2217.0, 4509.0, 1685.0], [2212.0, 4607.0, 1538.0], [2210.0, 4612.0, 1532.0], [2208.0, 4579.0, 1709.0], [2208.0, 4419.0, 1807.0], [2206.0, 4636.0, 1553.0], [2206.0, 4524.0, 1753.0], [2205.0, 4602.0, 1628.0], [2196.0, 4639.0, 1559.0], [2182.0, 4669.0, 1496.0], [2178.0, 4626.0, 1586.0], [2176.0, 4652.0, 1564.0], [2172.0, 4662.0, 1551.0], [2170.0, 4663.0, 1498.0], [2169.0, 4604.0, 1685.0], [2161.0, 4635.0, 1569.0], [2160.0, 4611.0, 1600.0], [2160.0, 4592.0, 1703.0], [2159.0, 4543.0, 1730.0], [2158.0, 4657.0, 1606.0], [2135.0, 4721.0, 1511.0], [2135.0, 4678.0, 1558.0], [2129.0, 4536.0, 1752.0], [2120.0, 4685.0, 1587.0], [2114.0, 4667.0, 1603.0], [2110.0, 4699.0, 1577.0], [2110.0, 4601.0, 1718.0], [2092.0, 4753.0, 1428.0], [2091.0, 4746.0, 1585.0], [2072.0, 4629.0, 1614.0], [2059.0, 4752.0, 1532.0], [2047.0, 4841.0, 1426.0], [2040.0, 4766.0, 1554.0], [2026.0, 4796.0, 1518.0], [2024.0, 4643.0, 1746.0], [1993.0, 4806.0, 1443.0], [1991.0, 4816.0, 1539.0], [1980.0, 4870.0, 1545.0]]
