heur = false
LBS_limit = 4
preproc = 2
tight_root = 0
total_time = 2.76
NDP = 50
total_nodes = 591
pruned_nodes = 296
pruned_dominance_nodes = 0
heur_time = 0.0
Y_N = Any[[234.0, 29.0, 76.0], [222.0, 64.0, 56.0], [203.0, 112.0, 94.0], [201.0, 122.0, 94.0], [173.0, 126.0, 115.0], [170.0, 173.0, 66.0], [159.0, 111.0, 156.0], [149.0, 139.0, 85.0], [148.0, 186.0, 25.0], [146.0, 148.0, 80.0], [145.0, 164.0, 68.0], [144.0, 145.0, 96.0], [142.0, 167.0, 71.0], [135.0, 194.0, 76.0], [128.0, 196.0, 46.0], [121.0, 195.0, 85.0], [120.0, 207.0, 70.0], [118.0, 201.0, 82.0], [109.0, 196.0, 86.0], [108.0, 161.0, 186.0], [104.0, 199.0, 94.0], [102.0, 209.0, 74.0], [101.0, 251.0, 40.0], [101.0, 214.0, 85.0], [99.0, 218.0, 60.0], [97.0, 203.0, 103.0], [89.0, 229.0, 84.0], [87.0, 214.0, 105.0], [86.0, 261.0, 37.0], [81.0, 235.0, 80.0], [71.0, 216.0, 86.0], [70.0, 263.0, 44.0], [70.0, 217.0, 89.0], [69.0, 222.0, 95.0], [67.0, 237.0, 93.0], [66.0, 234.0, 120.0], [58.0, 281.0, 61.0], [58.0, 239.0, 116.0], [52.0, 211.0, 156.0], [47.0, 285.0, 64.0], [46.0, 300.0, 52.0], [46.0, 269.0, 82.0], [41.0, 273.0, 73.0], [40.0, 292.0, 66.0], [36.0, 296.0, 91.0], [34.0, 298.0, 78.0], [31.0, 294.0, 95.0], [9.0, 298.0, 88.0], [5.0, 300.0, 81.0], [-0.0, 300.0, 117.0]]
