heur = false
LBS_limit = 3
preproc = 1
tight_root = 0
total_time = 1800.03
NDP = 579
total_nodes = 87249
pruned_nodes = 43609
pruned_dominance_nodes = 18338
heur_time = 0.0
Y_N = Any[[6630.0, 4233.0, 3340.0], [6624.0, 4256.0, 3199.0], [6614.0, 4197.0, 3427.0], [6613.0, 4155.0, 3519.0], [6606.0, 4258.0, 3294.0], [6605.0, 4256.0, 3401.0], [6603.0, 4274.0, 3234.0], [6600.0, 4266.0, 3259.0], [6599.0, 4378.0, 3155.0], [6598.0, 4285.0, 3297.0], [6597.0, 4320.0, 3275.0], [6594.0, 4352.0, 3253.0], [6585.0, 4441.0, 3230.0], [6585.0, 4287.0, 3490.0], [6582.0, 4311.0, 3330.0], [6577.0, 4443.0, 3151.0], [6576.0, 4416.0, 3256.0], [6576.0, 4248.0, 3506.0], [6575.0, 4331.0, 3281.0], [6574.0, 4456.0, 3292.0], [6572.0, 4271.0, 3498.0], [6568.0, 4366.0, 3311.0], [6563.0, 4461.0, 3116.0], [6563.0, 4181.0, 3516.0], [6561.0, 4357.0, 3326.0], [6560.0, 4351.0, 3365.0], [6559.0, 4403.0, 3327.0], [6556.0, 4495.0, 3122.0], [6556.0, 4459.0, 3325.0], [6556.0, 4196.0, 3519.0], [6555.0, 4408.0, 3331.0], [6555.0, 4232.0, 3533.0], [6554.0, 4468.0, 3168.0], [6552.0, 4392.0, 3360.0], [6551.0, 4498.0, 3076.0], [6550.0, 4358.0, 3364.0], [6549.0, 4312.0, 3370.0], [6546.0, 4494.0, 3148.0], [6546.0, 4279.0, 3495.0], [6545.0, 4291.0, 3385.0], [6543.0, 4523.0, 3133.0], [6543.0, 4474.0, 3179.0], [6542.0, 4507.0, 3316.0], [6542.0, 4313.0, 3419.0], [6541.0, 4162.0, 3569.0], [6540.0, 4314.0, 3528.0], [6539.0, 4513.0, 3188.0], [6539.0, 4417.0, 3392.0], [6534.0, 4319.0, 3449.0], [6533.0, 4584.0, 3159.0], [6531.0, 4524.0, 3228.0], [6531.0, 4469.0, 3334.0], [6527.0, 4415.0, 3396.0], [6526.0, 4438.0, 3369.0], [6522.0, 4474.0, 3330.0], [6520.0, 4547.0, 3169.0], [6519.0, 4536.0, 3195.0], [6519.0, 4433.0, 3384.0], [6519.0, 4323.0, 3426.0], [6516.0, 4570.0, 3175.0], [6514.0, 4350.0, 3419.0], [6513.0, 4591.0, 3103.0], [6513.0, 4545.0, 3243.0], [6512.0, 4444.0, 3372.0], [6512.0, 4389.0, 3408.0], [6512.0, 4259.0, 3532.0], [6511.0, 4564.0, 3214.0], [6510.0, 4478.0, 3369.0], [6510.0, 4342.0, 3431.0], [6509.0, 4400.0, 3404.0], [6508.0, 4603.0, 3078.0], [6508.0, 4509.0, 3253.0], [6507.0, 4554.0, 3299.0], [6507.0, 4325.0, 3433.0], [6504.0, 4637.0, 3048.0], [6503.0, 4410.0, 3442.0], [6502.0, 4532.0, 3315.0], [6501.0, 4468.0, 3381.0], [6499.0, 4422.0, 3503.0], [6498.0, 4585.0, 3297.0], [6497.0, 4550.0, 3376.0], [6495.0, 4607.0, 3197.0], [6495.0, 4460.0, 3427.0], [6495.0, 4289.0, 3548.0], [6490.0, 4606.0, 3216.0], [6489.0, 4652.0, 3148.0], [6487.0, 4319.0, 3547.0], [6485.0, 4671.0, 3014.0], [6484.0, 4304.0, 3562.0], [6482.0, 4637.0, 3208.0], [6477.0, 4555.0, 3299.0], [6477.0, 4470.0, 3386.0], [6475.0, 4444.0, 3442.0], [6472.0, 4594.0, 3254.0], [6470.0, 4560.0, 3318.0], [6469.0, 4663.0, 3092.0], [6469.0, 4625.0, 3215.0], [6469.0, 4622.0, 3312.0], [6468.0, 4340.0, 3509.0], [6467.0, 4482.0, 3473.0], [6465.0, 4641.0, 3171.0], [6462.0, 4558.0, 3356.0], [6461.0, 4657.0, 3102.0], [6460.0, 4671.0, 3096.0], [6455.0, 4335.0, 3514.0], [6454.0, 4673.0, 3106.0], [6454.0, 4653.0, 3237.0], [6454.0, 4579.0, 3336.0], [6454.0, 4485.0, 3386.0], [6452.0, 4413.0, 3520.0], [6450.0, 4348.0, 3547.0], [6449.0, 4655.0, 3195.0], [6449.0, 4560.0, 3367.0], [6449.0, 4526.0, 3413.0], [6448.0, 4692.0, 3203.0], [6445.0, 4615.0, 3317.0], [6445.0, 4448.0, 3493.0], [6445.0, 4318.0, 3592.0], [6444.0, 4592.0, 3347.0], [6444.0, 4551.0, 3385.0], [6443.0, 4708.0, 3064.0], [6443.0, 4593.0, 3345.0], [6441.0, 4695.0, 3175.0], [6441.0, 4657.0, 3213.0], [6441.0, 4487.0, 3470.0], [6440.0, 4642.0, 3311.0], [6440.0, 4591.0, 3359.0], [6439.0, 4544.0, 3400.0], [6439.0, 4510.0, 3431.0], [6438.0, 4694.0, 3211.0], [6438.0, 4526.0, 3513.0], [6436.0, 4546.0, 3410.0], [6435.0, 4703.0, 3105.0], [6435.0, 4447.0, 3520.0], [6435.0, 4342.0, 3576.0], [6433.0, 4672.0, 3215.0], [6430.0, 4762.0, 3091.0], [6430.0, 4706.0, 3130.0], [6430.0, 4699.0, 3181.0], [6428.0, 4700.0, 3148.0], [6428.0, 4597.0, 3333.0], [6428.0, 4557.0, 3390.0], [6426.0, 4667.0, 3234.0], [6426.0, 4620.0, 3327.0], [6425.0, 4762.0, 3178.0], [6424.0, 4751.0, 3214.0], [6424.0, 4567.0, 3360.0], [6423.0, 4781.0, 3035.0], [6423.0, 4677.0, 3244.0], [6422.0, 4651.0, 3275.0], [6422.0, 4595.0, 3399.0], [6421.0, 4536.0, 3437.0], [6421.0, 4429.0, 3521.0], [6419.0, 4538.0, 3422.0], [6418.0, 4360.0, 3540.0], [6417.0, 4674.0, 3258.0], [6414.0, 4553.0, 3476.0], [6413.0, 4279.0, 3614.0], [6412.0, 4709.0, 3247.0], [6411.0, 4675.0, 3251.0], [6411.0, 4371.0, 3595.0], [6410.0, 4664.0, 3294.0], [6410.0, 4629.0, 3336.0], [6410.0, 4604.0, 3370.0], [6409.0, 4805.0, 3049.0], [6409.0, 4770.0, 3141.0], [6409.0, 4662.0, 3371.0], [6406.0, 4670.0, 3282.0], [6406.0, 4607.0, 3379.0], [6406.0, 4458.0, 3520.0], [6406.0, 4401.0, 3522.0], [6404.0, 4677.0, 3336.0], [6402.0, 4387.0, 3523.0], [6401.0, 4819.0, 2931.0], [6401.0, 4723.0, 3220.0], [6400.0, 4579.0, 3459.0], [6400.0, 4374.0, 3569.0], [6399.0, 4775.0, 3120.0], [6398.0, 4698.0, 3324.0], [6398.0, 4410.0, 3526.0], [6397.0, 4382.0, 3535.0], [6396.0, 4454.0, 3521.0], [6396.0, 4388.0, 3528.0], [6394.0, 4789.0, 3129.0], [6394.0, 4739.0, 3267.0], [6393.0, 4670.0, 3356.0], [6392.0, 4615.0, 3402.0], [6392.0, 4417.0, 3575.0], [6391.0, 4798.0, 3121.0], [6389.0, 4800.0, 3082.0], [6389.0, 4546.0, 3503.0], [6388.0, 4812.0, 3004.0], [6387.0, 4769.0, 3158.0], [6387.0, 4672.0, 3372.0], [6386.0, 4787.0, 3161.0], [6386.0, 4451.0, 3547.0], [6385.0, 4516.0, 3519.0], [6383.0, 4506.0, 3529.0], [6381.0, 4753.0, 3265.0], [6381.0, 4530.0, 3524.0], [6380.0, 4815.0, 3167.0], [6380.0, 4704.0, 3288.0], [6379.0, 4714.0, 3340.0], [6379.0, 4687.0, 3401.0], [6379.0, 4428.0, 3549.0], [6378.0, 4765.0, 3228.0], [6378.0, 4639.0, 3449.0], [6376.0, 4795.0, 3280.0], [6376.0, 4572.0, 3460.0], [6375.0, 4530.0, 3556.0], [6374.0, 4452.0, 3561.0], [6372.0, 4717.0, 3288.0], [6372.0, 4597.0, 3516.0], [6372.0, 4442.0, 3575.0], [6371.0, 4854.0, 3123.0], [6370.0, 4449.0, 3577.0], [6370.0, 4414.0, 3579.0], [6369.0, 4860.0, 3032.0], [6369.0, 4721.0, 3302.0], [6369.0, 4651.0, 3408.0], [6368.0, 4608.0, 3452.0], [6367.0, 4733.0, 3300.0], [6366.0, 4695.0, 3348.0], [6362.0, 4654.0, 3462.0], [6360.0, 4480.0, 3568.0], [6360.0, 4339.0, 3615.0], [6360.0, 4109.0, 3622.0], [6357.0, 4700.0, 3359.0], [6356.0, 4640.0, 3490.0], [6355.0, 4658.0, 3449.0], [6349.0, 4704.0, 3350.0], [6348.0, 4761.0, 3407.0], [6348.0, 4661.0, 3466.0], [6346.0, 4428.0, 3580.0], [6345.0, 4861.0, 3163.0], [6345.0, 4830.0, 3241.0], [6344.0, 4863.0, 3105.0], [6344.0, 4837.0, 3189.0], [6344.0, 4543.0, 3564.0], [6343.0, 4671.0, 3424.0], [6339.0, 4793.0, 3287.0], [6338.0, 4865.0, 3134.0], [6338.0, 4610.0, 3503.0], [6338.0, 4607.0, 3507.0], [6337.0, 4567.0, 3542.0], [6336.0, 4869.0, 3063.0], [6336.0, 4831.0, 3253.0], [6335.0, 4902.0, 2916.0], [6328.0, 4862.0, 3257.0], [6328.0, 4762.0, 3334.0], [6327.0, 4555.0, 3561.0], [6327.0, 4506.0, 3575.0], [6325.0, 4789.0, 3357.0], [6325.0, 4597.0, 3557.0], [6323.0, 4683.0, 3477.0], [6323.0, 4619.0, 3491.0], [6322.0, 4871.0, 3058.0], [6322.0, 4700.0, 3409.0], [6321.0, 4497.0, 3579.0], [6320.0, 4908.0, 3103.0], [6320.0, 4531.0, 3565.0], [6318.0, 4863.0, 3268.0], [6316.0, 4867.0, 3145.0], [6316.0, 4791.0, 3294.0], [6315.0, 4555.0, 3568.0], [6314.0, 4685.0, 3437.0], [6313.0, 4791.0, 3328.0], [6312.0, 4820.0, 3307.0], [6311.0, 4774.0, 3408.0], [6311.0, 4701.0, 3413.0], [6310.0, 4914.0, 3164.0], [6310.0, 4896.0, 3165.0], [6310.0, 4652.0, 3481.0], [6309.0, 4692.0, 3422.0], [6309.0, 4687.0, 3435.0], [6309.0, 4673.0, 3484.0], [6309.0, 4434.0, 3580.0], [6308.0, 4928.0, 3030.0], [6308.0, 4631.0, 3557.0], [6307.0, 4926.0, 3068.0], [6307.0, 4729.0, 3420.0], [6306.0, 4501.0, 3586.0], [6306.0, 4467.0, 3594.0], [6305.0, 4725.0, 3476.0], [6303.0, 4522.0, 3574.0], [6302.0, 4705.0, 3483.0], [6301.0, 4499.0, 3596.0], [6300.0, 4843.0, 3318.0], [6299.0, 4728.0, 3432.0], [6299.0, 4632.0, 3492.0], [6298.0, 4795.0, 3376.0], [6298.0, 4707.0, 3491.0], [6298.0, 4517.0, 3601.0], [6297.0, 4798.0, 3357.0], [6296.0, 4688.0, 3493.0], [6296.0, 4649.0, 3507.0], [6295.0, 4898.0, 3166.0], [6295.0, 4805.0, 3350.0], [6295.0, 4749.0, 3419.0], [6293.0, 4593.0, 3582.0], [6292.0, 4868.0, 3223.0], [6292.0, 4848.0, 3283.0], [6289.0, 4883.0, 3300.0], [6289.0, 4843.0, 3335.0], [6289.0, 4683.0, 3497.0], [6288.0, 4915.0, 3109.0], [6287.0, 4819.0, 3351.0], [6285.0, 4807.0, 3475.0], [6283.0, 4910.0, 3191.0], [6283.0, 4737.0, 3476.0], [6282.0, 4921.0, 3112.0], [6282.0, 4690.0, 3512.0], [6281.0, 4911.0, 3178.0], [6279.0, 4898.0, 3264.0], [6278.0, 4934.0, 3148.0], [6277.0, 4820.0, 3404.0], [6276.0, 4918.0, 3189.0], [6276.0, 4737.0, 3498.0], [6274.0, 4691.0, 3499.0], [6274.0, 4671.0, 3522.0], [6273.0, 4718.0, 3499.0], [6272.0, 4879.0, 3376.0], [6272.0, 4617.0, 3566.0], [6272.0, 4392.0, 3606.0], [6271.0, 4920.0, 3157.0], [6271.0, 4758.0, 3488.0], [6271.0, 4563.0, 3609.0], [6269.0, 4955.0, 3188.0], [6269.0, 4952.0, 3261.0], [6269.0, 4612.0, 3594.0], [6266.0, 4884.0, 3337.0], [6266.0, 4681.0, 3526.0], [6265.0, 4735.0, 3499.0], [6262.0, 4671.0, 3530.0], [6261.0, 4700.0, 3501.0], [6257.0, 4716.0, 3541.0], [6255.0, 4971.0, 3121.0], [6254.0, 4726.0, 3508.0], [6253.0, 4959.0, 3138.0], [6253.0, 4617.0, 3595.0], [6252.0, 5006.0, 3173.0], [6252.0, 4824.0, 3377.0], [6249.0, 4748.0, 3499.0], [6249.0, 4673.0, 3547.0], [6246.0, 4581.0, 3622.0], [6245.0, 4903.0, 3271.0], [6245.0, 4637.0, 3572.0], [6243.0, 4733.0, 3532.0], [6242.0, 4902.0, 3338.0], [6242.0, 4819.0, 3437.0], [6242.0, 4635.0, 3580.0], [6240.0, 4858.0, 3377.0], [6239.0, 4627.0, 3604.0], [6235.0, 4831.0, 3443.0], [6234.0, 4649.0, 3562.0], [6233.0, 4883.0, 3346.0], [6232.0, 4857.0, 3470.0], [6231.0, 5010.0, 3108.0], [6230.0, 5012.0, 2954.0], [6229.0, 4957.0, 3312.0], [6228.0, 4751.0, 3491.0], [6228.0, 4687.0, 3551.0], [6226.0, 4775.0, 3477.0], [6225.0, 4962.0, 3221.0], [6224.0, 4768.0, 3490.0], [6224.0, 4662.0, 3557.0], [6222.0, 4756.0, 3496.0], [6222.0, 4745.0, 3505.0], [6220.0, 4660.0, 3564.0], [6219.0, 4719.0, 3546.0], [6218.0, 4875.0, 3380.0], [6216.0, 4967.0, 3237.0], [6216.0, 4689.0, 3555.0], [6215.0, 4799.0, 3478.0], [6215.0, 4635.0, 3603.0], [6214.0, 5023.0, 2917.0], [6214.0, 5021.0, 3056.0], [6214.0, 4658.0, 3565.0], [6212.0, 4889.0, 3402.0], [6212.0, 4805.0, 3504.0], [6211.0, 4821.0, 3494.0], [6210.0, 4965.0, 3268.0], [6208.0, 4908.0, 3391.0], [6208.0, 4662.0, 3561.0], [6207.0, 4986.0, 3233.0], [6206.0, 5008.0, 3129.0], [6206.0, 4999.0, 3200.0], [6206.0, 4776.0, 3509.0], [6206.0, 4704.0, 3552.0], [6206.0, 4697.0, 3580.0], [6205.0, 4934.0, 3325.0], [6205.0, 4850.0, 3493.0], [6203.0, 5010.0, 3166.0], [6203.0, 4987.0, 3204.0], [6202.0, 4996.0, 3243.0], [6201.0, 4915.0, 3341.0], [6200.0, 5037.0, 3008.0], [6200.0, 4909.0, 3357.0], [6199.0, 4744.0, 3551.0], [6198.0, 5044.0, 3113.0], [6196.0, 5013.0, 3178.0], [6196.0, 4757.0, 3537.0], [6196.0, 4756.0, 3563.0], [6195.0, 4825.0, 3521.0], [6194.0, 4929.0, 3332.0], [6193.0, 5016.0, 3248.0], [6193.0, 4904.0, 3398.0], [6193.0, 4895.0, 3428.0], [6191.0, 4656.0, 3605.0], [6190.0, 4898.0, 3420.0], [6190.0, 4869.0, 3455.0], [6189.0, 5037.0, 3140.0], [6188.0, 4934.0, 3332.0], [6188.0, 4918.0, 3341.0], [6188.0, 4861.0, 3526.0], [6186.0, 4771.0, 3545.0], [6185.0, 4903.0, 3425.0], [6184.0, 4972.0, 3277.0], [6183.0, 5046.0, 3059.0], [6181.0, 4944.0, 3317.0], [6181.0, 4803.0, 3565.0], [6180.0, 5030.0, 3315.0], [6180.0, 4841.0, 3530.0], [6180.0, 4708.0, 3574.0], [6179.0, 5088.0, 2993.0], [6178.0, 4916.0, 3347.0], [6178.0, 4678.0, 3604.0], [6177.0, 5049.0, 3092.0], [6177.0, 4917.0, 3344.0], [6177.0, 4706.0, 3575.0], [6175.0, 4955.0, 3320.0], [6173.0, 4940.0, 3353.0], [6172.0, 4984.0, 3358.0], [6171.0, 4807.0, 3542.0], [6170.0, 5059.0, 3100.0], [6169.0, 4907.0, 3418.0], [6169.0, 4869.0, 3477.0], [6166.0, 4711.0, 3577.0], [6165.0, 5031.0, 3175.0], [6164.0, 4947.0, 3411.0], [6163.0, 5036.0, 3141.0], [6162.0, 5077.0, 2998.0], [6161.0, 4932.0, 3471.0], [6160.0, 4961.0, 3363.0], [6157.0, 5068.0, 3107.0], [6156.0, 4872.0, 3497.0], [6155.0, 5043.0, 3198.0], [6155.0, 5033.0, 3209.0], [6155.0, 4778.0, 3578.0], [6150.0, 5065.0, 3132.0], [6149.0, 5048.0, 3136.0], [6147.0, 4953.0, 3381.0], [6146.0, 5101.0, 2811.0], [6146.0, 4819.0, 3536.0], [6140.0, 5143.0, 3081.0], [6139.0, 5009.0, 3320.0], [6138.0, 5055.0, 3169.0], [6137.0, 5032.0, 3273.0], [6136.0, 4824.0, 3544.0], [6135.0, 5074.0, 3107.0], [6133.0, 4849.0, 3536.0], [6132.0, 5050.0, 3238.0], [6131.0, 5064.0, 3179.0], [6131.0, 5004.0, 3361.0], [6131.0, 4951.0, 3425.0], [6130.0, 5080.0, 3101.0], [6128.0, 5066.0, 3251.0], [6126.0, 5097.0, 3162.0], [6126.0, 4952.0, 3389.0], [6124.0, 5009.0, 3321.0], [6120.0, 5152.0, 2961.0], [6117.0, 4973.0, 3364.0], [6117.0, 4899.0, 3481.0], [6116.0, 4851.0, 3544.0], [6115.0, 5056.0, 3278.0], [6113.0, 4936.0, 3466.0], [6111.0, 5045.0, 3318.0], [6110.0, 5031.0, 3406.0], [6108.0, 5104.0, 3101.0], [6108.0, 4882.0, 3490.0], [6108.0, 4874.0, 3541.0], [6105.0, 5068.0, 3165.0], [6103.0, 4816.0, 3554.0], [6097.0, 5078.0, 3175.0], [6096.0, 5102.0, 3138.0], [6094.0, 5090.0, 3252.0], [6092.0, 4946.0, 3457.0], [6090.0, 5156.0, 3070.0], [6090.0, 4892.0, 3501.0], [6087.0, 4966.0, 3423.0], [6085.0, 4994.0, 3414.0], [6084.0, 5106.0, 3137.0], [6084.0, 4974.0, 3463.0], [6082.0, 5163.0, 2948.0], [6082.0, 5122.0, 3128.0], [6082.0, 5007.0, 3432.0], [6082.0, 4945.0, 3507.0], [6081.0, 4953.0, 3490.0], [6080.0, 5102.0, 3158.0], [6080.0, 5054.0, 3410.0], [6078.0, 5063.0, 3273.0], [6075.0, 5106.0, 3174.0], [6075.0, 4918.0, 3539.0], [6074.0, 5122.0, 3247.0], [6072.0, 5169.0, 2897.0], [6072.0, 5062.0, 3361.0], [6068.0, 4986.0, 3448.0], [6066.0, 4818.0, 3549.0], [6065.0, 5018.0, 3468.0], [6064.0, 5098.0, 3275.0], [6063.0, 5166.0, 3095.0], [6062.0, 5171.0, 2979.0], [6061.0, 5214.0, 2859.0], [6061.0, 5176.0, 2918.0], [6059.0, 5217.0, 2979.0], [6059.0, 5057.0, 3373.0], [6059.0, 5038.0, 3426.0], [6058.0, 5127.0, 3104.0], [6057.0, 5152.0, 3111.0], [6055.0, 5127.0, 3258.0], [6052.0, 5045.0, 3419.0], [6051.0, 5062.0, 3390.0], [6048.0, 5151.0, 3149.0], [6040.0, 5074.0, 3309.0], [6039.0, 4976.0, 3487.0], [6036.0, 5033.0, 3477.0], [6035.0, 5181.0, 2990.0], [6034.0, 5190.0, 3110.0], [6034.0, 5081.0, 3286.0], [6034.0, 5064.0, 3439.0], [6030.0, 4960.0, 3506.0], [6029.0, 5129.0, 3279.0], [6029.0, 5081.0, 3326.0], [6025.0, 5159.0, 3226.0], [6021.0, 5133.0, 3230.0], [6020.0, 5169.0, 3237.0], [6016.0, 5097.0, 3283.0], [6016.0, 5089.0, 3366.0], [6015.0, 5106.0, 3360.0], [6011.0, 5144.0, 3246.0], [6009.0, 5237.0, 2891.0], [6007.0, 5229.0, 3131.0], [6005.0, 5234.0, 3000.0], [5994.0, 5161.0, 3254.0], [5991.0, 5259.0, 3002.0], [5984.0, 5172.0, 3161.0], [5980.0, 5268.0, 2956.0], [5978.0, 5170.0, 3283.0], [5977.0, 5178.0, 3153.0], [5971.0, 5061.0, 3456.0], [5969.0, 5140.0, 3361.0], [5968.0, 5172.0, 3170.0], [5965.0, 5187.0, 3218.0], [5964.0, 5230.0, 3044.0], [5957.0, 5120.0, 3389.0], [5956.0, 5205.0, 3155.0], [5954.0, 5204.0, 3192.0], [5953.0, 5226.0, 3132.0], [5950.0, 5203.0, 3214.0], [5947.0, 5201.0, 3245.0], [5945.0, 5252.0, 3018.0], [5941.0, 5302.0, 2963.0], [5939.0, 5232.0, 3090.0], [5938.0, 5312.0, 2955.0], [5937.0, 5306.0, 3020.0], [5935.0, 5123.0, 3385.0], [5918.0, 5233.0, 3073.0], [5915.0, 5254.0, 3104.0], [5913.0, 5230.0, 3117.0], [5907.0, 5141.0, 3288.0], [5899.0, 5243.0, 3112.0], [5892.0, 5243.0, 3116.0], [5889.0, 5157.0, 3328.0], [5885.0, 5171.0, 3257.0], [5885.0, 5160.0, 3313.0], [5876.0, 5255.0, 3054.0], [5874.0, 5280.0, 3088.0], [5836.0, 5074.0, 3392.0], [5833.0, 5213.0, 3214.0]]
