heur = false
LBS_limit = 3
preproc = 1
tight_root = 0
total_time = 163.61
NDP = 299
total_nodes = 26439
pruned_nodes = 13220
pruned_dominance_nodes = 3102
heur_time = 0.0
Y_N = Any[[1846.0, 792.0, 716.0], [1840.0, 780.0, 846.0], [1832.0, 795.0, 901.0], [1828.0, 852.0, 704.0], [1811.0, 866.0, 747.0], [1811.0, 836.0, 785.0], [1809.0, 833.0, 804.0], [1808.0, 808.0, 827.0], [1805.0, 864.0, 750.0], [1800.0, 917.0, 830.0], [1796.0, 929.0, 827.0], [1795.0, 944.0, 609.0], [1794.0, 852.0, 858.0], [1788.0, 960.0, 661.0], [1782.0, 974.0, 654.0], [1782.0, 877.0, 941.0], [1781.0, 958.0, 729.0], [1776.0, 983.0, 728.0], [1771.0, 952.0, 800.0], [1771.0, 905.0, 837.0], [1770.0, 953.0, 822.0], [1768.0, 969.0, 800.0], [1768.0, 913.0, 894.0], [1760.0, 988.0, 655.0], [1758.0, 1021.0, 641.0], [1757.0, 996.0, 675.0], [1757.0, 972.0, 729.0], [1756.0, 937.0, 823.0], [1756.0, 897.0, 896.0], [1755.0, 995.0, 766.0], [1753.0, 1015.0, 686.0], [1751.0, 1006.0, 745.0], [1750.0, 1051.0, 668.0], [1750.0, 930.0, 841.0], [1749.0, 1033.0, 691.0], [1748.0, 970.0, 811.0], [1748.0, 938.0, 915.0], [1745.0, 1033.0, 715.0], [1745.0, 889.0, 957.0], [1744.0, 1053.0, 716.0], [1742.0, 994.0, 789.0], [1741.0, 913.0, 936.0], [1740.0, 1083.0, 744.0], [1739.0, 942.0, 824.0], [1739.0, 933.0, 1006.0], [1737.0, 978.0, 790.0], [1730.0, 999.0, 781.0], [1729.0, 940.0, 918.0], [1727.0, 1102.0, 596.0], [1727.0, 946.0, 899.0], [1726.0, 962.0, 818.0], [1725.0, 1039.0, 793.0], [1725.0, 957.0, 843.0], [1724.0, 1088.0, 650.0], [1724.0, 1000.0, 809.0], [1724.0, 954.0, 846.0], [1719.0, 979.0, 816.0], [1718.0, 1118.0, 585.0], [1717.0, 1071.0, 757.0], [1717.0, 998.0, 810.0], [1715.0, 982.0, 879.0], [1713.0, 1130.0, 661.0], [1711.0, 1073.0, 820.0], [1711.0, 1005.0, 872.0], [1710.0, 1091.0, 693.0], [1709.0, 942.0, 900.0], [1707.0, 1077.0, 766.0], [1706.0, 1129.0, 667.0], [1701.0, 1143.0, 577.0], [1699.0, 1143.0, 761.0], [1699.0, 947.0, 905.0], [1697.0, 950.0, 903.0], [1691.0, 1017.0, 853.0], [1690.0, 977.0, 891.0], [1689.0, 1147.0, 603.0], [1686.0, 1003.0, 878.0], [1685.0, 1015.0, 871.0], [1685.0, 934.0, 984.0], [1680.0, 1029.0, 898.0], [1678.0, 1087.0, 774.0], [1674.0, 1182.0, 723.0], [1674.0, 1118.0, 793.0], [1673.0, 1006.0, 910.0], [1672.0, 1034.0, 834.0], [1671.0, 1034.0, 894.0], [1671.0, 1009.0, 908.0], [1668.0, 1183.0, 562.0], [1667.0, 1063.0, 828.0], [1666.0, 1052.0, 840.0], [1665.0, 1193.0, 620.0], [1663.0, 1094.0, 843.0], [1661.0, 1047.0, 888.0], [1660.0, 1046.0, 934.0], [1657.0, 1186.0, 702.0], [1657.0, 1099.0, 816.0], [1657.0, 1056.0, 850.0], [1656.0, 1062.0, 889.0], [1648.0, 1201.0, 544.0], [1646.0, 1199.0, 550.0], [1646.0, 1195.0, 635.0], [1644.0, 1132.0, 786.0], [1643.0, 1205.0, 605.0], [1642.0, 1166.0, 728.0], [1642.0, 1133.0, 801.0], [1642.0, 990.0, 1025.0], [1640.0, 1023.0, 945.0], [1639.0, 1071.0, 844.0], [1639.0, 1052.0, 919.0], [1638.0, 1078.0, 845.0], [1636.0, 1128.0, 802.0], [1636.0, 1104.0, 834.0], [1635.0, 1221.0, 617.0], [1634.0, 1165.0, 736.0], [1634.0, 1063.0, 857.0], [1632.0, 1223.0, 510.0], [1632.0, 1218.0, 668.0], [1630.0, 1175.0, 739.0], [1630.0, 1151.0, 758.0], [1629.0, 1104.0, 842.0], [1628.0, 1190.0, 747.0], [1628.0, 1057.0, 913.0], [1627.0, 1204.0, 694.0], [1626.0, 1109.0, 806.0], [1626.0, 1024.0, 948.0], [1624.0, 1151.0, 819.0], [1623.0, 1242.0, 536.0], [1620.0, 1085.0, 854.0], [1616.0, 1084.0, 873.0], [1614.0, 1007.0, 959.0], [1612.0, 1115.0, 828.0], [1612.0, 1085.0, 862.0], [1611.0, 1233.0, 661.0], [1611.0, 1162.0, 759.0], [1610.0, 1085.0, 885.0], [1610.0, 1084.0, 892.0], [1609.0, 1209.0, 669.0], [1609.0, 1100.0, 847.0], [1608.0, 1169.0, 752.0], [1608.0, 1155.0, 780.0], [1607.0, 1087.0, 855.0], [1606.0, 1241.0, 559.0], [1606.0, 1219.0, 671.0], [1606.0, 1104.0, 851.0], [1605.0, 1210.0, 674.0], [1605.0, 1204.0, 734.0], [1605.0, 1178.0, 765.0], [1604.0, 1117.0, 841.0], [1603.0, 1244.0, 599.0], [1603.0, 1122.0, 822.0], [1602.0, 1257.0, 586.0], [1602.0, 1243.0, 680.0], [1600.0, 1260.0, 615.0], [1600.0, 1227.0, 690.0], [1600.0, 1160.0, 798.0], [1600.0, 1148.0, 849.0], [1599.0, 1236.0, 759.0], [1598.0, 1088.0, 908.0], [1596.0, 1162.0, 777.0], [1593.0, 1079.0, 954.0], [1592.0, 1180.0, 765.0], [1591.0, 1166.0, 817.0], [1591.0, 1099.0, 873.0], [1586.0, 1185.0, 762.0], [1586.0, 1112.0, 865.0], [1585.0, 1187.0, 772.0], [1585.0, 1148.0, 850.0], [1585.0, 1130.0, 861.0], [1585.0, 1090.0, 877.0], [1584.0, 1167.0, 786.0], [1584.0, 1163.0, 820.0], [1581.0, 1262.0, 714.0], [1580.0, 1043.0, 972.0], [1578.0, 1263.0, 630.0], [1578.0, 1110.0, 880.0], [1577.0, 1264.0, 573.0], [1577.0, 1118.0, 862.0], [1574.0, 1280.0, 603.0], [1574.0, 1215.0, 777.0], [1574.0, 1104.0, 886.0], [1573.0, 1118.0, 887.0], [1572.0, 1154.0, 824.0], [1571.0, 1175.0, 800.0], [1570.0, 1118.0, 899.0], [1570.0, 1109.0, 950.0], [1569.0, 1281.0, 550.0], [1568.0, 1151.0, 838.0], [1567.0, 1276.0, 620.0], [1567.0, 1142.0, 868.0], [1567.0, 1136.0, 888.0], [1565.0, 1193.0, 786.0], [1565.0, 1172.0, 811.0], [1565.0, 1155.0, 895.0], [1564.0, 1197.0, 810.0], [1562.0, 1304.0, 495.0], [1562.0, 1294.0, 524.0], [1562.0, 1238.0, 756.0], [1557.0, 1257.0, 740.0], [1557.0, 1164.0, 866.0], [1556.0, 1273.0, 631.0], [1555.0, 1227.0, 772.0], [1555.0, 1200.0, 785.0], [1553.0, 1283.0, 626.0], [1553.0, 1276.0, 630.0], [1553.0, 1200.0, 808.0], [1549.0, 1174.0, 907.0], [1548.0, 1288.0, 572.0], [1548.0, 1275.0, 672.0], [1548.0, 1234.0, 793.0], [1547.0, 1177.0, 829.0], [1545.0, 1272.0, 745.0], [1545.0, 1114.0, 919.0], [1543.0, 1319.0, 612.0], [1542.0, 1211.0, 834.0], [1541.0, 1285.0, 712.0], [1538.0, 1184.0, 850.0], [1536.0, 1307.0, 628.0], [1536.0, 1189.0, 850.0], [1534.0, 1269.0, 759.0], [1534.0, 1106.0, 956.0], [1532.0, 1219.0, 817.0], [1530.0, 1311.0, 621.0], [1530.0, 1248.0, 776.0], [1530.0, 1134.0, 924.0], [1529.0, 1293.0, 675.0], [1528.0, 1325.0, 558.0], [1526.0, 1185.0, 883.0], [1525.0, 1286.0, 719.0], [1524.0, 1174.0, 958.0], [1521.0, 1327.0, 576.0], [1521.0, 1304.0, 749.0], [1521.0, 1221.0, 826.0], [1521.0, 1194.0, 876.0], [1520.0, 1250.0, 761.0], [1518.0, 1253.0, 786.0], [1517.0, 1235.0, 809.0], [1517.0, 1218.0, 855.0], [1516.0, 1264.0, 774.0], [1516.0, 1234.0, 825.0], [1515.0, 1307.0, 642.0], [1515.0, 1192.0, 893.0], [1514.0, 1342.0, 629.0], [1513.0, 1212.0, 862.0], [1512.0, 1051.0, 985.0], [1509.0, 1214.0, 883.0], [1508.0, 1271.0, 781.0], [1507.0, 1223.0, 842.0], [1502.0, 1318.0, 680.0], [1501.0, 1189.0, 945.0], [1497.0, 1237.0, 809.0], [1496.0, 1283.0, 754.0], [1494.0, 1247.0, 810.0], [1494.0, 1238.0, 831.0], [1491.0, 1311.0, 681.0], [1491.0, 1224.0, 846.0], [1489.0, 1314.0, 694.0], [1487.0, 1325.0, 686.0], [1487.0, 1236.0, 833.0], [1484.0, 1326.0, 657.0], [1480.0, 1328.0, 658.0], [1477.0, 1280.0, 762.0], [1477.0, 1270.0, 836.0], [1475.0, 1271.0, 830.0], [1475.0, 1245.0, 849.0], [1475.0, 1217.0, 870.0], [1474.0, 1365.0, 569.0], [1474.0, 1333.0, 695.0], [1474.0, 1272.0, 791.0], [1473.0, 1386.0, 533.0], [1473.0, 1309.0, 719.0], [1472.0, 1317.0, 700.0], [1470.0, 1199.0, 942.0], [1468.0, 1314.0, 744.0], [1468.0, 1278.0, 810.0], [1465.0, 1287.0, 849.0], [1463.0, 1256.0, 905.0], [1457.0, 1405.0, 593.0], [1455.0, 1338.0, 731.0], [1454.0, 1347.0, 599.0], [1454.0, 1295.0, 786.0], [1454.0, 1288.0, 822.0], [1452.0, 1357.0, 615.0], [1452.0, 1229.0, 929.0], [1449.0, 1305.0, 864.0], [1448.0, 1308.0, 751.0], [1446.0, 1357.0, 631.0], [1445.0, 1340.0, 660.0], [1438.0, 1374.0, 608.0], [1438.0, 1347.0, 696.0], [1434.0, 1349.0, 663.0], [1432.0, 1359.0, 636.0], [1432.0, 1352.0, 685.0], [1429.0, 1306.0, 846.0], [1427.0, 1361.0, 716.0], [1425.0, 1287.0, 873.0], [1423.0, 1381.0, 595.0], [1422.0, 1380.0, 667.0], [1417.0, 1368.0, 687.0], [1411.0, 1417.0, 599.0], [1403.0, 1392.0, 702.0]]
