heur = false
LBS_limit = 3
preproc = 1
tight_root = 0
total_time = 1800.06
NDP = 918
total_nodes = 43035
pruned_nodes = 21511
pruned_dominance_nodes = 6922
heur_time = 0.0
Y_N = Any[[1767.0, 817.0, 4038.0], [1741.0, 780.0, 4075.0], [1738.0, 848.0, 3965.0], [1738.0, 761.0, 4195.0], [1731.0, 1002.0, 3885.0], [1728.0, 829.0, 4069.0], [1713.0, 1079.0, 3765.0], [1712.0, 811.0, 4144.0], [1708.0, 927.0, 4022.0], [1705.0, 965.0, 3922.0], [1703.0, 924.0, 4033.0], [1701.0, 865.0, 4065.0], [1699.0, 814.0, 4105.0], [1698.0, 869.0, 4101.0], [1692.0, 1014.0, 3916.0], [1691.0, 1146.0, 3731.0], [1690.0, 958.0, 3964.0], [1689.0, 1109.0, 3765.0], [1687.0, 1042.0, 3944.0], [1685.0, 923.0, 4061.0], [1677.0, 887.0, 4070.0], [1673.0, 973.0, 4008.0], [1673.0, 777.0, 4284.0], [1671.0, 942.0, 4064.0], [1665.0, 1050.0, 3912.0], [1663.0, 1072.0, 3944.0], [1663.0, 949.0, 4050.0], [1662.0, 1171.0, 3829.0], [1662.0, 1074.0, 3904.0], [1659.0, 1041.0, 3958.0], [1659.0, 886.0, 4098.0], [1657.0, 1016.0, 3986.0], [1656.0, 1134.0, 3837.0], [1656.0, 1038.0, 3966.0], [1647.0, 1221.0, 3473.0], [1646.0, 1080.0, 3887.0], [1646.0, 935.0, 4092.0], [1645.0, 905.0, 4101.0], [1644.0, 1129.0, 3849.0], [1643.0, 1081.0, 3931.0], [1643.0, 941.0, 4082.0], [1642.0, 845.0, 4199.0], [1641.0, 1315.0, 3637.0], [1640.0, 1066.0, 3981.0], [1637.0, 972.0, 4060.0], [1636.0, 1147.0, 3888.0], [1636.0, 919.0, 4160.0], [1635.0, 982.0, 4033.0], [1634.0, 1074.0, 3944.0], [1633.0, 986.0, 4062.0], [1633.0, 888.0, 4175.0], [1632.0, 1068.0, 3966.0], [1632.0, 954.0, 4095.0], [1631.0, 857.0, 4213.0], [1630.0, 1124.0, 3895.0], [1630.0, 1097.0, 4016.0], [1628.0, 1286.0, 3642.0], [1627.0, 982.0, 4123.0], [1624.0, 1199.0, 3692.0], [1623.0, 1210.0, 3754.0], [1622.0, 1231.0, 3752.0], [1620.0, 1027.0, 4074.0], [1619.0, 1245.0, 3784.0], [1618.0, 1172.0, 3792.0], [1618.0, 1119.0, 3979.0], [1617.0, 908.0, 4226.0], [1616.0, 1180.0, 3868.0], [1616.0, 746.0, 4309.0], [1615.0, 992.0, 4101.0], [1614.0, 1000.0, 4080.0], [1613.0, 790.0, 4248.0], [1611.0, 1038.0, 4033.0], [1608.0, 1192.0, 3841.0], [1606.0, 958.0, 4153.0], [1606.0, 944.0, 4168.0], [1605.0, 1296.0, 3778.0], [1603.0, 1300.0, 3669.0], [1603.0, 1245.0, 3802.0], [1603.0, 1230.0, 3859.0], [1603.0, 1107.0, 3998.0], [1602.0, 1249.0, 3821.0], [1600.0, 1412.0, 3528.0], [1600.0, 1338.0, 3730.0], [1599.0, 1056.0, 4045.0], [1598.0, 1440.0, 3478.0], [1598.0, 993.0, 4121.0], [1597.0, 1173.0, 3933.0], [1595.0, 1380.0, 3653.0], [1595.0, 1152.0, 3945.0], [1594.0, 1291.0, 3793.0], [1594.0, 1200.0, 3860.0], [1592.0, 1135.0, 3971.0], [1592.0, 1010.0, 4105.0], [1592.0, 1006.0, 4150.0], [1591.0, 920.0, 4241.0], [1590.0, 851.0, 4286.0], [1589.0, 1057.0, 4026.0], [1588.0, 1372.0, 3661.0], [1588.0, 1140.0, 3994.0], [1588.0, 1073.0, 4100.0], [1586.0, 1201.0, 3862.0], [1586.0, 1174.0, 3924.0], [1586.0, 788.0, 4305.0], [1583.0, 1088.0, 4017.0], [1582.0, 1197.0, 3878.0], [1581.0, 1262.0, 3798.0], [1580.0, 1310.0, 3762.0], [1580.0, 921.0, 4190.0], [1579.0, 942.0, 4225.0], [1578.0, 1421.0, 3517.0], [1578.0, 1311.0, 3742.0], [1577.0, 1276.0, 3857.0], [1576.0, 1391.0, 3669.0], [1576.0, 1026.0, 4113.0], [1575.0, 1207.0, 3908.0], [1575.0, 985.0, 4188.0], [1574.0, 1392.0, 3649.0], [1574.0, 1244.0, 3912.0], [1574.0, 1020.0, 4135.0], [1573.0, 1118.0, 4005.0], [1572.0, 1158.0, 3950.0], [1571.0, 1445.0, 3472.0], [1571.0, 1114.0, 4024.0], [1571.0, 1040.0, 4103.0], [1571.0, 793.0, 4321.0], [1570.0, 1146.0, 3981.0], [1570.0, 1128.0, 4042.0], [1569.0, 1164.0, 3981.0], [1567.0, 1166.0, 3943.0], [1567.0, 1074.0, 4076.0], [1566.0, 689.0, 4388.0], [1565.0, 1377.0, 3677.0], [1565.0, 1285.0, 3811.0], [1565.0, 1193.0, 3917.0], [1564.0, 1315.0, 3757.0], [1564.0, 814.0, 4323.0], [1563.0, 1178.0, 3937.0], [1563.0, 924.0, 4252.0], [1563.0, 854.0, 4280.0], [1562.0, 1165.0, 3944.0], [1562.0, 998.0, 4212.0], [1561.0, 1283.0, 3817.0], [1561.0, 872.0, 4275.0], [1560.0, 1255.0, 3871.0], [1559.0, 1104.0, 4113.0], [1559.0, 1010.0, 4147.0], [1558.0, 1221.0, 3942.0], [1557.0, 912.0, 4289.0], [1556.0, 1339.0, 3693.0], [1556.0, 1328.0, 3821.0], [1556.0, 1176.0, 3959.0], [1555.0, 1225.0, 3977.0], [1555.0, 1060.0, 4154.0], [1555.0, 1029.0, 4178.0], [1553.0, 1289.0, 3858.0], [1553.0, 1121.0, 4083.0], [1552.0, 1167.0, 4006.0], [1552.0, 1141.0, 4027.0], [1552.0, 1134.0, 4069.0], [1552.0, 916.0, 4265.0], [1551.0, 1290.0, 3859.0], [1550.0, 1062.0, 4117.0], [1550.0, 991.0, 4216.0], [1550.0, 817.0, 4394.0], [1549.0, 1172.0, 4036.0], [1549.0, 1106.0, 4111.0], [1548.0, 1191.0, 3980.0], [1548.0, 1083.0, 4121.0], [1547.0, 861.0, 4333.0], [1546.0, 1273.0, 3880.0], [1545.0, 1367.0, 3719.0], [1545.0, 959.0, 4222.0], [1544.0, 964.0, 4222.0], [1543.0, 1335.0, 3750.0], [1543.0, 1247.0, 3940.0], [1543.0, 1137.0, 4079.0], [1542.0, 1442.0, 3549.0], [1542.0, 1038.0, 4167.0], [1542.0, 1036.0, 4187.0], [1541.0, 1448.0, 3626.0], [1541.0, 1348.0, 3817.0], [1540.0, 1369.0, 3710.0], [1538.0, 1523.0, 3314.0], [1538.0, 1109.0, 4102.0], [1538.0, 1028.0, 4212.0], [1537.0, 1175.0, 3992.0], [1537.0, 894.0, 4348.0], [1536.0, 1250.0, 3974.0], [1535.0, 1394.0, 3787.0], [1535.0, 1173.0, 4034.0], [1534.0, 1056.0, 4186.0], [1534.0, 962.0, 4274.0], [1534.0, 915.0, 4293.0], [1533.0, 1071.0, 4140.0], [1532.0, 901.0, 4331.0], [1531.0, 1416.0, 3643.0], [1530.0, 1188.0, 3995.0], [1530.0, 1185.0, 4031.0], [1530.0, 974.0, 4219.0], [1529.0, 689.0, 4467.0], [1528.0, 1200.0, 3978.0], [1528.0, 1157.0, 4056.0], [1527.0, 1497.0, 3550.0], [1527.0, 995.0, 4220.0], [1527.0, 891.0, 4359.0], [1525.0, 1140.0, 4061.0], [1523.0, 1167.0, 4045.0], [1522.0, 1322.0, 3884.0], [1522.0, 1025.0, 4231.0], [1521.0, 899.0, 4345.0], [1520.0, 1489.0, 3558.0], [1520.0, 1269.0, 3899.0], [1520.0, 1092.0, 4135.0], [1520.0, 971.0, 4258.0], [1519.0, 1467.0, 3570.0], [1519.0, 1144.0, 4060.0], [1519.0, 911.0, 4300.0], [1519.0, 721.0, 4490.0], [1518.0, 1261.0, 3967.0], [1518.0, 1064.0, 4146.0], [1517.0, 1420.0, 3665.0], [1517.0, 1284.0, 3922.0], [1517.0, 1157.0, 4085.0], [1517.0, 972.0, 4249.0], [1517.0, 928.0, 4281.0], [1516.0, 1367.0, 3806.0], [1516.0, 1231.0, 4012.0], [1516.0, 901.0, 4345.0], [1515.0, 1123.0, 4094.0], [1514.0, 1418.0, 3736.0], [1514.0, 1251.0, 3991.0], [1513.0, 1394.0, 3812.0], [1513.0, 1158.0, 4083.0], [1512.0, 1298.0, 3927.0], [1511.0, 1038.0, 4207.0], [1509.0, 1113.0, 4129.0], [1509.0, 1064.0, 4183.0], [1509.0, 1030.0, 4212.0], [1508.0, 1127.0, 4117.0], [1507.0, 1501.0, 3501.0], [1506.0, 1176.0, 4079.0], [1505.0, 1080.0, 4163.0], [1505.0, 820.0, 4379.0], [1504.0, 1357.0, 3822.0], [1503.0, 934.0, 4312.0], [1502.0, 1090.0, 4165.0], [1501.0, 1315.0, 3915.0], [1501.0, 1180.0, 4050.0], [1500.0, 1324.0, 3839.0], [1499.0, 1348.0, 3894.0], [1499.0, 1038.0, 4243.0], [1498.0, 1147.0, 4095.0], [1498.0, 821.0, 4437.0], [1497.0, 1349.0, 3874.0], [1497.0, 1204.0, 4020.0], [1497.0, 1083.0, 4181.0], [1496.0, 1433.0, 3712.0], [1496.0, 1184.0, 4060.0], [1496.0, 1179.0, 4069.0], [1496.0, 1087.0, 4181.0], [1496.0, 1060.0, 4205.0], [1495.0, 1454.0, 3710.0], [1495.0, 1193.0, 4032.0], [1495.0, 1119.0, 4131.0], [1494.0, 1236.0, 3995.0], [1494.0, 1199.0, 4025.0], [1494.0, 1121.0, 4128.0], [1494.0, 1093.0, 4137.0], [1494.0, 950.0, 4293.0], [1493.0, 1222.0, 4018.0], [1493.0, 1177.0, 4094.0], [1493.0, 1133.0, 4110.0], [1493.0, 888.0, 4394.0], [1492.0, 1253.0, 4019.0], [1492.0, 1127.0, 4123.0], [1491.0, 1395.0, 3750.0], [1491.0, 1095.0, 4139.0], [1490.0, 1022.0, 4258.0], [1488.0, 1334.0, 3902.0], [1488.0, 1233.0, 4039.0], [1488.0, 1062.0, 4187.0], [1487.0, 1154.0, 4148.0], [1487.0, 1095.0, 4189.0], [1487.0, 1061.0, 4198.0], [1487.0, 1025.0, 4263.0], [1486.0, 990.0, 4269.0], [1486.0, 940.0, 4318.0], [1486.0, 923.0, 4321.0], [1485.0, 1360.0, 3822.0], [1485.0, 1277.0, 3958.0], [1485.0, 1064.0, 4221.0], [1484.0, 1282.0, 3958.0], [1484.0, 974.0, 4283.0], [1483.0, 1425.0, 3734.0], [1483.0, 1276.0, 3959.0], [1483.0, 1178.0, 4093.0], [1483.0, 1049.0, 4245.0], [1482.0, 1116.0, 4186.0], [1482.0, 1014.0, 4284.0], [1482.0, 853.0, 4404.0], [1481.0, 1353.0, 3867.0], [1481.0, 909.0, 4324.0], [1480.0, 1506.0, 3353.0], [1480.0, 1412.0, 3799.0], [1480.0, 1180.0, 4066.0], [1480.0, 889.0, 4364.0], [1479.0, 1204.0, 4088.0], [1479.0, 1183.0, 4114.0], [1479.0, 1123.0, 4182.0], [1479.0, 747.0, 4494.0], [1477.0, 1295.0, 3967.0], [1477.0, 1066.0, 4223.0], [1477.0, 825.0, 4486.0], [1475.0, 1457.0, 3661.0], [1475.0, 1197.0, 4097.0], [1475.0, 918.0, 4334.0], [1474.0, 1433.0, 3737.0], [1474.0, 1352.0, 3939.0], [1474.0, 1267.0, 3973.0], [1474.0, 1156.0, 4116.0], [1474.0, 972.0, 4329.0], [1473.0, 1532.0, 3357.0], [1473.0, 1465.0, 3714.0], [1473.0, 1373.0, 3832.0], [1473.0, 1271.0, 3971.0], [1473.0, 1242.0, 4049.0], [1473.0, 897.0, 4392.0], [1472.0, 1390.0, 3815.0], [1472.0, 1296.0, 3960.0], [1472.0, 1258.0, 3978.0], [1472.0, 1120.0, 4216.0], [1472.0, 985.0, 4320.0], [1472.0, 934.0, 4355.0], [1471.0, 1226.0, 4075.0], [1471.0, 1131.0, 4167.0], [1469.0, 1165.0, 4131.0], [1469.0, 1007.0, 4289.0], [1469.0, 761.0, 4494.0], [1468.0, 954.0, 4352.0], [1467.0, 1258.0, 4004.0], [1466.0, 1540.0, 3409.0], [1466.0, 1168.0, 4144.0], [1465.0, 1396.0, 3889.0], [1465.0, 1018.0, 4286.0], [1464.0, 1405.0, 3851.0], [1463.0, 1448.0, 3759.0], [1463.0, 1313.0, 3952.0], [1463.0, 1202.0, 4106.0], [1463.0, 1165.0, 4157.0], [1463.0, 1037.0, 4251.0], [1463.0, 992.0, 4312.0], [1462.0, 908.0, 4407.0], [1461.0, 1480.0, 3681.0], [1461.0, 1039.0, 4247.0], [1460.0, 1358.0, 3927.0], [1460.0, 1060.0, 4237.0], [1460.0, 1046.0, 4265.0], [1460.0, 909.0, 4368.0], [1459.0, 1281.0, 3999.0], [1459.0, 1274.0, 4041.0], [1459.0, 1001.0, 4304.0], [1458.0, 1203.0, 4106.0], [1458.0, 1174.0, 4115.0], [1458.0, 1044.0, 4285.0], [1458.0, 1009.0, 4300.0], [1458.0, 960.0, 4361.0], [1457.0, 1310.0, 3964.0], [1457.0, 1173.0, 4129.0], [1456.0, 1069.0, 4218.0], [1456.0, 1057.0, 4247.0], [1455.0, 990.0, 4342.0], [1455.0, 879.0, 4443.0], [1454.0, 1362.0, 3903.0], [1454.0, 1236.0, 4079.0], [1452.0, 1366.0, 3893.0], [1452.0, 1209.0, 4104.0], [1452.0, 1135.0, 4183.0], [1452.0, 930.0, 4385.0], [1452.0, 679.0, 4579.0], [1451.0, 1262.0, 4069.0], [1451.0, 982.0, 4381.0], [1450.0, 1454.0, 3775.0], [1450.0, 1085.0, 4248.0], [1450.0, 887.0, 4447.0], [1449.0, 1011.0, 4336.0], [1449.0, 899.0, 4415.0], [1448.0, 1430.0, 3866.0], [1448.0, 1074.0, 4273.0], [1448.0, 947.0, 4382.0], [1447.0, 1198.0, 4119.0], [1447.0, 966.0, 4392.0], [1447.0, 889.0, 4461.0], [1446.0, 1271.0, 4054.0], [1445.0, 1306.0, 3972.0], [1445.0, 1099.0, 4257.0], [1444.0, 1503.0, 3698.0], [1444.0, 1330.0, 3964.0], [1443.0, 1287.0, 3979.0], [1443.0, 1236.0, 4086.0], [1443.0, 1061.0, 4293.0], [1442.0, 1183.0, 4151.0], [1442.0, 1126.0, 4210.0], [1442.0, 1067.0, 4279.0], [1441.0, 1077.0, 4281.0], [1440.0, 1377.0, 3890.0], [1440.0, 1276.0, 4032.0], [1440.0, 1193.0, 4151.0], [1440.0, 898.0, 4420.0], [1439.0, 1379.0, 3952.0], [1439.0, 1220.0, 4117.0], [1439.0, 1082.0, 4269.0], [1437.0, 1237.0, 4094.0], [1437.0, 1165.0, 4189.0], [1437.0, 1121.0, 4212.0], [1436.0, 1252.0, 4115.0], [1436.0, 1045.0, 4298.0], [1436.0, 1001.0, 4348.0], [1435.0, 1014.0, 4316.0], [1435.0, 908.0, 4416.0], [1433.0, 1015.0, 4362.0], [1432.0, 1057.0, 4296.0], [1431.0, 1290.0, 4071.0], [1431.0, 921.0, 4474.0], [1430.0, 1436.0, 3816.0], [1430.0, 1316.0, 3975.0], [1430.0, 1301.0, 4023.0], [1430.0, 1152.0, 4211.0], [1430.0, 1110.0, 4251.0], [1428.0, 974.0, 4414.0], [1427.0, 1192.0, 4168.0], [1427.0, 1158.0, 4200.0], [1427.0, 758.0, 4539.0], [1426.0, 922.0, 4447.0], [1426.0, 872.0, 4509.0], [1425.0, 1086.0, 4286.0], [1425.0, 705.0, 4618.0], [1424.0, 1264.0, 4093.0], [1424.0, 1194.0, 4155.0], [1424.0, 1049.0, 4340.0], [1423.0, 1414.0, 3874.0], [1423.0, 1132.0, 4223.0], [1422.0, 1330.0, 3989.0], [1422.0, 946.0, 4429.0], [1421.0, 1221.0, 4117.0], [1421.0, 1196.0, 4130.0], [1421.0, 1163.0, 4196.0], [1421.0, 1060.0, 4296.0], [1420.0, 1451.0, 3799.0], [1420.0, 1126.0, 4229.0], [1418.0, 1174.0, 4190.0], [1418.0, 1070.0, 4300.0], [1418.0, 996.0, 4380.0], [1417.0, 1308.0, 4008.0], [1416.0, 1212.0, 4122.0], [1415.0, 1236.0, 4120.0], [1415.0, 1132.0, 4235.0], [1415.0, 1123.0, 4283.0], [1415.0, 1010.0, 4376.0], [1414.0, 1405.0, 3888.0], [1414.0, 1141.0, 4234.0], [1414.0, 798.0, 4520.0], [1413.0, 968.0, 4434.0], [1412.0, 1273.0, 4112.0], [1412.0, 916.0, 4484.0], [1411.0, 1164.0, 4225.0], [1411.0, 1065.0, 4309.0], [1411.0, 759.0, 4551.0], [1409.0, 1394.0, 3928.0], [1407.0, 1191.0, 4188.0], [1407.0, 1084.0, 4293.0], [1406.0, 1382.0, 3959.0], [1406.0, 1210.0, 4124.0], [1406.0, 1201.0, 4178.0], [1406.0, 1136.0, 4250.0], [1406.0, 1057.0, 4320.0], [1406.0, 989.0, 4405.0], [1406.0, 779.0, 4521.0], [1405.0, 768.0, 4571.0], [1404.0, 1388.0, 3933.0], [1404.0, 1144.0, 4241.0], [1404.0, 1092.0, 4292.0], [1403.0, 1175.0, 4242.0], [1403.0, 1049.0, 4346.0], [1403.0, 956.0, 4456.0], [1403.0, 824.0, 4584.0], [1402.0, 1056.0, 4324.0], [1402.0, 999.0, 4391.0], [1401.0, 1216.0, 4176.0], [1400.0, 1365.0, 3971.0], [1400.0, 1342.0, 3993.0], [1400.0, 1260.0, 4113.0], [1400.0, 1010.0, 4411.0], [1399.0, 1356.0, 3981.0], [1399.0, 1137.0, 4247.0], [1399.0, 1031.0, 4385.0], [1398.0, 1019.0, 4437.0], [1397.0, 1083.0, 4336.0], [1397.0, 1054.0, 4354.0], [1397.0, 1027.0, 4413.0], [1396.0, 1489.0, 3724.0], [1396.0, 1035.0, 4368.0], [1395.0, 1246.0, 4142.0], [1395.0, 1084.0, 4328.0], [1395.0, 987.0, 4440.0], [1394.0, 1348.0, 3996.0], [1394.0, 1182.0, 4205.0], [1394.0, 1085.0, 4324.0], [1394.0, 709.0, 4600.0], [1393.0, 1364.0, 3986.0], [1393.0, 1185.0, 4206.0], [1393.0, 846.0, 4524.0], [1392.0, 1433.0, 3825.0], [1392.0, 1296.0, 4106.0], [1392.0, 1061.0, 4344.0], [1392.0, 1037.0, 4374.0], [1392.0, 1021.0, 4429.0], [1391.0, 1134.0, 4297.0], [1391.0, 1105.0, 4339.0], [1391.0, 1042.0, 4359.0], [1389.0, 1497.0, 3776.0], [1387.0, 1305.0, 4037.0], [1387.0, 1194.0, 4196.0], [1387.0, 1112.0, 4316.0], [1386.0, 1326.0, 4072.0], [1386.0, 1322.0, 4074.0], [1386.0, 924.0, 4465.0], [1384.0, 882.0, 4491.0], [1382.0, 1219.0, 4144.0], [1382.0, 940.0, 4477.0], [1381.0, 1075.0, 4362.0], [1380.0, 1250.0, 4127.0], [1380.0, 1226.0, 4149.0], [1380.0, 1180.0, 4222.0], [1380.0, 1125.0, 4322.0], [1379.0, 1160.0, 4280.0], [1379.0, 1060.0, 4379.0], [1378.0, 943.0, 4471.0], [1376.0, 1390.0, 4030.0], [1376.0, 1237.0, 4149.0], [1376.0, 1201.0, 4219.0], [1376.0, 958.0, 4441.0], [1376.0, 854.0, 4517.0], [1375.0, 1430.0, 3894.0], [1375.0, 1411.0, 3923.0], [1375.0, 1234.0, 4154.0], [1375.0, 954.0, 4472.0], [1375.0, 912.0, 4543.0], [1374.0, 1163.0, 4279.0], [1373.0, 1289.0, 4118.0], [1373.0, 1208.0, 4225.0], [1372.0, 1223.0, 4174.0], [1372.0, 943.0, 4473.0], [1371.0, 1179.0, 4238.0], [1370.0, 1433.0, 3853.0], [1370.0, 1169.0, 4260.0], [1370.0, 1140.0, 4309.0], [1369.0, 963.0, 4447.0], [1369.0, 916.0, 4509.0], [1368.0, 1188.0, 4258.0], [1368.0, 1095.0, 4363.0], [1368.0, 984.0, 4455.0], [1368.0, 943.0, 4487.0], [1367.0, 1460.0, 3923.0], [1367.0, 1336.0, 4057.0], [1367.0, 937.0, 4515.0], [1365.0, 1062.0, 4375.0], [1365.0, 1010.0, 4439.0], [1365.0, 914.0, 4548.0], [1364.0, 1395.0, 3944.0], [1364.0, 1073.0, 4369.0], [1364.0, 1062.0, 4405.0], [1363.0, 1234.0, 4161.0], [1363.0, 1220.0, 4195.0], [1363.0, 1038.0, 4417.0], [1363.0, 1007.0, 4458.0], [1361.0, 1083.0, 4379.0], [1360.0, 1141.0, 4313.0], [1360.0, 1014.0, 4473.0], [1359.0, 1306.0, 4089.0], [1359.0, 1260.0, 4132.0], [1359.0, 1246.0, 4152.0], [1359.0, 982.0, 4474.0], [1359.0, 830.0, 4598.0], [1358.0, 988.0, 4519.0], [1356.0, 1265.0, 4184.0], [1355.0, 933.0, 4524.0], [1354.0, 1151.0, 4306.0], [1354.0, 1103.0, 4354.0], [1354.0, 1043.0, 4421.0], [1353.0, 1242.0, 4195.0], [1350.0, 1393.0, 4020.0], [1350.0, 1085.0, 4376.0], [1350.0, 878.0, 4578.0], [1347.0, 1338.0, 4065.0], [1347.0, 1280.0, 4138.0], [1347.0, 850.0, 4586.0], [1345.0, 802.0, 4627.0], [1341.0, 1310.0, 4138.0], [1341.0, 1170.0, 4273.0], [1341.0, 1112.0, 4353.0], [1341.0, 884.0, 4551.0], [1340.0, 1219.0, 4231.0], [1340.0, 1032.0, 4438.0], [1339.0, 1270.0, 4142.0], [1339.0, 1183.0, 4268.0], [1338.0, 1425.0, 3967.0], [1338.0, 1181.0, 4287.0], [1338.0, 1095.0, 4373.0], [1337.0, 840.0, 4595.0], [1336.0, 1159.0, 4291.0], [1335.0, 1314.0, 4108.0], [1335.0, 1301.0, 4152.0], [1335.0, 1281.0, 4200.0], [1335.0, 938.0, 4555.0], [1334.0, 1096.0, 4380.0], [1334.0, 990.0, 4474.0], [1333.0, 1218.0, 4237.0], [1333.0, 1169.0, 4324.0], [1333.0, 1067.0, 4440.0], [1333.0, 949.0, 4524.0], [1332.0, 1354.0, 4035.0], [1332.0, 1110.0, 4358.0], [1332.0, 1070.0, 4426.0], [1330.0, 1318.0, 4092.0], [1330.0, 1093.0, 4399.0], [1330.0, 1035.0, 4454.0], [1330.0, 995.0, 4492.0], [1330.0, 953.0, 4536.0], [1329.0, 864.0, 4584.0], [1328.0, 814.0, 4633.0], [1327.0, 1301.0, 4161.0], [1326.0, 1199.0, 4252.0], [1326.0, 1155.0, 4332.0], [1326.0, 1101.0, 4404.0], [1326.0, 1022.0, 4456.0], [1325.0, 1195.0, 4288.0], [1324.0, 1396.0, 3982.0], [1324.0, 1053.0, 4482.0], [1324.0, 915.0, 4567.0], [1323.0, 1293.0, 4164.0], [1323.0, 937.0, 4586.0], [1322.0, 1351.0, 4097.0], [1322.0, 1089.0, 4405.0], [1321.0, 1145.0, 4347.0], [1321.0, 1060.0, 4465.0], [1321.0, 1005.0, 4484.0], [1319.0, 1444.0, 3942.0], [1319.0, 1202.0, 4264.0], [1318.0, 1394.0, 4007.0], [1318.0, 1236.0, 4205.0], [1318.0, 890.0, 4617.0], [1317.0, 1184.0, 4297.0], [1317.0, 867.0, 4628.0], [1316.0, 1203.0, 4328.0], [1316.0, 1106.0, 4365.0], [1315.0, 1229.0, 4248.0], [1315.0, 1212.0, 4255.0], [1315.0, 1035.0, 4534.0], [1314.0, 1312.0, 4174.0], [1314.0, 917.0, 4614.0], [1314.0, 808.0, 4637.0], [1313.0, 1240.0, 4257.0], [1313.0, 1114.0, 4377.0], [1313.0, 782.0, 4639.0], [1312.0, 931.0, 4599.0], [1312.0, 827.0, 4638.0], [1309.0, 1427.0, 3987.0], [1309.0, 856.0, 4670.0], [1308.0, 1467.0, 3810.0], [1308.0, 922.0, 4627.0], [1307.0, 1153.0, 4337.0], [1307.0, 1121.0, 4369.0], [1306.0, 1400.0, 4065.0], [1306.0, 1178.0, 4344.0], [1306.0, 1118.0, 4384.0], [1305.0, 1205.0, 4263.0], [1302.0, 1128.0, 4377.0], [1302.0, 1088.0, 4434.0], [1301.0, 1173.0, 4360.0], [1301.0, 1088.0, 4437.0], [1301.0, 1001.0, 4553.0], [1300.0, 1374.0, 4107.0], [1300.0, 1119.0, 4390.0], [1300.0, 1103.0, 4452.0], [1300.0, 727.0, 4675.0], [1299.0, 1141.0, 4397.0], [1297.0, 1262.0, 4214.0], [1297.0, 1131.0, 4402.0], [1296.0, 905.0, 4642.0], [1293.0, 1244.0, 4235.0], [1293.0, 1142.0, 4370.0], [1292.0, 1349.0, 4126.0], [1292.0, 1335.0, 4171.0], [1290.0, 1226.0, 4265.0], [1290.0, 977.0, 4559.0], [1289.0, 1121.0, 4413.0], [1288.0, 1153.0, 4398.0], [1288.0, 956.0, 4560.0], [1286.0, 1463.0, 3977.0], [1286.0, 1113.0, 4430.0], [1285.0, 1203.0, 4332.0], [1285.0, 980.0, 4583.0], [1284.0, 1062.0, 4463.0], [1283.0, 1085.0, 4476.0], [1282.0, 1073.0, 4515.0], [1281.0, 1211.0, 4365.0], [1281.0, 886.0, 4662.0], [1280.0, 1296.0, 4200.0], [1279.0, 1190.0, 4388.0], [1279.0, 1065.0, 4518.0], [1278.0, 1019.0, 4555.0], [1277.0, 1273.0, 4239.0], [1277.0, 1232.0, 4275.0], [1277.0, 790.0, 4693.0], [1276.0, 1446.0, 4022.0], [1276.0, 871.0, 4667.0], [1276.0, 716.0, 4716.0], [1275.0, 1262.0, 4299.0], [1274.0, 889.0, 4653.0], [1273.0, 1354.0, 4146.0], [1271.0, 899.0, 4647.0], [1270.0, 984.0, 4606.0], [1270.0, 900.0, 4653.0], [1269.0, 1400.0, 4083.0], [1268.0, 811.0, 4699.0], [1267.0, 1268.0, 4254.0], [1267.0, 1102.0, 4457.0], [1263.0, 1290.0, 4218.0], [1263.0, 1107.0, 4437.0], [1263.0, 985.0, 4562.0], [1263.0, 953.0, 4620.0], [1261.0, 970.0, 4618.0], [1260.0, 1214.0, 4305.0], [1260.0, 1030.0, 4535.0], [1259.0, 917.0, 4673.0], [1258.0, 1046.0, 4520.0], [1257.0, 943.0, 4626.0], [1255.0, 917.0, 4687.0], [1255.0, 772.0, 4723.0], [1254.0, 1127.0, 4427.0], [1254.0, 922.0, 4671.0], [1254.0, 881.0, 4701.0], [1253.0, 1313.0, 4200.0], [1252.0, 1293.0, 4204.0], [1252.0, 1158.0, 4401.0], [1252.0, 1045.0, 4521.0], [1251.0, 1002.0, 4584.0], [1250.0, 1159.0, 4391.0], [1249.0, 1313.0, 4236.0], [1249.0, 1133.0, 4414.0], [1249.0, 942.0, 4633.0], [1248.0, 1219.0, 4352.0], [1247.0, 1138.0, 4444.0], [1247.0, 1114.0, 4460.0], [1247.0, 1040.0, 4538.0], [1247.0, 1027.0, 4539.0], [1246.0, 887.0, 4703.0], [1245.0, 1235.0, 4301.0], [1245.0, 1157.0, 4426.0], [1245.0, 1053.0, 4546.0], [1245.0, 935.0, 4638.0], [1243.0, 1280.0, 4237.0], [1243.0, 1195.0, 4416.0], [1243.0, 1131.0, 4472.0], [1242.0, 925.0, 4659.0], [1240.0, 1079.0, 4494.0], [1240.0, 1033.0, 4557.0], [1240.0, 930.0, 4641.0], [1239.0, 1376.0, 4112.0], [1239.0, 1235.0, 4338.0], [1239.0, 1076.0, 4501.0], [1237.0, 1075.0, 4519.0], [1237.0, 957.0, 4638.0], [1236.0, 1386.0, 4169.0], [1236.0, 1267.0, 4268.0], [1236.0, 991.0, 4592.0], [1236.0, 983.0, 4621.0], [1236.0, 818.0, 4743.0], [1234.0, 1097.0, 4497.0], [1234.0, 958.0, 4643.0], [1231.0, 1388.0, 4118.0], [1230.0, 1332.0, 4211.0], [1230.0, 1270.0, 4325.0], [1230.0, 1200.0, 4404.0], [1230.0, 1096.0, 4521.0], [1230.0, 902.0, 4705.0], [1230.0, 860.0, 4730.0], [1227.0, 1160.0, 4464.0], [1227.0, 1004.0, 4578.0], [1223.0, 1007.0, 4581.0], [1222.0, 1005.0, 4613.0], [1222.0, 964.0, 4639.0], [1222.0, 815.0, 4778.0], [1221.0, 1264.0, 4349.0], [1221.0, 1031.0, 4562.0], [1220.0, 1133.0, 4493.0], [1219.0, 1163.0, 4421.0], [1219.0, 1065.0, 4524.0], [1219.0, 928.0, 4651.0], [1217.0, 1286.0, 4243.0], [1216.0, 952.0, 4676.0], [1215.0, 1299.0, 4270.0], [1214.0, 1012.0, 4574.0], [1213.0, 1064.0, 4525.0], [1212.0, 1407.0, 4235.0], [1212.0, 944.0, 4680.0], [1210.0, 1017.0, 4601.0], [1210.0, 975.0, 4639.0], [1209.0, 1365.0, 4239.0], [1209.0, 1056.0, 4536.0], [1208.0, 1139.0, 4509.0], [1207.0, 1036.0, 4560.0], [1207.0, 1008.0, 4626.0], [1207.0, 949.0, 4695.0], [1205.0, 1078.0, 4528.0], [1203.0, 1274.0, 4275.0], [1203.0, 1066.0, 4554.0], [1203.0, 1034.0, 4562.0], [1201.0, 1056.0, 4559.0], [1201.0, 987.0, 4678.0], [1199.0, 1005.0, 4639.0], [1198.0, 1241.0, 4433.0], [1195.0, 1099.0, 4516.0], [1194.0, 1142.0, 4476.0], [1193.0, 1046.0, 4573.0], [1193.0, 925.0, 4714.0], [1192.0, 841.0, 4731.0], [1191.0, 1168.0, 4438.0], [1191.0, 1030.0, 4576.0], [1191.0, 953.0, 4704.0], [1190.0, 1074.0, 4542.0], [1188.0, 899.0, 4728.0], [1186.0, 1062.0, 4611.0], [1186.0, 805.0, 4827.0], [1185.0, 878.0, 4790.0], [1183.0, 1089.0, 4613.0], [1182.0, 886.0, 4734.0], [1181.0, 1145.0, 4470.0], [1181.0, 956.0, 4684.0], [1179.0, 1285.0, 4298.0], [1178.0, 1152.0, 4495.0], [1178.0, 1103.0, 4527.0], [1178.0, 1016.0, 4617.0], [1176.0, 1185.0, 4461.0], [1176.0, 1032.0, 4616.0], [1174.0, 900.0, 4732.0], [1172.0, 921.0, 4763.0], [1166.0, 1008.0, 4644.0], [1166.0, 848.0, 4838.0], [1165.0, 1029.0, 4637.0], [1165.0, 990.0, 4645.0], [1164.0, 1092.0, 4581.0], [1163.0, 968.0, 4704.0], [1159.0, 1107.0, 4537.0], [1158.0, 1306.0, 4280.0], [1158.0, 1006.0, 4658.0], [1154.0, 1037.0, 4618.0], [1153.0, 990.0, 4698.0], [1150.0, 1246.0, 4378.0], [1150.0, 1193.0, 4443.0], [1147.0, 1192.0, 4456.0], [1147.0, 1041.0, 4626.0], [1145.0, 1007.0, 4647.0], [1143.0, 1026.0, 4652.0], [1142.0, 1166.0, 4477.0], [1137.0, 1102.0, 4589.0], [1136.0, 1283.0, 4401.0], [1136.0, 1173.0, 4477.0], [1135.0, 1110.0, 4540.0], [1135.0, 886.0, 4810.0], [1134.0, 928.0, 4715.0], [1132.0, 1130.0, 4549.0], [1130.0, 1417.0, 4138.0], [1129.0, 1137.0, 4522.0], [1127.0, 1044.0, 4657.0], [1127.0, 922.0, 4817.0], [1124.0, 1067.0, 4640.0], [1124.0, 931.0, 4737.0], [1123.0, 1141.0, 4535.0], [1122.0, 1149.0, 4574.0], [1122.0, 999.0, 4673.0], [1121.0, 1047.0, 4667.0], [1118.0, 950.0, 4717.0], [1117.0, 1405.0, 4258.0], [1115.0, 1077.0, 4614.0], [1115.0, 1008.0, 4716.0], [1115.0, 972.0, 4753.0], [1105.0, 1199.0, 4494.0], [1105.0, 977.0, 4720.0], [1103.0, 946.0, 4772.0], [1103.0, 870.0, 4855.0], [1101.0, 1069.0, 4624.0], [1100.0, 1211.0, 4435.0], [1095.0, 1133.0, 4595.0], [1095.0, 1091.0, 4597.0], [1092.0, 1151.0, 4604.0], [1092.0, 1011.0, 4670.0], [1090.0, 1102.0, 4648.0], [1090.0, 913.0, 4819.0], [1089.0, 1250.0, 4486.0], [1089.0, 981.0, 4777.0], [1068.0, 1014.0, 4701.0], [1067.0, 1162.0, 4539.0], [1063.0, 1304.0, 4445.0], [1062.0, 894.0, 4857.0], [1060.0, 985.0, 4751.0], [1053.0, 1009.0, 4747.0], [1053.0, 935.0, 4873.0], [1051.0, 1015.0, 4668.0], [1049.0, 1131.0, 4607.0], [1048.0, 1056.0, 4682.0], [1040.0, 1069.0, 4727.0], [1023.0, 1185.0, 4566.0], [1020.0, 1110.0, 4639.0], [1020.0, 1003.0, 4838.0], [995.0, 1030.0, 4794.0], [988.0, 1079.0, 4660.0], [952.0, 1069.0, 4760.0]]
