heur = false
LBS_limit = 3
preproc = 1
tight_root = 0
total_time = 1.33
NDP = 61
total_nodes = 921
pruned_nodes = 461
pruned_dominance_nodes = 30
heur_time = 0.0
Y_N = Any[[386.0, 156.0, 1194.0], [363.0, 106.0, 1267.0], [341.0, 149.0, 1234.0], [324.0, 145.0, 1288.0], [320.0, 114.0, 1378.0], [320.0, 80.0, 1391.0], [318.0, 99.0, 1380.0], [302.0, 151.0, 1323.0], [299.0, 153.0, 1261.0], [297.0, 64.0, 1451.0], [297.0, 30.0, 1464.0], [283.0, 79.0, 1442.0], [283.0, 70.0, 1474.0], [281.0, 116.0, 1394.0], [279.0, 138.0, 1401.0], [278.0, 119.0, 1417.0], [278.0, 105.0, 1424.0], [275.0, 152.0, 1340.0], [265.0, 150.0, 1374.0], [265.0, 141.0, 1406.0], [260.0, 20.0, 1547.0], [258.0, 103.0, 1472.0], [258.0, 69.0, 1485.0], [256.0, 88.0, 1474.0], [255.0, 69.0, 1490.0], [255.0, 60.0, 1522.0], [253.0, 118.0, 1422.0], [244.0, 115.0, 1445.0], [242.0, 91.0, 1479.0], [241.0, 72.0, 1495.0], [240.0, 140.0, 1417.0], [238.0, 151.0, 1391.0], [233.0, 102.0, 1477.0], [229.0, 72.0, 1523.0], [221.0, 56.0, 1550.0], [216.0, 94.0, 1518.0], [211.0, 143.0, 1455.0], [207.0, 41.0, 1580.0], [204.0, 71.0, 1534.0], [202.0, 90.0, 1523.0], [192.0, 25.0, 1607.0], [191.0, 102.0, 1491.0], [191.0, 93.0, 1523.0], [189.0, 95.0, 1535.0], [186.0, 142.0, 1466.0], [186.0, 61.0, 1553.0], [184.0, 144.0, 1472.0], [181.0, 12.0, 1639.0], [168.0, 43.0, 1596.0], [166.0, 45.0, 1608.0], [164.0, 94.0, 1540.0], [163.0, 83.0, 1571.0], [161.0, 94.0, 1545.0], [159.0, 143.0, 1483.0], [159.0, 134.0, 1515.0], [136.0, 84.0, 1588.0], [136.0, 59.0, 1614.0], [122.0, 133.0, 1566.0], [116.0, 52.0, 1637.0], [87.0, 12.0, 1653.0], [74.0, 48.0, 1708.0]]
