heur = false
LBS_limit = 3
preproc = 1
tight_root = 0
total_time = 165.17
NDP = 306
total_nodes = 27931
pruned_nodes = 13966
pruned_dominance_nodes = 2519
heur_time = 0.0
Y_N = Any[[1706.0, 1098.0, 729.0], [1690.0, 1094.0, 736.0], [1677.0, 1127.0, 762.0], [1665.0, 1159.0, 748.0], [1661.0, 1123.0, 765.0], [1654.0, 1086.0, 792.0], [1647.0, 1174.0, 725.0], [1646.0, 1154.0, 808.0], [1634.0, 1197.0, 749.0], [1625.0, 1205.0, 663.0], [1623.0, 1158.0, 785.0], [1622.0, 1194.0, 783.0], [1617.0, 1214.0, 723.0], [1613.0, 1198.0, 744.0], [1611.0, 1251.0, 618.0], [1611.0, 1217.0, 655.0], [1610.0, 1208.0, 752.0], [1608.0, 1195.0, 801.0], [1603.0, 1145.0, 826.0], [1602.0, 1237.0, 695.0], [1601.0, 1196.0, 763.0], [1600.0, 1164.0, 831.0], [1598.0, 1228.0, 700.0], [1598.0, 1223.0, 724.0], [1597.0, 1238.0, 711.0], [1595.0, 1232.0, 784.0], [1594.0, 1240.0, 767.0], [1594.0, 1143.0, 834.0], [1592.0, 1245.0, 766.0], [1592.0, 1188.0, 807.0], [1591.0, 1246.0, 729.0], [1591.0, 1194.0, 803.0], [1588.0, 1272.0, 633.0], [1587.0, 1254.0, 662.0], [1585.0, 1252.0, 745.0], [1584.0, 1218.0, 857.0], [1580.0, 1270.0, 648.0], [1578.0, 1259.0, 669.0], [1577.0, 1236.0, 796.0], [1575.0, 1266.0, 649.0], [1575.0, 1264.0, 705.0], [1569.0, 1266.0, 678.0], [1568.0, 1292.0, 627.0], [1567.0, 1295.0, 587.0], [1567.0, 1281.0, 703.0], [1567.0, 1250.0, 752.0], [1566.0, 1219.0, 805.0], [1565.0, 1254.0, 792.0], [1564.0, 1305.0, 641.0], [1562.0, 1307.0, 619.0], [1561.0, 1279.0, 788.0], [1561.0, 1228.0, 817.0], [1558.0, 1174.0, 888.0], [1557.0, 1319.0, 625.0], [1556.0, 1323.0, 550.0], [1556.0, 1287.0, 698.0], [1553.0, 1323.0, 657.0], [1553.0, 1239.0, 805.0], [1551.0, 1297.0, 767.0], [1548.0, 1344.0, 673.0], [1547.0, 1244.0, 836.0], [1547.0, 1185.0, 877.0], [1546.0, 1312.0, 677.0], [1545.0, 1258.0, 804.0], [1544.0, 1362.0, 625.0], [1544.0, 1308.0, 702.0], [1542.0, 1302.0, 738.0], [1542.0, 1283.0, 780.0], [1541.0, 1258.0, 815.0], [1540.0, 1317.0, 700.0], [1538.0, 1322.0, 712.0], [1537.0, 1284.0, 805.0], [1536.0, 1366.0, 568.0], [1536.0, 1364.0, 637.0], [1536.0, 1323.0, 698.0], [1535.0, 1327.0, 746.0], [1532.0, 1371.0, 598.0], [1532.0, 1335.0, 775.0], [1530.0, 1379.0, 545.0], [1530.0, 1345.0, 673.0], [1530.0, 1223.0, 840.0], [1529.0, 1352.0, 708.0], [1529.0, 1264.0, 831.0], [1526.0, 1395.0, 632.0], [1525.0, 1284.0, 839.0], [1523.0, 1305.0, 825.0], [1522.0, 1306.0, 776.0], [1519.0, 1363.0, 643.0], [1518.0, 1342.0, 740.0], [1516.0, 1380.0, 642.0], [1515.0, 1353.0, 708.0], [1514.0, 1362.0, 664.0], [1514.0, 1311.0, 814.0], [1513.0, 1358.0, 666.0], [1512.0, 1365.0, 685.0], [1511.0, 1320.0, 801.0], [1510.0, 1258.0, 842.0], [1509.0, 1347.0, 737.0], [1509.0, 1301.0, 854.0], [1508.0, 1387.0, 664.0], [1507.0, 1332.0, 780.0], [1506.0, 1348.0, 772.0], [1506.0, 1313.0, 822.0], [1505.0, 1403.0, 657.0], [1505.0, 1324.0, 783.0], [1504.0, 1382.0, 681.0], [1503.0, 1404.0, 614.0], [1503.0, 1355.0, 755.0], [1503.0, 1318.0, 820.0], [1499.0, 1406.0, 600.0], [1497.0, 1413.0, 596.0], [1497.0, 1378.0, 713.0], [1493.0, 1367.0, 736.0], [1493.0, 1321.0, 793.0], [1492.0, 1416.0, 568.0], [1491.0, 1420.0, 550.0], [1490.0, 1337.0, 812.0], [1489.0, 1365.0, 738.0], [1488.0, 1421.0, 597.0], [1488.0, 1390.0, 706.0], [1486.0, 1351.0, 773.0], [1486.0, 1315.0, 823.0], [1486.0, 1312.0, 831.0], [1485.0, 1406.0, 679.0], [1485.0, 1383.0, 728.0], [1483.0, 1361.0, 755.0], [1483.0, 1304.0, 836.0], [1483.0, 1230.0, 886.0], [1482.0, 1352.0, 789.0], [1482.0, 1343.0, 795.0], [1481.0, 1436.0, 613.0], [1481.0, 1414.0, 701.0], [1480.0, 1372.0, 804.0], [1480.0, 1323.0, 840.0], [1479.0, 1282.0, 856.0], [1478.0, 1424.0, 649.0], [1478.0, 1385.0, 709.0], [1476.0, 1446.0, 569.0], [1474.0, 1443.0, 585.0], [1474.0, 1386.0, 742.0], [1473.0, 1391.0, 733.0], [1473.0, 1388.0, 770.0], [1472.0, 1447.0, 680.0], [1472.0, 1371.0, 816.0], [1470.0, 1402.0, 721.0], [1470.0, 1395.0, 722.0], [1468.0, 1456.0, 647.0], [1468.0, 1377.0, 813.0], [1467.0, 1437.0, 690.0], [1467.0, 1331.0, 822.0], [1466.0, 1246.0, 897.0], [1465.0, 1448.0, 650.0], [1464.0, 1343.0, 820.0], [1464.0, 1274.0, 864.0], [1463.0, 1406.0, 709.0], [1463.0, 1381.0, 801.0], [1462.0, 1402.0, 745.0], [1462.0, 1395.0, 768.0], [1462.0, 1389.0, 809.0], [1461.0, 1484.0, 592.0], [1461.0, 1426.0, 704.0], [1460.0, 1394.0, 777.0], [1459.0, 1459.0, 616.0], [1458.0, 1471.0, 612.0], [1458.0, 1286.0, 866.0], [1457.0, 1426.0, 705.0], [1457.0, 1396.0, 775.0], [1457.0, 1353.0, 821.0], [1457.0, 1345.0, 828.0], [1456.0, 1445.0, 685.0], [1456.0, 1411.0, 772.0], [1453.0, 1478.0, 692.0], [1453.0, 1328.0, 839.0], [1452.0, 1409.0, 788.0], [1452.0, 1360.0, 845.0], [1451.0, 1442.0, 697.0], [1451.0, 1413.0, 771.0], [1449.0, 1427.0, 756.0], [1448.0, 1320.0, 846.0], [1447.0, 1314.0, 873.0], [1446.0, 1447.0, 706.0], [1445.0, 1430.0, 713.0], [1444.0, 1491.0, 620.0], [1443.0, 1372.0, 822.0], [1442.0, 1500.0, 608.0], [1442.0, 1434.0, 724.0], [1442.0, 1374.0, 820.0], [1440.0, 1434.0, 737.0], [1438.0, 1487.0, 667.0], [1438.0, 1478.0, 703.0], [1437.0, 1452.0, 712.0], [1437.0, 1419.0, 788.0], [1437.0, 1349.0, 857.0], [1436.0, 1369.0, 833.0], [1434.0, 1421.0, 770.0], [1434.0, 1377.0, 859.0], [1434.0, 1322.0, 860.0], [1430.0, 1469.0, 737.0], [1429.0, 1421.0, 784.0], [1428.0, 1485.0, 687.0], [1428.0, 1450.0, 758.0], [1428.0, 1388.0, 819.0], [1427.0, 1395.0, 833.0], [1426.0, 1525.0, 608.0], [1426.0, 1509.0, 646.0], [1426.0, 1397.0, 805.0], [1424.0, 1423.0, 776.0], [1423.0, 1329.0, 860.0], [1422.0, 1408.0, 792.0], [1421.0, 1416.0, 841.0], [1420.0, 1512.0, 624.0], [1419.0, 1497.0, 671.0], [1419.0, 1496.0, 690.0], [1419.0, 1471.0, 792.0], [1418.0, 1502.0, 676.0], [1418.0, 1482.0, 738.0], [1416.0, 1516.0, 645.0], [1416.0, 1460.0, 798.0], [1416.0, 1428.0, 801.0], [1413.0, 1527.0, 522.0], [1412.0, 1509.0, 654.0], [1411.0, 1533.0, 653.0], [1411.0, 1515.0, 699.0], [1409.0, 1510.0, 731.0], [1401.0, 1543.0, 528.0], [1399.0, 1429.0, 818.0], [1397.0, 1546.0, 546.0], [1396.0, 1542.0, 558.0], [1393.0, 1481.0, 754.0], [1390.0, 1551.0, 610.0], [1390.0, 1534.0, 650.0], [1390.0, 1432.0, 804.0], [1390.0, 1401.0, 842.0], [1388.0, 1520.0, 661.0], [1388.0, 1487.0, 754.0], [1387.0, 1531.0, 664.0], [1387.0, 1518.0, 734.0], [1384.0, 1523.0, 666.0], [1383.0, 1485.0, 773.0], [1382.0, 1538.0, 654.0], [1380.0, 1540.0, 699.0], [1377.0, 1564.0, 601.0], [1375.0, 1463.0, 796.0], [1374.0, 1579.0, 570.0], [1374.0, 1538.0, 737.0], [1370.0, 1570.0, 596.0], [1369.0, 1570.0, 630.0], [1369.0, 1555.0, 631.0], [1367.0, 1591.0, 587.0], [1366.0, 1492.0, 755.0], [1364.0, 1489.0, 774.0], [1364.0, 1459.0, 800.0], [1361.0, 1587.0, 625.0], [1360.0, 1504.0, 742.0], [1360.0, 1501.0, 767.0], [1359.0, 1546.0, 639.0], [1357.0, 1560.0, 632.0], [1357.0, 1504.0, 748.0], [1355.0, 1588.0, 617.0], [1355.0, 1563.0, 675.0], [1351.0, 1458.0, 820.0], [1350.0, 1598.0, 620.0], [1346.0, 1579.0, 630.0], [1343.0, 1554.0, 714.0], [1342.0, 1474.0, 810.0], [1340.0, 1602.0, 525.0], [1340.0, 1562.0, 681.0], [1338.0, 1503.0, 768.0], [1335.0, 1565.0, 682.0], [1335.0, 1553.0, 739.0], [1332.0, 1574.0, 660.0], [1329.0, 1609.0, 603.0], [1329.0, 1498.0, 776.0], [1328.0, 1502.0, 772.0], [1327.0, 1560.0, 684.0], [1326.0, 1578.0, 733.0], [1326.0, 1513.0, 742.0], [1323.0, 1598.0, 649.0], [1323.0, 1538.0, 766.0], [1322.0, 1555.0, 768.0], [1318.0, 1581.0, 651.0], [1317.0, 1510.0, 770.0], [1313.0, 1611.0, 717.0], [1309.0, 1614.0, 605.0], [1307.0, 1556.0, 757.0], [1306.0, 1579.0, 734.0], [1305.0, 1568.0, 738.0], [1295.0, 1621.0, 611.0], [1294.0, 1596.0, 735.0], [1290.0, 1628.0, 608.0], [1285.0, 1661.0, 583.0], [1285.0, 1561.0, 767.0], [1267.0, 1616.0, 651.0], [1258.0, 1627.0, 609.0], [1256.0, 1654.0, 605.0], [1254.0, 1679.0, 598.0], [1252.0, 1615.0, 679.0], [1249.0, 1619.0, 676.0], [1240.0, 1662.0, 619.0], [1237.0, 1640.0, 656.0], [1230.0, 1618.0, 679.0], [1212.0, 1652.0, 669.0], [1212.0, 1651.0, 675.0], [1197.0, 1669.0, 676.0], [1195.0, 1698.0, 622.0], [1184.0, 1673.0, 685.0]]
