heur = false
LBS_limit = 3
preproc = 1
tight_root = 0
total_time = 1800.07
NDP = 1116
total_nodes = 37639
pruned_nodes = 18805
pruned_dominance_nodes = 6473
heur_time = 0.0
Y_N = Any[[2711.0, 1697.0, 5012.0], [2703.0, 1734.0, 5275.0], [2690.0, 1818.0, 5142.0], [2682.0, 1855.0, 5269.0], [2679.0, 1771.0, 5278.0], [2665.0, 1706.0, 5334.0], [2663.0, 1684.0, 5410.0], [2657.0, 1743.0, 5461.0], [2654.0, 1883.0, 5251.0], [2644.0, 1827.0, 5328.0], [2636.0, 1864.0, 5319.0], [2633.0, 1780.0, 5464.0], [2626.0, 1783.0, 5396.0], [2620.0, 1791.0, 5444.0], [2617.0, 1693.0, 5596.0], [2606.0, 1961.0, 5240.0], [2604.0, 1733.0, 5516.0], [2597.0, 1901.0, 5297.0], [2597.0, 1808.0, 5379.0], [2592.0, 1819.0, 5442.0], [2583.0, 1860.0, 5437.0], [2580.0, 1863.0, 5409.0], [2574.0, 1800.0, 5494.0], [2571.0, 1532.0, 5659.0], [2569.0, 1708.0, 5524.0], [2561.0, 1904.0, 5399.0], [2559.0, 1717.0, 5637.0], [2558.0, 1742.0, 5566.0], [2558.0, 1732.0, 5589.0], [2553.0, 1922.0, 5370.0], [2550.0, 1748.0, 5559.0], [2541.0, 1748.0, 5596.0], [2535.0, 1796.0, 5585.0], [2531.0, 1482.0, 5794.0], [2529.0, 1869.0, 5417.0], [2528.0, 1635.0, 5700.0], [2526.0, 1803.0, 5523.0], [2524.0, 1805.0, 5495.0], [2523.0, 1669.0, 5756.0], [2522.0, 1816.0, 5487.0], [2521.0, 1876.0, 5436.0], [2520.0, 1752.0, 5632.0], [2515.0, 1800.0, 5586.0], [2513.0, 1866.0, 5552.0], [2513.0, 1726.0, 5687.0], [2510.0, 1698.0, 5694.0], [2507.0, 1772.0, 5632.0], [2503.0, 1896.0, 5482.0], [2501.0, 1699.0, 5741.0], [2498.0, 1953.0, 5281.0], [2494.0, 1790.0, 5608.0], [2493.0, 1863.0, 5553.0], [2492.0, 1938.0, 5410.0], [2490.0, 1740.0, 5659.0], [2487.0, 1904.0, 5459.0], [2486.0, 1824.0, 5589.0], [2486.0, 1815.0, 5640.0], [2485.0, 1877.0, 5534.0], [2477.0, 1802.0, 5641.0], [2476.0, 1816.0, 5615.0], [2475.0, 1655.0, 5775.0], [2473.0, 1633.0, 5851.0], [2470.0, 1842.0, 5558.0], [2469.0, 1844.0, 5597.0], [2468.0, 1919.0, 5500.0], [2467.0, 1826.0, 5616.0], [2466.0, 1879.0, 5515.0], [2464.0, 1883.0, 5504.0], [2464.0, 1707.0, 5744.0], [2463.0, 1921.0, 5496.0], [2462.0, 1680.0, 5787.0], [2461.0, 1908.0, 5506.0], [2461.0, 1781.0, 5682.0], [2460.0, 1841.0, 5631.0], [2460.0, 1811.0, 5655.0], [2460.0, 1715.0, 5755.0], [2457.0, 1748.0, 5712.0], [2456.0, 1774.0, 5712.0], [2455.0, 1782.0, 5670.0], [2454.0, 1748.0, 5736.0], [2452.0, 1855.0, 5612.0], [2451.0, 1446.0, 5921.0], [2449.0, 1691.0, 5795.0], [2449.0, 1680.0, 5823.0], [2448.0, 1888.0, 5551.0], [2448.0, 1792.0, 5662.0], [2448.0, 1722.0, 5832.0], [2446.0, 1963.0, 5462.0], [2446.0, 1735.0, 5745.0], [2445.0, 1826.0, 5646.0], [2440.0, 1729.0, 5768.0], [2437.0, 1884.0, 5559.0], [2437.0, 1797.0, 5661.0], [2435.0, 1733.0, 5812.0], [2432.0, 1597.0, 5863.0], [2430.0, 1812.0, 5758.0], [2429.0, 1816.0, 5650.0], [2427.0, 1642.0, 5901.0], [2427.0, 1515.0, 6021.0], [2426.0, 1832.0, 5638.0], [2426.0, 1752.0, 5817.0], [2424.0, 1792.0, 5779.0], [2423.0, 1869.0, 5668.0], [2423.0, 1815.0, 5673.0], [2421.0, 1933.0, 5520.0], [2421.0, 1675.0, 5840.0], [2420.0, 1901.0, 5545.0], [2419.0, 1757.0, 5787.0], [2416.0, 1818.0, 5681.0], [2416.0, 1591.0, 5927.0], [2411.0, 1691.0, 5876.0], [2409.0, 1892.0, 5555.0], [2403.0, 1761.0, 5846.0], [2403.0, 1433.0, 6183.0], [2402.0, 1823.0, 5740.0], [2401.0, 1611.0, 5907.0], [2400.0, 1795.0, 5777.0], [2399.0, 1870.0, 5634.0], [2398.0, 1935.0, 5535.0], [2398.0, 1584.0, 5954.0], [2397.0, 1832.0, 5731.0], [2396.0, 1818.0, 5756.0], [2393.0, 1840.0, 5695.0], [2393.0, 1611.0, 5953.0], [2392.0, 1837.0, 5728.0], [2392.0, 1616.0, 5923.0], [2390.0, 1847.0, 5746.0], [2390.0, 1721.0, 5870.0], [2389.0, 1921.0, 5556.0], [2389.0, 1881.0, 5600.0], [2389.0, 1742.0, 5862.0], [2388.0, 1881.0, 5622.0], [2384.0, 1930.0, 5587.0], [2383.0, 1520.0, 5965.0], [2382.0, 1629.0, 5994.0], [2379.0, 1860.0, 5722.0], [2379.0, 1653.0, 5890.0], [2378.0, 1922.0, 5616.0], [2376.0, 1786.0, 5803.0], [2376.0, 1644.0, 5903.0], [2375.0, 1870.0, 5644.0], [2375.0, 1684.0, 5890.0], [2373.0, 1799.0, 5761.0], [2372.0, 1963.0, 5522.0], [2370.0, 1864.0, 5692.0], [2370.0, 1714.0, 5879.0], [2370.0, 1564.0, 6022.0], [2369.0, 1884.0, 5647.0], [2369.0, 1801.0, 5818.0], [2369.0, 1675.0, 5942.0], [2368.0, 1690.0, 5948.0], [2367.0, 1775.0, 5822.0], [2367.0, 1772.0, 5847.0], [2366.0, 1805.0, 5792.0], [2366.0, 1701.0, 5882.0], [2365.0, 1496.0, 6043.0], [2364.0, 1754.0, 5867.0], [2364.0, 1527.0, 6119.0], [2363.0, 1925.0, 5603.0], [2363.0, 1670.0, 5958.0], [2363.0, 1596.0, 6037.0], [2362.0, 1858.0, 5728.0], [2360.0, 1644.0, 5963.0], [2359.0, 1719.0, 5908.0], [2357.0, 1736.0, 5909.0], [2357.0, 1581.0, 6044.0], [2356.0, 1692.0, 5918.0], [2355.0, 1712.0, 5926.0], [2355.0, 1664.0, 5970.0], [2353.0, 1635.0, 5973.0], [2352.0, 1885.0, 5679.0], [2351.0, 1860.0, 5771.0], [2351.0, 1475.0, 6172.0], [2350.0, 1816.0, 5780.0], [2349.0, 1830.0, 5793.0], [2349.0, 1780.0, 5866.0], [2348.0, 1626.0, 6007.0], [2346.0, 1967.0, 5569.0], [2346.0, 1883.0, 5702.0], [2346.0, 1872.0, 5727.0], [2346.0, 1720.0, 5933.0], [2346.0, 1610.0, 6026.0], [2345.0, 1900.0, 5694.0], [2343.0, 1613.0, 6020.0], [2342.0, 1745.0, 5889.0], [2340.0, 1893.0, 5748.0], [2340.0, 1647.0, 6004.0], [2339.0, 1738.0, 5890.0], [2339.0, 1489.0, 6198.0], [2338.0, 1735.0, 5921.0], [2338.0, 1600.0, 6080.0], [2334.0, 1712.0, 5942.0], [2332.0, 1834.0, 5780.0], [2330.0, 1742.0, 5954.0], [2330.0, 1606.0, 6044.0], [2329.0, 1914.0, 5693.0], [2328.0, 1753.0, 5893.0], [2327.0, 1525.0, 6131.0], [2327.0, 1413.0, 6241.0], [2326.0, 1770.0, 5876.0], [2326.0, 1678.0, 5960.0], [2325.0, 1625.0, 6011.0], [2324.0, 1809.0, 5859.0], [2323.0, 1871.0, 5753.0], [2323.0, 1646.0, 6078.0], [2323.0, 1510.0, 6159.0], [2322.0, 1815.0, 5806.0], [2322.0, 1668.0, 6023.0], [2319.0, 1577.0, 6110.0], [2317.0, 1584.0, 6124.0], [2315.0, 1817.0, 5809.0], [2314.0, 1768.0, 5886.0], [2313.0, 1712.0, 5964.0], [2312.0, 1843.0, 5790.0], [2312.0, 1603.0, 6094.0], [2311.0, 1761.0, 5895.0], [2311.0, 1731.0, 5965.0], [2310.0, 1749.0, 5906.0], [2309.0, 1880.0, 5766.0], [2309.0, 1679.0, 6003.0], [2308.0, 1810.0, 5858.0], [2308.0, 1755.0, 5903.0], [2308.0, 1715.0, 5971.0], [2307.0, 1701.0, 5979.0], [2307.0, 1671.0, 6043.0], [2307.0, 1527.0, 6167.0], [2306.0, 1992.0, 5583.0], [2306.0, 1385.0, 6268.0], [2304.0, 1779.0, 5897.0], [2303.0, 1839.0, 5808.0], [2303.0, 1788.0, 5887.0], [2303.0, 1757.0, 5910.0], [2302.0, 1804.0, 5860.0], [2302.0, 1722.0, 5976.0], [2300.0, 1822.0, 5818.0], [2300.0, 1698.0, 6008.0], [2299.0, 1765.0, 5906.0], [2298.0, 1694.0, 6023.0], [2298.0, 1476.0, 6200.0], [2297.0, 1834.0, 5816.0], [2297.0, 1552.0, 6160.0], [2296.0, 1818.0, 5836.0], [2296.0, 1805.0, 5869.0], [2295.0, 1861.0, 5770.0], [2295.0, 1807.0, 5902.0], [2294.0, 1750.0, 5943.0], [2292.0, 1907.0, 5700.0], [2289.0, 1507.0, 6172.0], [2288.0, 1758.0, 5917.0], [2287.0, 1890.0, 5790.0], [2287.0, 1531.0, 6187.0], [2286.0, 1865.0, 5793.0], [2286.0, 1838.0, 5848.0], [2286.0, 1532.0, 6200.0], [2285.0, 1854.0, 5821.0], [2284.0, 1843.0, 5823.0], [2284.0, 1640.0, 6088.0], [2284.0, 1297.0, 6289.0], [2283.0, 1765.0, 5919.0], [2283.0, 1727.0, 5983.0], [2283.0, 1673.0, 6094.0], [2282.0, 1778.0, 5914.0], [2282.0, 1720.0, 6008.0], [2281.0, 1373.0, 6297.0], [2280.0, 1821.0, 5883.0], [2279.0, 1784.0, 5934.0], [2279.0, 1747.0, 5967.0], [2279.0, 1611.0, 6107.0], [2278.0, 1636.0, 6095.0], [2276.0, 1688.0, 6040.0], [2276.0, 1476.0, 6267.0], [2276.0, 1410.0, 6358.0], [2275.0, 1732.0, 5972.0], [2274.0, 1940.0, 5663.0], [2274.0, 1596.0, 6114.0], [2273.0, 1565.0, 6131.0], [2272.0, 1820.0, 5887.0], [2272.0, 1744.0, 5976.0], [2271.0, 1821.0, 5893.0], [2271.0, 1700.0, 6030.0], [2271.0, 1497.0, 6258.0], [2270.0, 1837.0, 5914.0], [2270.0, 1781.0, 5943.0], [2270.0, 1761.0, 5955.0], [2270.0, 1557.0, 6165.0], [2270.0, 1535.0, 6207.0], [2269.0, 1796.0, 5965.0], [2269.0, 1731.0, 5979.0], [2269.0, 1627.0, 6128.0], [2266.0, 1862.0, 5794.0], [2266.0, 1706.0, 6043.0], [2265.0, 1504.0, 6227.0], [2264.0, 1707.0, 6029.0], [2264.0, 1581.0, 6164.0], [2263.0, 1688.0, 6053.0], [2262.0, 1839.0, 5848.0], [2260.0, 1895.0, 5736.0], [2260.0, 1526.0, 6222.0], [2260.0, 1458.0, 6275.0], [2259.0, 1856.0, 5804.0], [2259.0, 1751.0, 5981.0], [2259.0, 1699.0, 6050.0], [2259.0, 1542.0, 6198.0], [2258.0, 1616.0, 6150.0], [2258.0, 1465.0, 6289.0], [2257.0, 1901.0, 5721.0], [2257.0, 1865.0, 5803.0], [2257.0, 1717.0, 6038.0], [2257.0, 1693.0, 6089.0], [2256.0, 1891.0, 5795.0], [2254.0, 1569.0, 6176.0], [2253.0, 1815.0, 5923.0], [2253.0, 1724.0, 5985.0], [2253.0, 1484.0, 6259.0], [2252.0, 1862.0, 5852.0], [2252.0, 1582.0, 6172.0], [2252.0, 1556.0, 6204.0], [2250.0, 1914.0, 5718.0], [2250.0, 1560.0, 6219.0], [2250.0, 1434.0, 6335.0], [2248.0, 1767.0, 5974.0], [2248.0, 1748.0, 5993.0], [2248.0, 1721.0, 6009.0], [2248.0, 1714.0, 6069.0], [2248.0, 1563.0, 6236.0], [2247.0, 1915.0, 5804.0], [2247.0, 1853.0, 5872.0], [2247.0, 1726.0, 5994.0], [2247.0, 1683.0, 6109.0], [2247.0, 1624.0, 6150.0], [2247.0, 1596.0, 6162.0], [2246.0, 1726.0, 6033.0], [2245.0, 1734.0, 6012.0], [2245.0, 1720.0, 6057.0], [2245.0, 1600.0, 6167.0], [2244.0, 1601.0, 6158.0], [2244.0, 1498.0, 6283.0], [2243.0, 1643.0, 6130.0], [2241.0, 1918.0, 5741.0], [2241.0, 1737.0, 6053.0], [2240.0, 1507.0, 6271.0], [2239.0, 1818.0, 5922.0], [2237.0, 1841.0, 5891.0], [2237.0, 1451.0, 6295.0], [2236.0, 1833.0, 5921.0], [2236.0, 1770.0, 5976.0], [2236.0, 1640.0, 6145.0], [2235.0, 1750.0, 6003.0], [2235.0, 1723.0, 6074.0], [2235.0, 1570.0, 6193.0], [2234.0, 1805.0, 5989.0], [2234.0, 1732.0, 6079.0], [2233.0, 1740.0, 6007.0], [2233.0, 1719.0, 6089.0], [2233.0, 1645.0, 6111.0], [2232.0, 1808.0, 5936.0], [2231.0, 1574.0, 6211.0], [2230.0, 1895.0, 5838.0], [2230.0, 1813.0, 5942.0], [2229.0, 1820.0, 5954.0], [2229.0, 1758.0, 5992.0], [2228.0, 1670.0, 6112.0], [2228.0, 1469.0, 6316.0], [2227.0, 1853.0, 5909.0], [2227.0, 1643.0, 6131.0], [2227.0, 1441.0, 6349.0], [2226.0, 1660.0, 6117.0], [2226.0, 1497.0, 6288.0], [2226.0, 1311.0, 6363.0], [2225.0, 1781.0, 5990.0], [2225.0, 1734.0, 6064.0], [2225.0, 1592.0, 6176.0], [2225.0, 1531.0, 6243.0], [2225.0, 1318.0, 6423.0], [2224.0, 1866.0, 5849.0], [2224.0, 1590.0, 6190.0], [2224.0, 1584.0, 6215.0], [2223.0, 1750.0, 6029.0], [2223.0, 1411.0, 6386.0], [2222.0, 1879.0, 5847.0], [2222.0, 1744.0, 6035.0], [2222.0, 1671.0, 6117.0], [2222.0, 1625.0, 6153.0], [2221.0, 1841.0, 5913.0], [2220.0, 1762.0, 6029.0], [2220.0, 1602.0, 6157.0], [2219.0, 1883.0, 5882.0], [2219.0, 1858.0, 5890.0], [2219.0, 1645.0, 6181.0], [2219.0, 1539.0, 6247.0], [2217.0, 1941.0, 5613.0], [2216.0, 1509.0, 6265.0], [2216.0, 1425.0, 6433.0], [2214.0, 1670.0, 6130.0], [2214.0, 1522.0, 6252.0], [2214.0, 1494.0, 6309.0], [2214.0, 1476.0, 6352.0], [2213.0, 1513.0, 6297.0], [2212.0, 1885.0, 5850.0], [2212.0, 1655.0, 6142.0], [2212.0, 1632.0, 6183.0], [2212.0, 1546.0, 6271.0], [2212.0, 1509.0, 6311.0], [2212.0, 1466.0, 6373.0], [2211.0, 1684.0, 6133.0], [2210.0, 1811.0, 5994.0], [2210.0, 1738.0, 6066.0], [2209.0, 1662.0, 6143.0], [2209.0, 1640.0, 6191.0], [2207.0, 1756.0, 6032.0], [2207.0, 1691.0, 6108.0], [2207.0, 1458.0, 6398.0], [2206.0, 1841.0, 5951.0], [2206.0, 1828.0, 5963.0], [2206.0, 1591.0, 6222.0], [2205.0, 1780.0, 5995.0], [2204.0, 1595.0, 6192.0], [2203.0, 1811.0, 5999.0], [2203.0, 1670.0, 6146.0], [2203.0, 1602.0, 6199.0], [2202.0, 1539.0, 6310.0], [2201.0, 1862.0, 5887.0], [2201.0, 1609.0, 6213.0], [2201.0, 1548.0, 6259.0], [2201.0, 1474.0, 6356.0], [2200.0, 1775.0, 6000.0], [2200.0, 1592.0, 6220.0], [2200.0, 1527.0, 6314.0], [2198.0, 1713.0, 6134.0], [2198.0, 1610.0, 6195.0], [2197.0, 1791.0, 6020.0], [2197.0, 1661.0, 6147.0], [2196.0, 1868.0, 5909.0], [2196.0, 1676.0, 6149.0], [2196.0, 1646.0, 6184.0], [2195.0, 1740.0, 6039.0], [2195.0, 1647.0, 6189.0], [2194.0, 1924.0, 5797.0], [2194.0, 1801.0, 6011.0], [2194.0, 1717.0, 6093.0], [2193.0, 1545.0, 6274.0], [2193.0, 1474.0, 6405.0], [2192.0, 1839.0, 5962.0], [2192.0, 1721.0, 6085.0], [2191.0, 1775.0, 6047.0], [2191.0, 1528.0, 6331.0], [2190.0, 1762.0, 6072.0], [2190.0, 1564.0, 6268.0], [2189.0, 1579.0, 6243.0], [2189.0, 1505.0, 6363.0], [2189.0, 1468.0, 6411.0], [2188.0, 1741.0, 6129.0], [2188.0, 1585.0, 6258.0], [2186.0, 1607.0, 6237.0], [2184.0, 1943.0, 5643.0], [2184.0, 1904.0, 5853.0], [2184.0, 1708.0, 6140.0], [2184.0, 1552.0, 6279.0], [2183.0, 1856.0, 5913.0], [2183.0, 1845.0, 5943.0], [2183.0, 1821.0, 5991.0], [2183.0, 1793.0, 6029.0], [2183.0, 1688.0, 6141.0], [2182.0, 1661.0, 6186.0], [2182.0, 1639.0, 6194.0], [2182.0, 1553.0, 6279.0], [2181.0, 1669.0, 6175.0], [2181.0, 1636.0, 6215.0], [2181.0, 1551.0, 6313.0], [2180.0, 1935.0, 5846.0], [2180.0, 1826.0, 5990.0], [2180.0, 1688.0, 6153.0], [2179.0, 1780.0, 6055.0], [2179.0, 1709.0, 6151.0], [2179.0, 1671.0, 6160.0], [2179.0, 1571.0, 6280.0], [2178.0, 1801.0, 6014.0], [2177.0, 1966.0, 5763.0], [2177.0, 1870.0, 5914.0], [2177.0, 1765.0, 6107.0], [2177.0, 1576.0, 6270.0], [2177.0, 1567.0, 6283.0], [2176.0, 1842.0, 5944.0], [2176.0, 1769.0, 6067.0], [2176.0, 1657.0, 6191.0], [2176.0, 1648.0, 6207.0], [2176.0, 1563.0, 6287.0], [2176.0, 1555.0, 6289.0], [2175.0, 1783.0, 6034.0], [2175.0, 1752.0, 6109.0], [2175.0, 1674.0, 6154.0], [2175.0, 1615.0, 6233.0], [2173.0, 1905.0, 5860.0], [2173.0, 1595.0, 6250.0], [2173.0, 1520.0, 6336.0], [2172.0, 1641.0, 6210.0], [2172.0, 1630.0, 6234.0], [2172.0, 1559.0, 6325.0], [2171.0, 1847.0, 5925.0], [2171.0, 1818.0, 6059.0], [2171.0, 1690.0, 6185.0], [2171.0, 1577.0, 6282.0], [2170.0, 1861.0, 5933.0], [2170.0, 1327.0, 6533.0], [2169.0, 1599.0, 6271.0], [2168.0, 1551.0, 6329.0], [2167.0, 1621.0, 6252.0], [2166.0, 1773.0, 6084.0], [2166.0, 1771.0, 6114.0], [2166.0, 1743.0, 6137.0], [2165.0, 1381.0, 6513.0], [2164.0, 1767.0, 6129.0], [2164.0, 1662.0, 6212.0], [2162.0, 1853.0, 5941.0], [2160.0, 1578.0, 6272.0], [2159.0, 1718.0, 6152.0], [2158.0, 1579.0, 6289.0], [2158.0, 1230.0, 6546.0], [2157.0, 1786.0, 6070.0], [2157.0, 1609.0, 6267.0], [2156.0, 1883.0, 5925.0], [2156.0, 1636.0, 6241.0], [2156.0, 1515.0, 6369.0], [2156.0, 1488.0, 6387.0], [2155.0, 1786.0, 6075.0], [2155.0, 1598.0, 6316.0], [2154.0, 1889.0, 5891.0], [2154.0, 1690.0, 6217.0], [2154.0, 1528.0, 6364.0], [2154.0, 1459.0, 6426.0], [2153.0, 1839.0, 5966.0], [2152.0, 1696.0, 6153.0], [2151.0, 1921.0, 5857.0], [2151.0, 1810.0, 6069.0], [2151.0, 1657.0, 6243.0], [2151.0, 1617.0, 6284.0], [2151.0, 1438.0, 6429.0], [2150.0, 1776.0, 6077.0], [2150.0, 1505.0, 6412.0], [2149.0, 1898.0, 5879.0], [2149.0, 1540.0, 6338.0], [2149.0, 1516.0, 6366.0], [2149.0, 1453.0, 6442.0], [2149.0, 1299.0, 6558.0], [2148.0, 1721.0, 6145.0], [2148.0, 1626.0, 6274.0], [2148.0, 1601.0, 6290.0], [2147.0, 1571.0, 6337.0], [2146.0, 1914.0, 5911.0], [2146.0, 1857.0, 5952.0], [2144.0, 1774.0, 6081.0], [2144.0, 1701.0, 6180.0], [2144.0, 1656.0, 6260.0], [2144.0, 1474.0, 6433.0], [2143.0, 1573.0, 6319.0], [2143.0, 1514.0, 6413.0], [2142.0, 1673.0, 6235.0], [2142.0, 1621.0, 6302.0], [2142.0, 1397.0, 6460.0], [2142.0, 1355.0, 6521.0], [2141.0, 1520.0, 6369.0], [2140.0, 1471.0, 6455.0], [2139.0, 1735.0, 6199.0], [2139.0, 1669.0, 6266.0], [2138.0, 1822.0, 6010.0], [2138.0, 1802.0, 6070.0], [2137.0, 1864.0, 5983.0], [2137.0, 1599.0, 6347.0], [2136.0, 1881.0, 5932.0], [2136.0, 1540.0, 6359.0], [2134.0, 1832.0, 6054.0], [2133.0, 1859.0, 5992.0], [2133.0, 1834.0, 6007.0], [2131.0, 1519.0, 6404.0], [2131.0, 1515.0, 6406.0], [2130.0, 1672.0, 6255.0], [2129.0, 1656.0, 6290.0], [2129.0, 1529.0, 6367.0], [2129.0, 1446.0, 6492.0], [2128.0, 1409.0, 6501.0], [2127.0, 1211.0, 6581.0], [2126.0, 1488.0, 6442.0], [2125.0, 1781.0, 6118.0], [2125.0, 1560.0, 6390.0], [2124.0, 1805.0, 6133.0], [2124.0, 1695.0, 6265.0], [2124.0, 1567.0, 6354.0], [2123.0, 1865.0, 6031.0], [2123.0, 1208.0, 6599.0], [2122.0, 1377.0, 6517.0], [2121.0, 1629.0, 6300.0], [2120.0, 1880.0, 5936.0], [2119.0, 1867.0, 6021.0], [2119.0, 1742.0, 6151.0], [2119.0, 1481.0, 6454.0], [2119.0, 1447.0, 6479.0], [2118.0, 1793.0, 6135.0], [2118.0, 1721.0, 6207.0], [2118.0, 1584.0, 6370.0], [2117.0, 1696.0, 6214.0], [2117.0, 1617.0, 6314.0], [2117.0, 1395.0, 6560.0], [2116.0, 1708.0, 6209.0], [2116.0, 1502.0, 6421.0], [2115.0, 1767.0, 6143.0], [2115.0, 1756.0, 6180.0], [2115.0, 1396.0, 6510.0], [2114.0, 1828.0, 6081.0], [2114.0, 1794.0, 6165.0], [2113.0, 1892.0, 5989.0], [2113.0, 1718.0, 6213.0], [2113.0, 1625.0, 6347.0], [2113.0, 1490.0, 6426.0], [2113.0, 1471.0, 6457.0], [2113.0, 1459.0, 6474.0], [2113.0, 1423.0, 6502.0], [2109.0, 1843.0, 6032.0], [2108.0, 1918.0, 5954.0], [2108.0, 1760.0, 6189.0], [2108.0, 1418.0, 6517.0], [2106.0, 1811.0, 6084.0], [2106.0, 1529.0, 6447.0], [2106.0, 1515.0, 6448.0], [2105.0, 1839.0, 6051.0], [2104.0, 1812.0, 6085.0], [2104.0, 1702.0, 6217.0], [2104.0, 1480.0, 6482.0], [2103.0, 1725.0, 6223.0], [2102.0, 1738.0, 6225.0], [2102.0, 1327.0, 6573.0], [2101.0, 1534.0, 6393.0], [2100.0, 1668.0, 6287.0], [2100.0, 1612.0, 6389.0], [2099.0, 1810.0, 6092.0], [2099.0, 1806.0, 6094.0], [2099.0, 1535.0, 6443.0], [2098.0, 1842.0, 6076.0], [2098.0, 1537.0, 6402.0], [2098.0, 1424.0, 6550.0], [2098.0, 1295.0, 6598.0], [2097.0, 1685.0, 6298.0], [2095.0, 1812.0, 6112.0], [2094.0, 1766.0, 6215.0], [2094.0, 1712.0, 6237.0], [2094.0, 1508.0, 6483.0], [2093.0, 1700.0, 6254.0], [2092.0, 1442.0, 6523.0], [2092.0, 1420.0, 6583.0], [2092.0, 1279.0, 6614.0], [2091.0, 1821.0, 6116.0], [2090.0, 1835.0, 6077.0], [2089.0, 1799.0, 6163.0], [2089.0, 1473.0, 6508.0], [2089.0, 1402.0, 6608.0], [2088.0, 1834.0, 6110.0], [2088.0, 1729.0, 6229.0], [2088.0, 1642.0, 6303.0], [2088.0, 1515.0, 6455.0], [2087.0, 1780.0, 6173.0], [2087.0, 1709.0, 6263.0], [2086.0, 1885.0, 6038.0], [2085.0, 1576.0, 6404.0], [2085.0, 1486.0, 6486.0], [2085.0, 1398.0, 6648.0], [2084.0, 1659.0, 6304.0], [2084.0, 1538.0, 6427.0], [2083.0, 1627.0, 6354.0], [2083.0, 1527.0, 6457.0], [2082.0, 1824.0, 6112.0], [2080.0, 1825.0, 6132.0], [2080.0, 1544.0, 6418.0], [2079.0, 1655.0, 6307.0], [2079.0, 1646.0, 6328.0], [2079.0, 1506.0, 6498.0], [2079.0, 1468.0, 6549.0], [2078.0, 1740.0, 6276.0], [2078.0, 1668.0, 6311.0], [2078.0, 1619.0, 6377.0], [2078.0, 1561.0, 6418.0], [2078.0, 1477.0, 6499.0], [2077.0, 1776.0, 6227.0], [2076.0, 1508.0, 6493.0], [2075.0, 1677.0, 6300.0], [2075.0, 1540.0, 6433.0], [2075.0, 1522.0, 6473.0], [2075.0, 1426.0, 6585.0], [2074.0, 1692.0, 6294.0], [2073.0, 1830.0, 6119.0], [2072.0, 1550.0, 6433.0], [2071.0, 1851.0, 6050.0], [2071.0, 1565.0, 6425.0], [2070.0, 1568.0, 6425.0], [2070.0, 1476.0, 6521.0], [2069.0, 1641.0, 6334.0], [2069.0, 1589.0, 6403.0], [2068.0, 1626.0, 6395.0], [2067.0, 1819.0, 6140.0], [2067.0, 1629.0, 6345.0], [2066.0, 1352.0, 6659.0], [2065.0, 1705.0, 6310.0], [2064.0, 1900.0, 5965.0], [2064.0, 1783.0, 6203.0], [2064.0, 1470.0, 6534.0], [2062.0, 1641.0, 6365.0], [2062.0, 1563.0, 6446.0], [2062.0, 1548.0, 6447.0], [2062.0, 1445.0, 6586.0], [2061.0, 1803.0, 6157.0], [2061.0, 1720.0, 6295.0], [2061.0, 1666.0, 6326.0], [2061.0, 1207.0, 6681.0], [2060.0, 1725.0, 6283.0], [2058.0, 1592.0, 6441.0], [2057.0, 1789.0, 6195.0], [2056.0, 1654.0, 6366.0], [2056.0, 1370.0, 6670.0], [2055.0, 1620.0, 6403.0], [2052.0, 1642.0, 6380.0], [2051.0, 1818.0, 6206.0], [2051.0, 1487.0, 6499.0], [2049.0, 1841.0, 6175.0], [2049.0, 1726.0, 6278.0], [2049.0, 1509.0, 6491.0], [2049.0, 1463.0, 6579.0], [2048.0, 1750.0, 6313.0], [2047.0, 1848.0, 6123.0], [2047.0, 1613.0, 6417.0], [2047.0, 1506.0, 6518.0], [2046.0, 1682.0, 6376.0], [2045.0, 1622.0, 6407.0], [2045.0, 1545.0, 6502.0], [2044.0, 1766.0, 6253.0], [2044.0, 1711.0, 6364.0], [2044.0, 1558.0, 6483.0], [2043.0, 1824.0, 6181.0], [2042.0, 1593.0, 6426.0], [2042.0, 1350.0, 6707.0], [2041.0, 1849.0, 6081.0], [2040.0, 1423.0, 6603.0], [2039.0, 1494.0, 6520.0], [2038.0, 1657.0, 6381.0], [2038.0, 1611.0, 6420.0], [2038.0, 1458.0, 6582.0], [2038.0, 1358.0, 6688.0], [2036.0, 1470.0, 6564.0], [2035.0, 1419.0, 6625.0], [2034.0, 1606.0, 6432.0], [2033.0, 1859.0, 6094.0], [2032.0, 1870.0, 6080.0], [2032.0, 1636.0, 6388.0], [2032.0, 1494.0, 6531.0], [2032.0, 1483.0, 6537.0], [2030.0, 1579.0, 6468.0], [2030.0, 1387.0, 6704.0], [2030.0, 1336.0, 6714.0], [2029.0, 1343.0, 6774.0], [2028.0, 1632.0, 6402.0], [2028.0, 1478.0, 6542.0], [2027.0, 1857.0, 6144.0], [2027.0, 1623.0, 6428.0], [2027.0, 1435.0, 6608.0], [2026.0, 1671.0, 6382.0], [2025.0, 1880.0, 6113.0], [2025.0, 1625.0, 6461.0], [2025.0, 1448.0, 6616.0], [2022.0, 1582.0, 6514.0], [2021.0, 1797.0, 6244.0], [2020.0, 1840.0, 6180.0], [2020.0, 1646.0, 6384.0], [2020.0, 1632.0, 6412.0], [2020.0, 1535.0, 6524.0], [2020.0, 1450.0, 6648.0], [2019.0, 1485.0, 6545.0], [2018.0, 1929.0, 6028.0], [2018.0, 1852.0, 6145.0], [2018.0, 1696.0, 6390.0], [2017.0, 1890.0, 6100.0], [2017.0, 1870.0, 6118.0], [2016.0, 1534.0, 6526.0], [2014.0, 1904.0, 6048.0], [2013.0, 1557.0, 6516.0], [2013.0, 1527.0, 6530.0], [2013.0, 1466.0, 6581.0], [2012.0, 1470.0, 6569.0], [2011.0, 1758.0, 6279.0], [2010.0, 1636.0, 6418.0], [2010.0, 1554.0, 6538.0], [2010.0, 1515.0, 6559.0], [2009.0, 1815.0, 6262.0], [2009.0, 1646.0, 6425.0], [2008.0, 1745.0, 6328.0], [2008.0, 1396.0, 6676.0], [2007.0, 1863.0, 6169.0], [2007.0, 1659.0, 6400.0], [2006.0, 1725.0, 6340.0], [2005.0, 1760.0, 6288.0], [2005.0, 1669.0, 6394.0], [2005.0, 1660.0, 6411.0], [2003.0, 1647.0, 6413.0], [2002.0, 1613.0, 6465.0], [2002.0, 1528.0, 6550.0], [2000.0, 1932.0, 6066.0], [2000.0, 1506.0, 6562.0], [1997.0, 1484.0, 6563.0], [1995.0, 1403.0, 6654.0], [1994.0, 1823.0, 6199.0], [1994.0, 1752.0, 6337.0], [1994.0, 1629.0, 6433.0], [1994.0, 1482.0, 6564.0], [1994.0, 1474.0, 6581.0], [1993.0, 1493.0, 6626.0], [1992.0, 1851.0, 6174.0], [1992.0, 1756.0, 6327.0], [1992.0, 1424.0, 6654.0], [1992.0, 1255.0, 6857.0], [1991.0, 1765.0, 6293.0], [1991.0, 1392.0, 6727.0], [1989.0, 1721.0, 6343.0], [1989.0, 1635.0, 6458.0], [1988.0, 1330.0, 6792.0], [1987.0, 1882.0, 6126.0], [1987.0, 1702.0, 6406.0], [1987.0, 1654.0, 6449.0], [1987.0, 1411.0, 6703.0], [1986.0, 1771.0, 6264.0], [1986.0, 1704.0, 6375.0], [1986.0, 1556.0, 6589.0], [1985.0, 1747.0, 6362.0], [1985.0, 1614.0, 6519.0], [1985.0, 1496.0, 6616.0], [1983.0, 1690.0, 6420.0], [1982.0, 1861.0, 6217.0], [1982.0, 1773.0, 6281.0], [1981.0, 1756.0, 6350.0], [1981.0, 1493.0, 6645.0], [1981.0, 1372.0, 6730.0], [1980.0, 1848.0, 6222.0], [1980.0, 1828.0, 6238.0], [1979.0, 1437.0, 6666.0], [1978.0, 1641.0, 6456.0], [1978.0, 1580.0, 6527.0], [1976.0, 1732.0, 6395.0], [1976.0, 1584.0, 6540.0], [1975.0, 1514.0, 6606.0], [1974.0, 1430.0, 6694.0], [1973.0, 1720.0, 6409.0], [1973.0, 1627.0, 6515.0], [1973.0, 1495.0, 6624.0], [1971.0, 1657.0, 6473.0], [1971.0, 1401.0, 6725.0], [1970.0, 1783.0, 6297.0], [1969.0, 1684.0, 6429.0], [1969.0, 1406.0, 6728.0], [1968.0, 1881.0, 6130.0], [1968.0, 1448.0, 6667.0], [1967.0, 1795.0, 6280.0], [1966.0, 1405.0, 6734.0], [1965.0, 1397.0, 6758.0], [1963.0, 1744.0, 6413.0], [1963.0, 1667.0, 6448.0], [1961.0, 1786.0, 6300.0], [1961.0, 1529.0, 6634.0], [1961.0, 1477.0, 6659.0], [1960.0, 1685.0, 6424.0], [1958.0, 1900.0, 6155.0], [1958.0, 1775.0, 6332.0], [1958.0, 1631.0, 6505.0], [1958.0, 1590.0, 6555.0], [1958.0, 1470.0, 6689.0], [1957.0, 1579.0, 6586.0], [1956.0, 1676.0, 6439.0], [1956.0, 1659.0, 6497.0], [1955.0, 1642.0, 6499.0], [1954.0, 1801.0, 6292.0], [1954.0, 1491.0, 6647.0], [1953.0, 1462.0, 6723.0], [1951.0, 1675.0, 6480.0], [1951.0, 1661.0, 6525.0], [1949.0, 1814.0, 6270.0], [1949.0, 1759.0, 6347.0], [1948.0, 1693.0, 6416.0], [1946.0, 1722.0, 6425.0], [1946.0, 1302.0, 6822.0], [1945.0, 1790.0, 6314.0], [1944.0, 1601.0, 6537.0], [1944.0, 1382.0, 6783.0], [1943.0, 1942.0, 6088.0], [1943.0, 1745.0, 6364.0], [1943.0, 1728.0, 6424.0], [1943.0, 1498.0, 6663.0], [1942.0, 1806.0, 6319.0], [1942.0, 1679.0, 6477.0], [1941.0, 1855.0, 6287.0], [1941.0, 1687.0, 6454.0], [1941.0, 1563.0, 6599.0], [1940.0, 1723.0, 6431.0], [1939.0, 1711.0, 6466.0], [1938.0, 1567.0, 6601.0], [1938.0, 1473.0, 6669.0], [1936.0, 1853.0, 6299.0], [1935.0, 1783.0, 6365.0], [1934.0, 1894.0, 6198.0], [1932.0, 1589.0, 6610.0], [1930.0, 1515.0, 6677.0], [1929.0, 1413.0, 6754.0], [1928.0, 1757.0, 6384.0], [1928.0, 1430.0, 6757.0], [1927.0, 1534.0, 6616.0], [1926.0, 1616.0, 6528.0], [1926.0, 1604.0, 6589.0], [1925.0, 1871.0, 6239.0], [1925.0, 1627.0, 6530.0], [1925.0, 1427.0, 6758.0], [1923.0, 1759.0, 6375.0], [1923.0, 1472.0, 6694.0], [1922.0, 1611.0, 6553.0], [1921.0, 1613.0, 6533.0], [1921.0, 1373.0, 6829.0], [1920.0, 1455.0, 6727.0], [1919.0, 1742.0, 6417.0], [1919.0, 1480.0, 6682.0], [1919.0, 1447.0, 6770.0], [1917.0, 1756.0, 6412.0], [1917.0, 1543.0, 6623.0], [1916.0, 1779.0, 6378.0], [1915.0, 1551.0, 6640.0], [1915.0, 1391.0, 6802.0], [1913.0, 1500.0, 6694.0], [1912.0, 1790.0, 6342.0], [1912.0, 1532.0, 6678.0], [1912.0, 1105.0, 6926.0], [1911.0, 1768.0, 6409.0], [1911.0, 1722.0, 6434.0], [1911.0, 1676.0, 6487.0], [1911.0, 1563.0, 6631.0], [1911.0, 1258.0, 6833.0], [1910.0, 1653.0, 6540.0], [1910.0, 1632.0, 6567.0], [1910.0, 1609.0, 6579.0], [1908.0, 1749.0, 6458.0], [1908.0, 1717.0, 6471.0], [1908.0, 1505.0, 6697.0], [1907.0, 1283.0, 6888.0], [1906.0, 1553.0, 6641.0], [1905.0, 1360.0, 6864.0], [1904.0, 1675.0, 6555.0], [1903.0, 1476.0, 6734.0], [1902.0, 1568.0, 6650.0], [1902.0, 1449.0, 6765.0], [1902.0, 1386.0, 6858.0], [1901.0, 1831.0, 6337.0], [1901.0, 1601.0, 6603.0], [1899.0, 1482.0, 6720.0], [1898.0, 1780.0, 6430.0], [1898.0, 1501.0, 6699.0], [1898.0, 1390.0, 6898.0], [1896.0, 1682.0, 6490.0], [1896.0, 1467.0, 6738.0], [1896.0, 1445.0, 6798.0], [1895.0, 1397.0, 6804.0], [1893.0, 1693.0, 6496.0], [1893.0, 1483.0, 6705.0], [1892.0, 1620.0, 6585.0], [1889.0, 1726.0, 6524.0], [1888.0, 1533.0, 6680.0], [1887.0, 1803.0, 6364.0], [1886.0, 1280.0, 6944.0], [1885.0, 1550.0, 6652.0], [1884.0, 1865.0, 6309.0], [1884.0, 1464.0, 6770.0], [1883.0, 1795.0, 6375.0], [1883.0, 1605.0, 6671.0], [1883.0, 1496.0, 6703.0], [1882.0, 1672.0, 6566.0], [1882.0, 1526.0, 6714.0], [1878.0, 1766.0, 6479.0], [1877.0, 1561.0, 6700.0], [1874.0, 1607.0, 6604.0], [1874.0, 1501.0, 6736.0], [1872.0, 1735.0, 6494.0], [1871.0, 1825.0, 6372.0], [1871.0, 1495.0, 6803.0], [1868.0, 1519.0, 6720.0], [1864.0, 1386.0, 6937.0], [1863.0, 1884.0, 6328.0], [1862.0, 1814.0, 6394.0], [1862.0, 1630.0, 6613.0], [1862.0, 1560.0, 6719.0], [1861.0, 1631.0, 6609.0], [1860.0, 1526.0, 6751.0], [1857.0, 1655.0, 6572.0], [1856.0, 1562.0, 6716.0], [1855.0, 1776.0, 6431.0], [1855.0, 1654.0, 6587.0], [1855.0, 1444.0, 6807.0], [1854.0, 1262.0, 7000.0], [1853.0, 1633.0, 6606.0], [1853.0, 1580.0, 6675.0], [1852.0, 1661.0, 6573.0], [1848.0, 1746.0, 6543.0], [1848.0, 1181.0, 7024.0], [1847.0, 1656.0, 6611.0], [1846.0, 1823.0, 6383.0], [1845.0, 1582.0, 6703.0], [1845.0, 1421.0, 6822.0], [1844.0, 1451.0, 6804.0], [1841.0, 1828.0, 6382.0], [1839.0, 1624.0, 6648.0], [1838.0, 1403.0, 6901.0], [1835.0, 1423.0, 6818.0], [1834.0, 1820.0, 6431.0], [1834.0, 1672.0, 6575.0], [1834.0, 1510.0, 6772.0], [1834.0, 1506.0, 6809.0], [1834.0, 1135.0, 7065.0], [1832.0, 1774.0, 6448.0], [1830.0, 1421.0, 6896.0], [1829.0, 1888.0, 6303.0], [1827.0, 1517.0, 6772.0], [1827.0, 1493.0, 6852.0], [1826.0, 1695.0, 6593.0], [1825.0, 1608.0, 6686.0], [1825.0, 1562.0, 6771.0], [1825.0, 1496.0, 6812.0], [1824.0, 1635.0, 6671.0], [1824.0, 1300.0, 6988.0], [1823.0, 1668.0, 6625.0], [1820.0, 1771.0, 6496.0], [1819.0, 1261.0, 7048.0], [1817.0, 1885.0, 6351.0], [1813.0, 1516.0, 6786.0], [1811.0, 1756.0, 6529.0], [1803.0, 1855.0, 6455.0], [1803.0, 1729.0, 6572.0], [1803.0, 1669.0, 6637.0], [1798.0, 1469.0, 6916.0], [1797.0, 1623.0, 6735.0], [1796.0, 1689.0, 6667.0], [1794.0, 1519.0, 6800.0], [1792.0, 1707.0, 6605.0], [1791.0, 1396.0, 6931.0], [1790.0, 1316.0, 6984.0], [1789.0, 1576.0, 6790.0], [1788.0, 1514.0, 6811.0], [1788.0, 1506.0, 6856.0], [1787.0, 1719.0, 6615.0], [1785.0, 1634.0, 6678.0], [1785.0, 1596.0, 6775.0], [1785.0, 1527.0, 6804.0], [1784.0, 1766.0, 6561.0], [1784.0, 1628.0, 6738.0], [1783.0, 1706.0, 6629.0], [1783.0, 1650.0, 6695.0], [1779.0, 1689.0, 6671.0], [1778.0, 1542.0, 6825.0], [1777.0, 1390.0, 6932.0], [1774.0, 1759.0, 6612.0], [1773.0, 1389.0, 6952.0], [1771.0, 1433.0, 6959.0], [1770.0, 1189.0, 7049.0], [1765.0, 1606.0, 6759.0], [1765.0, 1554.0, 6849.0], [1763.0, 1655.0, 6681.0], [1757.0, 1333.0, 7031.0], [1754.0, 1685.0, 6691.0], [1752.0, 1441.0, 6986.0], [1751.0, 1704.0, 6633.0], [1749.0, 1769.0, 6539.0], [1745.0, 1288.0, 7063.0], [1743.0, 1611.0, 6741.0], [1742.0, 1326.0, 7051.0], [1736.0, 1567.0, 6803.0], [1728.0, 1359.0, 7033.0], [1724.0, 1480.0, 6942.0], [1721.0, 1364.0, 7024.0], [1721.0, 1224.0, 7108.0], [1715.0, 1283.0, 7184.0], [1714.0, 1445.0, 7015.0], [1713.0, 1389.0, 7040.0], [1711.0, 1487.0, 6889.0], [1706.0, 1493.0, 6866.0], [1705.0, 1495.0, 6893.0], [1702.0, 1539.0, 6872.0], [1701.0, 1237.0, 7225.0], [1699.0, 1572.0, 6852.0], [1698.0, 1348.0, 7057.0], [1693.0, 1420.0, 7049.0], [1691.0, 1675.0, 6760.0], [1691.0, 1549.0, 6877.0], [1690.0, 1599.0, 6786.0], [1677.0, 1575.0, 6832.0], [1674.0, 1311.0, 7072.0], [1671.0, 1703.0, 6647.0], [1667.0, 1578.0, 6967.0], [1665.0, 1483.0, 6973.0], [1663.0, 1421.0, 7036.0], [1658.0, 1588.0, 6794.0], [1657.0, 1605.0, 6890.0], [1653.0, 1728.0, 6751.0], [1643.0, 1148.0, 7275.0], [1639.0, 1403.0, 7058.0], [1630.0, 1286.0, 7082.0], [1626.0, 1504.0, 7060.0], [1617.0, 1307.0, 7166.0], [1599.0, 1354.0, 7075.0], [1594.0, 1469.0, 7076.0], [1591.0, 1329.0, 7154.0], [1589.0, 1302.0, 7225.0], [1589.0, 1199.0, 7239.0], [1569.0, 1175.0, 7290.0], [1561.0, 1334.0, 7258.0], [1554.0, 1420.0, 7229.0], [1496.0, 1493.0, 7194.0], [1485.0, 1221.0, 7375.0], [1463.0, 1358.0, 7240.0], [1456.0, 1444.0, 7211.0]]
