heur = false
LBS_limit = 3
preproc = 1
tight_root = 0
total_time = 1800.14
NDP = 908
total_nodes = 49941
pruned_nodes = 24962
pruned_dominance_nodes = 7262
heur_time = 0.0
Y_N = Any[[1154.0, 500.0, 4423.0], [1143.0, 574.0, 4398.0], [1141.0, 501.0, 4430.0], [1130.0, 575.0, 4405.0], [1129.0, 463.0, 4554.0], [1120.0, 613.0, 4418.0], [1119.0, 518.0, 4535.0], [1113.0, 479.0, 4605.0], [1112.0, 622.0, 4366.0], [1104.0, 500.0, 4544.0], [1100.0, 539.0, 4497.0], [1096.0, 493.0, 4564.0], [1096.0, 437.0, 4628.0], [1095.0, 549.0, 4530.0], [1094.0, 499.0, 4553.0], [1091.0, 650.0, 4367.0], [1090.0, 555.0, 4484.0], [1088.0, 566.0, 4503.0], [1086.0, 523.0, 4538.0], [1084.0, 458.0, 4625.0], [1083.0, 588.0, 4437.0], [1080.0, 375.0, 4697.0], [1079.0, 440.0, 4635.0], [1079.0, 436.0, 4656.0], [1078.0, 510.0, 4560.0], [1075.0, 469.0, 4632.0], [1070.0, 456.0, 4636.0], [1069.0, 468.0, 4659.0], [1068.0, 651.0, 4314.0], [1068.0, 622.0, 4370.0], [1068.0, 480.0, 4609.0], [1066.0, 586.0, 4479.0], [1066.0, 493.0, 4614.0], [1065.0, 442.0, 4701.0], [1063.0, 490.0, 4629.0], [1062.0, 507.0, 4590.0], [1061.0, 589.0, 4467.0], [1061.0, 511.0, 4548.0], [1059.0, 603.0, 4452.0], [1058.0, 472.0, 4639.0], [1056.0, 572.0, 4512.0], [1056.0, 506.0, 4601.0], [1054.0, 589.0, 4519.0], [1053.0, 494.0, 4621.0], [1053.0, 444.0, 4670.0], [1052.0, 486.0, 4635.0], [1051.0, 650.0, 4391.0], [1051.0, 515.0, 4620.0], [1051.0, 479.0, 4653.0], [1050.0, 571.0, 4539.0], [1050.0, 547.0, 4551.0], [1050.0, 527.0, 4570.0], [1049.0, 603.0, 4467.0], [1049.0, 478.0, 4656.0], [1048.0, 596.0, 4476.0], [1045.0, 441.0, 4737.0], [1044.0, 516.0, 4578.0], [1043.0, 614.0, 4445.0], [1042.0, 544.0, 4577.0], [1041.0, 596.0, 4487.0], [1041.0, 539.0, 4594.0], [1040.0, 507.0, 4632.0], [1040.0, 447.0, 4679.0], [1039.0, 602.0, 4476.0], [1039.0, 512.0, 4636.0], [1039.0, 491.0, 4669.0], [1038.0, 589.0, 4538.0], [1037.0, 515.0, 4655.0], [1037.0, 485.0, 4673.0], [1035.0, 546.0, 4594.0], [1035.0, 516.0, 4632.0], [1034.0, 554.0, 4561.0], [1032.0, 606.0, 4481.0], [1032.0, 476.0, 4674.0], [1032.0, 453.0, 4708.0], [1031.0, 621.0, 4484.0], [1031.0, 597.0, 4517.0], [1031.0, 525.0, 4617.0], [1030.0, 558.0, 4585.0], [1030.0, 534.0, 4597.0], [1030.0, 468.0, 4678.0], [1028.0, 399.0, 4760.0], [1027.0, 606.0, 4492.0], [1027.0, 533.0, 4633.0], [1026.0, 569.0, 4587.0], [1025.0, 516.0, 4636.0], [1025.0, 352.0, 4767.0], [1024.0, 611.0, 4492.0], [1024.0, 592.0, 4574.0], [1022.0, 687.0, 4340.0], [1022.0, 542.0, 4604.0], [1021.0, 649.0, 4437.0], [1021.0, 620.0, 4493.0], [1021.0, 466.0, 4687.0], [1021.0, 381.0, 4771.0], [1020.0, 615.0, 4516.0], [1020.0, 538.0, 4616.0], [1020.0, 393.0, 4794.0], [1019.0, 571.0, 4604.0], [1019.0, 562.0, 4616.0], [1019.0, 479.0, 4683.0], [1019.0, 460.0, 4710.0], [1018.0, 618.0, 4535.0], [1018.0, 594.0, 4547.0], [1018.0, 509.0, 4663.0], [1017.0, 481.0, 4712.0], [1016.0, 420.0, 4757.0], [1015.0, 546.0, 4631.0], [1015.0, 522.0, 4664.0], [1015.0, 468.0, 4737.0], [1014.0, 649.0, 4505.0], [1014.0, 625.0, 4538.0], [1013.0, 525.0, 4650.0], [1013.0, 512.0, 4692.0], [1012.0, 485.0, 4732.0], [1011.0, 402.0, 4767.0], [1010.0, 402.0, 4781.0], [1009.0, 525.0, 4680.0], [1007.0, 486.0, 4696.0], [1007.0, 431.0, 4764.0], [1006.0, 419.0, 4770.0], [1005.0, 582.0, 4598.0], [1004.0, 648.0, 4514.0], [1003.0, 519.0, 4688.0], [1003.0, 495.0, 4701.0], [1003.0, 489.0, 4734.0], [1003.0, 404.0, 4773.0], [1002.0, 440.0, 4755.0], [1001.0, 526.0, 4644.0], [1001.0, 430.0, 4791.0], [1000.0, 490.0, 4703.0], [999.0, 528.0, 4686.0], [998.0, 597.0, 4544.0], [997.0, 499.0, 4715.0], [997.0, 404.0, 4833.0], [995.0, 629.0, 4523.0], [995.0, 601.0, 4549.0], [995.0, 452.0, 4761.0], [993.0, 555.0, 4626.0], [993.0, 532.0, 4679.0], [993.0, 506.0, 4694.0], [993.0, 441.0, 4770.0], [991.0, 652.0, 4465.0], [991.0, 533.0, 4664.0], [990.0, 501.0, 4732.0], [990.0, 434.0, 4771.0], [989.0, 585.0, 4617.0], [989.0, 507.0, 4700.0], [988.0, 535.0, 4640.0], [988.0, 509.0, 4713.0], [988.0, 440.0, 4790.0], [987.0, 496.0, 4743.0], [986.0, 571.0, 4620.0], [986.0, 547.0, 4632.0], [986.0, 546.0, 4635.0], [985.0, 686.0, 4454.0], [985.0, 455.0, 4754.0], [984.0, 448.0, 4767.0], [983.0, 557.0, 4635.0], [983.0, 522.0, 4687.0], [983.0, 477.0, 4752.0], [983.0, 454.0, 4757.0], [983.0, 325.0, 4890.0], [982.0, 588.0, 4596.0], [982.0, 509.0, 4717.0], [982.0, 450.0, 4765.0], [980.0, 615.0, 4561.0], [980.0, 517.0, 4721.0], [979.0, 526.0, 4696.0], [978.0, 629.0, 4570.0], [978.0, 539.0, 4636.0], [978.0, 478.0, 4755.0], [977.0, 576.0, 4625.0], [975.0, 685.0, 4463.0], [975.0, 602.0, 4587.0], [974.0, 541.0, 4661.0], [974.0, 446.0, 4799.0], [973.0, 580.0, 4625.0], [972.0, 636.0, 4544.0], [972.0, 589.0, 4589.0], [972.0, 565.0, 4639.0], [972.0, 475.0, 4779.0], [970.0, 543.0, 4646.0], [970.0, 487.0, 4751.0], [969.0, 602.0, 4594.0], [969.0, 582.0, 4629.0], [969.0, 581.0, 4701.0], [969.0, 477.0, 4787.0], [969.0, 432.0, 4812.0], [969.0, 423.0, 4815.0], [968.0, 468.0, 4791.0], [968.0, 380.0, 4837.0], [966.0, 605.0, 4586.0], [966.0, 418.0, 4822.0], [965.0, 514.0, 4724.0], [965.0, 479.0, 4761.0], [965.0, 475.0, 4788.0], [964.0, 540.0, 4708.0], [964.0, 415.0, 4840.0], [963.0, 643.0, 4582.0], [963.0, 531.0, 4713.0], [963.0, 523.0, 4716.0], [963.0, 401.0, 4845.0], [963.0, 389.0, 4855.0], [962.0, 434.0, 4829.0], [961.0, 472.0, 4818.0], [960.0, 358.0, 4859.0], [959.0, 533.0, 4737.0], [959.0, 501.0, 4772.0], [959.0, 478.0, 4788.0], [959.0, 353.0, 4908.0], [956.0, 482.0, 4788.0], [955.0, 625.0, 4590.0], [955.0, 593.0, 4622.0], [955.0, 395.0, 4860.0], [954.0, 542.0, 4736.0], [954.0, 504.0, 4744.0], [953.0, 514.0, 4747.0], [953.0, 477.0, 4789.0], [952.0, 657.0, 4466.0], [952.0, 355.0, 4926.0], [951.0, 524.0, 4748.0], [951.0, 428.0, 4836.0], [951.0, 422.0, 4842.0], [950.0, 369.0, 4893.0], [949.0, 666.0, 4519.0], [949.0, 644.0, 4542.0], [948.0, 611.0, 4596.0], [948.0, 490.0, 4790.0], [948.0, 455.0, 4819.0], [948.0, 330.0, 4930.0], [947.0, 395.0, 4877.0], [946.0, 617.0, 4604.0], [946.0, 614.0, 4615.0], [945.0, 544.0, 4715.0], [944.0, 588.0, 4625.0], [944.0, 432.0, 4856.0], [942.0, 364.0, 4913.0], [941.0, 525.0, 4749.0], [941.0, 483.0, 4817.0], [940.0, 589.0, 4629.0], [940.0, 399.0, 4882.0], [940.0, 381.0, 4907.0], [939.0, 622.0, 4602.0], [939.0, 594.0, 4623.0], [939.0, 448.0, 4828.0], [938.0, 567.0, 4746.0], [938.0, 491.0, 4776.0], [937.0, 517.0, 4759.0], [936.0, 632.0, 4593.0], [936.0, 413.0, 4915.0], [935.0, 568.0, 4708.0], [934.0, 680.0, 4531.0], [934.0, 608.0, 4642.0], [934.0, 587.0, 4648.0], [934.0, 469.0, 4849.0], [933.0, 631.0, 4610.0], [933.0, 628.0, 4612.0], [933.0, 522.0, 4751.0], [933.0, 518.0, 4779.0], [933.0, 498.0, 4784.0], [933.0, 471.0, 4825.0], [932.0, 672.0, 4563.0], [932.0, 648.0, 4575.0], [932.0, 625.0, 4625.0], [932.0, 601.0, 4658.0], [932.0, 519.0, 4814.0], [931.0, 426.0, 4862.0], [931.0, 334.0, 4939.0], [930.0, 520.0, 4752.0], [930.0, 461.0, 4852.0], [929.0, 638.0, 4613.0], [929.0, 618.0, 4648.0], [929.0, 528.0, 4752.0], [929.0, 522.0, 4765.0], [929.0, 518.0, 4815.0], [928.0, 461.0, 4880.0], [926.0, 539.0, 4755.0], [924.0, 410.0, 4931.0], [923.0, 597.0, 4672.0], [923.0, 528.0, 4788.0], [922.0, 624.0, 4634.0], [922.0, 471.0, 4850.0], [921.0, 320.0, 4941.0], [919.0, 569.0, 4717.0], [919.0, 477.0, 4839.0], [918.0, 498.0, 4873.0], [917.0, 538.0, 4758.0], [915.0, 656.0, 4580.0], [915.0, 602.0, 4748.0], [915.0, 501.0, 4824.0], [915.0, 419.0, 4905.0], [914.0, 327.0, 4942.0], [912.0, 605.0, 4676.0], [912.0, 546.0, 4750.0], [912.0, 444.0, 4926.0], [912.0, 368.0, 4960.0], [911.0, 641.0, 4588.0], [910.0, 547.0, 4753.0], [910.0, 531.0, 4785.0], [909.0, 606.0, 4656.0], [909.0, 571.0, 4753.0], [909.0, 456.0, 4888.0], [908.0, 627.0, 4670.0], [908.0, 469.0, 4885.0], [906.0, 653.0, 4623.0], [906.0, 629.0, 4635.0], [905.0, 607.0, 4693.0], [905.0, 542.0, 4757.0], [905.0, 508.0, 4820.0], [904.0, 537.0, 4761.0], [904.0, 379.0, 4937.0], [904.0, 313.0, 4988.0], [903.0, 552.0, 4775.0], [903.0, 522.0, 4821.0], [902.0, 608.0, 4673.0], [902.0, 562.0, 4779.0], [902.0, 461.0, 4888.0], [901.0, 525.0, 4822.0], [901.0, 505.0, 4859.0], [901.0, 394.0, 4944.0], [901.0, 321.0, 4961.0], [900.0, 632.0, 4624.0], [900.0, 287.0, 5001.0], [899.0, 644.0, 4669.0], [897.0, 381.0, 4945.0], [896.0, 572.0, 4767.0], [895.0, 548.0, 4787.0], [895.0, 507.0, 4829.0], [895.0, 468.0, 4897.0], [895.0, 409.0, 4932.0], [895.0, 355.0, 4961.0], [894.0, 396.0, 4961.0], [893.0, 673.0, 4568.0], [893.0, 622.0, 4686.0], [892.0, 646.0, 4686.0], [892.0, 514.0, 4833.0], [891.0, 299.0, 5029.0], [890.0, 647.0, 4638.0], [890.0, 383.0, 4962.0], [890.0, 358.0, 4966.0], [889.0, 574.0, 4769.0], [888.0, 383.0, 4988.0], [887.0, 554.0, 4784.0], [886.0, 675.0, 4585.0], [886.0, 547.0, 4797.0], [886.0, 529.0, 4807.0], [886.0, 424.0, 4939.0], [886.0, 310.0, 5029.0], [884.0, 618.0, 4694.0], [884.0, 325.0, 4994.0], [883.0, 649.0, 4655.0], [883.0, 531.0, 4815.0], [883.0, 499.0, 4862.0], [883.0, 450.0, 4909.0], [883.0, 414.0, 4940.0], [882.0, 608.0, 4726.0], [882.0, 516.0, 4828.0], [881.0, 657.0, 4595.0], [881.0, 619.0, 4702.0], [881.0, 476.0, 4881.0], [881.0, 430.0, 4971.0], [880.0, 681.0, 4515.0], [880.0, 545.0, 4819.0], [880.0, 452.0, 4922.0], [879.0, 664.0, 4619.0], [878.0, 524.0, 4823.0], [878.0, 472.0, 4904.0], [878.0, 434.0, 4927.0], [877.0, 554.0, 4790.0], [877.0, 477.0, 4892.0], [877.0, 333.0, 4997.0], [876.0, 528.0, 4821.0], [876.0, 501.0, 4874.0], [876.0, 394.0, 4988.0], [874.0, 651.0, 4648.0], [874.0, 456.0, 4918.0], [873.0, 562.0, 4783.0], [873.0, 444.0, 4935.0], [872.0, 549.0, 4800.0], [872.0, 508.0, 4866.0], [872.0, 343.0, 5039.0], [871.0, 563.0, 4792.0], [871.0, 523.0, 4871.0], [870.0, 681.0, 4618.0], [870.0, 532.0, 4836.0], [870.0, 363.0, 5021.0], [869.0, 549.0, 4835.0], [869.0, 488.0, 4885.0], [868.0, 509.0, 4897.0], [868.0, 420.0, 4982.0], [867.0, 609.0, 4727.0], [867.0, 560.0, 4814.0], [866.0, 468.0, 4914.0], [866.0, 315.0, 5047.0], [865.0, 569.0, 4770.0], [865.0, 469.0, 4924.0], [865.0, 433.0, 4957.0], [864.0, 659.0, 4635.0], [864.0, 650.0, 4657.0], [864.0, 568.0, 4774.0], [864.0, 451.0, 4925.0], [864.0, 403.0, 4993.0], [864.0, 362.0, 5048.0], [863.0, 683.0, 4635.0], [863.0, 525.0, 4848.0], [863.0, 510.0, 4885.0], [863.0, 374.0, 4998.0], [862.0, 576.0, 4749.0], [861.0, 684.0, 4609.0], [861.0, 535.0, 4840.0], [860.0, 668.0, 4643.0], [860.0, 621.0, 4727.0], [860.0, 562.0, 4831.0], [860.0, 400.0, 5014.0], [859.0, 459.0, 4937.0], [859.0, 402.0, 4994.0], [858.0, 576.0, 4795.0], [857.0, 589.0, 4750.0], [857.0, 544.0, 4838.0], [857.0, 525.0, 4856.0], [857.0, 512.0, 4875.0], [857.0, 498.0, 4910.0], [857.0, 438.0, 4944.0], [856.0, 579.0, 4755.0], [855.0, 410.0, 4984.0], [855.0, 373.0, 5016.0], [855.0, 317.0, 5070.0], [854.0, 686.0, 4626.0], [854.0, 436.0, 4948.0], [854.0, 433.0, 4982.0], [851.0, 653.0, 4644.0], [851.0, 604.0, 4732.0], [851.0, 592.0, 4753.0], [851.0, 573.0, 4796.0], [851.0, 535.0, 4846.0], [851.0, 516.0, 4883.0], [851.0, 284.0, 5111.0], [850.0, 487.0, 4929.0], [850.0, 442.0, 4994.0], [849.0, 629.0, 4716.0], [849.0, 605.0, 4728.0], [849.0, 587.0, 4760.0], [849.0, 579.0, 4764.0], [848.0, 473.0, 4967.0], [847.0, 685.0, 4638.0], [847.0, 554.0, 4888.0], [847.0, 508.0, 4907.0], [846.0, 429.0, 4995.0], [845.0, 580.0, 4766.0], [845.0, 576.0, 4801.0], [845.0, 372.0, 5051.0], [843.0, 636.0, 4746.0], [843.0, 407.0, 5000.0], [843.0, 401.0, 5005.0], [842.0, 593.0, 4814.0], [840.0, 393.0, 5059.0], [838.0, 597.0, 4763.0], [838.0, 454.0, 5000.0], [837.0, 570.0, 4822.0], [837.0, 495.0, 4942.0], [837.0, 406.0, 5027.0], [836.0, 310.0, 5131.0], [835.0, 612.0, 4783.0], [834.0, 649.0, 4703.0], [834.0, 513.0, 4904.0], [834.0, 455.0, 4969.0], [833.0, 639.0, 4714.0], [833.0, 559.0, 4833.0], [832.0, 329.0, 5067.0], [831.0, 651.0, 4649.0], [830.0, 528.0, 4889.0], [830.0, 410.0, 5021.0], [829.0, 568.0, 4854.0], [829.0, 478.0, 4951.0], [829.0, 343.0, 5077.0], [828.0, 603.0, 4794.0], [828.0, 536.0, 4894.0], [828.0, 415.0, 5001.0], [827.0, 669.0, 4639.0], [827.0, 643.0, 4738.0], [827.0, 510.0, 4919.0], [827.0, 492.0, 4972.0], [826.0, 653.0, 4673.0], [826.0, 445.0, 5005.0], [825.0, 460.0, 4983.0], [825.0, 428.0, 5007.0], [824.0, 603.0, 4835.0], [824.0, 398.0, 5031.0], [823.0, 632.0, 4749.0], [822.0, 556.0, 4860.0], [822.0, 523.0, 4898.0], [822.0, 379.0, 5069.0], [822.0, 345.0, 5094.0], [821.0, 666.0, 4698.0], [820.0, 524.0, 4922.0], [820.0, 500.0, 4934.0], [820.0, 498.0, 4936.0], [819.0, 614.0, 4759.0], [819.0, 473.0, 4974.0], [819.0, 401.0, 5036.0], [818.0, 654.0, 4703.0], [818.0, 646.0, 4707.0], [818.0, 501.0, 4963.0], [817.0, 620.0, 4789.0], [817.0, 569.0, 4893.0], [817.0, 419.0, 5017.0], [817.0, 412.0, 5020.0], [816.0, 539.0, 4902.0], [815.0, 466.0, 4984.0], [815.0, 409.0, 5035.0], [814.0, 450.0, 5014.0], [814.0, 386.0, 5096.0], [813.0, 668.0, 4682.0], [813.0, 455.0, 5000.0], [813.0, 437.0, 5038.0], [813.0, 404.0, 5040.0], [812.0, 475.0, 4984.0], [810.0, 622.0, 4806.0], [810.0, 494.0, 4969.0], [810.0, 290.0, 5144.0], [809.0, 635.0, 4750.0], [809.0, 627.0, 4751.0], [809.0, 379.0, 5104.0], [808.0, 538.0, 4956.0], [808.0, 399.0, 5061.0], [807.0, 574.0, 4838.0], [807.0, 460.0, 4985.0], [807.0, 333.0, 5118.0], [806.0, 486.0, 4989.0], [805.0, 541.0, 4907.0], [804.0, 515.0, 4971.0], [804.0, 449.0, 5023.0], [803.0, 638.0, 4754.0], [803.0, 485.0, 5003.0], [802.0, 400.0, 5048.0], [801.0, 451.0, 5028.0], [801.0, 346.0, 5106.0], [800.0, 584.0, 4846.0], [800.0, 415.0, 5067.0], [799.0, 640.0, 4743.0], [799.0, 579.0, 4914.0], [799.0, 402.0, 5068.0], [798.0, 680.0, 4687.0], [797.0, 654.0, 4755.0], [796.0, 324.0, 5180.0], [794.0, 629.0, 4761.0], [794.0, 545.0, 4966.0], [794.0, 496.0, 4974.0], [793.0, 548.0, 4919.0], [793.0, 329.0, 5143.0], [792.0, 685.0, 4659.0], [792.0, 674.0, 4706.0], [792.0, 624.0, 4794.0], [791.0, 364.0, 5126.0], [791.0, 336.0, 5136.0], [790.0, 498.0, 4999.0], [790.0, 417.0, 5113.0], [790.0, 384.0, 5124.0], [789.0, 683.0, 4678.0], [788.0, 667.0, 4712.0], [788.0, 649.0, 4764.0], [786.0, 585.0, 4839.0], [786.0, 428.0, 5058.0], [785.0, 508.0, 4980.0], [785.0, 466.0, 5007.0], [784.0, 667.0, 4754.0], [784.0, 444.0, 5034.0], [784.0, 437.0, 5063.0], [784.0, 391.0, 5122.0], [783.0, 621.0, 4835.0], [783.0, 587.0, 4841.0], [783.0, 457.0, 5016.0], [782.0, 593.0, 4866.0], [782.0, 330.0, 5137.0], [781.0, 651.0, 4781.0], [781.0, 495.0, 5008.0], [779.0, 549.0, 4918.0], [779.0, 445.0, 5061.0], [778.0, 550.0, 4922.0], [778.0, 430.0, 5079.0], [778.0, 391.0, 5127.0], [777.0, 621.0, 4876.0], [776.0, 623.0, 4852.0], [776.0, 552.0, 4915.0], [776.0, 501.0, 4989.0], [776.0, 422.0, 5100.0], [775.0, 684.0, 4707.0], [775.0, 452.0, 5018.0], [775.0, 339.0, 5139.0], [774.0, 632.0, 4800.0], [774.0, 624.0, 4804.0], [773.0, 559.0, 4931.0], [773.0, 551.0, 4935.0], [773.0, 467.0, 5018.0], [772.0, 461.0, 5038.0], [772.0, 355.0, 5191.0], [771.0, 635.0, 4815.0], [771.0, 521.0, 4984.0], [770.0, 451.0, 5067.0], [768.0, 483.0, 5014.0], [767.0, 634.0, 4817.0], [767.0, 626.0, 4821.0], [766.0, 655.0, 4766.0], [766.0, 521.0, 5021.0], [764.0, 397.0, 5126.0], [763.0, 543.0, 4972.0], [762.0, 548.0, 4949.0], [762.0, 469.0, 5034.0], [762.0, 430.0, 5084.0], [761.0, 638.0, 4783.0], [761.0, 433.0, 5072.0], [760.0, 433.0, 5076.0], [759.0, 586.0, 4889.0], [758.0, 531.0, 5014.0], [757.0, 559.0, 4960.0], [757.0, 470.0, 5030.0], [756.0, 443.0, 5093.0], [756.0, 430.0, 5120.0], [755.0, 668.0, 4708.0], [755.0, 585.0, 4905.0], [755.0, 580.0, 4971.0], [755.0, 467.0, 5039.0], [754.0, 658.0, 4784.0], [754.0, 362.0, 5154.0], [753.0, 467.0, 5075.0], [753.0, 297.0, 5203.0], [751.0, 316.0, 5197.0], [750.0, 477.0, 5030.0], [749.0, 628.0, 4833.0], [749.0, 475.0, 5052.0], [749.0, 466.0, 5079.0], [749.0, 378.0, 5150.0], [748.0, 600.0, 4900.0], [747.0, 660.0, 4801.0], [747.0, 544.0, 4974.0], [746.0, 485.0, 5031.0], [746.0, 482.0, 5084.0], [746.0, 348.0, 5228.0], [745.0, 661.0, 4775.0], [745.0, 545.0, 5017.0], [745.0, 362.0, 5177.0], [743.0, 485.0, 5035.0], [743.0, 442.0, 5111.0], [743.0, 414.0, 5123.0], [742.0, 516.0, 5032.0], [742.0, 460.0, 5099.0], [740.0, 581.0, 4924.0], [740.0, 363.0, 5160.0], [739.0, 627.0, 4841.0], [739.0, 302.0, 5237.0], [738.0, 663.0, 4792.0], [738.0, 390.0, 5133.0], [738.0, 379.0, 5144.0], [738.0, 248.0, 5252.0], [737.0, 524.0, 5028.0], [736.0, 648.0, 4805.0], [736.0, 490.0, 5062.0], [736.0, 388.0, 5165.0], [735.0, 601.0, 4922.0], [735.0, 522.0, 5075.0], [728.0, 546.0, 5013.0], [728.0, 420.0, 5129.0], [728.0, 364.0, 5171.0], [726.0, 570.0, 4980.0], [724.0, 632.0, 4832.0], [724.0, 442.0, 5158.0], [723.0, 603.0, 4923.0], [723.0, 452.0, 5108.0], [723.0, 380.0, 5195.0], [722.0, 581.0, 4956.0], [722.0, 466.0, 5092.0], [721.0, 526.0, 5037.0], [720.0, 328.0, 5241.0], [719.0, 566.0, 5019.0], [718.0, 625.0, 4887.0], [718.0, 269.0, 5252.0], [717.0, 294.0, 5270.0], [716.0, 524.0, 5041.0], [713.0, 615.0, 4909.0], [713.0, 586.0, 4980.0], [712.0, 472.0, 5094.0], [711.0, 384.0, 5173.0], [710.0, 446.0, 5127.0], [710.0, 376.0, 5219.0], [710.0, 256.0, 5286.0], [709.0, 312.0, 5256.0], [708.0, 462.0, 5107.0], [708.0, 453.0, 5134.0], [707.0, 561.0, 5022.0], [707.0, 394.0, 5194.0], [706.0, 527.0, 5023.0], [703.0, 591.0, 4925.0], [703.0, 525.0, 5063.0], [703.0, 338.0, 5235.0], [702.0, 631.0, 4869.0], [701.0, 597.0, 4955.0], [700.0, 554.0, 5042.0], [700.0, 403.0, 5194.0], [699.0, 508.0, 5123.0], [699.0, 452.0, 5139.0], [699.0, 443.0, 5150.0], [699.0, 338.0, 5256.0], [697.0, 606.0, 4941.0], [696.0, 454.0, 5145.0], [696.0, 412.0, 5167.0], [696.0, 407.0, 5186.0], [695.0, 631.0, 4900.0], [695.0, 342.0, 5235.0], [694.0, 622.0, 4917.0], [694.0, 599.0, 4972.0], [693.0, 525.0, 5085.0], [692.0, 634.0, 4828.0], [692.0, 530.0, 5049.0], [692.0, 420.0, 5205.0], [692.0, 257.0, 5273.0], [691.0, 309.0, 5276.0], [690.0, 530.0, 5085.0], [689.0, 572.0, 4985.0], [688.0, 601.0, 4982.0], [688.0, 404.0, 5211.0], [686.0, 460.0, 5144.0], [685.0, 432.0, 5175.0], [684.0, 343.0, 5229.0], [683.0, 550.0, 5050.0], [682.0, 579.0, 4984.0], [682.0, 287.0, 5293.0], [681.0, 376.0, 5234.0], [681.0, 257.0, 5368.0], [680.0, 473.0, 5148.0], [680.0, 421.0, 5216.0], [679.0, 310.0, 5287.0], [675.0, 425.0, 5176.0], [674.0, 476.0, 5145.0], [674.0, 475.0, 5165.0], [674.0, 318.0, 5259.0], [672.0, 491.0, 5141.0], [671.0, 424.0, 5183.0], [671.0, 380.0, 5218.0], [671.0, 369.0, 5239.0], [671.0, 312.0, 5279.0], [670.0, 425.0, 5184.0], [669.0, 528.0, 5096.0], [668.0, 657.0, 4826.0], [668.0, 603.0, 4977.0], [668.0, 533.0, 5060.0], [666.0, 324.0, 5267.0], [664.0, 538.0, 5073.0], [664.0, 522.0, 5105.0], [663.0, 492.0, 5137.0], [663.0, 446.0, 5170.0], [663.0, 258.0, 5355.0], [662.0, 505.0, 5126.0], [662.0, 355.0, 5251.0], [661.0, 328.0, 5304.0], [660.0, 492.0, 5152.0], [660.0, 478.0, 5155.0], [660.0, 386.0, 5221.0], [660.0, 335.0, 5293.0], [658.0, 365.0, 5259.0], [657.0, 562.0, 5063.0], [657.0, 529.0, 5107.0], [657.0, 436.0, 5190.0], [657.0, 392.0, 5223.0], [656.0, 220.0, 5371.0], [655.0, 383.0, 5254.0], [654.0, 600.0, 4983.0], [654.0, 531.0, 5110.0], [653.0, 587.0, 5012.0], [653.0, 574.0, 5039.0], [653.0, 395.0, 5237.0], [651.0, 376.0, 5264.0], [651.0, 345.0, 5295.0], [649.0, 425.0, 5196.0], [649.0, 347.0, 5267.0], [648.0, 548.0, 5071.0], [648.0, 462.0, 5185.0], [648.0, 451.0, 5189.0], [648.0, 403.0, 5217.0], [647.0, 582.0, 5028.0], [647.0, 358.0, 5283.0], [645.0, 510.0, 5113.0], [645.0, 476.0, 5160.0], [645.0, 452.0, 5188.0], [644.0, 280.0, 5308.0], [643.0, 544.0, 5086.0], [643.0, 441.0, 5203.0], [643.0, 400.0, 5245.0], [642.0, 605.0, 4965.0], [641.0, 466.0, 5178.0], [640.0, 612.0, 4971.0], [640.0, 420.0, 5259.0], [639.0, 346.0, 5306.0], [638.0, 288.0, 5326.0], [637.0, 333.0, 5307.0], [633.0, 481.0, 5160.0], [633.0, 422.0, 5207.0], [631.0, 476.0, 5179.0], [631.0, 442.0, 5214.0], [630.0, 488.0, 5183.0], [630.0, 467.0, 5200.0], [629.0, 563.0, 5057.0], [629.0, 510.0, 5115.0], [628.0, 613.0, 4948.0], [627.0, 533.0, 5093.0], [627.0, 518.0, 5118.0], [627.0, 340.0, 5319.0], [625.0, 576.0, 5071.0], [625.0, 498.0, 5152.0], [624.0, 540.0, 5132.0], [622.0, 599.0, 4985.0], [622.0, 248.0, 5402.0], [621.0, 564.0, 5086.0], [620.0, 282.0, 5344.0], [619.0, 578.0, 5088.0], [619.0, 396.0, 5264.0], [618.0, 548.0, 5121.0], [617.0, 468.0, 5222.0], [616.0, 324.0, 5326.0], [615.0, 210.0, 5418.0], [613.0, 500.0, 5141.0], [613.0, 398.0, 5281.0], [611.0, 590.0, 4995.0], [611.0, 509.0, 5150.0], [609.0, 519.0, 5147.0], [609.0, 503.0, 5192.0], [608.0, 478.0, 5197.0], [608.0, 236.0, 5419.0], [607.0, 437.0, 5224.0], [607.0, 400.0, 5267.0], [606.0, 558.0, 5114.0], [606.0, 440.0, 5234.0], [605.0, 474.0, 5203.0], [604.0, 317.0, 5335.0], [604.0, 292.0, 5388.0], [604.0, 258.0, 5400.0], [602.0, 504.0, 5165.0], [602.0, 363.0, 5313.0], [600.0, 479.0, 5226.0], [598.0, 364.0, 5292.0], [598.0, 334.0, 5324.0], [597.0, 318.0, 5389.0], [596.0, 482.0, 5193.0], [596.0, 395.0, 5299.0], [593.0, 542.0, 5125.0], [593.0, 242.0, 5407.0], [592.0, 441.0, 5240.0], [591.0, 349.0, 5329.0], [589.0, 603.0, 4980.0], [589.0, 524.0, 5143.0], [589.0, 441.0, 5276.0], [589.0, 340.0, 5346.0], [588.0, 447.0, 5246.0], [587.0, 558.0, 5125.0], [587.0, 502.0, 5229.0], [587.0, 377.0, 5311.0], [586.0, 522.0, 5150.0], [585.0, 319.0, 5400.0], [584.0, 571.0, 5099.0], [580.0, 601.0, 5050.0], [579.0, 608.0, 5066.0], [579.0, 559.0, 5136.0], [579.0, 524.0, 5148.0], [578.0, 427.0, 5277.0], [576.0, 528.0, 5139.0], [574.0, 541.0, 5146.0], [574.0, 507.0, 5251.0], [574.0, 447.0, 5282.0], [570.0, 348.0, 5332.0], [569.0, 534.0, 5186.0], [569.0, 409.0, 5289.0], [566.0, 464.0, 5275.0], [564.0, 422.0, 5291.0], [563.0, 327.0, 5379.0], [562.0, 428.0, 5302.0], [557.0, 403.0, 5303.0], [556.0, 473.0, 5280.0], [555.0, 537.0, 5192.0], [555.0, 516.0, 5209.0], [551.0, 434.0, 5300.0], [547.0, 350.0, 5336.0], [546.0, 534.0, 5211.0], [540.0, 306.0, 5412.0], [539.0, 415.0, 5306.0], [536.0, 405.0, 5327.0], [535.0, 573.0, 5108.0], [532.0, 546.0, 5167.0], [531.0, 345.0, 5373.0], [531.0, 271.0, 5439.0], [529.0, 551.0, 5138.0], [525.0, 507.0, 5252.0], [524.0, 547.0, 5196.0], [522.0, 455.0, 5310.0], [520.0, 489.0, 5262.0], [519.0, 272.0, 5450.0], [516.0, 384.0, 5360.0], [514.0, 418.0, 5312.0], [495.0, 519.0, 5283.0], [486.0, 235.0, 5486.0], [484.0, 393.0, 5362.0], [482.0, 549.0, 5261.0], [481.0, 501.0, 5306.0], [478.0, 491.0, 5327.0], [475.0, 430.0, 5356.0], [472.0, 420.0, 5377.0], [470.0, 385.0, 5410.0], [458.0, 369.0, 5437.0], [456.0, 504.0, 5312.0]]
