heur = false
LBS_limit = 3
preproc = 1
tight_root = 0
total_time = 1800.03
NDP = 973
total_nodes = 45889
pruned_nodes = 22932
pruned_dominance_nodes = 5973
heur_time = 0.0
Y_N = Any[[1588.0, 928.0, 4013.0], [1578.0, 1003.0, 3859.0], [1570.0, 1079.0, 3796.0], [1570.0, 840.0, 4108.0], [1551.0, 1058.0, 3918.0], [1546.0, 1075.0, 3804.0], [1540.0, 894.0, 4025.0], [1532.0, 996.0, 4025.0], [1524.0, 1072.0, 3822.0], [1522.0, 1083.0, 3637.0], [1516.0, 891.0, 4082.0], [1514.0, 905.0, 4027.0], [1509.0, 960.0, 4030.0], [1509.0, 931.0, 4067.0], [1506.0, 845.0, 4155.0], [1505.0, 851.0, 4129.0], [1503.0, 1024.0, 3930.0], [1503.0, 1002.0, 4016.0], [1501.0, 1016.0, 3961.0], [1499.0, 1066.0, 3841.0], [1498.0, 936.0, 4036.0], [1497.0, 938.0, 4112.0], [1497.0, 876.0, 4124.0], [1494.0, 1105.0, 3875.0], [1494.0, 866.0, 4221.0], [1491.0, 967.0, 4026.0], [1488.0, 906.0, 4123.0], [1488.0, 757.0, 4250.0], [1487.0, 940.0, 4094.0], [1486.0, 1013.0, 4008.0], [1486.0, 963.0, 4041.0], [1485.0, 1109.0, 3548.0], [1484.0, 947.0, 4079.0], [1484.0, 757.0, 4336.0], [1483.0, 1052.0, 3980.0], [1483.0, 907.0, 4158.0], [1482.0, 1186.0, 3830.0], [1479.0, 979.0, 4062.0], [1477.0, 1222.0, 3706.0], [1476.0, 778.0, 4316.0], [1474.0, 1116.0, 3865.0], [1474.0, 989.0, 4029.0], [1470.0, 1059.0, 3997.0], [1469.0, 931.0, 4119.0], [1469.0, 879.0, 4207.0], [1468.0, 959.0, 4063.0], [1465.0, 950.0, 4104.0], [1464.0, 909.0, 4128.0], [1464.0, 901.0, 4187.0], [1463.0, 963.0, 4074.0], [1461.0, 821.0, 4262.0], [1459.0, 1092.0, 3989.0], [1458.0, 1194.0, 3803.0], [1458.0, 1050.0, 4040.0], [1455.0, 1094.0, 3924.0], [1455.0, 1015.0, 4057.0], [1455.0, 968.0, 4151.0], [1455.0, 779.0, 4298.0], [1454.0, 1066.0, 4073.0], [1453.0, 1230.0, 3539.0], [1452.0, 819.0, 4343.0], [1451.0, 1197.0, 3785.0], [1450.0, 1072.0, 4021.0], [1449.0, 1124.0, 3883.0], [1449.0, 938.0, 4159.0], [1448.0, 1024.0, 4130.0], [1448.0, 857.0, 4236.0], [1448.0, 843.0, 4272.0], [1447.0, 1091.0, 3994.0], [1447.0, 997.0, 4145.0], [1446.0, 1233.0, 3521.0], [1446.0, 1071.0, 4027.0], [1446.0, 950.0, 4218.0], [1446.0, 903.0, 4223.0], [1443.0, 1136.0, 3940.0], [1442.0, 962.0, 4175.0], [1442.0, 850.0, 4248.0], [1441.0, 1061.0, 4081.0], [1439.0, 842.0, 4322.0], [1438.0, 1167.0, 3850.0], [1437.0, 1282.0, 3515.0], [1437.0, 831.0, 4329.0], [1436.0, 913.0, 4231.0], [1436.0, 906.0, 4258.0], [1432.0, 750.0, 4369.0], [1430.0, 1132.0, 3961.0], [1429.0, 909.0, 4240.0], [1429.0, 870.0, 4292.0], [1429.0, 864.0, 4327.0], [1428.0, 1185.0, 3875.0], [1428.0, 1116.0, 3973.0], [1427.0, 789.0, 4368.0], [1425.0, 1075.0, 4079.0], [1425.0, 912.0, 4237.0], [1424.0, 1203.0, 3826.0], [1424.0, 874.0, 4270.0], [1423.0, 830.0, 4332.0], [1422.0, 1026.0, 4159.0], [1422.0, 920.0, 4229.0], [1422.0, 908.0, 4256.0], [1421.0, 1243.0, 3747.0], [1421.0, 1079.0, 4029.0], [1421.0, 754.0, 4417.0], [1420.0, 668.0, 4477.0], [1418.0, 1051.0, 4094.0], [1417.0, 1151.0, 3876.0], [1417.0, 968.0, 4165.0], [1416.0, 922.0, 4287.0], [1415.0, 929.0, 4226.0], [1414.0, 1215.0, 3838.0], [1414.0, 1082.0, 4011.0], [1414.0, 739.0, 4426.0], [1413.0, 976.0, 4174.0], [1413.0, 925.0, 4268.0], [1413.0, 784.0, 4380.0], [1412.0, 1226.0, 3830.0], [1412.0, 974.0, 4211.0], [1412.0, 905.0, 4294.0], [1411.0, 1123.0, 4065.0], [1411.0, 982.0, 4196.0], [1410.0, 924.0, 4293.0], [1409.0, 1137.0, 4010.0], [1409.0, 989.0, 4167.0], [1408.0, 1241.0, 3836.0], [1408.0, 1032.0, 4140.0], [1405.0, 763.0, 4397.0], [1404.0, 1052.0, 4085.0], [1403.0, 1129.0, 4050.0], [1403.0, 1074.0, 4085.0], [1403.0, 973.0, 4268.0], [1403.0, 863.0, 4338.0], [1402.0, 1139.0, 3946.0], [1402.0, 1053.0, 4108.0], [1402.0, 998.0, 4234.0], [1401.0, 826.0, 4339.0], [1401.0, 684.0, 4429.0], [1400.0, 1167.0, 3881.0], [1399.0, 1080.0, 4085.0], [1398.0, 880.0, 4363.0], [1397.0, 773.0, 4433.0], [1395.0, 1179.0, 3975.0], [1395.0, 937.0, 4278.0], [1395.0, 803.0, 4375.0], [1394.0, 1076.0, 4144.0], [1394.0, 822.0, 4372.0], [1393.0, 887.0, 4328.0], [1392.0, 1142.0, 4089.0], [1392.0, 1044.0, 4148.0], [1391.0, 1001.0, 4199.0], [1390.0, 1254.0, 3562.0], [1390.0, 1017.0, 4166.0], [1389.0, 1053.0, 4177.0], [1388.0, 845.0, 4380.0], [1387.0, 945.0, 4275.0], [1386.0, 1153.0, 4017.0], [1386.0, 926.0, 4321.0], [1385.0, 1290.0, 3158.0], [1385.0, 913.0, 4340.0], [1384.0, 1249.0, 3669.0], [1382.0, 1237.0, 3914.0], [1381.0, 1213.0, 3969.0], [1380.0, 1251.0, 3719.0], [1380.0, 1088.0, 4110.0], [1380.0, 858.0, 4367.0], [1380.0, 695.0, 4525.0], [1379.0, 1078.0, 4117.0], [1379.0, 889.0, 4381.0], [1379.0, 829.0, 4400.0], [1379.0, 788.0, 4434.0], [1378.0, 999.0, 4200.0], [1376.0, 813.0, 4421.0], [1376.0, 709.0, 4489.0], [1375.0, 1095.0, 4142.0], [1373.0, 945.0, 4283.0], [1373.0, 718.0, 4456.0], [1372.0, 1022.0, 4236.0], [1372.0, 932.0, 4284.0], [1371.0, 976.0, 4242.0], [1371.0, 929.0, 4296.0], [1370.0, 949.0, 4271.0], [1369.0, 1172.0, 3985.0], [1368.0, 943.0, 4288.0], [1368.0, 937.0, 4323.0], [1368.0, 909.0, 4342.0], [1368.0, 805.0, 4425.0], [1366.0, 818.0, 4466.0], [1366.0, 778.0, 4477.0], [1366.0, 741.0, 4492.0], [1365.0, 944.0, 4311.0], [1364.0, 1227.0, 3999.0], [1363.0, 986.0, 4302.0], [1362.0, 1153.0, 4081.0], [1361.0, 1054.0, 4154.0], [1361.0, 806.0, 4479.0], [1360.0, 1167.0, 4026.0], [1360.0, 848.0, 4383.0], [1359.0, 1263.0, 3875.0], [1359.0, 997.0, 4238.0], [1359.0, 622.0, 4563.0], [1358.0, 1106.0, 4092.0], [1358.0, 1104.0, 4122.0], [1356.0, 1031.0, 4200.0], [1355.0, 730.0, 4510.0], [1354.0, 944.0, 4353.0], [1353.0, 1163.0, 4055.0], [1353.0, 949.0, 4310.0], [1353.0, 917.0, 4358.0], [1352.0, 1100.0, 4166.0], [1351.0, 1107.0, 4104.0], [1350.0, 870.0, 4388.0], [1349.0, 1031.0, 4226.0], [1347.0, 900.0, 4390.0], [1346.0, 1160.0, 4075.0], [1346.0, 860.0, 4397.0], [1346.0, 745.0, 4501.0], [1345.0, 1122.0, 4140.0], [1344.0, 960.0, 4329.0], [1344.0, 652.0, 4530.0], [1343.0, 1187.0, 4038.0], [1343.0, 858.0, 4415.0], [1342.0, 1048.0, 4194.0], [1342.0, 921.0, 4367.0], [1341.0, 1054.0, 4183.0], [1341.0, 1001.0, 4239.0], [1341.0, 923.0, 4366.0], [1341.0, 673.0, 4578.0], [1340.0, 844.0, 4488.0], [1339.0, 1179.0, 4042.0], [1339.0, 1127.0, 4117.0], [1339.0, 1049.0, 4203.0], [1339.0, 958.0, 4354.0], [1339.0, 730.0, 4538.0], [1338.0, 1077.0, 4169.0], [1338.0, 908.0, 4400.0], [1338.0, 860.0, 4406.0], [1337.0, 989.0, 4266.0], [1336.0, 1007.0, 4257.0], [1335.0, 1041.0, 4229.0], [1335.0, 925.0, 4372.0], [1335.0, 758.0, 4512.0], [1334.0, 1069.0, 4174.0], [1334.0, 1064.0, 4222.0], [1334.0, 970.0, 4308.0], [1334.0, 769.0, 4537.0], [1334.0, 590.0, 4674.0], [1333.0, 1234.0, 3938.0], [1333.0, 1009.0, 4251.0], [1333.0, 979.0, 4347.0], [1332.0, 1190.0, 4038.0], [1332.0, 921.0, 4376.0], [1332.0, 879.0, 4429.0], [1331.0, 1015.0, 4247.0], [1331.0, 1012.0, 4260.0], [1331.0, 764.0, 4538.0], [1330.0, 1245.0, 3977.0], [1330.0, 1201.0, 4030.0], [1330.0, 988.0, 4282.0], [1330.0, 808.0, 4505.0], [1329.0, 1030.0, 4237.0], [1329.0, 1019.0, 4246.0], [1329.0, 919.0, 4385.0], [1328.0, 1270.0, 3674.0], [1328.0, 1259.0, 3922.0], [1328.0, 1095.0, 4194.0], [1328.0, 904.0, 4420.0], [1328.0, 855.0, 4451.0], [1328.0, 695.0, 4623.0], [1327.0, 993.0, 4295.0], [1327.0, 877.0, 4444.0], [1326.0, 1018.0, 4271.0], [1326.0, 936.0, 4392.0], [1325.0, 993.0, 4341.0], [1325.0, 784.0, 4567.0], [1324.0, 1113.0, 4145.0], [1324.0, 1011.0, 4276.0], [1324.0, 831.0, 4491.0], [1324.0, 806.0, 4532.0], [1323.0, 1052.0, 4252.0], [1322.0, 1184.0, 4049.0], [1322.0, 1148.0, 4101.0], [1321.0, 960.0, 4355.0], [1321.0, 892.0, 4430.0], [1319.0, 1006.0, 4279.0], [1318.0, 1111.0, 4146.0], [1317.0, 1011.0, 4278.0], [1316.0, 1362.0, 3885.0], [1316.0, 1050.0, 4258.0], [1315.0, 1135.0, 4128.0], [1315.0, 1079.0, 4234.0], [1315.0, 998.0, 4314.0], [1315.0, 909.0, 4408.0], [1314.0, 1125.0, 4157.0], [1314.0, 1028.0, 4261.0], [1313.0, 1154.0, 4138.0], [1313.0, 1022.0, 4298.0], [1313.0, 975.0, 4353.0], [1313.0, 728.0, 4609.0], [1313.0, 517.0, 4712.0], [1312.0, 1136.0, 4149.0], [1312.0, 909.0, 4420.0], [1312.0, 872.0, 4479.0], [1311.0, 913.0, 4406.0], [1311.0, 835.0, 4499.0], [1310.0, 1001.0, 4333.0], [1310.0, 608.0, 4629.0], [1308.0, 1185.0, 4048.0], [1308.0, 1175.0, 4089.0], [1308.0, 916.0, 4398.0], [1307.0, 1023.0, 4263.0], [1307.0, 916.0, 4400.0], [1307.0, 630.0, 4626.0], [1306.0, 1114.0, 4168.0], [1306.0, 933.0, 4400.0], [1306.0, 885.0, 4489.0], [1306.0, 827.0, 4520.0], [1305.0, 1169.0, 4116.0], [1305.0, 791.0, 4548.0], [1304.0, 957.0, 4382.0], [1303.0, 1081.0, 4195.0], [1303.0, 1030.0, 4301.0], [1303.0, 1003.0, 4347.0], [1302.0, 790.0, 4596.0], [1299.0, 1130.0, 4170.0], [1299.0, 1012.0, 4339.0], [1298.0, 1114.0, 4199.0], [1298.0, 968.0, 4356.0], [1298.0, 841.0, 4493.0], [1298.0, 618.0, 4694.0], [1297.0, 908.0, 4461.0], [1296.0, 1278.0, 4052.0], [1296.0, 938.0, 4383.0], [1296.0, 866.0, 4538.0], [1295.0, 1123.0, 4210.0], [1295.0, 1080.0, 4227.0], [1295.0, 982.0, 4363.0], [1295.0, 955.0, 4413.0], [1295.0, 649.0, 4671.0], [1294.0, 1274.0, 4066.0], [1294.0, 721.0, 4634.0], [1293.0, 1047.0, 4271.0], [1293.0, 959.0, 4381.0], [1293.0, 920.0, 4423.0], [1293.0, 893.0, 4472.0], [1292.0, 1006.0, 4361.0], [1291.0, 1144.0, 4148.0], [1291.0, 1037.0, 4292.0], [1291.0, 959.0, 4417.0], [1291.0, 804.0, 4544.0], [1290.0, 1022.0, 4315.0], [1290.0, 960.0, 4366.0], [1289.0, 942.0, 4459.0], [1289.0, 535.0, 4807.0], [1288.0, 719.0, 4661.0], [1287.0, 1103.0, 4254.0], [1287.0, 1058.0, 4298.0], [1287.0, 993.0, 4370.0], [1286.0, 1160.0, 4162.0], [1286.0, 876.0, 4545.0], [1285.0, 1019.0, 4336.0], [1285.0, 824.0, 4580.0], [1284.0, 743.0, 4639.0], [1283.0, 1200.0, 4083.0], [1283.0, 1177.0, 4178.0], [1283.0, 965.0, 4374.0], [1283.0, 911.0, 4483.0], [1282.0, 1096.0, 4255.0], [1279.0, 1247.0, 4111.0], [1279.0, 945.0, 4432.0], [1278.0, 1020.0, 4316.0], [1278.0, 837.0, 4555.0], [1277.0, 1054.0, 4301.0], [1277.0, 969.0, 4386.0], [1277.0, 949.0, 4429.0], [1277.0, 545.0, 4732.0], [1276.0, 978.0, 4405.0], [1275.0, 1060.0, 4304.0], [1275.0, 1011.0, 4347.0], [1275.0, 921.0, 4461.0], [1275.0, 805.0, 4602.0], [1274.0, 1112.0, 4215.0], [1274.0, 1025.0, 4310.0], [1274.0, 920.0, 4479.0], [1273.0, 802.0, 4614.0], [1272.0, 973.0, 4438.0], [1272.0, 955.0, 4443.0], [1272.0, 934.0, 4466.0], [1272.0, 884.0, 4493.0], [1271.0, 687.0, 4667.0], [1270.0, 1181.0, 4134.0], [1270.0, 685.0, 4681.0], [1269.0, 923.0, 4476.0], [1267.0, 1015.0, 4352.0], [1267.0, 944.0, 4449.0], [1267.0, 887.0, 4499.0], [1267.0, 810.0, 4590.0], [1266.0, 1135.0, 4189.0], [1266.0, 1120.0, 4227.0], [1266.0, 888.0, 4487.0], [1265.0, 1145.0, 4189.0], [1264.0, 1116.0, 4241.0], [1264.0, 1041.0, 4308.0], [1264.0, 907.0, 4505.0], [1264.0, 749.0, 4648.0], [1263.0, 842.0, 4551.0], [1263.0, 788.0, 4632.0], [1261.0, 1035.0, 4311.0], [1261.0, 909.0, 4489.0], [1261.0, 859.0, 4546.0], [1260.0, 1030.0, 4323.0], [1260.0, 1022.0, 4338.0], [1260.0, 1011.0, 4371.0], [1259.0, 1173.0, 4194.0], [1259.0, 1137.0, 4217.0], [1259.0, 1085.0, 4260.0], [1259.0, 856.0, 4550.0], [1259.0, 698.0, 4671.0], [1257.0, 1028.0, 4343.0], [1257.0, 990.0, 4395.0], [1257.0, 984.0, 4425.0], [1257.0, 880.0, 4508.0], [1257.0, 660.0, 4697.0], [1256.0, 914.0, 4509.0], [1255.0, 1098.0, 4276.0], [1255.0, 1080.0, 4343.0], [1255.0, 975.0, 4426.0], [1254.0, 1182.0, 4118.0], [1254.0, 916.0, 4484.0], [1254.0, 610.0, 4709.0], [1253.0, 1024.0, 4349.0], [1253.0, 1019.0, 4353.0], [1252.0, 1276.0, 4056.0], [1252.0, 1082.0, 4285.0], [1252.0, 992.0, 4398.0], [1251.0, 1291.0, 3965.0], [1251.0, 1028.0, 4354.0], [1251.0, 985.0, 4450.0], [1251.0, 970.0, 4464.0], [1251.0, 834.0, 4574.0], [1251.0, 828.0, 4583.0], [1251.0, 776.0, 4654.0], [1250.0, 1097.0, 4311.0], [1250.0, 1027.0, 4363.0], [1250.0, 690.0, 4686.0], [1249.0, 1112.0, 4272.0], [1249.0, 1015.0, 4381.0], [1249.0, 920.0, 4484.0], [1249.0, 811.0, 4591.0], [1249.0, 806.0, 4598.0], [1248.0, 1104.0, 4284.0], [1248.0, 997.0, 4390.0], [1248.0, 930.0, 4515.0], [1248.0, 805.0, 4612.0], [1247.0, 1248.0, 4166.0], [1247.0, 1174.0, 4233.0], [1247.0, 1134.0, 4238.0], [1247.0, 1023.0, 4407.0], [1247.0, 690.0, 4730.0], [1246.0, 988.0, 4426.0], [1245.0, 1170.0, 4247.0], [1245.0, 829.0, 4582.0], [1244.0, 1121.0, 4310.0], [1243.0, 969.0, 4478.0], [1243.0, 816.0, 4604.0], [1243.0, 778.0, 4658.0], [1242.0, 897.0, 4566.0], [1242.0, 824.0, 4611.0], [1241.0, 1030.0, 4352.0], [1239.0, 1043.0, 4361.0], [1239.0, 902.0, 4519.0], [1239.0, 834.0, 4590.0], [1239.0, 828.0, 4625.0], [1238.0, 1068.0, 4353.0], [1238.0, 848.0, 4618.0], [1236.0, 1053.0, 4377.0], [1235.0, 827.0, 4633.0], [1234.0, 1057.0, 4365.0], [1234.0, 899.0, 4528.0], [1233.0, 1144.0, 4257.0], [1233.0, 908.0, 4527.0], [1233.0, 691.0, 4687.0], [1233.0, 607.0, 4736.0], [1232.0, 863.0, 4576.0], [1232.0, 735.0, 4668.0], [1231.0, 1029.0, 4410.0], [1231.0, 994.0, 4426.0], [1231.0, 943.0, 4480.0], [1231.0, 905.0, 4548.0], [1231.0, 739.0, 4697.0], [1230.0, 1143.0, 4292.0], [1229.0, 997.0, 4437.0], [1229.0, 743.0, 4723.0], [1228.0, 909.0, 4557.0], [1228.0, 840.0, 4670.0], [1226.0, 956.0, 4485.0], [1226.0, 588.0, 4817.0], [1225.0, 1106.0, 4318.0], [1225.0, 1075.0, 4365.0], [1225.0, 900.0, 4599.0], [1224.0, 985.0, 4457.0], [1224.0, 978.0, 4479.0], [1223.0, 693.0, 4735.0], [1223.0, 601.0, 4751.0], [1222.0, 1069.0, 4379.0], [1222.0, 1030.0, 4419.0], [1222.0, 640.0, 4831.0], [1221.0, 1079.0, 4347.0], [1221.0, 1037.0, 4382.0], [1221.0, 697.0, 4753.0], [1220.0, 1194.0, 4200.0], [1220.0, 1070.0, 4373.0], [1220.0, 990.0, 4468.0], [1220.0, 910.0, 4529.0], [1219.0, 952.0, 4505.0], [1217.0, 1090.0, 4341.0], [1217.0, 1007.0, 4432.0], [1217.0, 959.0, 4510.0], [1216.0, 993.0, 4458.0], [1216.0, 654.0, 4772.0], [1215.0, 1012.0, 4422.0], [1215.0, 762.0, 4679.0], [1214.0, 1131.0, 4302.0], [1214.0, 860.0, 4652.0], [1214.0, 731.0, 4724.0], [1214.0, 677.0, 4817.0], [1213.0, 911.0, 4525.0], [1213.0, 808.0, 4687.0], [1212.0, 1155.0, 4268.0], [1212.0, 969.0, 4490.0], [1212.0, 914.0, 4524.0], [1210.0, 1079.0, 4361.0], [1210.0, 870.0, 4622.0], [1210.0, 528.0, 4880.0], [1209.0, 1216.0, 4257.0], [1209.0, 1115.0, 4359.0], [1209.0, 941.0, 4515.0], [1209.0, 784.0, 4689.0], [1209.0, 623.0, 4863.0], [1208.0, 1052.0, 4390.0], [1208.0, 700.0, 4772.0], [1207.0, 1119.0, 4323.0], [1207.0, 922.0, 4518.0], [1207.0, 915.0, 4523.0], [1207.0, 705.0, 4739.0], [1206.0, 945.0, 4528.0], [1206.0, 923.0, 4550.0], [1206.0, 868.0, 4640.0], [1206.0, 766.0, 4697.0], [1206.0, 679.0, 4821.0], [1205.0, 1294.0, 4010.0], [1205.0, 927.0, 4540.0], [1204.0, 1220.0, 4176.0], [1204.0, 948.0, 4515.0], [1204.0, 868.0, 4649.0], [1203.0, 962.0, 4493.0], [1202.0, 953.0, 4513.0], [1201.0, 963.0, 4497.0], [1201.0, 820.0, 4675.0], [1200.0, 995.0, 4454.0], [1200.0, 872.0, 4603.0], [1200.0, 812.0, 4702.0], [1199.0, 1063.0, 4400.0], [1199.0, 1008.0, 4424.0], [1199.0, 991.0, 4528.0], [1199.0, 928.0, 4544.0], [1199.0, 886.0, 4620.0], [1199.0, 749.0, 4714.0], [1199.0, 739.0, 4760.0], [1198.0, 1144.0, 4347.0], [1198.0, 1083.0, 4362.0], [1198.0, 1048.0, 4405.0], [1198.0, 1033.0, 4408.0], [1198.0, 946.0, 4532.0], [1198.0, 762.0, 4741.0], [1197.0, 1011.0, 4454.0], [1197.0, 996.0, 4476.0], [1196.0, 1162.0, 4310.0], [1196.0, 1017.0, 4455.0], [1196.0, 810.0, 4738.0], [1195.0, 1335.0, 3963.0], [1195.0, 1017.0, 4491.0], [1195.0, 742.0, 4747.0], [1194.0, 1019.0, 4421.0], [1193.0, 1265.0, 4099.0], [1193.0, 978.0, 4574.0], [1193.0, 939.0, 4602.0], [1192.0, 1123.0, 4370.0], [1192.0, 1023.0, 4430.0], [1192.0, 729.0, 4808.0], [1191.0, 1000.0, 4496.0], [1191.0, 515.0, 4907.0], [1190.0, 1265.0, 4132.0], [1188.0, 1279.0, 4077.0], [1188.0, 1042.0, 4422.0], [1185.0, 789.0, 4747.0], [1184.0, 895.0, 4608.0], [1183.0, 1033.0, 4434.0], [1183.0, 1006.0, 4532.0], [1182.0, 1132.0, 4357.0], [1181.0, 1177.0, 4290.0], [1181.0, 901.0, 4648.0], [1181.0, 880.0, 4653.0], [1180.0, 1046.0, 4487.0], [1179.0, 748.0, 4761.0], [1178.0, 1097.0, 4373.0], [1178.0, 749.0, 4790.0], [1177.0, 1025.0, 4513.0], [1177.0, 825.0, 4741.0], [1176.0, 1068.0, 4454.0], [1175.0, 1163.0, 4300.0], [1175.0, 874.0, 4660.0], [1175.0, 839.0, 4673.0], [1174.0, 1209.0, 4278.0], [1174.0, 845.0, 4688.0], [1174.0, 745.0, 4814.0], [1173.0, 1117.0, 4371.0], [1173.0, 1108.0, 4375.0], [1173.0, 558.0, 4947.0], [1171.0, 910.0, 4603.0], [1169.0, 1004.0, 4539.0], [1169.0, 837.0, 4693.0], [1169.0, 813.0, 4775.0], [1169.0, 655.0, 4852.0], [1168.0, 848.0, 4754.0], [1167.0, 1105.0, 4402.0], [1167.0, 895.0, 4651.0], [1165.0, 921.0, 4608.0], [1164.0, 1087.0, 4442.0], [1163.0, 1098.0, 4422.0], [1163.0, 890.0, 4656.0], [1163.0, 865.0, 4671.0], [1163.0, 811.0, 4802.0], [1162.0, 998.0, 4558.0], [1161.0, 1054.0, 4458.0], [1161.0, 1032.0, 4501.0], [1161.0, 676.0, 4897.0], [1160.0, 1112.0, 4438.0], [1160.0, 908.0, 4626.0], [1160.0, 678.0, 4852.0], [1159.0, 920.0, 4622.0], [1158.0, 1220.0, 4189.0], [1158.0, 609.0, 4921.0], [1157.0, 1178.0, 4306.0], [1157.0, 940.0, 4584.0], [1157.0, 917.0, 4633.0], [1156.0, 1150.0, 4325.0], [1156.0, 923.0, 4610.0], [1156.0, 922.0, 4632.0], [1156.0, 867.0, 4686.0], [1156.0, 693.0, 4820.0], [1155.0, 908.0, 4638.0], [1155.0, 884.0, 4659.0], [1152.0, 941.0, 4588.0], [1152.0, 908.0, 4648.0], [1151.0, 1114.0, 4380.0], [1150.0, 950.0, 4580.0], [1150.0, 705.0, 4835.0], [1149.0, 901.0, 4661.0], [1149.0, 706.0, 4837.0], [1147.0, 867.0, 4688.0], [1146.0, 995.0, 4567.0], [1146.0, 950.0, 4621.0], [1146.0, 931.0, 4623.0], [1146.0, 911.0, 4649.0], [1146.0, 856.0, 4722.0], [1144.0, 905.0, 4651.0], [1144.0, 705.0, 4854.0], [1143.0, 1001.0, 4551.0], [1143.0, 649.0, 4898.0], [1142.0, 1119.0, 4432.0], [1142.0, 919.0, 4660.0], [1141.0, 1152.0, 4331.0], [1141.0, 880.0, 4711.0], [1139.0, 861.0, 4733.0], [1139.0, 691.0, 4873.0], [1138.0, 1064.0, 4476.0], [1137.0, 1181.0, 4327.0], [1137.0, 1152.0, 4341.0], [1137.0, 923.0, 4640.0], [1136.0, 910.0, 4665.0], [1136.0, 819.0, 4770.0], [1136.0, 711.0, 4890.0], [1136.0, 609.0, 4950.0], [1135.0, 953.0, 4617.0], [1135.0, 911.0, 4681.0], [1135.0, 867.0, 4734.0], [1134.0, 907.0, 4694.0], [1134.0, 902.0, 4713.0], [1134.0, 720.0, 4839.0], [1134.0, 692.0, 4897.0], [1133.0, 1078.0, 4501.0], [1133.0, 1018.0, 4534.0], [1133.0, 1004.0, 4546.0], [1133.0, 942.0, 4673.0], [1132.0, 1039.0, 4525.0], [1132.0, 755.0, 4815.0], [1131.0, 1167.0, 4362.0], [1131.0, 813.0, 4799.0], [1130.0, 964.0, 4602.0], [1129.0, 859.0, 4755.0], [1129.0, 712.0, 4850.0], [1129.0, 553.0, 5017.0], [1128.0, 906.0, 4749.0], [1128.0, 771.0, 4836.0], [1127.0, 1101.0, 4458.0], [1127.0, 1092.0, 4477.0], [1127.0, 946.0, 4643.0], [1127.0, 928.0, 4686.0], [1127.0, 639.0, 4912.0], [1125.0, 966.0, 4601.0], [1125.0, 775.0, 4821.0], [1124.0, 990.0, 4576.0], [1124.0, 985.0, 4581.0], [1122.0, 940.0, 4678.0], [1122.0, 921.0, 4707.0], [1121.0, 1047.0, 4521.0], [1121.0, 970.0, 4591.0], [1121.0, 961.0, 4605.0], [1120.0, 1017.0, 4573.0], [1119.0, 1040.0, 4531.0], [1119.0, 824.0, 4757.0], [1119.0, 731.0, 4855.0], [1119.0, 686.0, 4928.0], [1117.0, 1131.0, 4396.0], [1117.0, 1102.0, 4449.0], [1117.0, 1073.0, 4511.0], [1116.0, 966.0, 4640.0], [1116.0, 938.0, 4705.0], [1114.0, 991.0, 4580.0], [1114.0, 823.0, 4758.0], [1114.0, 817.0, 4778.0], [1114.0, 786.0, 4828.0], [1112.0, 1065.0, 4514.0], [1111.0, 722.0, 4881.0], [1111.0, 629.0, 4937.0], [1109.0, 1093.0, 4469.0], [1109.0, 828.0, 4797.0], [1109.0, 758.0, 4869.0], [1108.0, 1163.0, 4378.0], [1108.0, 1085.0, 4497.0], [1108.0, 836.0, 4765.0], [1107.0, 955.0, 4645.0], [1106.0, 974.0, 4630.0], [1105.0, 1184.0, 4286.0], [1105.0, 990.0, 4618.0], [1105.0, 598.0, 4973.0], [1104.0, 1110.0, 4453.0], [1104.0, 1020.0, 4547.0], [1104.0, 955.0, 4652.0], [1104.0, 855.0, 4792.0], [1104.0, 793.0, 4804.0], [1104.0, 789.0, 4811.0], [1103.0, 998.0, 4585.0], [1099.0, 1056.0, 4539.0], [1099.0, 808.0, 4817.0], [1099.0, 718.0, 4937.0], [1098.0, 992.0, 4589.0], [1097.0, 1102.0, 4477.0], [1097.0, 1028.0, 4580.0], [1096.0, 907.0, 4718.0], [1096.0, 871.0, 4752.0], [1095.0, 879.0, 4758.0], [1095.0, 771.0, 4859.0], [1095.0, 612.0, 4985.0], [1094.0, 1066.0, 4514.0], [1094.0, 949.0, 4653.0], [1094.0, 876.0, 4763.0], [1094.0, 816.0, 4803.0], [1093.0, 1000.0, 4668.0], [1091.0, 871.0, 4794.0], [1090.0, 791.0, 4824.0], [1090.0, 688.0, 4956.0], [1089.0, 1156.0, 4397.0], [1089.0, 942.0, 4694.0], [1088.0, 931.0, 4723.0], [1088.0, 818.0, 4860.0], [1087.0, 1034.0, 4597.0], [1087.0, 1015.0, 4626.0], [1087.0, 728.0, 4877.0], [1086.0, 770.0, 4878.0], [1086.0, 618.0, 4964.0], [1085.0, 1090.0, 4493.0], [1085.0, 855.0, 4826.0], [1084.0, 1187.0, 4307.0], [1084.0, 946.0, 4673.0], [1084.0, 882.0, 4780.0], [1083.0, 935.0, 4706.0], [1082.0, 1040.0, 4567.0], [1081.0, 1032.0, 4624.0], [1081.0, 942.0, 4709.0], [1080.0, 912.0, 4748.0], [1080.0, 654.0, 4993.0], [1080.0, 492.0, 5072.0], [1079.0, 1020.0, 4650.0], [1078.0, 751.0, 4890.0], [1077.0, 1127.0, 4420.0], [1077.0, 893.0, 4761.0], [1075.0, 873.0, 4789.0], [1075.0, 863.0, 4797.0], [1075.0, 591.0, 4997.0], [1074.0, 1070.0, 4516.0], [1074.0, 952.0, 4690.0], [1074.0, 756.0, 4898.0], [1074.0, 551.0, 5054.0], [1072.0, 953.0, 4670.0], [1070.0, 1096.0, 4511.0], [1070.0, 1070.0, 4526.0], [1070.0, 829.0, 4830.0], [1069.0, 1035.0, 4581.0], [1069.0, 949.0, 4697.0], [1068.0, 909.0, 4794.0], [1065.0, 949.0, 4715.0], [1065.0, 794.0, 4884.0], [1063.0, 1042.0, 4559.0], [1063.0, 961.0, 4695.0], [1063.0, 771.0, 4899.0], [1062.0, 1137.0, 4411.0], [1062.0, 856.0, 4861.0], [1060.0, 974.0, 4705.0], [1060.0, 589.0, 5021.0], [1059.0, 1109.0, 4483.0], [1058.0, 1052.0, 4607.0], [1057.0, 1149.0, 4421.0], [1056.0, 965.0, 4713.0], [1056.0, 937.0, 4726.0], [1056.0, 726.0, 4970.0], [1055.0, 1084.0, 4538.0], [1055.0, 784.0, 4939.0], [1054.0, 702.0, 4979.0], [1053.0, 592.0, 5016.0], [1052.0, 989.0, 4675.0], [1052.0, 809.0, 4871.0], [1051.0, 870.0, 4826.0], [1050.0, 1061.0, 4563.0], [1050.0, 828.0, 4865.0], [1050.0, 805.0, 4914.0], [1049.0, 976.0, 4699.0], [1049.0, 931.0, 4737.0], [1049.0, 921.0, 4775.0], [1048.0, 1006.0, 4661.0], [1044.0, 1114.0, 4496.0], [1044.0, 690.0, 4985.0], [1043.0, 912.0, 4784.0], [1043.0, 881.0, 4801.0], [1043.0, 657.0, 5027.0], [1040.0, 931.0, 4742.0], [1040.0, 874.0, 4809.0], [1039.0, 846.0, 4880.0], [1035.0, 1061.0, 4602.0], [1034.0, 1101.0, 4510.0], [1034.0, 878.0, 4810.0], [1034.0, 747.0, 4959.0], [1033.0, 1102.0, 4529.0], [1033.0, 1054.0, 4612.0], [1032.0, 962.0, 4730.0], [1032.0, 871.0, 4823.0], [1032.0, 770.0, 4955.0], [1032.0, 611.0, 5034.0], [1031.0, 995.0, 4698.0], [1031.0, 533.0, 5117.0], [1030.0, 871.0, 4824.0], [1029.0, 665.0, 4991.0], [1029.0, 618.0, 5050.0], [1028.0, 1185.0, 4419.0], [1028.0, 879.0, 4821.0], [1027.0, 950.0, 4780.0], [1026.0, 1199.0, 4364.0], [1026.0, 996.0, 4682.0], [1025.0, 1206.0, 4327.0], [1025.0, 1178.0, 4466.0], [1024.0, 847.0, 4887.0], [1024.0, 813.0, 4917.0], [1023.0, 988.0, 4724.0], [1022.0, 1228.0, 4360.0], [1022.0, 1199.0, 4374.0], [1022.0, 899.0, 4817.0], [1021.0, 1048.0, 4619.0], [1019.0, 814.0, 4901.0], [1018.0, 921.0, 4787.0], [1016.0, 916.0, 4815.0], [1015.0, 953.0, 4737.0], [1015.0, 842.0, 4934.0], [1015.0, 577.0, 5128.0], [1014.0, 889.0, 4837.0], [1014.0, 852.0, 4907.0], [1013.0, 889.0, 4874.0], [1013.0, 861.0, 4892.0], [1012.0, 984.0, 4766.0], [1012.0, 910.0, 4821.0], [1012.0, 615.0, 5093.0], [1011.0, 1063.0, 4581.0], [1011.0, 892.0, 4828.0], [1006.0, 1101.0, 4591.0], [1006.0, 965.0, 4774.0], [1006.0, 789.0, 4935.0], [1005.0, 667.0, 5071.0], [1004.0, 724.0, 4978.0], [1003.0, 959.0, 4784.0], [1002.0, 711.0, 4981.0], [1002.0, 672.0, 5002.0], [1002.0, 558.0, 5141.0], [999.0, 1036.0, 4670.0], [999.0, 1007.0, 4672.0], [999.0, 880.0, 4895.0], [998.0, 681.0, 4998.0], [997.0, 957.0, 4811.0], [996.0, 920.0, 4816.0], [996.0, 679.0, 5061.0], [995.0, 1098.0, 4593.0], [995.0, 1075.0, 4617.0], [994.0, 926.0, 4829.0], [994.0, 693.0, 5006.0], [993.0, 792.0, 4973.0], [992.0, 1119.0, 4501.0], [990.0, 761.0, 5002.0], [989.0, 704.0, 5011.0], [989.0, 596.0, 5108.0], [988.0, 1162.0, 4501.0], [988.0, 1133.0, 4515.0], [987.0, 816.0, 4940.0], [986.0, 827.0, 5001.0], [984.0, 1097.0, 4626.0], [984.0, 860.0, 4941.0], [983.0, 867.0, 4922.0], [982.0, 920.0, 4836.0], [979.0, 993.0, 4713.0], [978.0, 983.0, 4793.0], [976.0, 684.0, 5031.0], [973.0, 652.0, 5158.0], [969.0, 930.0, 4819.0], [969.0, 570.0, 5163.0], [968.0, 871.0, 4954.0], [967.0, 973.0, 4808.0], [967.0, 698.0, 5042.0], [966.0, 986.0, 4750.0], [965.0, 901.0, 4886.0], [965.0, 720.0, 5021.0], [960.0, 934.0, 4818.0], [960.0, 661.0, 5112.0], [957.0, 938.0, 4836.0], [956.0, 775.0, 5025.0], [956.0, 740.0, 5028.0], [952.0, 903.0, 4877.0], [951.0, 678.0, 5127.0], [950.0, 889.0, 4902.0], [949.0, 792.0, 5046.0], [948.0, 837.0, 4973.0], [945.0, 997.0, 4684.0], [945.0, 969.0, 4843.0], [944.0, 1000.0, 4741.0], [943.0, 1032.0, 4740.0], [943.0, 838.0, 4957.0], [940.0, 915.0, 4886.0], [937.0, 1045.0, 4640.0], [934.0, 734.0, 5082.0], [933.0, 744.0, 5055.0], [929.0, 687.0, 5107.0], [922.0, 592.0, 5197.0], [919.0, 878.0, 4906.0], [918.0, 810.0, 5053.0], [917.0, 938.0, 4846.0], [913.0, 697.0, 5102.0], [908.0, 1052.0, 4724.0], [904.0, 904.0, 4957.0], [895.0, 911.0, 4887.0], [894.0, 820.0, 5043.0], [892.0, 821.0, 5011.0], [891.0, 929.0, 4885.0], [882.0, 997.0, 4853.0], [882.0, 688.0, 5161.0], [881.0, 863.0, 4997.0], [870.0, 883.0, 4983.0], [837.0, 746.0, 5066.0], [818.0, 869.0, 5007.0]]
