heur = false
LBS_limit = 3
preproc = 1
tight_root = 0
total_time = 1800.03
NDP = 993
total_nodes = 47891
pruned_nodes = 23932
pruned_dominance_nodes = 9855
heur_time = 0.0
Y_N = Any[[3820.0, 2119.0, 4017.0], [3814.0, 2170.0, 3795.0], [3814.0, 2073.0, 4089.0], [3813.0, 2282.0, 3762.0], [3807.0, 2185.0, 3900.0], [3788.0, 2134.0, 4018.0], [3785.0, 2306.0, 3812.0], [3785.0, 2081.0, 4027.0], [3783.0, 2353.0, 3596.0], [3778.0, 2250.0, 3947.0], [3777.0, 2255.0, 3860.0], [3776.0, 2008.0, 4227.0], [3770.0, 2416.0, 3789.0], [3769.0, 2090.0, 4064.0], [3769.0, 2031.0, 4137.0], [3766.0, 2169.0, 3952.0], [3758.0, 2174.0, 3962.0], [3758.0, 2161.0, 3972.0], [3754.0, 2285.0, 3968.0], [3752.0, 2432.0, 3663.0], [3752.0, 2284.0, 4036.0], [3751.0, 2311.0, 3829.0], [3751.0, 2305.0, 3904.0], [3748.0, 2295.0, 4012.0], [3748.0, 2083.0, 4082.0], [3744.0, 1969.0, 4350.0], [3743.0, 2300.0, 4007.0], [3743.0, 2052.0, 4172.0], [3739.0, 2172.0, 4044.0], [3739.0, 2122.0, 4093.0], [3736.0, 1995.0, 4300.0], [3735.0, 1901.0, 4422.0], [3733.0, 2353.0, 3793.0], [3728.0, 2348.0, 3806.0], [3728.0, 2331.0, 3943.0], [3719.0, 2096.0, 4186.0], [3718.0, 2384.0, 3869.0], [3718.0, 2103.0, 4133.0], [3717.0, 2410.0, 3829.0], [3717.0, 2063.0, 4258.0], [3715.0, 2268.0, 4086.0], [3715.0, 2223.0, 4102.0], [3715.0, 1892.0, 4423.0], [3714.0, 2295.0, 4019.0], [3713.0, 2025.0, 4266.0], [3711.0, 2116.0, 4164.0], [3710.0, 2120.0, 4170.0], [3709.0, 2166.0, 4104.0], [3702.0, 2441.0, 3765.0], [3702.0, 2218.0, 4162.0], [3700.0, 2334.0, 3940.0], [3698.0, 2352.0, 3917.0], [3697.0, 2383.0, 3956.0], [3694.0, 2166.0, 4174.0], [3692.0, 2417.0, 3816.0], [3689.0, 2320.0, 3979.0], [3689.0, 2070.0, 4331.0], [3688.0, 2455.0, 3703.0], [3688.0, 2096.0, 4223.0], [3688.0, 1924.0, 4496.0], [3682.0, 2480.0, 3766.0], [3682.0, 2271.0, 4091.0], [3682.0, 2168.0, 4225.0], [3680.0, 2366.0, 3990.0], [3680.0, 1997.0, 4391.0], [3679.0, 2481.0, 3752.0], [3677.0, 2411.0, 3879.0], [3674.0, 2465.0, 3815.0], [3674.0, 2220.0, 4215.0], [3673.0, 2433.0, 3860.0], [3672.0, 2512.0, 3739.0], [3672.0, 2470.0, 3873.0], [3672.0, 2336.0, 4021.0], [3672.0, 2004.0, 4332.0], [3670.0, 2130.0, 4338.0], [3668.0, 2420.0, 3992.0], [3665.0, 1989.0, 4403.0], [3664.0, 2325.0, 4059.0], [3663.0, 2180.0, 4305.0], [3662.0, 1870.0, 4515.0], [3659.0, 2523.0, 3531.0], [3659.0, 2151.0, 4351.0], [3658.0, 2227.0, 4204.0], [3656.0, 2273.0, 4200.0], [3655.0, 2401.0, 4006.0], [3654.0, 2300.0, 4069.0], [3653.0, 1860.0, 4641.0], [3652.0, 2297.0, 4144.0], [3651.0, 1886.0, 4516.0], [3650.0, 2239.0, 4219.0], [3647.0, 2349.0, 4033.0], [3647.0, 2238.0, 4251.0], [3644.0, 2554.0, 3607.0], [3642.0, 2559.0, 3571.0], [3642.0, 2340.0, 4064.0], [3640.0, 2453.0, 3882.0], [3639.0, 2000.0, 4359.0], [3637.0, 2516.0, 3876.0], [3637.0, 2327.0, 4071.0], [3636.0, 2352.0, 4053.0], [3636.0, 2196.0, 4267.0], [3628.0, 2317.0, 4115.0], [3628.0, 2046.0, 4369.0], [3627.0, 2328.0, 4084.0], [3626.0, 2326.0, 4098.0], [3626.0, 1951.0, 4406.0], [3625.0, 2366.0, 4045.0], [3624.0, 2366.0, 4108.0], [3622.0, 2005.0, 4382.0], [3621.0, 2006.0, 4495.0], [3620.0, 2063.0, 4510.0], [3620.0, 1882.0, 4566.0], [3618.0, 2214.0, 4304.0], [3617.0, 2459.0, 3886.0], [3616.0, 2426.0, 4025.0], [3612.0, 1803.0, 4687.0], [3611.0, 2429.0, 3954.0], [3610.0, 2552.0, 3649.0], [3610.0, 2104.0, 4405.0], [3610.0, 1892.0, 4626.0], [3609.0, 2436.0, 4018.0], [3609.0, 2114.0, 4404.0], [3608.0, 2653.0, 3453.0], [3607.0, 2621.0, 3600.0], [3605.0, 2535.0, 3781.0], [3605.0, 1932.0, 4521.0], [3604.0, 1955.0, 4511.0], [3603.0, 2444.0, 3903.0], [3603.0, 2405.0, 4028.0], [3603.0, 2315.0, 4159.0], [3603.0, 2250.0, 4207.0], [3602.0, 2469.0, 3892.0], [3600.0, 2578.0, 3680.0], [3600.0, 2329.0, 4139.0], [3599.0, 2606.0, 3764.0], [3599.0, 2494.0, 3910.0], [3598.0, 2131.0, 4361.0], [3596.0, 2536.0, 3832.0], [3596.0, 2228.0, 4256.0], [3592.0, 2442.0, 3926.0], [3592.0, 2295.0, 4200.0], [3591.0, 2355.0, 4157.0], [3588.0, 2678.0, 3639.0], [3588.0, 2168.0, 4311.0], [3587.0, 2220.0, 4313.0], [3585.0, 2442.0, 3951.0], [3585.0, 2439.0, 4054.0], [3585.0, 2310.0, 4170.0], [3584.0, 2542.0, 3813.0], [3584.0, 2384.0, 4176.0], [3584.0, 2305.0, 4245.0], [3583.0, 2493.0, 3949.0], [3583.0, 2455.0, 3992.0], [3581.0, 2093.0, 4411.0], [3580.0, 2214.0, 4385.0], [3579.0, 2445.0, 4028.0], [3578.0, 2244.0, 4247.0], [3574.0, 1937.0, 4523.0], [3573.0, 2481.0, 3994.0], [3572.0, 2333.0, 4181.0], [3571.0, 2565.0, 3776.0], [3571.0, 2523.0, 3848.0], [3570.0, 2506.0, 3912.0], [3569.0, 1965.0, 4520.0], [3568.0, 2133.0, 4436.0], [3565.0, 2590.0, 3878.0], [3564.0, 2466.0, 3999.0], [3564.0, 2333.0, 4207.0], [3564.0, 1962.0, 4547.0], [3564.0, 1829.0, 4721.0], [3563.0, 2416.0, 4107.0], [3563.0, 1994.0, 4518.0], [3563.0, 1981.0, 4549.0], [3562.0, 2001.0, 4532.0], [3561.0, 1983.0, 4638.0], [3560.0, 2495.0, 3937.0], [3560.0, 2389.0, 4109.0], [3559.0, 2419.0, 4084.0], [3559.0, 2277.0, 4248.0], [3557.0, 2013.0, 4514.0], [3556.0, 2420.0, 4066.0], [3556.0, 2036.0, 4570.0], [3555.0, 2385.0, 4112.0], [3555.0, 2224.0, 4277.0], [3553.0, 2520.0, 3915.0], [3553.0, 2255.0, 4284.0], [3553.0, 2153.0, 4409.0], [3552.0, 2616.0, 3711.0], [3551.0, 1723.0, 4859.0], [3550.0, 2047.0, 4576.0], [3549.0, 2613.0, 3828.0], [3549.0, 2479.0, 4040.0], [3549.0, 2136.0, 4410.0], [3548.0, 2554.0, 3879.0], [3548.0, 2390.0, 4189.0], [3548.0, 2091.0, 4501.0], [3548.0, 1986.0, 4689.0], [3547.0, 2272.0, 4253.0], [3542.0, 2138.0, 4430.0], [3542.0, 2068.0, 4541.0], [3541.0, 2257.0, 4314.0], [3539.0, 2560.0, 3917.0], [3539.0, 2486.0, 4010.0], [3538.0, 2498.0, 4013.0], [3537.0, 1744.0, 4749.0], [3536.0, 2508.0, 3920.0], [3536.0, 2270.0, 4268.0], [3536.0, 2150.0, 4436.0], [3535.0, 2402.0, 4166.0], [3534.0, 2157.0, 4415.0], [3532.0, 2157.0, 4451.0], [3531.0, 2339.0, 4240.0], [3529.0, 2530.0, 3919.0], [3529.0, 2401.0, 4214.0], [3529.0, 2127.0, 4454.0], [3528.0, 2518.0, 3927.0], [3528.0, 2500.0, 3985.0], [3527.0, 2560.0, 4028.0], [3527.0, 2259.0, 4273.0], [3525.0, 2632.0, 3766.0], [3525.0, 2263.0, 4309.0], [3525.0, 2250.0, 4363.0], [3525.0, 2116.0, 4552.0], [3524.0, 2446.0, 4073.0], [3524.0, 2192.0, 4394.0], [3523.0, 2513.0, 4032.0], [3523.0, 2354.0, 4241.0], [3522.0, 2356.0, 4216.0], [3521.0, 2294.0, 4313.0], [3520.0, 2465.0, 4052.0], [3519.0, 2523.0, 4087.0], [3519.0, 2333.0, 4283.0], [3517.0, 2658.0, 3734.0], [3516.0, 2244.0, 4386.0], [3516.0, 2198.0, 4404.0], [3515.0, 2241.0, 4423.0], [3514.0, 1882.0, 4698.0], [3512.0, 1934.0, 4704.0], [3511.0, 2454.0, 4131.0], [3511.0, 2276.0, 4330.0], [3509.0, 2382.0, 4239.0], [3508.0, 2329.0, 4292.0], [3508.0, 2259.0, 4333.0], [3508.0, 1772.0, 4767.0], [3507.0, 2296.0, 4324.0], [3507.0, 1780.0, 4773.0], [3506.0, 2155.0, 4473.0], [3505.0, 2600.0, 3840.0], [3505.0, 2562.0, 3990.0], [3505.0, 2275.0, 4390.0], [3503.0, 1788.0, 4828.0], [3502.0, 2430.0, 4162.0], [3502.0, 2169.0, 4427.0], [3501.0, 2094.0, 4560.0], [3500.0, 2350.0, 4257.0], [3500.0, 2027.0, 4577.0], [3499.0, 2685.0, 3642.0], [3499.0, 2431.0, 4153.0], [3499.0, 2141.0, 4481.0], [3498.0, 2105.0, 4556.0], [3497.0, 2683.0, 3780.0], [3496.0, 2112.0, 4558.0], [3495.0, 1880.0, 4770.0], [3494.0, 2619.0, 3935.0], [3494.0, 2123.0, 4498.0], [3494.0, 2067.0, 4616.0], [3493.0, 2691.0, 3666.0], [3492.0, 1824.0, 4860.0], [3491.0, 2469.0, 4122.0], [3490.0, 2410.0, 4167.0], [3489.0, 2442.0, 4263.0], [3486.0, 2098.0, 4591.0], [3484.0, 2573.0, 3974.0], [3484.0, 2452.0, 4135.0], [3484.0, 2233.0, 4443.0], [3484.0, 2171.0, 4493.0], [3482.0, 2460.0, 4173.0], [3481.0, 2342.0, 4285.0], [3481.0, 2302.0, 4308.0], [3480.0, 2663.0, 3784.0], [3480.0, 2300.0, 4314.0], [3479.0, 2105.0, 4561.0], [3476.0, 2291.0, 4328.0], [3476.0, 1957.0, 4747.0], [3474.0, 1911.0, 4813.0], [3473.0, 2157.0, 4494.0], [3471.0, 2627.0, 3812.0], [3471.0, 2282.0, 4345.0], [3468.0, 2300.0, 4382.0], [3468.0, 2213.0, 4446.0], [3467.0, 2174.0, 4488.0], [3466.0, 2695.0, 3622.0], [3465.0, 2332.0, 4324.0], [3465.0, 2003.0, 4671.0], [3464.0, 2012.0, 4625.0], [3463.0, 1760.0, 4868.0], [3462.0, 2682.0, 3797.0], [3462.0, 2373.0, 4277.0], [3461.0, 2621.0, 3852.0], [3459.0, 2497.0, 4103.0], [3459.0, 2483.0, 4115.0], [3458.0, 2334.0, 4342.0], [3457.0, 2756.0, 3630.0], [3457.0, 2642.0, 3929.0], [3455.0, 2358.0, 4291.0], [3455.0, 2213.0, 4462.0], [3455.0, 2155.0, 4561.0], [3455.0, 2121.0, 4579.0], [3454.0, 2247.0, 4417.0], [3453.0, 2566.0, 4060.0], [3451.0, 2725.0, 3734.0], [3451.0, 2029.0, 4713.0], [3449.0, 2271.0, 4400.0], [3448.0, 2233.0, 4446.0], [3447.0, 2780.0, 3652.0], [3447.0, 2618.0, 4026.0], [3447.0, 2461.0, 4259.0], [3446.0, 2207.0, 4467.0], [3445.0, 2327.0, 4362.0], [3445.0, 2037.0, 4623.0], [3442.0, 2507.0, 4147.0], [3442.0, 2272.0, 4429.0], [3442.0, 2053.0, 4646.0], [3441.0, 2730.0, 3670.0], [3441.0, 2283.0, 4383.0], [3441.0, 2177.0, 4495.0], [3441.0, 1745.0, 4876.0], [3440.0, 2225.0, 4483.0], [3439.0, 2705.0, 3739.0], [3439.0, 2361.0, 4280.0], [3438.0, 1924.0, 4748.0], [3437.0, 2432.0, 4266.0], [3435.0, 2368.0, 4339.0], [3435.0, 2341.0, 4348.0], [3435.0, 2100.0, 4591.0], [3434.0, 2626.0, 3985.0], [3434.0, 2198.0, 4500.0], [3434.0, 2178.0, 4565.0], [3433.0, 2198.0, 4524.0], [3433.0, 2187.0, 4539.0], [3432.0, 2341.0, 4373.0], [3432.0, 2288.0, 4392.0], [3432.0, 2218.0, 4495.0], [3431.0, 2137.0, 4608.0], [3431.0, 1744.0, 4892.0], [3430.0, 2484.0, 4159.0], [3429.0, 2468.0, 4184.0], [3429.0, 2192.0, 4539.0], [3428.0, 2283.0, 4401.0], [3426.0, 2404.0, 4272.0], [3426.0, 2174.0, 4567.0], [3424.0, 2644.0, 3904.0], [3422.0, 2348.0, 4352.0], [3422.0, 2274.0, 4409.0], [3421.0, 2569.0, 4039.0], [3421.0, 2514.0, 4095.0], [3420.0, 2227.0, 4477.0], [3419.0, 2702.0, 3755.0], [3419.0, 2534.0, 4125.0], [3419.0, 2229.0, 4469.0], [3418.0, 2477.0, 4246.0], [3418.0, 2199.0, 4508.0], [3417.0, 2816.0, 3686.0], [3417.0, 2688.0, 3770.0], [3417.0, 2369.0, 4295.0], [3417.0, 2308.0, 4460.0], [3417.0, 1965.0, 4793.0], [3417.0, 1928.0, 4843.0], [3416.0, 2206.0, 4516.0], [3415.0, 2342.0, 4363.0], [3415.0, 2094.0, 4645.0], [3414.0, 2583.0, 4070.0], [3414.0, 2082.0, 4686.0], [3412.0, 2138.0, 4590.0], [3410.0, 2431.0, 4279.0], [3409.0, 2679.0, 3836.0], [3409.0, 2407.0, 4314.0], [3408.0, 2677.0, 3848.0], [3408.0, 2524.0, 4133.0], [3408.0, 2349.0, 4348.0], [3408.0, 2215.0, 4496.0], [3407.0, 2197.0, 4531.0], [3405.0, 2711.0, 3832.0], [3405.0, 2420.0, 4308.0], [3405.0, 2408.0, 4317.0], [3404.0, 2559.0, 4167.0], [3404.0, 2133.0, 4614.0], [3402.0, 2633.0, 3987.0], [3402.0, 2094.0, 4646.0], [3402.0, 1980.0, 4725.0], [3401.0, 2695.0, 3852.0], [3400.0, 2594.0, 4028.0], [3400.0, 2379.0, 4338.0], [3400.0, 2164.0, 4581.0], [3399.0, 2718.0, 3794.0], [3399.0, 2350.0, 4348.0], [3399.0, 2254.0, 4483.0], [3397.0, 2229.0, 4500.0], [3395.0, 1677.0, 4908.0], [3394.0, 2402.0, 4416.0], [3394.0, 2097.0, 4630.0], [3393.0, 1839.0, 4872.0], [3392.0, 1819.0, 4894.0], [3391.0, 2834.0, 3627.0], [3390.0, 2252.0, 4525.0], [3389.0, 2645.0, 3940.0], [3389.0, 2256.0, 4470.0], [3386.0, 1924.0, 4893.0], [3385.0, 2014.0, 4724.0], [3385.0, 1842.0, 4933.0], [3383.0, 2258.0, 4500.0], [3383.0, 2001.0, 4726.0], [3382.0, 2644.0, 4024.0], [3381.0, 2655.0, 3874.0], [3380.0, 2727.0, 3854.0], [3380.0, 2690.0, 3922.0], [3380.0, 2479.0, 4300.0], [3380.0, 2116.0, 4626.0], [3379.0, 2289.0, 4493.0], [3378.0, 2513.0, 4211.0], [3377.0, 2309.0, 4436.0], [3377.0, 2007.0, 4728.0], [3376.0, 2415.0, 4311.0], [3375.0, 2325.0, 4421.0], [3374.0, 2297.0, 4463.0], [3374.0, 2131.0, 4620.0], [3374.0, 1987.0, 4818.0], [3373.0, 2167.0, 4590.0], [3372.0, 1795.0, 4995.0], [3370.0, 2573.0, 4108.0], [3370.0, 2264.0, 4504.0], [3369.0, 2170.0, 4575.0], [3368.0, 2596.0, 4105.0], [3367.0, 2314.0, 4425.0], [3366.0, 2620.0, 4117.0], [3366.0, 2415.0, 4326.0], [3365.0, 2649.0, 3982.0], [3365.0, 2174.0, 4586.0], [3363.0, 2756.0, 3836.0], [3361.0, 2102.0, 4651.0], [3360.0, 2489.0, 4271.0], [3360.0, 2240.0, 4559.0], [3359.0, 2516.0, 4169.0], [3359.0, 2329.0, 4458.0], [3358.0, 2632.0, 4097.0], [3358.0, 2027.0, 4738.0], [3357.0, 2183.0, 4607.0], [3354.0, 2449.0, 4323.0], [3353.0, 2267.0, 4566.0], [3353.0, 2160.0, 4641.0], [3353.0, 2124.0, 4684.0], [3352.0, 2467.0, 4350.0], [3352.0, 2070.0, 4697.0], [3348.0, 2410.0, 4355.0], [3347.0, 2189.0, 4592.0], [3346.0, 2190.0, 4584.0], [3346.0, 1949.0, 4821.0], [3345.0, 2690.0, 3930.0], [3345.0, 2094.0, 4736.0], [3343.0, 2496.0, 4234.0], [3343.0, 2270.0, 4508.0], [3342.0, 2352.0, 4438.0], [3341.0, 2342.0, 4443.0], [3339.0, 2649.0, 4002.0], [3339.0, 2545.0, 4204.0], [3339.0, 2344.0, 4481.0], [3338.0, 2765.0, 3929.0], [3338.0, 2193.0, 4581.0], [3338.0, 2015.0, 4752.0], [3337.0, 2151.0, 4672.0], [3336.0, 2672.0, 3937.0], [3336.0, 2568.0, 4119.0], [3336.0, 2302.0, 4487.0], [3335.0, 2197.0, 4569.0], [3333.0, 2678.0, 3996.0], [3332.0, 2563.0, 4181.0], [3332.0, 2558.0, 4223.0], [3331.0, 2355.0, 4433.0], [3330.0, 2643.0, 4063.0], [3329.0, 2344.0, 4483.0], [3329.0, 2203.0, 4570.0], [3329.0, 2197.0, 4581.0], [3329.0, 2047.0, 4770.0], [3325.0, 2267.0, 4573.0], [3325.0, 2178.0, 4613.0], [3324.0, 2595.0, 4154.0], [3322.0, 2228.0, 4594.0], [3321.0, 2046.0, 4782.0], [3319.0, 1658.0, 5030.0], [3317.0, 2436.0, 4368.0], [3317.0, 2191.0, 4632.0], [3316.0, 2497.0, 4278.0], [3316.0, 2286.0, 4519.0], [3313.0, 2287.0, 4518.0], [3312.0, 2307.0, 4502.0], [3311.0, 2313.0, 4518.0], [3311.0, 2151.0, 4689.0], [3309.0, 2279.0, 4567.0], [3309.0, 2254.0, 4615.0], [3309.0, 2196.0, 4635.0], [3308.0, 2440.0, 4363.0], [3308.0, 1933.0, 4822.0], [3307.0, 2768.0, 3863.0], [3306.0, 2507.0, 4260.0], [3306.0, 2417.0, 4385.0], [3305.0, 2426.0, 4386.0], [3305.0, 2204.0, 4616.0], [3304.0, 2839.0, 3728.0], [3304.0, 2009.0, 4784.0], [3304.0, 1915.0, 4961.0], [3303.0, 2682.0, 3988.0], [3303.0, 2291.0, 4551.0], [3301.0, 2320.0, 4524.0], [3300.0, 2597.0, 4121.0], [3300.0, 2368.0, 4423.0], [3300.0, 2183.0, 4651.0], [3299.0, 2428.0, 4372.0], [3298.0, 2048.0, 4758.0], [3297.0, 2691.0, 3997.0], [3297.0, 2580.0, 4168.0], [3297.0, 2358.0, 4460.0], [3297.0, 2350.0, 4470.0], [3297.0, 2074.0, 4751.0], [3296.0, 2574.0, 4227.0], [3296.0, 2426.0, 4404.0], [3296.0, 2273.0, 4611.0], [3295.0, 2182.0, 4660.0], [3295.0, 2137.0, 4722.0], [3295.0, 1932.0, 4858.0], [3294.0, 2441.0, 4409.0], [3293.0, 2638.0, 4076.0], [3292.0, 2589.0, 4155.0], [3292.0, 2155.0, 4695.0], [3291.0, 2474.0, 4364.0], [3291.0, 2326.0, 4485.0], [3291.0, 2083.0, 4767.0], [3291.0, 1956.0, 4877.0], [3290.0, 2636.0, 4151.0], [3290.0, 2197.0, 4651.0], [3290.0, 2193.0, 4665.0], [3290.0, 2108.0, 4750.0], [3289.0, 2679.0, 4060.0], [3289.0, 2599.0, 4185.0], [3289.0, 2144.0, 4704.0], [3289.0, 2051.0, 4785.0], [3289.0, 1993.0, 4824.0], [3288.0, 2699.0, 3934.0], [3288.0, 2368.0, 4460.0], [3288.0, 2310.0, 4527.0], [3287.0, 2304.0, 4595.0], [3286.0, 2631.0, 4171.0], [3286.0, 2510.0, 4267.0], [3286.0, 2144.0, 4743.0], [3285.0, 2224.0, 4654.0], [3285.0, 1961.0, 4844.0], [3284.0, 2443.0, 4418.0], [3284.0, 2166.0, 4685.0], [3283.0, 2482.0, 4299.0], [3283.0, 2419.0, 4430.0], [3283.0, 2390.0, 4466.0], [3283.0, 2343.0, 4540.0], [3282.0, 2236.0, 4628.0], [3282.0, 1996.0, 4787.0], [3281.0, 2457.0, 4385.0], [3281.0, 2346.0, 4549.0], [3280.0, 2664.0, 4068.0], [3280.0, 2494.0, 4307.0], [3280.0, 2120.0, 4758.0], [3280.0, 1971.0, 4830.0], [3279.0, 2771.0, 3744.0], [3279.0, 2692.0, 4005.0], [3279.0, 2160.0, 4720.0], [3278.0, 1967.0, 4871.0], [3277.0, 2185.0, 4688.0], [3277.0, 1690.0, 5020.0], [3276.0, 2501.0, 4314.0], [3276.0, 2483.0, 4342.0], [3276.0, 2145.0, 4778.0], [3275.0, 2544.0, 4254.0], [3275.0, 2490.0, 4331.0], [3274.0, 2826.0, 3779.0], [3274.0, 2775.0, 3824.0], [3274.0, 2027.0, 4791.0], [3273.0, 2442.0, 4429.0], [3271.0, 2696.0, 3971.0], [3271.0, 2525.0, 4327.0], [3270.0, 2254.0, 4626.0], [3270.0, 2204.0, 4709.0], [3269.0, 2453.0, 4401.0], [3268.0, 2256.0, 4628.0], [3268.0, 2017.0, 4801.0], [3267.0, 2248.0, 4633.0], [3266.0, 2541.0, 4302.0], [3266.0, 2419.0, 4461.0], [3266.0, 1735.0, 5022.0], [3265.0, 2473.0, 4374.0], [3265.0, 2397.0, 4463.0], [3265.0, 2315.0, 4624.0], [3265.0, 2224.0, 4662.0], [3265.0, 2037.0, 4786.0], [3264.0, 2269.0, 4627.0], [3263.0, 2424.0, 4456.0], [3263.0, 1782.0, 5004.0], [3261.0, 2010.0, 4812.0], [3261.0, 1980.0, 4846.0], [3261.0, 1957.0, 4881.0], [3260.0, 2706.0, 3959.0], [3260.0, 2639.0, 4120.0], [3260.0, 2037.0, 4790.0], [3259.0, 2574.0, 4244.0], [3259.0, 2479.0, 4377.0], [3259.0, 2395.0, 4472.0], [3257.0, 2328.0, 4583.0], [3257.0, 2028.0, 4806.0], [3256.0, 2672.0, 4081.0], [3256.0, 1974.0, 4892.0], [3255.0, 2565.0, 4261.0], [3255.0, 2347.0, 4480.0], [3254.0, 2434.0, 4450.0], [3254.0, 2332.0, 4568.0], [3254.0, 1851.0, 4973.0], [3254.0, 1797.0, 4975.0], [3254.0, 1617.0, 5165.0], [3253.0, 2622.0, 4204.0], [3253.0, 2360.0, 4497.0], [3253.0, 1986.0, 4852.0], [3253.0, 1924.0, 4961.0], [3252.0, 2697.0, 3961.0], [3252.0, 2548.0, 4271.0], [3252.0, 2436.0, 4436.0], [3252.0, 2059.0, 4795.0], [3250.0, 2375.0, 4481.0], [3250.0, 2369.0, 4521.0], [3250.0, 2350.0, 4580.0], [3249.0, 2197.0, 4716.0], [3248.0, 1987.0, 4840.0], [3247.0, 2643.0, 4165.0], [3247.0, 2228.0, 4648.0], [3247.0, 2217.0, 4706.0], [3247.0, 1943.0, 4903.0], [3246.0, 1799.0, 5003.0], [3245.0, 2708.0, 3971.0], [3245.0, 2651.0, 4128.0], [3245.0, 1944.0, 4908.0], [3243.0, 2104.0, 4793.0], [3243.0, 2041.0, 4803.0], [3243.0, 1650.0, 5073.0], [3242.0, 2721.0, 3956.0], [3240.0, 2155.0, 4758.0], [3240.0, 1971.0, 4899.0], [3239.0, 2599.0, 4241.0], [3239.0, 2486.0, 4356.0], [3239.0, 2469.0, 4432.0], [3239.0, 2361.0, 4549.0], [3239.0, 2034.0, 4824.0], [3238.0, 2821.0, 3913.0], [3238.0, 2776.0, 3967.0], [3238.0, 2446.0, 4465.0], [3238.0, 1991.0, 4880.0], [3238.0, 1862.0, 4962.0], [3237.0, 2549.0, 4303.0], [3237.0, 2230.0, 4640.0], [3237.0, 2167.0, 4741.0], [3236.0, 2473.0, 4392.0], [3236.0, 2377.0, 4503.0], [3236.0, 2360.0, 4555.0], [3236.0, 2077.0, 4796.0], [3235.0, 2026.0, 4846.0], [3233.0, 2323.0, 4636.0], [3233.0, 2080.0, 4796.0], [3232.0, 2731.0, 4048.0], [3232.0, 2256.0, 4660.0], [3232.0, 2055.0, 4798.0], [3232.0, 1806.0, 4982.0], [3231.0, 2394.0, 4490.0], [3230.0, 2373.0, 4520.0], [3229.0, 2609.0, 4249.0], [3229.0, 2410.0, 4469.0], [3229.0, 2198.0, 4767.0], [3229.0, 2086.0, 4819.0], [3228.0, 2637.0, 4227.0], [3228.0, 2407.0, 4490.0], [3227.0, 2638.0, 4232.0], [3227.0, 2243.0, 4668.0], [3226.0, 2494.0, 4381.0], [3226.0, 2486.0, 4413.0], [3226.0, 2317.0, 4643.0], [3226.0, 1926.0, 4941.0], [3225.0, 2601.0, 4255.0], [3225.0, 2484.0, 4419.0], [3225.0, 2353.0, 4563.0], [3224.0, 2223.0, 4695.0], [3223.0, 2482.0, 4443.0], [3223.0, 2389.0, 4493.0], [3223.0, 2263.0, 4668.0], [3222.0, 1809.0, 5001.0], [3221.0, 2676.0, 4174.0], [3221.0, 2576.0, 4298.0], [3221.0, 2517.0, 4359.0], [3221.0, 2379.0, 4502.0], [3221.0, 2334.0, 4588.0], [3221.0, 1991.0, 4886.0], [3221.0, 1873.0, 5020.0], [3220.0, 2556.0, 4311.0], [3220.0, 2442.0, 4479.0], [3220.0, 2255.0, 4670.0], [3220.0, 2033.0, 4831.0], [3219.0, 2527.0, 4333.0], [3219.0, 2418.0, 4514.0], [3218.0, 2342.0, 4587.0], [3217.0, 1722.0, 5104.0], [3216.0, 2689.0, 4179.0], [3216.0, 2044.0, 4820.0], [3215.0, 2420.0, 4486.0], [3214.0, 2570.0, 4367.0], [3214.0, 2472.0, 4445.0], [3214.0, 2380.0, 4576.0], [3214.0, 2328.0, 4623.0], [3213.0, 2749.0, 4053.0], [3213.0, 2231.0, 4675.0], [3213.0, 1949.0, 4924.0], [3213.0, 1738.0, 5029.0], [3212.0, 2283.0, 4653.0], [3212.0, 2229.0, 4706.0], [3211.0, 2421.0, 4480.0], [3211.0, 2354.0, 4618.0], [3211.0, 2010.0, 4861.0], [3210.0, 2700.0, 4109.0], [3209.0, 2359.0, 4590.0], [3209.0, 2081.0, 4878.0], [3209.0, 2003.0, 4923.0], [3209.0, 1749.0, 5025.0], [3208.0, 2134.0, 4790.0], [3208.0, 2007.0, 4903.0], [3207.0, 2750.0, 4087.0], [3207.0, 2115.0, 4796.0], [3205.0, 2276.0, 4682.0], [3205.0, 2268.0, 4711.0], [3204.0, 2514.0, 4412.0], [3204.0, 2398.0, 4550.0], [3204.0, 2146.0, 4787.0], [3203.0, 2237.0, 4725.0], [3202.0, 2548.0, 4380.0], [3202.0, 2529.0, 4406.0], [3202.0, 2414.0, 4521.0], [3202.0, 2129.0, 4793.0], [3202.0, 1907.0, 4977.0], [3202.0, 1821.0, 5021.0], [3201.0, 2644.0, 4198.0], [3201.0, 2098.0, 4832.0], [3200.0, 2168.0, 4811.0], [3199.0, 2615.0, 4259.0], [3199.0, 2107.0, 4873.0], [3199.0, 1760.0, 5117.0], [3198.0, 1987.0, 4962.0], [3198.0, 1808.0, 5075.0], [3197.0, 2469.0, 4453.0], [3197.0, 2458.0, 4465.0], [3197.0, 2273.0, 4685.0], [3197.0, 2171.0, 4780.0], [3196.0, 2228.0, 4752.0], [3196.0, 2108.0, 4824.0], [3195.0, 2014.0, 4927.0], [3194.0, 2269.0, 4701.0], [3193.0, 2360.0, 4631.0], [3193.0, 1873.0, 5035.0], [3193.0, 1751.0, 5179.0], [3192.0, 2325.0, 4665.0], [3191.0, 2174.0, 4797.0], [3191.0, 1990.0, 4942.0], [3190.0, 2474.0, 4457.0], [3190.0, 2264.0, 4777.0], [3189.0, 2604.0, 4273.0], [3189.0, 2502.0, 4423.0], [3189.0, 2300.0, 4693.0], [3188.0, 2789.0, 3998.0], [3187.0, 2583.0, 4336.0], [3187.0, 2545.0, 4403.0], [3186.0, 2401.0, 4522.0], [3186.0, 2032.0, 4904.0], [3186.0, 1672.0, 5207.0], [3183.0, 2831.0, 3809.0], [3182.0, 2371.0, 4617.0], [3181.0, 2407.0, 4533.0], [3180.0, 2450.0, 4507.0], [3180.0, 2059.0, 4940.0], [3179.0, 2699.0, 4190.0], [3178.0, 2708.0, 4187.0], [3178.0, 2294.0, 4730.0], [3178.0, 2183.0, 4795.0], [3177.0, 2465.0, 4474.0], [3176.0, 2359.0, 4655.0], [3176.0, 2345.0, 4676.0], [3175.0, 2409.0, 4534.0], [3175.0, 1958.0, 4991.0], [3174.0, 2204.0, 4778.0], [3173.0, 2754.0, 4083.0], [3173.0, 2735.0, 4116.0], [3173.0, 2381.0, 4564.0], [3173.0, 1862.0, 5084.0], [3172.0, 2900.0, 3822.0], [3172.0, 2198.0, 4795.0], [3170.0, 2387.0, 4558.0], [3170.0, 2145.0, 4868.0], [3169.0, 2505.0, 4417.0], [3166.0, 2539.0, 4438.0], [3164.0, 2640.0, 4241.0], [3163.0, 2391.0, 4604.0], [3160.0, 2301.0, 4694.0], [3158.0, 2459.0, 4508.0], [3157.0, 2477.0, 4461.0], [3156.0, 2510.0, 4461.0], [3156.0, 2153.0, 4817.0], [3154.0, 2569.0, 4379.0], [3154.0, 2369.0, 4627.0], [3154.0, 1771.0, 5223.0], [3152.0, 2574.0, 4410.0], [3152.0, 2484.0, 4517.0], [3152.0, 2437.0, 4559.0], [3152.0, 2421.0, 4609.0], [3152.0, 2017.0, 4971.0], [3151.0, 2378.0, 4626.0], [3150.0, 2659.0, 4299.0], [3150.0, 2377.0, 4670.0], [3149.0, 2384.0, 4610.0], [3148.0, 2388.0, 4651.0], [3148.0, 2116.0, 4885.0], [3147.0, 2758.0, 4001.0], [3147.0, 2449.0, 4577.0], [3147.0, 2171.0, 4810.0], [3144.0, 2318.0, 4682.0], [3144.0, 2215.0, 4789.0], [3144.0, 1907.0, 5013.0], [3144.0, 1885.0, 5019.0], [3142.0, 2189.0, 4816.0], [3141.0, 2589.0, 4306.0], [3141.0, 2162.0, 4837.0], [3141.0, 2115.0, 4914.0], [3141.0, 2035.0, 4947.0], [3140.0, 2811.0, 4021.0], [3140.0, 2520.0, 4454.0], [3139.0, 1912.0, 5022.0], [3138.0, 2305.0, 4692.0], [3135.0, 2397.0, 4619.0], [3134.0, 2511.0, 4461.0], [3134.0, 2358.0, 4672.0], [3134.0, 2338.0, 4680.0], [3133.0, 2308.0, 4721.0], [3131.0, 2309.0, 4715.0], [3129.0, 2219.0, 4831.0], [3129.0, 1909.0, 5043.0], [3128.0, 2527.0, 4463.0], [3128.0, 2485.0, 4478.0], [3128.0, 1820.0, 5087.0], [3127.0, 2070.0, 4946.0], [3126.0, 1939.0, 4995.0], [3125.0, 2407.0, 4622.0], [3124.0, 2412.0, 4618.0], [3123.0, 2239.0, 4843.0], [3122.0, 2280.0, 4743.0], [3122.0, 2256.0, 4856.0], [3120.0, 2828.0, 3983.0], [3120.0, 1741.0, 5250.0], [3119.0, 2487.0, 4478.0], [3119.0, 2327.0, 4706.0], [3118.0, 2592.0, 4331.0], [3118.0, 2551.0, 4431.0], [3118.0, 1846.0, 5085.0], [3116.0, 1818.0, 5140.0], [3115.0, 1830.0, 5103.0], [3114.0, 2839.0, 4053.0], [3114.0, 2354.0, 4737.0], [3113.0, 2715.0, 4256.0], [3113.0, 2557.0, 4452.0], [3113.0, 2523.0, 4533.0], [3110.0, 2545.0, 4469.0], [3110.0, 2452.0, 4560.0], [3109.0, 2410.0, 4629.0], [3109.0, 2305.0, 4799.0], [3108.0, 2426.0, 4629.0], [3107.0, 2435.0, 4667.0], [3107.0, 2332.0, 4782.0], [3107.0, 2078.0, 4918.0], [3105.0, 2166.0, 4872.0], [3105.0, 2005.0, 5010.0], [3104.0, 2611.0, 4317.0], [3104.0, 2340.0, 4747.0], [3102.0, 2364.0, 4687.0], [3102.0, 2154.0, 4878.0], [3101.0, 2643.0, 4340.0], [3101.0, 2375.0, 4698.0], [3100.0, 2415.0, 4686.0], [3099.0, 2167.0, 4860.0], [3099.0, 2029.0, 4958.0], [3094.0, 2381.0, 4694.0], [3093.0, 2508.0, 4545.0], [3093.0, 2457.0, 4602.0], [3093.0, 2340.0, 4754.0], [3092.0, 2164.0, 4899.0], [3090.0, 2143.0, 4931.0], [3089.0, 2170.0, 4883.0], [3089.0, 2038.0, 4977.0], [3088.0, 1840.0, 5126.0], [3087.0, 2152.0, 4946.0], [3086.0, 2463.0, 4601.0], [3086.0, 2439.0, 4625.0], [3085.0, 2578.0, 4484.0], [3085.0, 2448.0, 4604.0], [3084.0, 1885.0, 5100.0], [3081.0, 2591.0, 4416.0], [3081.0, 2582.0, 4420.0], [3080.0, 2297.0, 4867.0], [3079.0, 2540.0, 4507.0], [3077.0, 2572.0, 4501.0], [3077.0, 2473.0, 4599.0], [3075.0, 2373.0, 4724.0], [3074.0, 2621.0, 4385.0], [3074.0, 2018.0, 5030.0], [3073.0, 2736.0, 4147.0], [3072.0, 2664.0, 4319.0], [3072.0, 2531.0, 4526.0], [3071.0, 1981.0, 5039.0], [3067.0, 2486.0, 4610.0], [3067.0, 1910.0, 5055.0], [3065.0, 2806.0, 4064.0], [3065.0, 2776.0, 4074.0], [3065.0, 2446.0, 4664.0], [3064.0, 2792.0, 4097.0], [3063.0, 2593.0, 4399.0], [3063.0, 2193.0, 4894.0], [3063.0, 2086.0, 4987.0], [3062.0, 1937.0, 5058.0], [3062.0, 1657.0, 5289.0], [3061.0, 2516.0, 4535.0], [3061.0, 2495.0, 4562.0], [3057.0, 2356.0, 4827.0], [3056.0, 2885.0, 3837.0], [3056.0, 2458.0, 4633.0], [3056.0, 2033.0, 5000.0], [3055.0, 2665.0, 4283.0], [3055.0, 2435.0, 4669.0], [3055.0, 2363.0, 4735.0], [3054.0, 2378.0, 4763.0], [3052.0, 2529.0, 4605.0], [3051.0, 2300.0, 4837.0], [3050.0, 2392.0, 4751.0], [3049.0, 2370.0, 4800.0], [3046.0, 2545.0, 4530.0], [3046.0, 2031.0, 5004.0], [3042.0, 2699.0, 4287.0], [3042.0, 1758.0, 5228.0], [3038.0, 2108.0, 5017.0], [3036.0, 2424.0, 4697.0], [3034.0, 2545.0, 4544.0], [3034.0, 2455.0, 4672.0], [3032.0, 2648.0, 4385.0], [3031.0, 2459.0, 4645.0], [3031.0, 2196.0, 4868.0], [3025.0, 2713.0, 4258.0], [3022.0, 2121.0, 4954.0], [3021.0, 2271.0, 4880.0], [3020.0, 2161.0, 4905.0], [3018.0, 2122.0, 4984.0], [3017.0, 2156.0, 4971.0], [3015.0, 1897.0, 5104.0], [3014.0, 2490.0, 4657.0], [3013.0, 2584.0, 4440.0], [3011.0, 2171.0, 5010.0], [3008.0, 2395.0, 4727.0], [3006.0, 2313.0, 4832.0], [3003.0, 2055.0, 5028.0], [3002.0, 2207.0, 4901.0], [3001.0, 2514.0, 4617.0], [2997.0, 2729.0, 4221.0], [2997.0, 2569.0, 4568.0], [2997.0, 2221.0, 4885.0], [2988.0, 2702.0, 4264.0], [2988.0, 2193.0, 4948.0], [2986.0, 2203.0, 4966.0], [2981.0, 2718.0, 4250.0], [2972.0, 2211.0, 4956.0], [2971.0, 2711.0, 4312.0], [2969.0, 2720.0, 4241.0], [2968.0, 2753.0, 4099.0], [2965.0, 2023.0, 5059.0], [2957.0, 2045.0, 5081.0], [2947.0, 1952.0, 5146.0], [2939.0, 2269.0, 4918.0], [2908.0, 2206.0, 5033.0], [2905.0, 2794.0, 4108.0], [2881.0, 2263.0, 4953.0], [2876.0, 2213.0, 5008.0], [2821.0, 2747.0, 4122.0]]
