heur = false
LBS_limit = 3
preproc = 1
tight_root = 0
total_time = 223.91
NDP = 360
total_nodes = 29559
pruned_nodes = 14780
pruned_dominance_nodes = 2324
heur_time = 0.0
Y_N = Any[[1795.0, 920.0, 843.0], [1793.0, 958.0, 817.0], [1792.0, 949.0, 830.0], [1787.0, 976.0, 781.0], [1782.0, 969.0, 806.0], [1775.0, 994.0, 850.0], [1767.0, 966.0, 875.0], [1749.0, 995.0, 864.0], [1748.0, 1004.0, 792.0], [1748.0, 1000.0, 812.0], [1748.0, 993.0, 881.0], [1744.0, 1026.0, 795.0], [1744.0, 946.0, 892.0], [1736.0, 1034.0, 753.0], [1735.0, 1071.0, 726.0], [1735.0, 1039.0, 816.0], [1732.0, 1072.0, 765.0], [1732.0, 1003.0, 875.0], [1731.0, 1077.0, 702.0], [1729.0, 1095.0, 783.0], [1724.0, 1044.0, 826.0], [1724.0, 993.0, 909.0], [1723.0, 1049.0, 792.0], [1721.0, 1076.0, 820.0], [1720.0, 1126.0, 675.0], [1720.0, 1104.0, 708.0], [1718.0, 1014.0, 838.0], [1716.0, 1023.0, 888.0], [1715.0, 1033.0, 829.0], [1712.0, 1016.0, 912.0], [1708.0, 1034.0, 846.0], [1707.0, 1114.0, 712.0], [1706.0, 1112.0, 749.0], [1704.0, 1043.0, 878.0], [1701.0, 1109.0, 771.0], [1700.0, 1116.0, 721.0], [1700.0, 1095.0, 845.0], [1699.0, 1115.0, 740.0], [1697.0, 1139.0, 659.0], [1696.0, 1131.0, 716.0], [1694.0, 1112.0, 809.0], [1694.0, 1091.0, 849.0], [1693.0, 1056.0, 858.0], [1693.0, 1047.0, 868.0], [1692.0, 1142.0, 710.0], [1692.0, 1128.0, 792.0], [1691.0, 1147.0, 712.0], [1690.0, 1148.0, 677.0], [1690.0, 1134.0, 745.0], [1689.0, 1149.0, 712.0], [1687.0, 1104.0, 825.0], [1684.0, 1115.0, 833.0], [1684.0, 1068.0, 874.0], [1683.0, 1166.0, 704.0], [1683.0, 1047.0, 877.0], [1682.0, 1147.0, 748.0], [1682.0, 1092.0, 860.0], [1681.0, 1047.0, 887.0], [1681.0, 1017.0, 895.0], [1680.0, 1144.0, 779.0], [1678.0, 1128.0, 795.0], [1677.0, 1171.0, 754.0], [1677.0, 1166.0, 790.0], [1676.0, 1122.0, 838.0], [1676.0, 1072.0, 881.0], [1673.0, 1126.0, 801.0], [1673.0, 1102.0, 863.0], [1672.0, 1125.0, 806.0], [1670.0, 1184.0, 726.0], [1670.0, 1133.0, 817.0], [1667.0, 1153.0, 796.0], [1665.0, 1126.0, 857.0], [1664.0, 1188.0, 654.0], [1663.0, 1137.0, 823.0], [1661.0, 1187.0, 683.0], [1661.0, 1173.0, 744.0], [1660.0, 1183.0, 746.0], [1659.0, 1203.0, 660.0], [1659.0, 1188.0, 726.0], [1658.0, 1138.0, 816.0], [1657.0, 1193.0, 709.0], [1655.0, 1173.0, 798.0], [1655.0, 1159.0, 803.0], [1655.0, 1107.0, 873.0], [1654.0, 1201.0, 691.0], [1653.0, 1139.0, 826.0], [1650.0, 1161.0, 830.0], [1649.0, 1109.0, 859.0], [1648.0, 1213.0, 681.0], [1648.0, 1174.0, 785.0], [1647.0, 1150.0, 834.0], [1647.0, 1098.0, 905.0], [1647.0, 1073.0, 943.0], [1646.0, 1215.0, 630.0], [1646.0, 1199.0, 709.0], [1646.0, 1184.0, 732.0], [1645.0, 1167.0, 806.0], [1645.0, 1124.0, 859.0], [1644.0, 1221.0, 721.0], [1644.0, 1200.0, 763.0], [1643.0, 1225.0, 653.0], [1643.0, 1191.0, 769.0], [1643.0, 1116.0, 868.0], [1639.0, 1197.0, 774.0], [1638.0, 1237.0, 644.0], [1638.0, 1235.0, 735.0], [1638.0, 1179.0, 782.0], [1638.0, 1139.0, 839.0], [1637.0, 1204.0, 743.0], [1637.0, 1126.0, 861.0], [1636.0, 1215.0, 776.0], [1636.0, 1185.0, 783.0], [1635.0, 1178.0, 808.0], [1634.0, 1185.0, 828.0], [1633.0, 1136.0, 869.0], [1632.0, 1191.0, 799.0], [1632.0, 1156.0, 833.0], [1631.0, 1162.0, 847.0], [1630.0, 1198.0, 802.0], [1630.0, 1103.0, 876.0], [1628.0, 1258.0, 651.0], [1627.0, 1204.0, 800.0], [1627.0, 1166.0, 873.0], [1626.0, 1205.0, 830.0], [1625.0, 1231.0, 737.0], [1624.0, 1244.0, 667.0], [1623.0, 1207.0, 781.0], [1622.0, 1249.0, 694.0], [1620.0, 1223.0, 749.0], [1620.0, 1220.0, 796.0], [1620.0, 1174.0, 835.0], [1619.0, 1239.0, 725.0], [1618.0, 1265.0, 692.0], [1618.0, 1245.0, 732.0], [1616.0, 1212.0, 815.0], [1616.0, 1175.0, 852.0], [1614.0, 1256.0, 713.0], [1614.0, 1231.0, 765.0], [1614.0, 1214.0, 804.0], [1613.0, 1242.0, 784.0], [1613.0, 1223.0, 785.0], [1613.0, 1205.0, 851.0], [1612.0, 1263.0, 712.0], [1611.0, 1271.0, 625.0], [1610.0, 1162.0, 890.0], [1609.0, 1245.0, 771.0], [1609.0, 1185.0, 872.0], [1608.0, 1264.0, 736.0], [1608.0, 1257.0, 754.0], [1607.0, 1221.0, 788.0], [1606.0, 1269.0, 686.0], [1606.0, 1212.0, 845.0], [1605.0, 1278.0, 667.0], [1604.0, 1265.0, 741.0], [1603.0, 1160.0, 898.0], [1602.0, 1247.0, 770.0], [1602.0, 1224.0, 804.0], [1599.0, 1256.0, 757.0], [1599.0, 1249.0, 792.0], [1599.0, 1219.0, 810.0], [1598.0, 1251.0, 783.0], [1597.0, 1289.0, 670.0], [1596.0, 1288.0, 691.0], [1596.0, 1259.0, 763.0], [1595.0, 1275.0, 694.0], [1595.0, 1229.0, 801.0], [1595.0, 1222.0, 824.0], [1595.0, 1115.0, 925.0], [1594.0, 1274.0, 754.0], [1594.0, 1260.0, 779.0], [1594.0, 1229.0, 857.0], [1593.0, 1309.0, 701.0], [1593.0, 1264.0, 761.0], [1593.0, 1261.0, 763.0], [1592.0, 1276.0, 761.0], [1590.0, 1212.0, 862.0], [1589.0, 1296.0, 721.0], [1589.0, 1255.0, 804.0], [1587.0, 1282.0, 728.0], [1587.0, 1173.0, 894.0], [1585.0, 1282.0, 739.0], [1585.0, 1270.0, 763.0], [1585.0, 1267.0, 793.0], [1585.0, 1257.0, 821.0], [1585.0, 1252.0, 829.0], [1583.0, 1251.0, 832.0], [1582.0, 1292.0, 743.0], [1582.0, 1288.0, 748.0], [1582.0, 1276.0, 780.0], [1581.0, 1312.0, 657.0], [1581.0, 1282.0, 753.0], [1579.0, 1297.0, 745.0], [1578.0, 1283.0, 756.0], [1578.0, 1250.0, 870.0], [1578.0, 1197.0, 918.0], [1577.0, 1269.0, 796.0], [1575.0, 1313.0, 679.0], [1574.0, 1325.0, 713.0], [1573.0, 1306.0, 721.0], [1572.0, 1333.0, 586.0], [1572.0, 1296.0, 766.0], [1571.0, 1318.0, 738.0], [1571.0, 1262.0, 797.0], [1570.0, 1340.0, 609.0], [1570.0, 1326.0, 699.0], [1569.0, 1267.0, 850.0], [1569.0, 1250.0, 891.0], [1567.0, 1218.0, 902.0], [1564.0, 1282.0, 777.0], [1563.0, 1335.0, 714.0], [1563.0, 1279.0, 783.0], [1561.0, 1277.0, 800.0], [1561.0, 1269.0, 804.0], [1559.0, 1342.0, 689.0], [1559.0, 1301.0, 783.0], [1558.0, 1349.0, 726.0], [1558.0, 1316.0, 762.0], [1557.0, 1282.0, 810.0], [1555.0, 1328.0, 741.0], [1555.0, 1309.0, 773.0], [1551.0, 1317.0, 757.0], [1551.0, 1316.0, 778.0], [1551.0, 1254.0, 852.0], [1550.0, 1269.0, 838.0], [1549.0, 1351.0, 585.0], [1548.0, 1351.0, 654.0], [1548.0, 1295.0, 794.0], [1547.0, 1360.0, 681.0], [1547.0, 1270.0, 812.0], [1546.0, 1321.0, 768.0], [1546.0, 1284.0, 797.0], [1545.0, 1290.0, 799.0], [1544.0, 1331.0, 737.0], [1544.0, 1278.0, 815.0], [1543.0, 1344.0, 767.0], [1543.0, 1295.0, 830.0], [1542.0, 1302.0, 793.0], [1541.0, 1368.0, 695.0], [1541.0, 1351.0, 771.0], [1540.0, 1308.0, 815.0], [1540.0, 1296.0, 839.0], [1539.0, 1288.0, 846.0], [1539.0, 1222.0, 901.0], [1538.0, 1354.0, 702.0], [1538.0, 1330.0, 790.0], [1537.0, 1309.0, 793.0], [1537.0, 1261.0, 855.0], [1536.0, 1354.0, 740.0], [1536.0, 1332.0, 776.0], [1533.0, 1317.0, 829.0], [1532.0, 1378.0, 646.0], [1531.0, 1275.0, 872.0], [1529.0, 1338.0, 786.0], [1528.0, 1291.0, 867.0], [1525.0, 1367.0, 724.0], [1525.0, 1355.0, 752.0], [1524.0, 1379.0, 657.0], [1524.0, 1362.0, 748.0], [1524.0, 1341.0, 811.0], [1522.0, 1351.0, 799.0], [1521.0, 1395.0, 682.0], [1521.0, 1381.0, 702.0], [1521.0, 1311.0, 851.0], [1520.0, 1234.0, 894.0], [1519.0, 1372.0, 708.0], [1518.0, 1371.0, 713.0], [1517.0, 1397.0, 600.0], [1517.0, 1354.0, 783.0], [1517.0, 1330.0, 819.0], [1516.0, 1382.0, 694.0], [1515.0, 1381.0, 710.0], [1513.0, 1402.0, 687.0], [1513.0, 1337.0, 845.0], [1512.0, 1387.0, 727.0], [1510.0, 1391.0, 708.0], [1508.0, 1370.0, 800.0], [1508.0, 1345.0, 810.0], [1507.0, 1296.0, 893.0], [1506.0, 1298.0, 855.0], [1506.0, 1296.0, 904.0], [1504.0, 1403.0, 644.0], [1504.0, 1389.0, 727.0], [1503.0, 1411.0, 656.0], [1503.0, 1373.0, 750.0], [1500.0, 1396.0, 702.0], [1498.0, 1411.0, 658.0], [1498.0, 1399.0, 721.0], [1497.0, 1415.0, 650.0], [1497.0, 1371.0, 819.0], [1494.0, 1377.0, 749.0], [1494.0, 1347.0, 843.0], [1492.0, 1410.0, 681.0], [1492.0, 1384.0, 728.0], [1491.0, 1436.0, 613.0], [1491.0, 1422.0, 647.0], [1491.0, 1402.0, 731.0], [1491.0, 1385.0, 739.0], [1491.0, 1373.0, 769.0], [1491.0, 1372.0, 783.0], [1490.0, 1439.0, 647.0], [1489.0, 1379.0, 747.0], [1487.0, 1407.0, 697.0], [1487.0, 1400.0, 739.0], [1484.0, 1392.0, 757.0], [1484.0, 1390.0, 763.0], [1483.0, 1452.0, 588.0], [1483.0, 1376.0, 773.0], [1482.0, 1412.0, 658.0], [1482.0, 1410.0, 706.0], [1481.0, 1417.0, 719.0], [1480.0, 1387.0, 830.0], [1479.0, 1430.0, 671.0], [1479.0, 1256.0, 906.0], [1478.0, 1434.0, 759.0], [1476.0, 1437.0, 704.0], [1476.0, 1335.0, 874.0], [1475.0, 1438.0, 686.0], [1474.0, 1396.0, 795.0], [1470.0, 1441.0, 655.0], [1470.0, 1344.0, 872.0], [1468.0, 1461.0, 616.0], [1467.0, 1358.0, 869.0], [1465.0, 1439.0, 681.0], [1465.0, 1416.0, 773.0], [1465.0, 1394.0, 799.0], [1463.0, 1456.0, 675.0], [1461.0, 1304.0, 883.0], [1459.0, 1463.0, 663.0], [1459.0, 1442.0, 696.0], [1457.0, 1426.0, 823.0], [1456.0, 1463.0, 696.0], [1450.0, 1384.0, 838.0], [1448.0, 1444.0, 730.0], [1448.0, 1367.0, 874.0], [1447.0, 1487.0, 613.0], [1444.0, 1466.0, 643.0], [1443.0, 1493.0, 552.0], [1440.0, 1472.0, 628.0], [1438.0, 1456.0, 711.0], [1434.0, 1479.0, 650.0], [1433.0, 1439.0, 742.0], [1431.0, 1473.0, 654.0], [1431.0, 1468.0, 726.0], [1430.0, 1386.0, 838.0], [1427.0, 1488.0, 640.0], [1426.0, 1495.0, 721.0], [1421.0, 1535.0, 640.0], [1421.0, 1413.0, 825.0], [1418.0, 1522.0, 692.0], [1415.0, 1499.0, 694.0], [1410.0, 1479.0, 727.0], [1409.0, 1443.0, 763.0], [1407.0, 1544.0, 587.0], [1405.0, 1507.0, 708.0], [1397.0, 1523.0, 645.0], [1392.0, 1500.0, 721.0], [1386.0, 1535.0, 715.0], [1375.0, 1474.0, 799.0], [1360.0, 1558.0, 669.0], [1349.0, 1486.0, 734.0]]
