heur = false
LBS_limit = 3
preproc = 1
tight_root = 0
total_time = 792.0
NDP = 723
total_nodes = 26749
pruned_nodes = 13375
pruned_dominance_nodes = 2908
heur_time = 0.0
Y_N = Any[[1400.0, 707.0, 1403.0], [1394.0, 792.0, 1413.0], [1381.0, 628.0, 1515.0], [1381.0, 524.0, 1645.0], [1377.0, 629.0, 1596.0], [1369.0, 840.0, 1298.0], [1368.0, 624.0, 1608.0], [1362.0, 720.0, 1454.0], [1361.0, 719.0, 1518.0], [1355.0, 725.0, 1454.0], [1355.0, 665.0, 1568.0], [1353.0, 730.0, 1435.0], [1350.0, 640.0, 1618.0], [1348.0, 597.0, 1620.0], [1347.0, 846.0, 1358.0], [1346.0, 876.0, 1277.0], [1343.0, 552.0, 1646.0], [1341.0, 599.0, 1622.0], [1336.0, 790.0, 1471.0], [1334.0, 851.0, 1407.0], [1334.0, 653.0, 1619.0], [1332.0, 584.0, 1632.0], [1332.0, 572.0, 1676.0], [1330.0, 627.0, 1669.0], [1330.0, 556.0, 1690.0], [1328.0, 738.0, 1528.0], [1328.0, 494.0, 1784.0], [1327.0, 807.0, 1413.0], [1326.0, 903.0, 1320.0], [1326.0, 559.0, 1745.0], [1324.0, 675.0, 1551.0], [1324.0, 483.0, 1837.0], [1323.0, 859.0, 1328.0], [1323.0, 758.0, 1526.0], [1323.0, 658.0, 1645.0], [1322.0, 705.0, 1544.0], [1321.0, 664.0, 1641.0], [1320.0, 742.0, 1573.0], [1319.0, 566.0, 1686.0], [1318.0, 656.0, 1655.0], [1315.0, 702.0, 1600.0], [1315.0, 599.0, 1682.0], [1314.0, 570.0, 1768.0], [1313.0, 773.0, 1501.0], [1313.0, 667.0, 1668.0], [1312.0, 620.0, 1678.0], [1310.0, 742.0, 1586.0], [1310.0, 586.0, 1718.0], [1309.0, 679.0, 1601.0], [1309.0, 631.0, 1686.0], [1309.0, 588.0, 1687.0], [1308.0, 816.0, 1470.0], [1307.0, 868.0, 1357.0], [1305.0, 802.0, 1472.0], [1305.0, 796.0, 1473.0], [1305.0, 770.0, 1514.0], [1304.0, 833.0, 1419.0], [1303.0, 674.0, 1617.0], [1302.0, 765.0, 1572.0], [1300.0, 836.0, 1495.0], [1298.0, 892.0, 1337.0], [1298.0, 781.0, 1512.0], [1297.0, 602.0, 1713.0], [1296.0, 571.0, 1745.0], [1295.0, 780.0, 1537.0], [1292.0, 788.0, 1559.0], [1291.0, 872.0, 1426.0], [1291.0, 717.0, 1613.0], [1291.0, 618.0, 1745.0], [1290.0, 521.0, 1782.0], [1289.0, 529.0, 1844.0], [1287.0, 660.0, 1699.0], [1286.0, 652.0, 1709.0], [1284.0, 894.0, 1367.0], [1284.0, 839.0, 1436.0], [1284.0, 746.0, 1581.0], [1282.0, 734.0, 1590.0], [1282.0, 682.0, 1638.0], [1281.0, 676.0, 1671.0], [1279.0, 682.0, 1640.0], [1279.0, 558.0, 1771.0], [1277.0, 884.0, 1415.0], [1277.0, 819.0, 1525.0], [1277.0, 733.0, 1619.0], [1277.0, 702.0, 1620.0], [1276.0, 722.0, 1628.0], [1275.0, 685.0, 1667.0], [1274.0, 750.0, 1590.0], [1273.0, 792.0, 1556.0], [1271.0, 847.0, 1493.0], [1271.0, 632.0, 1765.0], [1269.0, 804.0, 1526.0], [1269.0, 462.0, 1903.0], [1268.0, 874.0, 1417.0], [1268.0, 849.0, 1464.0], [1268.0, 766.0, 1572.0], [1268.0, 644.0, 1717.0], [1267.0, 702.0, 1678.0], [1266.0, 801.0, 1546.0], [1266.0, 725.0, 1636.0], [1265.0, 769.0, 1593.0], [1265.0, 662.0, 1706.0], [1265.0, 629.0, 1766.0], [1264.0, 845.0, 1500.0], [1264.0, 810.0, 1543.0], [1264.0, 745.0, 1627.0], [1264.0, 708.0, 1638.0], [1264.0, 617.0, 1774.0], [1263.0, 772.0, 1562.0], [1263.0, 551.0, 1783.0], [1262.0, 755.0, 1624.0], [1262.0, 734.0, 1644.0], [1261.0, 714.0, 1668.0], [1260.0, 918.0, 1379.0], [1260.0, 896.0, 1428.0], [1260.0, 854.0, 1481.0], [1260.0, 775.0, 1591.0], [1259.0, 666.0, 1713.0], [1259.0, 577.0, 1825.0], [1258.0, 827.0, 1511.0], [1258.0, 753.0, 1629.0], [1258.0, 717.0, 1664.0], [1258.0, 595.0, 1800.0], [1257.0, 692.0, 1688.0], [1257.0, 661.0, 1732.0], [1257.0, 605.0, 1806.0], [1256.0, 934.0, 1307.0], [1255.0, 798.0, 1598.0], [1255.0, 645.0, 1733.0], [1253.0, 886.0, 1478.0], [1251.0, 671.0, 1726.0], [1250.0, 757.0, 1624.0], [1250.0, 644.0, 1764.0], [1249.0, 754.0, 1635.0], [1248.0, 827.0, 1547.0], [1248.0, 740.0, 1639.0], [1247.0, 745.0, 1652.0], [1247.0, 683.0, 1720.0], [1246.0, 693.0, 1685.0], [1245.0, 711.0, 1692.0], [1245.0, 669.0, 1738.0], [1244.0, 493.0, 1941.0], [1243.0, 888.0, 1429.0], [1243.0, 817.0, 1580.0], [1243.0, 634.0, 1773.0], [1243.0, 610.0, 1803.0], [1242.0, 898.0, 1416.0], [1242.0, 758.0, 1602.0], [1241.0, 802.0, 1592.0], [1241.0, 745.0, 1679.0], [1240.0, 937.0, 1319.0], [1240.0, 763.0, 1636.0], [1240.0, 680.0, 1746.0], [1240.0, 613.0, 1775.0], [1239.0, 831.0, 1550.0], [1239.0, 614.0, 1783.0], [1238.0, 766.0, 1600.0], [1237.0, 750.0, 1650.0], [1236.0, 843.0, 1555.0], [1236.0, 761.0, 1665.0], [1236.0, 705.0, 1694.0], [1236.0, 666.0, 1753.0], [1236.0, 514.0, 1922.0], [1234.0, 921.0, 1388.0], [1234.0, 775.0, 1601.0], [1232.0, 685.0, 1728.0], [1231.0, 911.0, 1454.0], [1231.0, 779.0, 1605.0], [1231.0, 729.0, 1701.0], [1231.0, 645.0, 1755.0], [1230.0, 619.0, 1811.0], [1230.0, 518.0, 1902.0], [1229.0, 915.0, 1417.0], [1229.0, 790.0, 1621.0], [1229.0, 583.0, 1826.0], [1227.0, 775.0, 1633.0], [1227.0, 686.0, 1730.0], [1226.0, 927.0, 1382.0], [1226.0, 850.0, 1490.0], [1226.0, 787.0, 1627.0], [1226.0, 722.0, 1706.0], [1226.0, 653.0, 1769.0], [1225.0, 931.0, 1370.0], [1225.0, 890.0, 1457.0], [1225.0, 810.0, 1582.0], [1225.0, 575.0, 1830.0], [1224.0, 826.0, 1558.0], [1223.0, 813.0, 1617.0], [1223.0, 808.0, 1634.0], [1223.0, 705.0, 1710.0], [1223.0, 661.0, 1774.0], [1222.0, 974.0, 1365.0], [1222.0, 862.0, 1514.0], [1222.0, 671.0, 1762.0], [1222.0, 639.0, 1794.0], [1222.0, 537.0, 1840.0], [1221.0, 904.0, 1479.0], [1221.0, 864.0, 1503.0], [1221.0, 567.0, 1839.0], [1220.0, 867.0, 1487.0], [1220.0, 854.0, 1524.0], [1220.0, 746.0, 1692.0], [1219.0, 845.0, 1551.0], [1219.0, 698.0, 1715.0], [1218.0, 868.0, 1485.0], [1218.0, 821.0, 1574.0], [1218.0, 753.0, 1678.0], [1218.0, 612.0, 1813.0], [1218.0, 603.0, 1839.0], [1218.0, 520.0, 1870.0], [1217.0, 888.0, 1494.0], [1217.0, 826.0, 1573.0], [1217.0, 823.0, 1577.0], [1217.0, 604.0, 1837.0], [1216.0, 937.0, 1369.0], [1215.0, 746.0, 1705.0], [1214.0, 764.0, 1663.0], [1213.0, 830.0, 1573.0], [1213.0, 613.0, 1824.0], [1212.0, 859.0, 1543.0], [1212.0, 734.0, 1708.0], [1211.0, 939.0, 1402.0], [1211.0, 917.0, 1415.0], [1211.0, 823.0, 1584.0], [1210.0, 765.0, 1660.0], [1209.0, 767.0, 1647.0], [1209.0, 680.0, 1780.0], [1209.0, 552.0, 1861.0], [1208.0, 914.0, 1430.0], [1208.0, 865.0, 1507.0], [1207.0, 936.0, 1403.0], [1207.0, 924.0, 1460.0], [1207.0, 876.0, 1512.0], [1207.0, 845.0, 1578.0], [1207.0, 762.0, 1665.0], [1206.0, 1010.0, 1318.0], [1206.0, 783.0, 1643.0], [1206.0, 719.0, 1733.0], [1205.0, 985.0, 1330.0], [1205.0, 772.0, 1654.0], [1205.0, 691.0, 1747.0], [1205.0, 687.0, 1774.0], [1204.0, 897.0, 1516.0], [1204.0, 836.0, 1593.0], [1203.0, 720.0, 1735.0], [1203.0, 556.0, 1907.0], [1202.0, 917.0, 1481.0], [1202.0, 814.0, 1595.0], [1202.0, 735.0, 1706.0], [1202.0, 634.0, 1796.0], [1201.0, 766.0, 1676.0], [1201.0, 666.0, 1794.0], [1200.0, 934.0, 1461.0], [1200.0, 812.0, 1623.0], [1200.0, 769.0, 1669.0], [1200.0, 704.0, 1773.0], [1198.0, 596.0, 1849.0], [1197.0, 825.0, 1628.0], [1197.0, 749.0, 1739.0], [1196.0, 854.0, 1568.0], [1195.0, 767.0, 1698.0], [1195.0, 641.0, 1815.0], [1194.0, 777.0, 1655.0], [1192.0, 973.0, 1371.0], [1192.0, 957.0, 1417.0], [1192.0, 784.0, 1638.0], [1192.0, 715.0, 1746.0], [1191.0, 719.0, 1753.0], [1191.0, 550.0, 1939.0], [1190.0, 870.0, 1557.0], [1190.0, 860.0, 1562.0], [1189.0, 793.0, 1651.0], [1188.0, 862.0, 1572.0], [1188.0, 768.0, 1671.0], [1188.0, 599.0, 1863.0], [1187.0, 901.0, 1518.0], [1187.0, 781.0, 1661.0], [1187.0, 771.0, 1677.0], [1187.0, 668.0, 1791.0], [1187.0, 619.0, 1823.0], [1187.0, 613.0, 1875.0], [1187.0, 585.0, 1921.0], [1187.0, 494.0, 1987.0], [1186.0, 881.0, 1542.0], [1185.0, 735.0, 1745.0], [1184.0, 885.0, 1542.0], [1184.0, 783.0, 1653.0], [1183.0, 1015.0, 1349.0], [1182.0, 957.0, 1421.0], [1181.0, 711.0, 1769.0], [1181.0, 577.0, 1923.0], [1180.0, 940.0, 1459.0], [1180.0, 857.0, 1597.0], [1180.0, 772.0, 1678.0], [1179.0, 1022.0, 1394.0], [1179.0, 760.0, 1707.0], [1178.0, 969.0, 1405.0], [1178.0, 890.0, 1558.0], [1178.0, 603.0, 1899.0], [1177.0, 750.0, 1732.0], [1177.0, 676.0, 1790.0], [1177.0, 644.0, 1798.0], [1176.0, 915.0, 1497.0], [1176.0, 892.0, 1535.0], [1176.0, 860.0, 1581.0], [1176.0, 795.0, 1689.0], [1175.0, 808.0, 1655.0], [1175.0, 682.0, 1777.0], [1174.0, 731.0, 1750.0], [1174.0, 721.0, 1798.0], [1174.0, 622.0, 1851.0], [1173.0, 942.0, 1457.0], [1173.0, 903.0, 1562.0], [1173.0, 868.0, 1571.0], [1173.0, 658.0, 1829.0], [1172.0, 832.0, 1647.0], [1172.0, 734.0, 1768.0], [1171.0, 907.0, 1533.0], [1170.0, 910.0, 1502.0], [1169.0, 962.0, 1448.0], [1169.0, 786.0, 1694.0], [1169.0, 648.0, 1849.0], [1168.0, 976.0, 1419.0], [1168.0, 815.0, 1672.0], [1168.0, 758.0, 1712.0], [1166.0, 842.0, 1599.0], [1166.0, 547.0, 1959.0], [1165.0, 842.0, 1642.0], [1165.0, 684.0, 1840.0], [1165.0, 511.0, 1985.0], [1164.0, 1033.0, 1316.0], [1164.0, 853.0, 1606.0], [1164.0, 787.0, 1701.0], [1164.0, 775.0, 1712.0], [1163.0, 780.0, 1724.0], [1162.0, 746.0, 1751.0], [1162.0, 659.0, 1847.0], [1162.0, 556.0, 1975.0], [1160.0, 866.0, 1600.0], [1160.0, 798.0, 1673.0], [1160.0, 644.0, 1854.0], [1159.0, 850.0, 1643.0], [1159.0, 673.0, 1841.0], [1158.0, 805.0, 1688.0], [1158.0, 610.0, 1933.0], [1157.0, 728.0, 1799.0], [1156.0, 811.0, 1678.0], [1155.0, 934.0, 1496.0], [1154.0, 686.0, 1800.0], [1154.0, 612.0, 1908.0], [1153.0, 885.0, 1566.0], [1153.0, 633.0, 1860.0], [1152.0, 882.0, 1574.0], [1152.0, 743.0, 1769.0], [1151.0, 784.0, 1711.0], [1151.0, 783.0, 1715.0], [1150.0, 980.0, 1415.0], [1150.0, 760.0, 1742.0], [1150.0, 629.0, 1900.0], [1149.0, 765.0, 1740.0], [1149.0, 664.0, 1898.0], [1149.0, 528.0, 1993.0], [1148.0, 938.0, 1463.0], [1148.0, 877.0, 1598.0], [1148.0, 859.0, 1635.0], [1147.0, 923.0, 1558.0], [1147.0, 771.0, 1742.0], [1147.0, 694.0, 1800.0], [1146.0, 988.0, 1436.0], [1146.0, 928.0, 1527.0], [1146.0, 880.0, 1576.0], [1146.0, 819.0, 1701.0], [1146.0, 781.0, 1729.0], [1146.0, 765.0, 1765.0], [1146.0, 737.0, 1777.0], [1145.0, 935.0, 1511.0], [1145.0, 897.0, 1582.0], [1145.0, 746.0, 1772.0], [1144.0, 808.0, 1715.0], [1143.0, 993.0, 1452.0], [1142.0, 946.0, 1523.0], [1142.0, 566.0, 1945.0], [1141.0, 861.0, 1614.0], [1141.0, 723.0, 1803.0], [1140.0, 845.0, 1673.0], [1140.0, 699.0, 1821.0], [1139.0, 580.0, 1959.0], [1138.0, 634.0, 1908.0], [1137.0, 878.0, 1588.0], [1137.0, 770.0, 1751.0], [1137.0, 692.0, 1822.0], [1137.0, 676.0, 1850.0], [1136.0, 636.0, 1916.0], [1135.0, 883.0, 1616.0], [1135.0, 725.0, 1801.0], [1134.0, 692.0, 1823.0], [1134.0, 689.0, 1827.0], [1133.0, 955.0, 1482.0], [1133.0, 735.0, 1780.0], [1133.0, 520.0, 2010.0], [1132.0, 899.0, 1578.0], [1132.0, 896.0, 1607.0], [1132.0, 784.0, 1724.0], [1132.0, 710.0, 1818.0], [1132.0, 551.0, 1990.0], [1131.0, 669.0, 1856.0], [1131.0, 519.0, 2067.0], [1129.0, 1033.0, 1416.0], [1129.0, 562.0, 1982.0], [1128.0, 932.0, 1565.0], [1128.0, 897.0, 1597.0], [1128.0, 675.0, 1865.0], [1127.0, 876.0, 1625.0], [1127.0, 852.0, 1644.0], [1127.0, 825.0, 1691.0], [1127.0, 767.0, 1772.0], [1127.0, 740.0, 1775.0], [1126.0, 694.0, 1841.0], [1125.0, 715.0, 1805.0], [1124.0, 753.0, 1780.0], [1124.0, 717.0, 1816.0], [1123.0, 797.0, 1737.0], [1121.0, 975.0, 1471.0], [1121.0, 752.0, 1818.0], [1120.0, 913.0, 1566.0], [1120.0, 867.0, 1640.0], [1120.0, 525.0, 2051.0], [1119.0, 834.0, 1676.0], [1118.0, 865.0, 1661.0], [1118.0, 821.0, 1697.0], [1118.0, 795.0, 1749.0], [1117.0, 919.0, 1593.0], [1117.0, 756.0, 1777.0], [1117.0, 691.0, 1842.0], [1116.0, 866.0, 1653.0], [1116.0, 839.0, 1715.0], [1116.0, 754.0, 1805.0], [1116.0, 699.0, 1833.0], [1115.0, 687.0, 1866.0], [1114.0, 744.0, 1831.0], [1113.0, 597.0, 1946.0], [1111.0, 768.0, 1772.0], [1111.0, 754.0, 1824.0], [1110.0, 904.0, 1621.0], [1110.0, 762.0, 1774.0], [1110.0, 688.0, 1861.0], [1110.0, 669.0, 1914.0], [1110.0, 610.0, 1951.0], [1109.0, 942.0, 1550.0], [1109.0, 690.0, 1877.0], [1108.0, 719.0, 1864.0], [1107.0, 805.0, 1730.0], [1107.0, 606.0, 1969.0], [1106.0, 920.0, 1591.0], [1106.0, 855.0, 1665.0], [1106.0, 812.0, 1741.0], [1105.0, 818.0, 1732.0], [1105.0, 763.0, 1785.0], [1104.0, 825.0, 1728.0], [1104.0, 772.0, 1783.0], [1104.0, 623.0, 1919.0], [1103.0, 926.0, 1583.0], [1102.0, 994.0, 1438.0], [1102.0, 937.0, 1556.0], [1102.0, 769.0, 1787.0], [1102.0, 628.0, 1949.0], [1101.0, 757.0, 1819.0], [1101.0, 659.0, 1936.0], [1100.0, 1042.0, 1258.0], [1100.0, 826.0, 1719.0], [1099.0, 791.0, 1779.0], [1099.0, 608.0, 1976.0], [1098.0, 720.0, 1853.0], [1097.0, 846.0, 1688.0], [1096.0, 999.0, 1431.0], [1096.0, 832.0, 1726.0], [1095.0, 872.0, 1670.0], [1095.0, 860.0, 1698.0], [1095.0, 844.0, 1713.0], [1094.0, 875.0, 1670.0], [1093.0, 629.0, 1957.0], [1092.0, 906.0, 1617.0], [1092.0, 821.0, 1735.0], [1090.0, 944.0, 1598.0], [1089.0, 755.0, 1827.0], [1089.0, 639.0, 1943.0], [1089.0, 515.0, 2082.0], [1088.0, 921.0, 1621.0], [1088.0, 905.0, 1657.0], [1088.0, 692.0, 1878.0], [1088.0, 626.0, 1982.0], [1087.0, 763.0, 1794.0], [1086.0, 989.0, 1495.0], [1086.0, 812.0, 1763.0], [1085.0, 956.0, 1507.0], [1085.0, 722.0, 1851.0], [1084.0, 814.0, 1738.0], [1084.0, 767.0, 1800.0], [1084.0, 541.0, 2003.0], [1084.0, 526.0, 2079.0], [1083.0, 891.0, 1688.0], [1083.0, 799.0, 1772.0], [1083.0, 695.0, 1872.0], [1083.0, 686.0, 1885.0], [1082.0, 830.0, 1757.0], [1082.0, 814.0, 1774.0], [1082.0, 775.0, 1787.0], [1082.0, 764.0, 1812.0], [1081.0, 833.0, 1739.0], [1081.0, 776.0, 1783.0], [1080.0, 860.0, 1708.0], [1080.0, 848.0, 1711.0], [1080.0, 819.0, 1770.0], [1080.0, 727.0, 1854.0], [1079.0, 954.0, 1532.0], [1079.0, 868.0, 1691.0], [1079.0, 744.0, 1847.0], [1077.0, 961.0, 1595.0], [1077.0, 841.0, 1750.0], [1077.0, 670.0, 1891.0], [1076.0, 856.0, 1728.0], [1076.0, 793.0, 1779.0], [1076.0, 784.0, 1788.0], [1075.0, 788.0, 1783.0], [1075.0, 704.0, 1879.0], [1074.0, 676.0, 1895.0], [1072.0, 653.0, 1947.0], [1071.0, 769.0, 1823.0], [1071.0, 576.0, 2016.0], [1070.0, 795.0, 1775.0], [1070.0, 680.0, 1890.0], [1068.0, 895.0, 1693.0], [1068.0, 870.0, 1725.0], [1067.0, 733.0, 1855.0], [1066.0, 910.0, 1646.0], [1066.0, 903.0, 1688.0], [1066.0, 687.0, 1896.0], [1066.0, 657.0, 1972.0], [1066.0, 589.0, 1995.0], [1065.0, 957.0, 1598.0], [1065.0, 815.0, 1772.0], [1063.0, 877.0, 1712.0], [1063.0, 845.0, 1734.0], [1063.0, 835.0, 1767.0], [1063.0, 713.0, 1883.0], [1062.0, 659.0, 1940.0], [1061.0, 798.0, 1794.0], [1061.0, 774.0, 1832.0], [1059.0, 945.0, 1642.0], [1058.0, 738.0, 1850.0], [1058.0, 711.0, 1901.0], [1058.0, 685.0, 1906.0], [1057.0, 984.0, 1551.0], [1057.0, 839.0, 1752.0], [1057.0, 825.0, 1786.0], [1056.0, 737.0, 1858.0], [1056.0, 685.0, 1910.0], [1056.0, 678.0, 1935.0], [1055.0, 750.0, 1861.0], [1054.0, 757.0, 1836.0], [1054.0, 603.0, 2038.0], [1053.0, 895.0, 1704.0], [1053.0, 696.0, 1902.0], [1053.0, 666.0, 1940.0], [1052.0, 975.0, 1562.0], [1052.0, 866.0, 1730.0], [1052.0, 731.0, 1886.0], [1052.0, 630.0, 1995.0], [1051.0, 779.0, 1810.0], [1051.0, 680.0, 1917.0], [1050.0, 961.0, 1611.0], [1050.0, 828.0, 1771.0], [1048.0, 763.0, 1847.0], [1047.0, 780.0, 1808.0], [1047.0, 692.0, 1942.0], [1046.0, 829.0, 1776.0], [1046.0, 798.0, 1836.0], [1046.0, 760.0, 1887.0], [1046.0, 664.0, 1961.0], [1044.0, 904.0, 1667.0], [1044.0, 818.0, 1813.0], [1043.0, 938.0, 1672.0], [1043.0, 586.0, 2067.0], [1041.0, 854.0, 1750.0], [1040.0, 708.0, 1908.0], [1038.0, 904.0, 1690.0], [1038.0, 879.0, 1726.0], [1037.0, 769.0, 1874.0], [1037.0, 731.0, 1908.0], [1037.0, 687.0, 1965.0], [1036.0, 736.0, 1909.0], [1036.0, 604.0, 2005.0], [1034.0, 742.0, 1901.0], [1033.0, 914.0, 1675.0], [1033.0, 802.0, 1818.0], [1032.0, 634.0, 1988.0], [1032.0, 537.0, 2073.0], [1031.0, 674.0, 1981.0], [1030.0, 978.0, 1583.0], [1030.0, 964.0, 1608.0], [1030.0, 835.0, 1808.0], [1030.0, 801.0, 1826.0], [1029.0, 945.0, 1662.0], [1029.0, 718.0, 1930.0], [1029.0, 700.0, 1948.0], [1028.0, 617.0, 1996.0], [1027.0, 729.0, 1910.0], [1027.0, 553.0, 2068.0], [1026.0, 882.0, 1722.0], [1026.0, 868.0, 1737.0], [1026.0, 618.0, 2000.0], [1022.0, 869.0, 1771.0], [1021.0, 593.0, 2047.0], [1020.0, 811.0, 1839.0], [1020.0, 623.0, 2051.0], [1020.0, 522.0, 2128.0], [1019.0, 649.0, 2024.0], [1018.0, 561.0, 2099.0], [1016.0, 804.0, 1862.0], [1015.0, 890.0, 1723.0], [1015.0, 734.0, 1920.0], [1015.0, 677.0, 1971.0], [1014.0, 698.0, 1959.0], [1012.0, 595.0, 2052.0], [1011.0, 684.0, 2003.0], [1009.0, 917.0, 1717.0], [1009.0, 871.0, 1762.0], [1009.0, 708.0, 1933.0], [1007.0, 908.0, 1726.0], [1006.0, 923.0, 1698.0], [1006.0, 873.0, 1733.0], [1006.0, 653.0, 2031.0], [1005.0, 837.0, 1783.0], [1003.0, 874.0, 1747.0], [1003.0, 844.0, 1802.0], [1003.0, 826.0, 1830.0], [1003.0, 726.0, 1948.0], [1002.0, 966.0, 1598.0], [1002.0, 765.0, 1908.0], [1002.0, 705.0, 1959.0], [1001.0, 816.0, 1864.0], [1000.0, 931.0, 1692.0], [998.0, 711.0, 1966.0], [997.0, 692.0, 1988.0], [996.0, 799.0, 1881.0], [995.0, 882.0, 1729.0], [995.0, 687.0, 1993.0], [992.0, 855.0, 1783.0], [991.0, 959.0, 1633.0], [991.0, 847.0, 1828.0], [989.0, 821.0, 1846.0], [989.0, 779.0, 1887.0], [988.0, 969.0, 1655.0], [988.0, 883.0, 1752.0], [987.0, 857.0, 1783.0], [987.0, 741.0, 1953.0], [986.0, 860.0, 1822.0], [985.0, 892.0, 1750.0], [985.0, 827.0, 1844.0], [985.0, 768.0, 1898.0], [983.0, 930.0, 1699.0], [982.0, 923.0, 1723.0], [982.0, 708.0, 2040.0], [981.0, 830.0, 1889.0], [980.0, 931.0, 1711.0], [978.0, 951.0, 1716.0], [977.0, 1006.0, 1569.0], [975.0, 986.0, 1700.0], [975.0, 559.0, 2181.0], [973.0, 831.0, 1854.0], [970.0, 880.0, 1764.0], [969.0, 776.0, 1899.0], [969.0, 773.0, 1901.0], [968.0, 953.0, 1706.0], [968.0, 865.0, 1797.0], [967.0, 895.0, 1754.0], [967.0, 709.0, 2009.0], [967.0, 642.0, 2065.0], [966.0, 809.0, 1926.0], [964.0, 898.0, 1797.0], [962.0, 937.0, 1729.0], [959.0, 899.0, 1752.0], [958.0, 614.0, 2070.0], [957.0, 711.0, 1973.0], [956.0, 651.0, 2066.0], [954.0, 900.0, 1805.0], [950.0, 865.0, 1828.0], [950.0, 758.0, 1950.0], [949.0, 918.0, 1746.0], [941.0, 728.0, 1996.0], [940.0, 837.0, 1862.0], [939.0, 954.0, 1719.0], [939.0, 843.0, 1829.0], [938.0, 902.0, 1780.0], [938.0, 862.0, 1833.0], [933.0, 900.0, 1806.0], [932.0, 917.0, 1775.0], [932.0, 883.0, 1819.0], [927.0, 1015.0, 1473.0], [926.0, 842.0, 1865.0], [921.0, 905.0, 1805.0], [921.0, 743.0, 1966.0], [918.0, 957.0, 1747.0], [917.0, 978.0, 1712.0], [917.0, 949.0, 1755.0], [912.0, 845.0, 1852.0], [912.0, 775.0, 1957.0], [909.0, 951.0, 1749.0], [909.0, 815.0, 1925.0], [908.0, 875.0, 1827.0], [906.0, 851.0, 1865.0], [901.0, 960.0, 1772.0], [900.0, 751.0, 1992.0], [895.0, 778.0, 1982.0], [889.0, 885.0, 1865.0], [886.0, 830.0, 1912.0], [886.0, 824.0, 1927.0], [877.0, 852.0, 1909.0], [872.0, 790.0, 1941.0], [858.0, 928.0, 1840.0], [845.0, 910.0, 1848.0], [825.0, 965.0, 1815.0], [824.0, 972.0, 1829.0]]
