heur = false
LBS_limit = 3
preproc = 1
tight_root = 0
total_time = 1098.18
NDP = 836
total_nodes = 29911
pruned_nodes = 14956
pruned_dominance_nodes = 2269
heur_time = 0.0
Y_N = Any[[685.0, 650.0, 2182.0], [684.0, 469.0, 2491.0], [682.0, 521.0, 2352.0], [681.0, 423.0, 2564.0], [675.0, 578.0, 2407.0], [674.0, 429.0, 2557.0], [672.0, 620.0, 2353.0], [668.0, 520.0, 2486.0], [665.0, 538.0, 2473.0], [664.0, 449.0, 2543.0], [663.0, 682.0, 2328.0], [661.0, 624.0, 2388.0], [660.0, 578.0, 2419.0], [660.0, 482.0, 2559.0], [658.0, 556.0, 2467.0], [658.0, 495.0, 2558.0], [657.0, 397.0, 2630.0], [655.0, 558.0, 2459.0], [655.0, 391.0, 2636.0], [651.0, 640.0, 2394.0], [651.0, 552.0, 2473.0], [650.0, 535.0, 2486.0], [649.0, 610.0, 2402.0], [646.0, 396.0, 2631.0], [644.0, 434.0, 2618.0], [641.0, 411.0, 2630.0], [639.0, 656.0, 2394.0], [639.0, 566.0, 2442.0], [638.0, 444.0, 2618.0], [637.0, 427.0, 2619.0], [636.0, 588.0, 2473.0], [636.0, 552.0, 2485.0], [636.0, 517.0, 2553.0], [636.0, 456.0, 2625.0], [636.0, 356.0, 2697.0], [634.0, 568.0, 2478.0], [634.0, 530.0, 2533.0], [634.0, 450.0, 2631.0], [632.0, 469.0, 2624.0], [632.0, 392.0, 2684.0], [631.0, 532.0, 2525.0], [631.0, 371.0, 2696.0], [627.0, 402.0, 2691.0], [626.0, 616.0, 2414.0], [626.0, 471.0, 2610.0], [626.0, 317.0, 2732.0], [624.0, 546.0, 2539.0], [622.0, 526.0, 2544.0], [622.0, 370.0, 2697.0], [621.0, 411.0, 2646.0], [621.0, 321.0, 2751.0], [620.0, 470.0, 2625.0], [620.0, 434.0, 2642.0], [620.0, 427.0, 2690.0], [619.0, 474.0, 2601.0], [619.0, 323.0, 2725.0], [618.0, 491.0, 2587.0], [617.0, 598.0, 2448.0], [617.0, 487.0, 2600.0], [617.0, 385.0, 2696.0], [616.0, 433.0, 2647.0], [615.0, 561.0, 2530.0], [614.0, 574.0, 2480.0], [614.0, 540.0, 2548.0], [614.0, 478.0, 2620.0], [614.0, 429.0, 2676.0], [613.0, 591.0, 2511.0], [613.0, 574.0, 2515.0], [613.0, 365.0, 2726.0], [613.0, 353.0, 2745.0], [612.0, 491.0, 2619.0], [612.0, 341.0, 2755.0], [610.0, 442.0, 2671.0], [610.0, 430.0, 2691.0], [608.0, 506.0, 2582.0], [608.0, 443.0, 2690.0], [607.0, 497.0, 2585.0], [606.0, 561.0, 2542.0], [606.0, 449.0, 2653.0], [605.0, 614.0, 2443.0], [604.0, 379.0, 2719.0], [603.0, 519.0, 2596.0], [602.0, 445.0, 2676.0], [602.0, 350.0, 2749.0], [602.0, 291.0, 2798.0], [601.0, 663.0, 2451.0], [601.0, 496.0, 2606.0], [601.0, 376.0, 2757.0], [601.0, 311.0, 2811.0], [600.0, 562.0, 2530.0], [600.0, 520.0, 2605.0], [599.0, 379.0, 2734.0], [598.0, 554.0, 2548.0], [598.0, 500.0, 2610.0], [598.0, 466.0, 2648.0], [598.0, 448.0, 2679.0], [597.0, 385.0, 2712.0], [596.0, 564.0, 2543.0], [596.0, 521.0, 2608.0], [596.0, 493.0, 2611.0], [596.0, 461.0, 2675.0], [596.0, 444.0, 2691.0], [596.0, 408.0, 2708.0], [595.0, 289.0, 2823.0], [594.0, 476.0, 2622.0], [594.0, 465.0, 2653.0], [594.0, 402.0, 2714.0], [593.0, 340.0, 2787.0], [592.0, 465.0, 2662.0], [591.0, 623.0, 2517.0], [591.0, 537.0, 2575.0], [591.0, 535.0, 2596.0], [591.0, 397.0, 2732.0], [591.0, 381.0, 2733.0], [591.0, 326.0, 2812.0], [590.0, 377.0, 2741.0], [589.0, 565.0, 2577.0], [589.0, 339.0, 2792.0], [589.0, 334.0, 2823.0], [588.0, 514.0, 2614.0], [588.0, 468.0, 2665.0], [588.0, 446.0, 2692.0], [588.0, 403.0, 2757.0], [587.0, 559.0, 2583.0], [587.0, 474.0, 2628.0], [586.0, 541.0, 2594.0], [586.0, 497.0, 2656.0], [586.0, 465.0, 2685.0], [584.0, 522.0, 2609.0], [584.0, 409.0, 2735.0], [583.0, 438.0, 2714.0], [582.0, 535.0, 2608.0], [582.0, 374.0, 2758.0], [580.0, 591.0, 2544.0], [580.0, 447.0, 2687.0], [579.0, 419.0, 2732.0], [579.0, 355.0, 2798.0], [577.0, 637.0, 2517.0], [577.0, 350.0, 2823.0], [576.0, 474.0, 2668.0], [576.0, 265.0, 2864.0], [575.0, 298.0, 2863.0], [575.0, 266.0, 2882.0], [574.0, 545.0, 2598.0], [574.0, 423.0, 2751.0], [573.0, 353.0, 2800.0], [572.0, 538.0, 2609.0], [572.0, 481.0, 2675.0], [572.0, 371.0, 2788.0], [572.0, 290.0, 2871.0], [571.0, 263.0, 2889.0], [570.0, 429.0, 2747.0], [570.0, 354.0, 2815.0], [569.0, 508.0, 2622.0], [568.0, 504.0, 2625.0], [567.0, 507.0, 2631.0], [567.0, 452.0, 2714.0], [567.0, 435.0, 2732.0], [567.0, 308.0, 2859.0], [567.0, 300.0, 2878.0], [566.0, 530.0, 2615.0], [566.0, 289.0, 2879.0], [565.0, 541.0, 2638.0], [565.0, 505.0, 2647.0], [565.0, 251.0, 2930.0], [564.0, 586.0, 2560.0], [564.0, 488.0, 2680.0], [564.0, 442.0, 2731.0], [564.0, 441.0, 2741.0], [564.0, 420.0, 2758.0], [564.0, 388.0, 2783.0], [564.0, 358.0, 2791.0], [563.0, 522.0, 2647.0], [563.0, 490.0, 2666.0], [563.0, 256.0, 2929.0], [562.0, 581.0, 2593.0], [562.0, 558.0, 2595.0], [562.0, 515.0, 2660.0], [562.0, 456.0, 2709.0], [562.0, 353.0, 2820.0], [562.0, 331.0, 2854.0], [560.0, 523.0, 2653.0], [560.0, 509.0, 2666.0], [560.0, 465.0, 2728.0], [560.0, 383.0, 2801.0], [559.0, 384.0, 2784.0], [558.0, 613.0, 2539.0], [558.0, 377.0, 2807.0], [557.0, 412.0, 2780.0], [557.0, 386.0, 2793.0], [557.0, 287.0, 2886.0], [556.0, 374.0, 2809.0], [556.0, 305.0, 2865.0], [555.0, 425.0, 2779.0], [555.0, 329.0, 2864.0], [555.0, 307.0, 2872.0], [554.0, 546.0, 2626.0], [554.0, 262.0, 2918.0], [553.0, 364.0, 2812.0], [552.0, 550.0, 2609.0], [552.0, 488.0, 2686.0], [552.0, 346.0, 2849.0], [551.0, 390.0, 2784.0], [551.0, 307.0, 2883.0], [551.0, 272.0, 2929.0], [551.0, 240.0, 2948.0], [550.0, 582.0, 2594.0], [550.0, 545.0, 2631.0], [550.0, 543.0, 2662.0], [550.0, 519.0, 2664.0], [550.0, 440.0, 2752.0], [550.0, 397.0, 2817.0], [549.0, 333.0, 2855.0], [549.0, 327.0, 2866.0], [548.0, 678.0, 2432.0], [548.0, 573.0, 2605.0], [548.0, 494.0, 2673.0], [548.0, 455.0, 2741.0], [548.0, 345.0, 2854.0], [548.0, 264.0, 2937.0], [547.0, 477.0, 2710.0], [547.0, 247.0, 2952.0], [546.0, 545.0, 2655.0], [546.0, 403.0, 2813.0], [545.0, 482.0, 2688.0], [545.0, 479.0, 2703.0], [545.0, 277.0, 2933.0], [544.0, 578.0, 2601.0], [544.0, 413.0, 2780.0], [543.0, 554.0, 2606.0], [543.0, 551.0, 2640.0], [543.0, 480.0, 2701.0], [543.0, 466.0, 2714.0], [543.0, 417.0, 2783.0], [543.0, 282.0, 2925.0], [543.0, 212.0, 3016.0], [542.0, 539.0, 2669.0], [542.0, 510.0, 2675.0], [542.0, 319.0, 2877.0], [541.0, 611.0, 2551.0], [541.0, 561.0, 2638.0], [541.0, 515.0, 2704.0], [541.0, 479.0, 2713.0], [541.0, 274.0, 2944.0], [540.0, 362.0, 2849.0], [540.0, 332.0, 2857.0], [539.0, 509.0, 2710.0], [539.0, 348.0, 2850.0], [538.0, 555.0, 2659.0], [538.0, 484.0, 2720.0], [538.0, 296.0, 2901.0], [537.0, 262.0, 2947.0], [536.0, 618.0, 2529.0], [536.0, 478.0, 2726.0], [536.0, 467.0, 2738.0], [536.0, 439.0, 2794.0], [536.0, 322.0, 2882.0], [536.0, 309.0, 2900.0], [535.0, 358.0, 2850.0], [535.0, 347.0, 2855.0], [535.0, 330.0, 2859.0], [535.0, 237.0, 2999.0], [534.0, 587.0, 2605.0], [534.0, 336.0, 2860.0], [533.0, 386.0, 2846.0], [533.0, 352.0, 2856.0], [533.0, 349.0, 2862.0], [533.0, 261.0, 2952.0], [532.0, 423.0, 2807.0], [532.0, 348.0, 2875.0], [532.0, 291.0, 2916.0], [531.0, 626.0, 2546.0], [531.0, 521.0, 2704.0], [531.0, 281.0, 2938.0], [530.0, 481.0, 2728.0], [529.0, 569.0, 2617.0], [529.0, 463.0, 2764.0], [529.0, 357.0, 2855.0], [529.0, 232.0, 3010.0], [528.0, 524.0, 2675.0], [527.0, 452.0, 2771.0], [527.0, 364.0, 2850.0], [526.0, 593.0, 2601.0], [526.0, 556.0, 2660.0], [526.0, 238.0, 2995.0], [525.0, 563.0, 2631.0], [525.0, 529.0, 2704.0], [525.0, 394.0, 2831.0], [525.0, 301.0, 2921.0], [525.0, 278.0, 2947.0], [524.0, 493.0, 2730.0], [524.0, 332.0, 2912.0], [523.0, 451.0, 2776.0], [523.0, 388.0, 2837.0], [523.0, 380.0, 2856.0], [522.0, 600.0, 2596.0], [522.0, 496.0, 2721.0], [522.0, 244.0, 2991.0], [521.0, 586.0, 2612.0], [521.0, 512.0, 2707.0], [521.0, 453.0, 2769.0], [521.0, 365.0, 2862.0], [521.0, 333.0, 2881.0], [521.0, 307.0, 2918.0], [520.0, 513.0, 2727.0], [519.0, 391.0, 2849.0], [519.0, 332.0, 2927.0], [518.0, 552.0, 2667.0], [518.0, 336.0, 2878.0], [518.0, 293.0, 2943.0], [517.0, 585.0, 2617.0], [517.0, 424.0, 2800.0], [517.0, 390.0, 2852.0], [517.0, 350.0, 2863.0], [516.0, 469.0, 2735.0], [515.0, 489.0, 2770.0], [515.0, 398.0, 2832.0], [515.0, 298.0, 2933.0], [515.0, 248.0, 2983.0], [514.0, 615.0, 2594.0], [514.0, 573.0, 2647.0], [514.0, 428.0, 2805.0], [514.0, 270.0, 2967.0], [513.0, 635.0, 2571.0], [513.0, 466.0, 2771.0], [513.0, 307.0, 2928.0], [513.0, 268.0, 2994.0], [513.0, 241.0, 3004.0], [512.0, 575.0, 2668.0], [511.0, 235.0, 3010.0], [511.0, 211.0, 3065.0], [510.0, 507.0, 2730.0], [510.0, 398.0, 2847.0], [510.0, 355.0, 2871.0], [510.0, 252.0, 3002.0], [509.0, 255.0, 2996.0], [508.0, 527.0, 2739.0], [508.0, 442.0, 2792.0], [508.0, 404.0, 2830.0], [507.0, 600.0, 2612.0], [507.0, 495.0, 2770.0], [507.0, 444.0, 2787.0], [507.0, 402.0, 2835.0], [507.0, 384.0, 2866.0], [507.0, 294.0, 2934.0], [507.0, 242.0, 3005.0], [506.0, 455.0, 2794.0], [506.0, 413.0, 2825.0], [506.0, 358.0, 2874.0], [506.0, 342.0, 2910.0], [505.0, 580.0, 2623.0], [505.0, 579.0, 2636.0], [505.0, 374.0, 2871.0], [505.0, 348.0, 2918.0], [505.0, 281.0, 2994.0], [505.0, 206.0, 3076.0], [504.0, 533.0, 2713.0], [504.0, 438.0, 2813.0], [504.0, 388.0, 2855.0], [504.0, 313.0, 2937.0], [503.0, 595.0, 2637.0], [503.0, 356.0, 2898.0], [503.0, 354.0, 2923.0], [502.0, 475.0, 2773.0], [502.0, 461.0, 2784.0], [501.0, 537.0, 2697.0], [501.0, 503.0, 2770.0], [501.0, 407.0, 2829.0], [501.0, 231.0, 3051.0], [499.0, 535.0, 2698.0], [499.0, 357.0, 2902.0], [499.0, 307.0, 2939.0], [498.0, 592.0, 2650.0], [498.0, 405.0, 2837.0], [498.0, 360.0, 2899.0], [498.0, 356.0, 2913.0], [497.0, 430.0, 2831.0], [497.0, 409.0, 2847.0], [497.0, 365.0, 2907.0], [497.0, 271.0, 2999.0], [496.0, 534.0, 2710.0], [496.0, 487.0, 2793.0], [496.0, 373.0, 2891.0], [496.0, 309.0, 2955.0], [495.0, 539.0, 2702.0], [495.0, 412.0, 2850.0], [495.0, 344.0, 2928.0], [495.0, 241.0, 3060.0], [494.0, 399.0, 2872.0], [493.0, 528.0, 2714.0], [493.0, 424.0, 2845.0], [493.0, 406.0, 2856.0], [493.0, 364.0, 2918.0], [493.0, 314.0, 2989.0], [493.0, 265.0, 3013.0], [492.0, 603.0, 2617.0], [492.0, 451.0, 2798.0], [492.0, 421.0, 2850.0], [492.0, 318.0, 2933.0], [491.0, 372.0, 2898.0], [491.0, 338.0, 2942.0], [490.0, 589.0, 2660.0], [490.0, 547.0, 2713.0], [490.0, 445.0, 2803.0], [489.0, 609.0, 2637.0], [489.0, 411.0, 2860.0], [488.0, 452.0, 2813.0], [487.0, 437.0, 2817.0], [487.0, 435.0, 2838.0], [487.0, 375.0, 2875.0], [486.0, 550.0, 2716.0], [486.0, 549.0, 2734.0], [486.0, 393.0, 2877.0], [486.0, 372.0, 2913.0], [486.0, 226.0, 3068.0], [485.0, 272.0, 2997.0], [484.0, 551.0, 2699.0], [484.0, 378.0, 2896.0], [484.0, 324.0, 2970.0], [483.0, 511.0, 2761.0], [483.0, 334.0, 2975.0], [482.0, 416.0, 2858.0], [482.0, 404.0, 2862.0], [482.0, 387.0, 2891.0], [482.0, 316.0, 2976.0], [481.0, 377.0, 2900.0], [481.0, 255.0, 3060.0], [480.0, 429.0, 2845.0], [479.0, 565.0, 2687.0], [479.0, 439.0, 2835.0], [479.0, 426.0, 2850.0], [479.0, 328.0, 2989.0], [478.0, 503.0, 2773.0], [478.0, 462.0, 2795.0], [478.0, 458.0, 2814.0], [478.0, 449.0, 2828.0], [478.0, 419.0, 2858.0], [478.0, 412.0, 2879.0], [477.0, 515.0, 2774.0], [476.0, 519.0, 2742.0], [476.0, 377.0, 2902.0], [475.0, 390.0, 2890.0], [475.0, 382.0, 2903.0], [474.0, 566.0, 2716.0], [474.0, 507.0, 2800.0], [474.0, 450.0, 2831.0], [474.0, 424.0, 2852.0], [474.0, 411.0, 2884.0], [474.0, 291.0, 2999.0], [473.0, 430.0, 2841.0], [473.0, 383.0, 2913.0], [472.0, 449.0, 2832.0], [472.0, 434.0, 2842.0], [472.0, 388.0, 2904.0], [472.0, 364.0, 2928.0], [472.0, 351.0, 2936.0], [472.0, 261.0, 3049.0], [472.0, 246.0, 3062.0], [471.0, 461.0, 2835.0], [471.0, 398.0, 2903.0], [471.0, 365.0, 2918.0], [471.0, 239.0, 3071.0], [470.0, 425.0, 2855.0], [470.0, 418.0, 2879.0], [470.0, 394.0, 2909.0], [470.0, 374.0, 2924.0], [470.0, 183.0, 3102.0], [469.0, 517.0, 2764.0], [469.0, 472.0, 2805.0], [469.0, 438.0, 2847.0], [469.0, 423.0, 2857.0], [469.0, 386.0, 2916.0], [469.0, 312.0, 3000.0], [468.0, 438.0, 2851.0], [468.0, 419.0, 2861.0], [468.0, 395.0, 2916.0], [467.0, 585.0, 2662.0], [467.0, 525.0, 2761.0], [467.0, 433.0, 2855.0], [467.0, 404.0, 2911.0], [467.0, 384.0, 2927.0], [467.0, 352.0, 2931.0], [467.0, 292.0, 3001.0], [466.0, 571.0, 2689.0], [466.0, 461.0, 2839.0], [466.0, 332.0, 2980.0], [465.0, 572.0, 2705.0], [465.0, 477.0, 2804.0], [465.0, 365.0, 2930.0], [465.0, 350.0, 2956.0], [464.0, 580.0, 2673.0], [464.0, 470.0, 2817.0], [463.0, 554.0, 2717.0], [462.0, 523.0, 2800.0], [462.0, 465.0, 2845.0], [462.0, 367.0, 2943.0], [462.0, 281.0, 3046.0], [462.0, 206.0, 3103.0], [461.0, 410.0, 2894.0], [460.0, 361.0, 2949.0], [460.0, 354.0, 2975.0], [460.0, 288.0, 3016.0], [459.0, 426.0, 2859.0], [459.0, 308.0, 3041.0], [458.0, 480.0, 2809.0], [458.0, 469.0, 2826.0], [458.0, 450.0, 2847.0], [458.0, 415.0, 2902.0], [458.0, 390.0, 2924.0], [458.0, 378.0, 2928.0], [457.0, 485.0, 2827.0], [457.0, 317.0, 2991.0], [457.0, 302.0, 3047.0], [456.0, 649.0, 2623.0], [456.0, 527.0, 2744.0], [456.0, 437.0, 2858.0], [456.0, 423.0, 2874.0], [455.0, 406.0, 2920.0], [455.0, 391.0, 2921.0], [454.0, 541.0, 2737.0], [454.0, 477.0, 2839.0], [454.0, 455.0, 2850.0], [454.0, 445.0, 2858.0], [454.0, 432.0, 2880.0], [454.0, 386.0, 2945.0], [453.0, 533.0, 2758.0], [453.0, 435.0, 2870.0], [452.0, 573.0, 2678.0], [452.0, 443.0, 2872.0], [452.0, 425.0, 2911.0], [452.0, 368.0, 2950.0], [451.0, 483.0, 2846.0], [451.0, 364.0, 2956.0], [450.0, 229.0, 3084.0], [449.0, 540.0, 2758.0], [449.0, 444.0, 2896.0], [449.0, 342.0, 2977.0], [448.0, 362.0, 2970.0], [447.0, 548.0, 2737.0], [447.0, 488.0, 2819.0], [447.0, 380.0, 2947.0], [447.0, 372.0, 2969.0], [447.0, 339.0, 2984.0], [447.0, 285.0, 3048.0], [447.0, 282.0, 3053.0], [447.0, 213.0, 3137.0], [446.0, 380.0, 2971.0], [445.0, 584.0, 2692.0], [445.0, 452.0, 2865.0], [445.0, 397.0, 2923.0], [445.0, 366.0, 2986.0], [445.0, 286.0, 3066.0], [444.0, 501.0, 2803.0], [444.0, 473.0, 2847.0], [443.0, 559.0, 2728.0], [443.0, 493.0, 2824.0], [443.0, 407.0, 2921.0], [443.0, 338.0, 3036.0], [443.0, 288.0, 3050.0], [442.0, 545.0, 2755.0], [442.0, 494.0, 2809.0], [442.0, 485.0, 2838.0], [442.0, 445.0, 2897.0], [442.0, 403.0, 2926.0], [441.0, 451.0, 2870.0], [441.0, 431.0, 2899.0], [441.0, 372.0, 2983.0], [441.0, 358.0, 2993.0], [440.0, 554.0, 2739.0], [440.0, 546.0, 2747.0], [440.0, 528.0, 2759.0], [440.0, 510.0, 2816.0], [440.0, 465.0, 2854.0], [440.0, 463.0, 2864.0], [439.0, 528.0, 2783.0], [439.0, 426.0, 2903.0], [439.0, 387.0, 2943.0], [439.0, 332.0, 3050.0], [438.0, 586.0, 2691.0], [438.0, 543.0, 2756.0], [438.0, 457.0, 2870.0], [438.0, 452.0, 2876.0], [438.0, 439.0, 2911.0], [438.0, 255.0, 3112.0], [438.0, 180.0, 3169.0], [437.0, 498.0, 2824.0], [437.0, 458.0, 2865.0], [437.0, 394.0, 2954.0], [436.0, 542.0, 2762.0], [436.0, 480.0, 2860.0], [436.0, 262.0, 3082.0], [435.0, 467.0, 2883.0], [435.0, 446.0, 2885.0], [434.0, 590.0, 2681.0], [434.0, 493.0, 2837.0], [434.0, 424.0, 2913.0], [433.0, 459.0, 2893.0], [433.0, 354.0, 3002.0], [433.0, 291.0, 3057.0], [431.0, 572.0, 2719.0], [431.0, 529.0, 2784.0], [431.0, 507.0, 2831.0], [431.0, 431.0, 2915.0], [431.0, 380.0, 2986.0], [430.0, 515.0, 2803.0], [430.0, 405.0, 2947.0], [430.0, 398.0, 2970.0], [429.0, 407.0, 2929.0], [429.0, 316.0, 3059.0], [428.0, 547.0, 2744.0], [428.0, 468.0, 2882.0], [428.0, 423.0, 2922.0], [428.0, 417.0, 2938.0], [427.0, 518.0, 2830.0], [427.0, 457.0, 2912.0], [426.0, 533.0, 2803.0], [426.0, 411.0, 2944.0], [426.0, 348.0, 3027.0], [425.0, 369.0, 2991.0], [425.0, 349.0, 3017.0], [425.0, 266.0, 3080.0], [424.0, 550.0, 2747.0], [424.0, 477.0, 2864.0], [424.0, 474.0, 2878.0], [423.0, 462.0, 2885.0], [423.0, 290.0, 3080.0], [423.0, 261.0, 3096.0], [423.0, 256.0, 3119.0], [422.0, 388.0, 2975.0], [421.0, 581.0, 2723.0], [421.0, 547.0, 2791.0], [421.0, 494.0, 2837.0], [421.0, 480.0, 2863.0], [421.0, 408.0, 2954.0], [421.0, 354.0, 3013.0], [421.0, 270.0, 3095.0], [420.0, 573.0, 2744.0], [420.0, 468.0, 2892.0], [420.0, 447.0, 2913.0], [420.0, 358.0, 3036.0], [419.0, 558.0, 2758.0], [419.0, 497.0, 2878.0], [419.0, 481.0, 2883.0], [419.0, 260.0, 3098.0], [418.0, 419.0, 2963.0], [417.0, 346.0, 3049.0], [417.0, 332.0, 3059.0], [417.0, 306.0, 3108.0], [416.0, 520.0, 2813.0], [416.0, 484.0, 2882.0], [416.0, 413.0, 2969.0], [415.0, 365.0, 3017.0], [414.0, 560.0, 2757.0], [414.0, 528.0, 2805.0], [414.0, 437.0, 2930.0], [414.0, 214.0, 3146.0], [413.0, 477.0, 2906.0], [412.0, 406.0, 2972.0], [412.0, 380.0, 3000.0], [411.0, 368.0, 3020.0], [410.0, 564.0, 2747.0], [410.0, 533.0, 2810.0], [410.0, 378.0, 3022.0], [410.0, 336.0, 3051.0], [409.0, 441.0, 2949.0], [409.0, 392.0, 2973.0], [409.0, 312.0, 3079.0], [408.0, 503.0, 2866.0], [408.0, 398.0, 2979.0], [407.0, 376.0, 3030.0], [406.0, 379.0, 3013.0], [406.0, 372.0, 3036.0], [406.0, 225.0, 3161.0], [405.0, 586.0, 2711.0], [405.0, 415.0, 2970.0], [405.0, 311.0, 3084.0], [405.0, 290.0, 3127.0], [404.0, 479.0, 2888.0], [404.0, 455.0, 2937.0], [404.0, 397.0, 2988.0], [402.0, 550.0, 2804.0], [402.0, 507.0, 2869.0], [402.0, 383.0, 2992.0], [401.0, 522.0, 2815.0], [401.0, 483.0, 2883.0], [400.0, 559.0, 2836.0], [400.0, 501.0, 2875.0], [399.0, 569.0, 2786.0], [399.0, 317.0, 3089.0], [399.0, 235.0, 3162.0], [399.0, 209.0, 3168.0], [398.0, 442.0, 2950.0], [397.0, 229.0, 3168.0], [396.0, 481.0, 2890.0], [396.0, 382.0, 3002.0], [396.0, 356.0, 3047.0], [395.0, 521.0, 2857.0], [395.0, 471.0, 2944.0], [394.0, 497.0, 2898.0], [394.0, 389.0, 3003.0], [393.0, 465.0, 2950.0], [393.0, 383.0, 3013.0], [393.0, 280.0, 3174.0], [390.0, 504.0, 2891.0], [390.0, 329.0, 3086.0], [389.0, 431.0, 2956.0], [388.0, 405.0, 2993.0], [388.0, 388.0, 3009.0], [388.0, 380.0, 3038.0], [387.0, 435.0, 2956.0], [387.0, 342.0, 3086.0], [386.0, 537.0, 2864.0], [386.0, 521.0, 2869.0], [386.0, 456.0, 2962.0], [386.0, 352.0, 3088.0], [385.0, 415.0, 3015.0], [385.0, 192.0, 3231.0], [384.0, 384.0, 3017.0], [384.0, 346.0, 3094.0], [383.0, 479.0, 2923.0], [383.0, 437.0, 2965.0], [382.0, 477.0, 2932.0], [382.0, 383.0, 3025.0], [381.0, 449.0, 2969.0], [380.0, 205.0, 3234.0], [379.0, 485.0, 2944.0], [379.0, 312.0, 3095.0], [379.0, 295.0, 3151.0], [378.0, 389.0, 3020.0], [377.0, 368.0, 3080.0], [377.0, 171.0, 3243.0], [376.0, 524.0, 2870.0], [376.0, 521.0, 2873.0], [376.0, 210.0, 3213.0], [375.0, 543.0, 2852.0], [375.0, 291.0, 3155.0], [375.0, 255.0, 3176.0], [374.0, 505.0, 2888.0], [374.0, 416.0, 3016.0], [373.0, 419.0, 2999.0], [373.0, 412.0, 3037.0], [372.0, 330.0, 3113.0], [371.0, 495.0, 2923.0], [370.0, 435.0, 2998.0], [369.0, 445.0, 3010.0], [368.0, 315.0, 3125.0], [367.0, 509.0, 2874.0], [367.0, 469.0, 2963.0], [366.0, 242.0, 3187.0], [364.0, 478.0, 2957.0], [362.0, 495.0, 2935.0], [362.0, 373.0, 3065.0], [362.0, 188.0, 3289.0], [360.0, 505.0, 2936.0], [359.0, 316.0, 3119.0], [358.0, 451.0, 2998.0], [357.0, 369.0, 3072.0], [356.0, 241.0, 3203.0], [355.0, 459.0, 3010.0], [355.0, 368.0, 3095.0], [354.0, 311.0, 3132.0], [353.0, 300.0, 3139.0], [353.0, 254.0, 3209.0], [352.0, 495.0, 2939.0], [352.0, 436.0, 3023.0], [352.0, 223.0, 3211.0], [351.0, 507.0, 2944.0], [351.0, 373.0, 3067.0], [351.0, 302.0, 3135.0], [350.0, 316.0, 3150.0], [349.0, 517.0, 2918.0], [348.0, 489.0, 2955.0], [348.0, 325.0, 3133.0], [347.0, 245.0, 3220.0], [346.0, 256.0, 3180.0], [345.0, 569.0, 2834.0], [345.0, 338.0, 3120.0], [344.0, 401.0, 3068.0], [344.0, 376.0, 3075.0], [343.0, 556.0, 2844.0], [342.0, 384.0, 3070.0], [342.0, 329.0, 3123.0], [342.0, 295.0, 3162.0], [342.0, 255.0, 3185.0], [341.0, 327.0, 3134.0], [340.0, 490.0, 2945.0], [340.0, 452.0, 3023.0], [338.0, 347.0, 3131.0], [338.0, 275.0, 3186.0], [337.0, 475.0, 2984.0], [337.0, 191.0, 3288.0], [336.0, 479.0, 3002.0], [336.0, 269.0, 3192.0], [335.0, 386.0, 3071.0], [334.0, 392.0, 3081.0], [333.0, 527.0, 2900.0], [333.0, 301.0, 3151.0], [333.0, 282.0, 3173.0], [332.0, 408.0, 3058.0], [329.0, 228.0, 3275.0], [328.0, 353.0, 3103.0], [328.0, 279.0, 3204.0], [328.0, 240.0, 3272.0], [327.0, 347.0, 3133.0], [326.0, 152.0, 3351.0], [324.0, 367.0, 3125.0], [323.0, 404.0, 3062.0], [322.0, 499.0, 2996.0], [322.0, 408.0, 3081.0], [321.0, 543.0, 2900.0], [320.0, 415.0, 3059.0], [319.0, 306.0, 3192.0], [316.0, 261.0, 3205.0], [315.0, 291.0, 3211.0], [314.0, 409.0, 3083.0], [313.0, 449.0, 3050.0], [311.0, 425.0, 3061.0], [310.0, 295.0, 3198.0], [309.0, 360.0, 3138.0], [305.0, 447.0, 3053.0], [305.0, 387.0, 3117.0], [304.0, 253.0, 3270.0], [302.0, 321.0, 3175.0], [299.0, 443.0, 3079.0], [297.0, 325.0, 3184.0], [295.0, 319.0, 3190.0], [295.0, 280.0, 3258.0], [292.0, 343.0, 3192.0], [291.0, 316.0, 3196.0], [283.0, 224.0, 3336.0], [278.0, 488.0, 3059.0], [271.0, 291.0, 3238.0], [268.0, 349.0, 3176.0], [266.0, 239.0, 3319.0], [261.0, 377.0, 3173.0], [228.0, 327.0, 3240.0]]
