heur = false
LBS_limit = 3
preproc = 1
tight_root = 0
total_time = 1800.08
NDP = 819
total_nodes = 58027
pruned_nodes = 28996
pruned_dominance_nodes = 14884
heur_time = 0.0
Y_N = Any[[4755.0, 3706.0, 6369.0], [4745.0, 3733.0, 6269.0], [4740.0, 3495.0, 6389.0], [4737.0, 3631.0, 6463.0], [4716.0, 3637.0, 6442.0], [4702.0, 3660.0, 6384.0], [4702.0, 3628.0, 6504.0], [4702.0, 3459.0, 6634.0], [4697.0, 3742.0, 6382.0], [4691.0, 3523.0, 6511.0], [4687.0, 3755.0, 6247.0], [4687.0, 3637.0, 6486.0], [4684.0, 3450.0, 6709.0], [4683.0, 3771.0, 6390.0], [4682.0, 3566.0, 6550.0], [4681.0, 3576.0, 6569.0], [4677.0, 3798.0, 6335.0], [4674.0, 3586.0, 6626.0], [4673.0, 3688.0, 6421.0], [4672.0, 3624.0, 6515.0], [4664.0, 3587.0, 6520.0], [4662.0, 3429.0, 6738.0], [4661.0, 3273.0, 6756.0], [4660.0, 3580.0, 6637.0], [4658.0, 3494.0, 6658.0], [4657.0, 3724.0, 6454.0], [4657.0, 3582.0, 6642.0], [4651.0, 3658.0, 6542.0], [4649.0, 3507.0, 6722.0], [4646.0, 3417.0, 6749.0], [4645.0, 3623.0, 6596.0], [4644.0, 3436.0, 6730.0], [4643.0, 3692.0, 6540.0], [4641.0, 3466.0, 6750.0], [4639.0, 3336.0, 6828.0], [4638.0, 3559.0, 6666.0], [4633.0, 3712.0, 6570.0], [4633.0, 3444.0, 6790.0], [4630.0, 3452.0, 6780.0], [4627.0, 3788.0, 6470.0], [4625.0, 3637.0, 6650.0], [4624.0, 3592.0, 6677.0], [4623.0, 3802.0, 6357.0], [4623.0, 3519.0, 6705.0], [4623.0, 3503.0, 6723.0], [4621.0, 3753.0, 6524.0], [4615.0, 3825.0, 6434.0], [4614.0, 3642.0, 6617.0], [4614.0, 3355.0, 6864.0], [4609.0, 3599.0, 6694.0], [4608.0, 3587.0, 6703.0], [4608.0, 3438.0, 6858.0], [4607.0, 3836.0, 6336.0], [4602.0, 3495.0, 6741.0], [4601.0, 3255.0, 6906.0], [4598.0, 3658.0, 6607.0], [4598.0, 3464.0, 6808.0], [4595.0, 3819.0, 6449.0], [4595.0, 3791.0, 6461.0], [4595.0, 3595.0, 6745.0], [4594.0, 3317.0, 6887.0], [4591.0, 3494.0, 6821.0], [4591.0, 3205.0, 6943.0], [4587.0, 3759.0, 6488.0], [4586.0, 3270.0, 6932.0], [4584.0, 3820.0, 6443.0], [4584.0, 3645.0, 6609.0], [4584.0, 3580.0, 6759.0], [4584.0, 3510.0, 6821.0], [4582.0, 3786.0, 6527.0], [4581.0, 3400.0, 6931.0], [4579.0, 3643.0, 6612.0], [4576.0, 3323.0, 6942.0], [4575.0, 3673.0, 6580.0], [4574.0, 3603.0, 6698.0], [4574.0, 3529.0, 6771.0], [4574.0, 3184.0, 6955.0], [4573.0, 3655.0, 6621.0], [4573.0, 3653.0, 6649.0], [4571.0, 3653.0, 6720.0], [4570.0, 3822.0, 6438.0], [4570.0, 3655.0, 6695.0], [4570.0, 3518.0, 6811.0], [4569.0, 3749.0, 6537.0], [4569.0, 3149.0, 7027.0], [4568.0, 3452.0, 6829.0], [4568.0, 3246.0, 6951.0], [4567.0, 3767.0, 6536.0], [4567.0, 3550.0, 6764.0], [4567.0, 3490.0, 6915.0], [4567.0, 3336.0, 6950.0], [4564.0, 3674.0, 6585.0], [4564.0, 3325.0, 6973.0], [4563.0, 3602.0, 6813.0], [4561.0, 3722.0, 6599.0], [4561.0, 3679.0, 6644.0], [4560.0, 3792.0, 6475.0], [4555.0, 3720.0, 6612.0], [4554.0, 3432.0, 6945.0], [4553.0, 3684.0, 6641.0], [4551.0, 3338.0, 6977.0], [4549.0, 3857.0, 5982.0], [4549.0, 3269.0, 7030.0], [4548.0, 3420.0, 6962.0], [4547.0, 3692.0, 6626.0], [4546.0, 3302.0, 7036.0], [4545.0, 3766.0, 6578.0], [4545.0, 3499.0, 6852.0], [4543.0, 3852.0, 6340.0], [4543.0, 3551.0, 6827.0], [4542.0, 3565.0, 6845.0], [4541.0, 3695.0, 6634.0], [4541.0, 3671.0, 6687.0], [4541.0, 3625.0, 6721.0], [4540.0, 3917.0, 6289.0], [4539.0, 3610.0, 6754.0], [4538.0, 3856.0, 6290.0], [4537.0, 3345.0, 6974.0], [4534.0, 3798.0, 6473.0], [4533.0, 3674.0, 6645.0], [4530.0, 3437.0, 6972.0], [4529.0, 3681.0, 6708.0], [4529.0, 3409.0, 6973.0], [4528.0, 3554.0, 6859.0], [4528.0, 3423.0, 7028.0], [4527.0, 3498.0, 6910.0], [4526.0, 3501.0, 6880.0], [4526.0, 3484.0, 6924.0], [4525.0, 3803.0, 6584.0], [4525.0, 3256.0, 7107.0], [4524.0, 3841.0, 6561.0], [4523.0, 3169.0, 7137.0], [4522.0, 3629.0, 6767.0], [4521.0, 3710.0, 6666.0], [4521.0, 3668.0, 6725.0], [4520.0, 3746.0, 6605.0], [4518.0, 3522.0, 6867.0], [4516.0, 3118.0, 7151.0], [4515.0, 3757.0, 6677.0], [4515.0, 3593.0, 6852.0], [4514.0, 3513.0, 6871.0], [4513.0, 3551.0, 6867.0], [4512.0, 3664.0, 6726.0], [4512.0, 3350.0, 7073.0], [4510.0, 3843.0, 6376.0], [4510.0, 3641.0, 6761.0], [4510.0, 3197.0, 7121.0], [4507.0, 3672.0, 6723.0], [4506.0, 3331.0, 7102.0], [4505.0, 3765.0, 6603.0], [4505.0, 3682.0, 6712.0], [4503.0, 3563.0, 6862.0], [4503.0, 3508.0, 6914.0], [4500.0, 3688.0, 6701.0], [4499.0, 3549.0, 6944.0], [4498.0, 3682.0, 6735.0], [4498.0, 3651.0, 6756.0], [4497.0, 3689.0, 6725.0], [4496.0, 3212.0, 7146.0], [4495.0, 3213.0, 7117.0], [4494.0, 3768.0, 6588.0], [4493.0, 3624.0, 6852.0], [4493.0, 3458.0, 6981.0], [4491.0, 3149.0, 7170.0], [4487.0, 3664.0, 6740.0], [4487.0, 3501.0, 6945.0], [4486.0, 3701.0, 6702.0], [4486.0, 3495.0, 6994.0], [4484.0, 3202.0, 7183.0], [4483.0, 3758.0, 6645.0], [4483.0, 3699.0, 6728.0], [4483.0, 3645.0, 6770.0], [4483.0, 3205.0, 7154.0], [4482.0, 3786.0, 6588.0], [4482.0, 3720.0, 6692.0], [4481.0, 3904.0, 6461.0], [4480.0, 3271.0, 7107.0], [4479.0, 3659.0, 6786.0], [4479.0, 3434.0, 7084.0], [4478.0, 3551.0, 6879.0], [4476.0, 3842.0, 6636.0], [4476.0, 3668.0, 6750.0], [4476.0, 3607.0, 6937.0], [4475.0, 3269.0, 7153.0], [4475.0, 3221.0, 7177.0], [4474.0, 3436.0, 7000.0], [4472.0, 3649.0, 6791.0], [4472.0, 3322.0, 7103.0], [4471.0, 3771.0, 6646.0], [4471.0, 3305.0, 7177.0], [4469.0, 3677.0, 6770.0], [4469.0, 3084.0, 7215.0], [4468.0, 3662.0, 6839.0], [4465.0, 3547.0, 6991.0], [4465.0, 3047.0, 7272.0], [4464.0, 3446.0, 7015.0], [4463.0, 3457.0, 7002.0], [4463.0, 3451.0, 7056.0], [4463.0, 3386.0, 7107.0], [4462.0, 3709.0, 6820.0], [4461.0, 3762.0, 6664.0], [4461.0, 3744.0, 6716.0], [4461.0, 3473.0, 7017.0], [4460.0, 3477.0, 7002.0], [4460.0, 3219.0, 7194.0], [4458.0, 3212.0, 7200.0], [4457.0, 3421.0, 7142.0], [4457.0, 3140.0, 7205.0], [4454.0, 3848.0, 6539.0], [4454.0, 3656.0, 6852.0], [4451.0, 3673.0, 6822.0], [4450.0, 3817.0, 6652.0], [4450.0, 3567.0, 6971.0], [4450.0, 3343.0, 7143.0], [4449.0, 3579.0, 6960.0], [4448.0, 3197.0, 7201.0], [4446.0, 3326.0, 7145.0], [4446.0, 3221.0, 7200.0], [4442.0, 3896.0, 6493.0], [4442.0, 3622.0, 6873.0], [4442.0, 2962.0, 7342.0], [4441.0, 3631.0, 6941.0], [4441.0, 3574.0, 6980.0], [4440.0, 3506.0, 7046.0], [4440.0, 3205.0, 7296.0], [4439.0, 3507.0, 7025.0], [4438.0, 3350.0, 7170.0], [4436.0, 3437.0, 7095.0], [4435.0, 3759.0, 6673.0], [4435.0, 3747.0, 6757.0], [4435.0, 3661.0, 6869.0], [4435.0, 3083.0, 7327.0], [4434.0, 3849.0, 6522.0], [4434.0, 3659.0, 6870.0], [4433.0, 3312.0, 7244.0], [4432.0, 3837.0, 6657.0], [4432.0, 3402.0, 7157.0], [4431.0, 3381.0, 7176.0], [4430.0, 3878.0, 6533.0], [4430.0, 3849.0, 6684.0], [4429.0, 3855.0, 6541.0], [4429.0, 3753.0, 6687.0], [4429.0, 3346.0, 7207.0], [4427.0, 3602.0, 6942.0], [4426.0, 3431.0, 7127.0], [4424.0, 3905.0, 6578.0], [4424.0, 3537.0, 7010.0], [4423.0, 3539.0, 6994.0], [4422.0, 3579.0, 6988.0], [4421.0, 3654.0, 6884.0], [4420.0, 3731.0, 6770.0], [4420.0, 3566.0, 7022.0], [4419.0, 3504.0, 7057.0], [4418.0, 3943.0, 6118.0], [4418.0, 2963.0, 7436.0], [4414.0, 3751.0, 6699.0], [4414.0, 3719.0, 6819.0], [4414.0, 3676.0, 6876.0], [4413.0, 3720.0, 6849.0], [4413.0, 3247.0, 7285.0], [4412.0, 3733.0, 6760.0], [4412.0, 3168.0, 7378.0], [4411.0, 3779.0, 6704.0], [4410.0, 3585.0, 6985.0], [4409.0, 3426.0, 7129.0], [4409.0, 3089.0, 7389.0], [4408.0, 3747.0, 6795.0], [4408.0, 3672.0, 6896.0], [4407.0, 3440.0, 7111.0], [4407.0, 3264.0, 7256.0], [4406.0, 3463.0, 7077.0], [4406.0, 3444.0, 7186.0], [4406.0, 3267.0, 7288.0], [4405.0, 3333.0, 7225.0], [4403.0, 3285.0, 7260.0], [4400.0, 3632.0, 6919.0], [4400.0, 3592.0, 6951.0], [4400.0, 3302.0, 7323.0], [4398.0, 3864.0, 6643.0], [4398.0, 3758.0, 6755.0], [4398.0, 3646.0, 6924.0], [4398.0, 3525.0, 7116.0], [4397.0, 3529.0, 7045.0], [4395.0, 3536.0, 7025.0], [4395.0, 3317.0, 7300.0], [4394.0, 3787.0, 6703.0], [4394.0, 3765.0, 6757.0], [4394.0, 3732.0, 6879.0], [4393.0, 3740.0, 6807.0], [4390.0, 3206.0, 7335.0], [4389.0, 3650.0, 6951.0], [4389.0, 3583.0, 7001.0], [4389.0, 3352.0, 7193.0], [4388.0, 3365.0, 7188.0], [4386.0, 3807.0, 6716.0], [4386.0, 3674.0, 6904.0], [4386.0, 3606.0, 6992.0], [4385.0, 3783.0, 6761.0], [4385.0, 3536.0, 7035.0], [4384.0, 3768.0, 6769.0], [4384.0, 3420.0, 7192.0], [4384.0, 3115.0, 7410.0], [4383.0, 3736.0, 6813.0], [4381.0, 3159.0, 7431.0], [4379.0, 3915.0, 6334.0], [4379.0, 3883.0, 6623.0], [4378.0, 3671.0, 6947.0], [4376.0, 3520.0, 7127.0], [4375.0, 3222.0, 7364.0], [4374.0, 3922.0, 6445.0], [4373.0, 3467.0, 7191.0], [4373.0, 3254.0, 7388.0], [4371.0, 3713.0, 6881.0], [4370.0, 3813.0, 6691.0], [4370.0, 3788.0, 6848.0], [4370.0, 3424.0, 7205.0], [4369.0, 3631.0, 6987.0], [4369.0, 3528.0, 7106.0], [4368.0, 3544.0, 7079.0], [4367.0, 3400.0, 7227.0], [4366.0, 3990.0, 6346.0], [4366.0, 3639.0, 6962.0], [4365.0, 3484.0, 7185.0], [4365.0, 3364.0, 7237.0], [4364.0, 3350.0, 7294.0], [4364.0, 3298.0, 7331.0], [4364.0, 3184.0, 7423.0], [4363.0, 3916.0, 6508.0], [4363.0, 3572.0, 7064.0], [4363.0, 3312.0, 7369.0], [4361.0, 3318.0, 7306.0], [4361.0, 3316.0, 7321.0], [4360.0, 3421.0, 7244.0], [4359.0, 3050.0, 7506.0], [4358.0, 3763.0, 6876.0], [4358.0, 3717.0, 6893.0], [4358.0, 3398.0, 7250.0], [4357.0, 3944.0, 6353.0], [4356.0, 3917.0, 6502.0], [4356.0, 3790.0, 6791.0], [4355.0, 3119.0, 7465.0], [4354.0, 3820.0, 6719.0], [4354.0, 3354.0, 7278.0], [4353.0, 3817.0, 6758.0], [4352.0, 3827.0, 6737.0], [4350.0, 3693.0, 6907.0], [4350.0, 3599.0, 7047.0], [4350.0, 3562.0, 7099.0], [4349.0, 3498.0, 7133.0], [4348.0, 3832.0, 6686.0], [4348.0, 3595.0, 7051.0], [4347.0, 3856.0, 6789.0], [4346.0, 3394.0, 7298.0], [4345.0, 3820.0, 6826.0], [4345.0, 3535.0, 7118.0], [4345.0, 3453.0, 7235.0], [4343.0, 3962.0, 6483.0], [4342.0, 3564.0, 7106.0], [4340.0, 3501.0, 7184.0], [4340.0, 3447.0, 7254.0], [4339.0, 3897.0, 6607.0], [4337.0, 3154.0, 7456.0], [4336.0, 3259.0, 7375.0], [4335.0, 3716.0, 6940.0], [4335.0, 3682.0, 6984.0], [4335.0, 3647.0, 7028.0], [4335.0, 3303.0, 7380.0], [4334.0, 3793.0, 6872.0], [4333.0, 3605.0, 7055.0], [4332.0, 3409.0, 7292.0], [4332.0, 3182.0, 7449.0], [4331.0, 3187.0, 7422.0], [4330.0, 3322.0, 7308.0], [4329.0, 3730.0, 6915.0], [4328.0, 3331.0, 7357.0], [4326.0, 3075.0, 7543.0], [4324.0, 3766.0, 6892.0], [4324.0, 3451.0, 7236.0], [4323.0, 3913.0, 6622.0], [4322.0, 3648.0, 7007.0], [4320.0, 3677.0, 7012.0], [4320.0, 3495.0, 7199.0], [4320.0, 3340.0, 7307.0], [4319.0, 3920.0, 6532.0], [4319.0, 3401.0, 7326.0], [4318.0, 3129.0, 7458.0], [4317.0, 3858.0, 6762.0], [4317.0, 3584.0, 7119.0], [4317.0, 3530.0, 7181.0], [4317.0, 3435.0, 7260.0], [4316.0, 3831.0, 6833.0], [4316.0, 3234.0, 7414.0], [4315.0, 3935.0, 6649.0], [4315.0, 3740.0, 6922.0], [4315.0, 3402.0, 7296.0], [4315.0, 3265.0, 7389.0], [4314.0, 3963.0, 6521.0], [4314.0, 3460.0, 7251.0], [4313.0, 3618.0, 7052.0], [4313.0, 3600.0, 7079.0], [4313.0, 3458.0, 7265.0], [4313.0, 3286.0, 7410.0], [4312.0, 3373.0, 7365.0], [4311.0, 3093.0, 7532.0], [4310.0, 3215.0, 7435.0], [4308.0, 3280.0, 7432.0], [4308.0, 3228.0, 7458.0], [4306.0, 3668.0, 7023.0], [4305.0, 3522.0, 7225.0], [4304.0, 3864.0, 6758.0], [4304.0, 3754.0, 6901.0], [4304.0, 3608.0, 7093.0], [4303.0, 3146.0, 7460.0], [4302.0, 3311.0, 7409.0], [4301.0, 3431.0, 7298.0], [4298.0, 3230.0, 7451.0], [4297.0, 3555.0, 7175.0], [4295.0, 3353.0, 7371.0], [4295.0, 3101.0, 7493.0], [4294.0, 3770.0, 6906.0], [4294.0, 3573.0, 7133.0], [4294.0, 3248.0, 7451.0], [4293.0, 3207.0, 7495.0], [4291.0, 3671.0, 7019.0], [4288.0, 3633.0, 7050.0], [4288.0, 2997.0, 7552.0], [4287.0, 3575.0, 7122.0], [4286.0, 3945.0, 6592.0], [4285.0, 3189.0, 7498.0], [4283.0, 3585.0, 7114.0], [4283.0, 3379.0, 7373.0], [4282.0, 3637.0, 7042.0], [4282.0, 3631.0, 7082.0], [4282.0, 3551.0, 7190.0], [4282.0, 3496.0, 7239.0], [4281.0, 3692.0, 7004.0], [4281.0, 3443.0, 7283.0], [4280.0, 3759.0, 6948.0], [4279.0, 3780.0, 6882.0], [4277.0, 3639.0, 7033.0], [4276.0, 3648.0, 7036.0], [4276.0, 3461.0, 7302.0], [4276.0, 3290.0, 7440.0], [4275.0, 3955.0, 6541.0], [4275.0, 3718.0, 6969.0], [4275.0, 3598.0, 7117.0], [4275.0, 3437.0, 7344.0], [4274.0, 3249.0, 7444.0], [4274.0, 3014.0, 7628.0], [4272.0, 3786.0, 6881.0], [4272.0, 3321.0, 7402.0], [4272.0, 3018.0, 7606.0], [4270.0, 3717.0, 6981.0], [4270.0, 3381.0, 7360.0], [4268.0, 3811.0, 6890.0], [4268.0, 3684.0, 7017.0], [4268.0, 3338.0, 7400.0], [4268.0, 3274.0, 7464.0], [4268.0, 3153.0, 7566.0], [4267.0, 3896.0, 6678.0], [4267.0, 3419.0, 7369.0], [4265.0, 2936.0, 7681.0], [4264.0, 3663.0, 7038.0], [4263.0, 3564.0, 7174.0], [4262.0, 3814.0, 6836.0], [4262.0, 3775.0, 6978.0], [4262.0, 3193.0, 7521.0], [4262.0, 3123.0, 7581.0], [4261.0, 3969.0, 6359.0], [4261.0, 3879.0, 6794.0], [4260.0, 3645.0, 7044.0], [4260.0, 3172.0, 7541.0], [4258.0, 3470.0, 7248.0], [4258.0, 3335.0, 7454.0], [4258.0, 3288.0, 7465.0], [4256.0, 3646.0, 7091.0], [4256.0, 3371.0, 7386.0], [4256.0, 3009.0, 7644.0], [4255.0, 3727.0, 6988.0], [4255.0, 3156.0, 7548.0], [4255.0, 3108.0, 7596.0], [4254.0, 3924.0, 6688.0], [4254.0, 3444.0, 7311.0], [4254.0, 3268.0, 7480.0], [4253.0, 3611.0, 7094.0], [4253.0, 3209.0, 7556.0], [4252.0, 3896.0, 6721.0], [4251.0, 3650.0, 7051.0], [4251.0, 3501.0, 7228.0], [4251.0, 3467.0, 7292.0], [4251.0, 3441.0, 7319.0], [4251.0, 3173.0, 7593.0], [4250.0, 3349.0, 7401.0], [4250.0, 3348.0, 7405.0], [4250.0, 3276.0, 7477.0], [4249.0, 3989.0, 6466.0], [4249.0, 3705.0, 6989.0], [4249.0, 3522.0, 7226.0], [4249.0, 3386.0, 7393.0], [4249.0, 3380.0, 7423.0], [4248.0, 3820.0, 6862.0], [4247.0, 3874.0, 6821.0], [4246.0, 3582.0, 7137.0], [4245.0, 3394.0, 7393.0], [4245.0, 3345.0, 7476.0], [4243.0, 3516.0, 7248.0], [4243.0, 3351.0, 7434.0], [4242.0, 3278.0, 7506.0], [4242.0, 3050.0, 7630.0], [4240.0, 3303.0, 7547.0], [4239.0, 3418.0, 7377.0], [4238.0, 3651.0, 7076.0], [4238.0, 3608.0, 7117.0], [4237.0, 3661.0, 7058.0], [4236.0, 3813.0, 6940.0], [4234.0, 3654.0, 7071.0], [4234.0, 3618.0, 7161.0], [4234.0, 3496.0, 7310.0], [4233.0, 3407.0, 7388.0], [4232.0, 3736.0, 6997.0], [4232.0, 3570.0, 7189.0], [4229.0, 3405.0, 7389.0], [4229.0, 3365.0, 7472.0], [4229.0, 3102.0, 7651.0], [4228.0, 3258.0, 7569.0], [4226.0, 3685.0, 7104.0], [4226.0, 3619.0, 7132.0], [4225.0, 3365.0, 7484.0], [4223.0, 3528.0, 7201.0], [4223.0, 3202.0, 7585.0], [4222.0, 3902.0, 6752.0], [4222.0, 3508.0, 7255.0], [4222.0, 3414.0, 7388.0], [4222.0, 3382.0, 7398.0], [4222.0, 3329.0, 7501.0], [4221.0, 3825.0, 6910.0], [4219.0, 3529.0, 7261.0], [4219.0, 3404.0, 7399.0], [4218.0, 3374.0, 7451.0], [4218.0, 3181.0, 7680.0], [4215.0, 3580.0, 7199.0], [4215.0, 3424.0, 7355.0], [4214.0, 3630.0, 7115.0], [4214.0, 3067.0, 7686.0], [4213.0, 3439.0, 7376.0], [4213.0, 3314.0, 7559.0], [4212.0, 3723.0, 7026.0], [4212.0, 3694.0, 7057.0], [4211.0, 3827.0, 6842.0], [4210.0, 3466.0, 7332.0], [4208.0, 3323.0, 7507.0], [4207.0, 3416.0, 7413.0], [4206.0, 3640.0, 7175.0], [4206.0, 3101.0, 7727.0], [4203.0, 3818.0, 6944.0], [4202.0, 3584.0, 7214.0], [4202.0, 3258.0, 7588.0], [4201.0, 3974.0, 6557.0], [4199.0, 3585.0, 7191.0], [4198.0, 3555.0, 7219.0], [4198.0, 3417.0, 7394.0], [4197.0, 3381.0, 7440.0], [4196.0, 3732.0, 7012.0], [4196.0, 3623.0, 7227.0], [4196.0, 3512.0, 7294.0], [4194.0, 3379.0, 7453.0], [4194.0, 3066.0, 7742.0], [4193.0, 3528.0, 7275.0], [4193.0, 3262.0, 7614.0], [4192.0, 3427.0, 7404.0], [4192.0, 3250.0, 7643.0], [4191.0, 3563.0, 7253.0], [4188.0, 3456.0, 7395.0], [4188.0, 3384.0, 7451.0], [4187.0, 3736.0, 7036.0], [4187.0, 3467.0, 7370.0], [4186.0, 3784.0, 6966.0], [4185.0, 3465.0, 7400.0], [4184.0, 3689.0, 7088.0], [4184.0, 3597.0, 7232.0], [4184.0, 3271.0, 7577.0], [4184.0, 3118.0, 7681.0], [4183.0, 3827.0, 6844.0], [4183.0, 3643.0, 7156.0], [4182.0, 3692.0, 7074.0], [4181.0, 3431.0, 7411.0], [4181.0, 3337.0, 7517.0], [4180.0, 3300.0, 7602.0], [4179.0, 4000.0, 6547.0], [4179.0, 3697.0, 7059.0], [4179.0, 3365.0, 7498.0], [4178.0, 3687.0, 7104.0], [4177.0, 3474.0, 7366.0], [4176.0, 3422.0, 7412.0], [4175.0, 3937.0, 6741.0], [4175.0, 3860.0, 6823.0], [4175.0, 3315.0, 7543.0], [4174.0, 3392.0, 7492.0], [4173.0, 3739.0, 7017.0], [4173.0, 3028.0, 7763.0], [4172.0, 3543.0, 7322.0], [4171.0, 3751.0, 6979.0], [4171.0, 3519.0, 7327.0], [4171.0, 3448.0, 7443.0], [4170.0, 3510.0, 7359.0], [4169.0, 3828.0, 6864.0], [4168.0, 3696.0, 7123.0], [4168.0, 3324.0, 7576.0], [4166.0, 3827.0, 6871.0], [4162.0, 3752.0, 7017.0], [4160.0, 3702.0, 7052.0], [4160.0, 3401.0, 7456.0], [4157.0, 3390.0, 7493.0], [4156.0, 3699.0, 7088.0], [4156.0, 3589.0, 7233.0], [4154.0, 3439.0, 7457.0], [4153.0, 3257.0, 7653.0], [4151.0, 3558.0, 7279.0], [4150.0, 3945.0, 6669.0], [4150.0, 3676.0, 7151.0], [4150.0, 3362.0, 7573.0], [4148.0, 3584.0, 7242.0], [4148.0, 3573.0, 7279.0], [4147.0, 3375.0, 7496.0], [4147.0, 3371.0, 7512.0], [4143.0, 3519.0, 7336.0], [4142.0, 3861.0, 6832.0], [4139.0, 3475.0, 7362.0], [4138.0, 3836.0, 6915.0], [4138.0, 3593.0, 7236.0], [4137.0, 3879.0, 6899.0], [4137.0, 3553.0, 7337.0], [4137.0, 3479.0, 7365.0], [4137.0, 3169.0, 7701.0], [4135.0, 3368.0, 7519.0], [4134.0, 3790.0, 7042.0], [4134.0, 3272.0, 7604.0], [4131.0, 3558.0, 7345.0], [4130.0, 3446.0, 7452.0], [4129.0, 3591.0, 7281.0], [4128.0, 3533.0, 7371.0], [4127.0, 3409.0, 7536.0], [4127.0, 3170.0, 7707.0], [4126.0, 3282.0, 7639.0], [4124.0, 3629.0, 7178.0], [4123.0, 3657.0, 7231.0], [4122.0, 3429.0, 7473.0], [4122.0, 3423.0, 7479.0], [4120.0, 3105.0, 7744.0], [4119.0, 3330.0, 7599.0], [4119.0, 3203.0, 7718.0], [4118.0, 3498.0, 7414.0], [4118.0, 3272.0, 7680.0], [4117.0, 3309.0, 7640.0], [4114.0, 3296.0, 7682.0], [4113.0, 3370.0, 7568.0], [4111.0, 3129.0, 7748.0], [4110.0, 3423.0, 7530.0], [4109.0, 3708.0, 7105.0], [4109.0, 3376.0, 7544.0], [4107.0, 3580.0, 7340.0], [4105.0, 3473.0, 7481.0], [4105.0, 3373.0, 7620.0], [4104.0, 3758.0, 7083.0], [4104.0, 3594.0, 7285.0], [4103.0, 3662.0, 7176.0], [4103.0, 3525.0, 7397.0], [4103.0, 3376.0, 7597.0], [4102.0, 3261.0, 7707.0], [4099.0, 3509.0, 7418.0], [4097.0, 3101.0, 7772.0], [4096.0, 3842.0, 6902.0], [4094.0, 3676.0, 7228.0], [4094.0, 3218.0, 7708.0], [4094.0, 3014.0, 7830.0], [4092.0, 3520.0, 7404.0], [4088.0, 3616.0, 7255.0], [4087.0, 3946.0, 6797.0], [4087.0, 3716.0, 7113.0], [4087.0, 3258.0, 7742.0], [4086.0, 3413.0, 7565.0], [4084.0, 3855.0, 6901.0], [4084.0, 3613.0, 7277.0], [4083.0, 3117.0, 7763.0], [4081.0, 3470.0, 7486.0], [4078.0, 3805.0, 7031.0], [4078.0, 3064.0, 7809.0], [4076.0, 3900.0, 6817.0], [4076.0, 3250.0, 7744.0], [4075.0, 3629.0, 7277.0], [4075.0, 3264.0, 7691.0], [4074.0, 3236.0, 7825.0], [4073.0, 3737.0, 7143.0], [4071.0, 3277.0, 7685.0], [4070.0, 3827.0, 6973.0], [4070.0, 3440.0, 7525.0], [4070.0, 3358.0, 7662.0], [4069.0, 3359.0, 7621.0], [4069.0, 3069.0, 7835.0], [4067.0, 3582.0, 7300.0], [4067.0, 3167.0, 7827.0], [4066.0, 3667.0, 7230.0], [4066.0, 3537.0, 7352.0], [4066.0, 3374.0, 7658.0], [4064.0, 3564.0, 7398.0], [4064.0, 3343.0, 7671.0], [4062.0, 3691.0, 7163.0], [4060.0, 3698.0, 7154.0], [4057.0, 3281.0, 7705.0], [4056.0, 3484.0, 7421.0], [4056.0, 3423.0, 7532.0], [4054.0, 3597.0, 7306.0], [4054.0, 3464.0, 7554.0], [4054.0, 3126.0, 7849.0], [4053.0, 3496.0, 7437.0], [4052.0, 3394.0, 7581.0], [4050.0, 3247.0, 7808.0], [4050.0, 3125.0, 7850.0], [4049.0, 3855.0, 6937.0], [4046.0, 3011.0, 7856.0], [4044.0, 3744.0, 7104.0], [4041.0, 3900.0, 6853.0], [4040.0, 3700.0, 7150.0], [4040.0, 3469.0, 7541.0], [4039.0, 3482.0, 7503.0], [4039.0, 3297.0, 7690.0], [4038.0, 3706.0, 7243.0], [4037.0, 3588.0, 7324.0], [4034.0, 3616.0, 7305.0], [4033.0, 3287.0, 7758.0], [4031.0, 3729.0, 7154.0], [4031.0, 3684.0, 7250.0], [4029.0, 3250.0, 7795.0], [4027.0, 3710.0, 7203.0], [4027.0, 3173.0, 7826.0], [4026.0, 3208.0, 7839.0], [4026.0, 3073.0, 7908.0], [4025.0, 3782.0, 7048.0], [4025.0, 3301.0, 7690.0], [4024.0, 3809.0, 6974.0], [4024.0, 3735.0, 7220.0], [4024.0, 3610.0, 7312.0], [4023.0, 3864.0, 6994.0], [4022.0, 3567.0, 7391.0], [4021.0, 3320.0, 7772.0], [4018.0, 3329.0, 7788.0], [4014.0, 3578.0, 7359.0], [4012.0, 3818.0, 7014.0], [4011.0, 3484.0, 7493.0], [4008.0, 3586.0, 7422.0], [4008.0, 3375.0, 7650.0], [4005.0, 3647.0, 7273.0], [4003.0, 3745.0, 7183.0], [4003.0, 3417.0, 7555.0], [4000.0, 3531.0, 7462.0], [3995.0, 3436.0, 7573.0], [3994.0, 3221.0, 7827.0], [3992.0, 3609.0, 7374.0], [3992.0, 3377.0, 7601.0], [3990.0, 3178.0, 7908.0], [3987.0, 3470.0, 7509.0], [3987.0, 3196.0, 7867.0], [3986.0, 3399.0, 7602.0], [3985.0, 3259.0, 7804.0], [3984.0, 3488.0, 7476.0], [3982.0, 3393.0, 7733.0], [3981.0, 3828.0, 7006.0], [3981.0, 3324.0, 7807.0], [3980.0, 3430.0, 7620.0], [3980.0, 3217.0, 7833.0], [3976.0, 3494.0, 7467.0], [3973.0, 3430.0, 7641.0], [3971.0, 3839.0, 7038.0], [3970.0, 3219.0, 7869.0], [3960.0, 3399.0, 7693.0], [3958.0, 3795.0, 7051.0], [3957.0, 3517.0, 7464.0], [3954.0, 3493.0, 7535.0], [3954.0, 3489.0, 7561.0], [3953.0, 3336.0, 7749.0], [3952.0, 3544.0, 7426.0], [3952.0, 3251.0, 7890.0], [3950.0, 3619.0, 7356.0], [3944.0, 3600.0, 7420.0], [3944.0, 3521.0, 7498.0], [3943.0, 3106.0, 7943.0], [3937.0, 3442.0, 7648.0], [3936.0, 3650.0, 7317.0], [3936.0, 3411.0, 7686.0], [3934.0, 3145.0, 7944.0], [3932.0, 3639.0, 7366.0], [3932.0, 3532.0, 7439.0], [3932.0, 3497.0, 7559.0], [3930.0, 3275.0, 7842.0], [3929.0, 3449.0, 7574.0], [3927.0, 3601.0, 7410.0], [3926.0, 3681.0, 7266.0], [3925.0, 3233.0, 7981.0], [3921.0, 3309.0, 7856.0], [3919.0, 3531.0, 7530.0], [3918.0, 3517.0, 7533.0], [3914.0, 3644.0, 7385.0], [3913.0, 3812.0, 7078.0], [3913.0, 3649.0, 7329.0], [3909.0, 3819.0, 7077.0], [3908.0, 3373.0, 7800.0], [3906.0, 3557.0, 7443.0], [3896.0, 3465.0, 7589.0], [3873.0, 3518.0, 7532.0], [3871.0, 3577.0, 7438.0], [3871.0, 3447.0, 7607.0], [3871.0, 3193.0, 8017.0], [3862.0, 3399.0, 7738.0], [3860.0, 3533.0, 7537.0], [3857.0, 3272.0, 7857.0], [3818.0, 3536.0, 7553.0], [3812.0, 3759.0, 7098.0], [3812.0, 3560.0, 7578.0], [3771.0, 3269.0, 7866.0]]
