heur = false
LBS_limit = 3
preproc = 1
tight_root = 0
total_time = 2.28
NDP = 115
total_nodes = 1251
pruned_nodes = 626
pruned_dominance_nodes = 27
heur_time = 0.0
Y_N = Any[[572.0, 469.0, 403.0], [564.0, 366.0, 423.0], [555.0, 382.0, 486.0], [548.0, 337.0, 530.0], [543.0, 442.0, 438.0], [541.0, 383.0, 451.0], [536.0, 381.0, 543.0], [534.0, 408.0, 472.0], [514.0, 411.0, 478.0], [512.0, 443.0, 467.0], [512.0, 285.0, 563.0], [511.0, 425.0, 500.0], [506.0, 486.0, 341.0], [504.0, 521.0, 385.0], [504.0, 456.0, 456.0], [504.0, 327.0, 604.0], [503.0, 301.0, 626.0], [502.0, 469.0, 472.0], [502.0, 378.0, 547.0], [500.0, 419.0, 516.0], [499.0, 432.0, 512.0], [497.0, 486.0, 446.0], [495.0, 439.0, 505.0], [494.0, 439.0, 515.0], [492.0, 379.0, 577.0], [491.0, 518.0, 433.0], [491.0, 472.0, 449.0], [484.0, 442.0, 522.0], [482.0, 457.0, 519.0], [481.0, 436.0, 531.0], [478.0, 465.0, 512.0], [475.0, 527.0, 389.0], [471.0, 514.0, 473.0], [470.0, 450.0, 547.0], [470.0, 435.0, 555.0], [469.0, 416.0, 559.0], [468.0, 412.0, 572.0], [467.0, 468.0, 489.0], [467.0, 368.0, 598.0], [465.0, 531.0, 363.0], [464.0, 564.0, 337.0], [463.0, 560.0, 402.0], [463.0, 519.0, 456.0], [463.0, 379.0, 588.0], [461.0, 601.0, 306.0], [459.0, 589.0, 399.0], [459.0, 439.0, 563.0], [457.0, 537.0, 471.0], [453.0, 363.0, 628.0], [452.0, 452.0, 543.0], [452.0, 392.0, 613.0], [451.0, 407.0, 624.0], [448.0, 470.0, 528.0], [448.0, 414.0, 568.0], [447.0, 489.0, 506.0], [446.0, 595.0, 396.0], [444.0, 408.0, 603.0], [444.0, 325.0, 690.0], [439.0, 560.0, 472.0], [439.0, 488.0, 535.0], [436.0, 526.0, 486.0], [433.0, 506.0, 509.0], [431.0, 517.0, 495.0], [431.0, 487.0, 536.0], [431.0, 482.0, 545.0], [431.0, 475.0, 549.0], [430.0, 496.0, 549.0], [429.0, 415.0, 593.0], [428.0, 567.0, 434.0], [423.0, 349.0, 687.0], [422.0, 503.0, 520.0], [421.0, 570.0, 451.0], [421.0, 387.0, 635.0], [417.0, 590.0, 407.0], [416.0, 595.0, 439.0], [416.0, 476.0, 562.0], [416.0, 347.0, 692.0], [414.0, 389.0, 649.0], [413.0, 530.0, 489.0], [413.0, 393.0, 654.0], [412.0, 521.0, 498.0], [410.0, 467.0, 573.0], [409.0, 632.0, 448.0], [409.0, 441.0, 603.0], [407.0, 495.0, 555.0], [403.0, 307.0, 702.0], [400.0, 636.0, 359.0], [400.0, 380.0, 687.0], [398.0, 624.0, 452.0], [398.0, 386.0, 693.0], [392.0, 507.0, 501.0], [390.0, 605.0, 478.0], [389.0, 503.0, 569.0], [389.0, 470.0, 621.0], [389.0, 416.0, 659.0], [387.0, 555.0, 521.0], [387.0, 535.0, 540.0], [386.0, 273.0, 748.0], [384.0, 528.0, 547.0], [379.0, 412.0, 673.0], [377.0, 412.0, 683.0], [377.0, 336.0, 746.0], [374.0, 480.0, 609.0], [371.0, 346.0, 735.0], [360.0, 556.0, 503.0], [350.0, 493.0, 603.0], [345.0, 430.0, 642.0], [338.0, 423.0, 662.0], [336.0, 337.0, 741.0], [330.0, 436.0, 706.0], [327.0, 537.0, 534.0], [319.0, 386.0, 729.0], [316.0, 516.0, 650.0], [308.0, 455.0, 726.0], [306.0, 324.0, 791.0]]
