heur = false
LBS_limit = 3
preproc = 1
tight_root = 0
total_time = 1.71
NDP = 67
total_nodes = 1255
pruned_nodes = 628
pruned_dominance_nodes = 31
heur_time = 0.0
Y_N = Any[[821.0, 427.0, 267.0], [813.0, 440.0, 256.0], [800.0, 447.0, 226.0], [791.0, 458.0, 257.0], [790.0, 469.0, 204.0], [790.0, 452.0, 262.0], [788.0, 483.0, 199.0], [788.0, 466.0, 250.0], [787.0, 517.0, 204.0], [782.0, 444.0, 267.0], [780.0, 491.0, 210.0], [776.0, 509.0, 238.0], [771.0, 489.0, 250.0], [767.0, 500.0, 253.0], [765.0, 547.0, 191.0], [763.0, 491.0, 281.0], [761.0, 525.0, 210.0], [761.0, 504.0, 254.0], [759.0, 506.0, 242.0], [759.0, 499.0, 256.0], [758.0, 523.0, 214.0], [756.0, 499.0, 275.0], [752.0, 489.0, 291.0], [751.0, 531.0, 230.0], [749.0, 539.0, 211.0], [747.0, 524.0, 233.0], [746.0, 528.0, 258.0], [746.0, 517.0, 259.0], [744.0, 506.0, 266.0], [743.0, 542.0, 226.0], [741.0, 535.0, 238.0], [741.0, 525.0, 286.0], [735.0, 571.0, 184.0], [735.0, 557.0, 204.0], [733.0, 549.0, 219.0], [732.0, 570.0, 194.0], [727.0, 547.0, 281.0], [723.0, 615.0, 199.0], [722.0, 563.0, 262.0], [714.0, 580.0, 203.0], [713.0, 617.0, 200.0], [713.0, 559.0, 274.0], [711.0, 600.0, 209.0], [708.0, 577.0, 255.0], [707.0, 608.0, 202.0], [705.0, 583.0, 267.0], [705.0, 563.0, 277.0], [701.0, 586.0, 266.0], [700.0, 571.0, 271.0], [698.0, 618.0, 185.0], [698.0, 617.0, 208.0], [697.0, 598.0, 242.0], [696.0, 567.0, 272.0], [692.0, 608.0, 215.0], [690.0, 606.0, 259.0], [685.0, 635.0, 244.0], [678.0, 647.0, 211.0], [677.0, 615.0, 284.0], [675.0, 661.0, 181.0], [668.0, 656.0, 182.0], [664.0, 635.0, 274.0], [657.0, 549.0, 289.0], [641.0, 647.0, 247.0], [637.0, 657.0, 187.0], [636.0, 692.0, 216.0], [630.0, 709.0, 233.0], [563.0, 735.0, 238.0]]
