heur = false
LBS_limit = 3
preproc = 1
tight_root = 0
total_time = 1800.15
NDP = 1029
total_nodes = 39115
pruned_nodes = 19547
pruned_dominance_nodes = 7355
heur_time = 0.0
Y_N = Any[[2244.0, 2134.0, 5547.0], [2205.0, 2103.0, 5673.0], [2204.0, 2056.0, 5959.0], [2197.0, 2042.0, 5986.0], [2194.0, 2251.0, 5748.0], [2192.0, 2024.0, 6044.0], [2169.0, 2085.0, 5951.0], [2155.0, 2220.0, 5874.0], [2150.0, 2069.0, 5962.0], [2147.0, 2159.0, 6047.0], [2142.0, 2141.0, 6105.0], [2128.0, 2013.0, 6186.0], [2123.0, 2322.0, 5517.0], [2119.0, 2273.0, 5551.0], [2115.0, 2261.0, 5830.0], [2113.0, 2019.0, 6137.0], [2110.0, 1991.0, 6234.0], [2106.0, 2194.0, 5922.0], [2106.0, 1921.0, 6243.0], [2100.0, 2186.0, 6023.0], [2100.0, 2094.0, 6154.0], [2099.0, 1868.0, 6254.0], [2098.0, 1959.0, 6319.0], [2092.0, 1886.0, 6365.0], [2089.0, 1760.0, 6418.0], [2081.0, 1763.0, 6385.0], [2079.0, 2013.0, 6199.0], [2078.0, 1807.0, 6374.0], [2077.0, 2007.0, 6234.0], [2073.0, 2025.0, 6165.0], [2071.0, 1976.0, 6342.0], [2071.0, 1952.0, 6372.0], [2068.0, 1688.0, 6538.0], [2066.0, 1934.0, 6430.0], [2066.0, 1843.0, 6515.0], [2060.0, 2197.0, 5924.0], [2059.0, 1829.0, 6542.0], [2058.0, 2304.0, 5551.0], [2054.0, 2227.0, 5882.0], [2054.0, 1811.0, 6600.0], [2051.0, 2021.0, 6278.0], [2049.0, 2150.0, 6159.0], [2048.0, 2076.0, 6240.0], [2043.0, 1866.0, 6499.0], [2039.0, 2166.0, 6067.0], [2031.0, 2105.0, 6240.0], [2030.0, 1962.0, 6422.0], [2029.0, 1840.0, 6533.0], [2025.0, 2039.0, 6264.0], [2023.0, 1712.0, 6675.0], [2019.0, 2196.0, 6004.0], [2019.0, 1912.0, 6460.0], [2012.0, 2129.0, 6197.0], [2012.0, 1856.0, 6518.0], [2012.0, 1764.0, 6629.0], [2011.0, 2135.0, 6177.0], [2009.0, 1585.0, 6836.0], [2007.0, 1746.0, 6687.0], [2005.0, 1769.0, 6624.0], [2004.0, 1903.0, 6465.0], [2004.0, 1823.0, 6593.0], [2003.0, 2001.0, 6307.0], [2003.0, 1747.0, 6670.0], [2001.0, 1857.0, 6571.0], [2000.0, 1994.0, 6342.0], [1999.0, 1917.0, 6475.0], [1996.0, 1940.0, 6449.0], [1995.0, 1641.0, 6730.0], [1993.0, 1949.0, 6457.0], [1993.0, 1689.0, 6757.0], [1991.0, 1931.0, 6548.0], [1989.0, 1860.0, 6569.0], [1988.0, 2055.0, 6292.0], [1987.0, 2375.0, 5180.0], [1987.0, 2014.0, 6296.0], [1987.0, 1853.0, 6597.0], [1987.0, 1777.0, 6671.0], [1986.0, 1935.0, 6462.0], [1986.0, 1808.0, 6634.0], [1985.0, 2052.0, 6398.0], [1985.0, 1590.0, 6791.0], [1983.0, 2298.0, 5651.0], [1983.0, 1870.0, 6581.0], [1982.0, 1686.0, 6790.0], [1979.0, 2314.0, 5633.0], [1978.0, 1852.0, 6639.0], [1977.0, 1991.0, 6431.0], [1977.0, 1726.0, 6732.0], [1976.0, 2012.0, 6410.0], [1975.0, 2237.0, 5964.0], [1975.0, 1700.0, 6740.0], [1974.0, 1942.0, 6498.0], [1974.0, 1875.0, 6562.0], [1972.0, 1778.0, 6650.0], [1968.0, 1940.0, 6541.0], [1967.0, 1618.0, 6792.0], [1966.0, 1569.0, 6863.0], [1965.0, 1749.0, 6674.0], [1964.0, 2239.0, 5966.0], [1961.0, 2114.0, 6257.0], [1960.0, 2162.0, 6157.0], [1960.0, 1746.0, 6735.0], [1960.0, 1465.0, 6928.0], [1956.0, 1958.0, 6481.0], [1955.0, 1803.0, 6687.0], [1954.0, 1633.0, 6824.0], [1952.0, 2055.0, 6358.0], [1952.0, 1601.0, 6869.0], [1951.0, 1972.0, 6504.0], [1948.0, 1869.0, 6603.0], [1946.0, 1872.0, 6602.0], [1946.0, 1808.0, 6668.0], [1945.0, 1757.0, 6750.0], [1944.0, 2293.0, 5685.0], [1943.0, 1851.0, 6661.0], [1942.0, 1905.0, 6596.0], [1941.0, 1800.0, 6755.0], [1941.0, 1560.0, 6908.0], [1939.0, 2171.0, 6058.0], [1938.0, 2178.0, 6073.0], [1937.0, 1996.0, 6436.0], [1936.0, 2026.0, 6446.0], [1935.0, 1836.0, 6703.0], [1934.0, 1862.0, 6617.0], [1931.0, 1601.0, 6879.0], [1931.0, 1463.0, 6936.0], [1930.0, 1736.0, 6760.0], [1929.0, 2218.0, 6018.0], [1929.0, 1883.0, 6643.0], [1928.0, 1721.0, 6846.0], [1927.0, 1944.0, 6541.0], [1925.0, 2167.0, 6074.0], [1923.0, 1907.0, 6580.0], [1922.0, 2163.0, 6145.0], [1922.0, 1923.0, 6553.0], [1922.0, 1600.0, 6951.0], [1918.0, 2172.0, 6076.0], [1917.0, 1782.0, 6778.0], [1917.0, 1690.0, 6856.0], [1911.0, 1927.0, 6568.0], [1911.0, 1914.0, 6616.0], [1910.0, 1853.0, 6656.0], [1907.0, 1746.0, 6840.0], [1907.0, 1687.0, 6869.0], [1906.0, 1983.0, 6486.0], [1906.0, 1808.0, 6712.0], [1905.0, 2066.0, 6328.0], [1901.0, 1808.0, 6726.0], [1900.0, 1651.0, 6895.0], [1899.0, 2142.0, 6201.0], [1899.0, 1533.0, 6961.0], [1898.0, 1764.0, 6790.0], [1898.0, 1641.0, 6927.0], [1895.0, 2158.0, 6183.0], [1895.0, 1853.0, 6663.0], [1895.0, 1475.0, 7032.0], [1894.0, 1738.0, 6891.0], [1893.0, 2066.0, 6405.0], [1893.0, 1558.0, 6953.0], [1891.0, 2081.0, 6374.0], [1891.0, 2055.0, 6409.0], [1891.0, 1823.0, 6722.0], [1889.0, 2133.0, 6315.0], [1889.0, 1945.0, 6512.0], [1888.0, 1940.0, 6570.0], [1888.0, 1863.0, 6679.0], [1887.0, 2153.0, 6284.0], [1886.0, 1795.0, 6784.0], [1885.0, 1994.0, 6485.0], [1884.0, 2189.0, 6233.0], [1884.0, 1872.0, 6669.0], [1881.0, 1997.0, 6452.0], [1881.0, 1790.0, 6794.0], [1880.0, 2083.0, 6376.0], [1880.0, 1806.0, 6733.0], [1878.0, 1423.0, 7084.0], [1877.0, 1951.0, 6515.0], [1877.0, 1882.0, 6652.0], [1877.0, 1766.0, 6837.0], [1877.0, 1563.0, 7057.0], [1876.0, 1974.0, 6538.0], [1876.0, 1875.0, 6669.0], [1875.0, 1877.0, 6741.0], [1875.0, 1642.0, 6917.0], [1874.0, 1602.0, 6928.0], [1873.0, 1652.0, 6936.0], [1870.0, 1903.0, 6654.0], [1869.0, 1562.0, 7080.0], [1868.0, 1984.0, 6567.0], [1868.0, 1608.0, 6975.0], [1867.0, 1816.0, 6774.0], [1866.0, 1920.0, 6615.0], [1865.0, 1647.0, 6944.0], [1865.0, 1645.0, 6979.0], [1863.0, 2107.0, 6347.0], [1863.0, 1990.0, 6509.0], [1863.0, 1898.0, 6680.0], [1862.0, 1682.0, 6939.0], [1860.0, 2010.0, 6484.0], [1858.0, 1949.0, 6612.0], [1857.0, 1920.0, 6660.0], [1857.0, 1615.0, 7024.0], [1855.0, 1773.0, 6800.0], [1852.0, 1827.0, 6775.0], [1852.0, 1574.0, 7030.0], [1851.0, 2206.0, 6101.0], [1851.0, 2050.0, 6468.0], [1850.0, 1817.0, 6796.0], [1850.0, 1657.0, 6980.0], [1850.0, 1599.0, 7086.0], [1848.0, 2242.0, 6050.0], [1848.0, 1787.0, 6805.0], [1848.0, 1699.0, 6919.0], [1845.0, 1841.0, 6745.0], [1845.0, 1741.0, 6841.0], [1844.0, 1739.0, 6851.0], [1843.0, 1747.0, 6867.0], [1842.0, 1961.0, 6581.0], [1842.0, 1830.0, 6779.0], [1839.0, 1746.0, 6882.0], [1837.0, 1921.0, 6641.0], [1837.0, 1881.0, 6714.0], [1837.0, 1827.0, 6815.0], [1837.0, 1700.0, 6923.0], [1836.0, 1891.0, 6733.0], [1836.0, 1791.0, 6848.0], [1836.0, 1759.0, 6891.0], [1836.0, 1753.0, 6896.0], [1836.0, 1407.0, 7148.0], [1835.0, 1926.0, 6618.0], [1835.0, 1649.0, 7066.0], [1832.0, 2201.0, 6132.0], [1831.0, 1873.0, 6791.0], [1830.0, 1710.0, 6934.0], [1828.0, 2071.0, 6480.0], [1827.0, 1666.0, 6973.0], [1826.0, 1878.0, 6734.0], [1825.0, 1961.0, 6586.0], [1823.0, 1994.0, 6573.0], [1822.0, 1705.0, 6942.0], [1821.0, 2164.0, 6348.0], [1821.0, 2047.0, 6482.0], [1821.0, 1763.0, 6932.0], [1821.0, 1699.0, 6984.0], [1820.0, 2054.0, 6497.0], [1820.0, 1704.0, 6963.0], [1819.0, 1412.0, 7162.0], [1818.0, 2094.0, 6417.0], [1818.0, 1932.0, 6690.0], [1818.0, 1906.0, 6713.0], [1817.0, 2025.0, 6508.0], [1817.0, 2009.0, 6555.0], [1817.0, 1840.0, 6792.0], [1816.0, 1934.0, 6648.0], [1816.0, 1748.0, 6958.0], [1815.0, 1604.0, 7085.0], [1815.0, 1472.0, 7112.0], [1814.0, 1619.0, 7079.0], [1813.0, 2029.0, 6499.0], [1813.0, 1433.0, 7188.0], [1812.0, 1987.0, 6609.0], [1812.0, 1904.0, 6726.0], [1811.0, 1948.0, 6638.0], [1811.0, 1917.0, 6700.0], [1811.0, 1770.0, 6889.0], [1810.0, 1572.0, 7128.0], [1808.0, 2346.0, 5348.0], [1808.0, 1686.0, 7002.0], [1807.0, 1936.0, 6643.0], [1806.0, 2031.0, 6506.0], [1806.0, 1886.0, 6793.0], [1806.0, 1844.0, 6794.0], [1805.0, 1945.0, 6675.0], [1804.0, 1812.0, 6822.0], [1803.0, 2133.0, 6370.0], [1803.0, 2037.0, 6516.0], [1803.0, 1954.0, 6612.0], [1803.0, 1795.0, 6861.0], [1801.0, 2166.0, 6333.0], [1801.0, 1942.0, 6711.0], [1800.0, 2191.0, 6161.0], [1800.0, 2169.0, 6319.0], [1800.0, 2089.0, 6442.0], [1800.0, 2048.0, 6500.0], [1800.0, 1950.0, 6640.0], [1800.0, 1806.0, 6853.0], [1800.0, 1464.0, 7195.0], [1799.0, 2010.0, 6575.0], [1799.0, 1812.0, 6833.0], [1798.0, 2023.0, 6562.0], [1798.0, 1905.0, 6737.0], [1797.0, 2227.0, 6110.0], [1797.0, 2121.0, 6407.0], [1797.0, 1946.0, 6671.0], [1795.0, 1962.0, 6610.0], [1795.0, 1408.0, 7201.0], [1794.0, 1993.0, 6627.0], [1794.0, 1663.0, 7007.0], [1793.0, 2271.0, 5821.0], [1793.0, 1692.0, 6998.0], [1792.0, 1825.0, 6819.0], [1791.0, 1490.0, 7149.0], [1791.0, 1468.0, 7244.0], [1790.0, 1777.0, 6872.0], [1790.0, 1514.0, 7139.0], [1789.0, 1829.0, 6801.0], [1789.0, 1801.0, 6868.0], [1789.0, 1699.0, 6992.0], [1788.0, 1798.0, 6916.0], [1788.0, 1584.0, 7145.0], [1786.0, 2023.0, 6639.0], [1786.0, 1923.0, 6739.0], [1786.0, 1808.0, 6840.0], [1786.0, 1775.0, 6924.0], [1786.0, 1623.0, 7114.0], [1785.0, 2046.0, 6584.0], [1785.0, 1816.0, 6889.0], [1784.0, 1843.0, 6831.0], [1783.0, 1701.0, 6972.0], [1782.0, 1859.0, 6809.0], [1781.0, 1831.0, 6842.0], [1781.0, 1759.0, 6964.0], [1781.0, 1631.0, 7093.0], [1779.0, 1651.0, 7045.0], [1778.0, 2101.0, 6477.0], [1778.0, 1419.0, 7305.0], [1777.0, 1716.0, 6974.0], [1776.0, 1852.0, 6813.0], [1775.0, 1949.0, 6659.0], [1775.0, 1734.0, 6979.0], [1774.0, 2078.0, 6534.0], [1774.0, 1951.0, 6652.0], [1774.0, 1939.0, 6785.0], [1774.0, 1709.0, 6980.0], [1774.0, 1535.0, 7152.0], [1774.0, 1495.0, 7163.0], [1773.0, 1848.0, 6861.0], [1773.0, 1820.0, 6867.0], [1773.0, 1725.0, 7014.0], [1772.0, 1737.0, 6980.0], [1771.0, 1953.0, 6651.0], [1770.0, 1950.0, 6733.0], [1770.0, 1716.0, 7042.0], [1769.0, 2146.0, 6434.0], [1769.0, 1995.0, 6703.0], [1769.0, 1782.0, 6925.0], [1768.0, 2089.0, 6490.0], [1766.0, 1563.0, 7156.0], [1764.0, 2244.0, 5838.0], [1764.0, 1755.0, 6992.0], [1763.0, 1856.0, 6850.0], [1763.0, 1550.0, 7159.0], [1762.0, 1887.0, 6803.0], [1761.0, 2280.0, 5787.0], [1761.0, 1879.0, 6840.0], [1761.0, 1819.0, 6897.0], [1761.0, 1477.0, 7197.0], [1760.0, 2024.0, 6638.0], [1759.0, 1616.0, 7128.0], [1758.0, 1971.0, 6740.0], [1758.0, 1539.0, 7209.0], [1757.0, 1755.0, 7006.0], [1756.0, 1789.0, 6938.0], [1756.0, 1577.0, 7149.0], [1756.0, 1506.0, 7230.0], [1756.0, 1314.0, 7320.0], [1753.0, 2030.0, 6613.0], [1753.0, 1850.0, 6852.0], [1753.0, 1793.0, 6961.0], [1752.0, 1708.0, 7047.0], [1752.0, 1644.0, 7068.0], [1751.0, 1676.0, 7083.0], [1750.0, 1682.0, 7053.0], [1748.0, 1514.0, 7221.0], [1747.0, 1540.0, 7187.0], [1746.0, 1892.0, 6793.0], [1745.0, 2048.0, 6544.0], [1745.0, 1658.0, 7120.0], [1744.0, 2093.0, 6495.0], [1744.0, 2053.0, 6576.0], [1744.0, 1881.0, 6849.0], [1744.0, 1767.0, 6972.0], [1743.0, 1838.0, 6876.0], [1742.0, 2071.0, 6554.0], [1742.0, 1795.0, 6917.0], [1741.0, 2129.0, 6444.0], [1740.0, 1834.0, 6897.0], [1739.0, 1845.0, 6872.0], [1739.0, 1703.0, 7065.0], [1739.0, 1430.0, 7259.0], [1738.0, 2034.0, 6587.0], [1738.0, 1742.0, 7011.0], [1737.0, 1808.0, 6926.0], [1737.0, 1653.0, 7174.0], [1736.0, 1664.0, 7088.0], [1736.0, 1396.0, 7323.0], [1735.0, 2062.0, 6556.0], [1735.0, 1668.0, 7098.0], [1734.0, 2202.0, 6225.0], [1734.0, 2032.0, 6591.0], [1734.0, 1813.0, 6904.0], [1734.0, 1731.0, 7014.0], [1734.0, 1578.0, 7176.0], [1733.0, 2199.0, 6391.0], [1733.0, 2082.0, 6525.0], [1733.0, 2043.0, 6618.0], [1733.0, 1895.0, 6786.0], [1732.0, 1918.0, 6786.0], [1732.0, 1890.0, 6817.0], [1732.0, 1840.0, 6939.0], [1732.0, 1796.0, 6965.0], [1731.0, 1869.0, 6857.0], [1731.0, 1437.0, 7391.0], [1730.0, 2118.0, 6474.0], [1730.0, 1898.0, 6812.0], [1728.0, 1998.0, 6758.0], [1728.0, 1900.0, 6789.0], [1728.0, 1887.0, 6818.0], [1728.0, 1530.0, 7231.0], [1727.0, 1896.0, 6857.0], [1726.0, 1634.0, 7178.0], [1726.0, 1575.0, 7184.0], [1726.0, 1543.0, 7192.0], [1725.0, 1908.0, 6826.0], [1725.0, 1734.0, 7015.0], [1725.0, 1719.0, 7032.0], [1724.0, 1471.0, 7265.0], [1723.0, 2027.0, 6627.0], [1723.0, 1872.0, 6866.0], [1723.0, 1748.0, 7025.0], [1722.0, 2051.0, 6586.0], [1722.0, 1518.0, 7305.0], [1721.0, 1552.0, 7189.0], [1720.0, 1721.0, 7026.0], [1720.0, 1569.0, 7220.0], [1719.0, 1667.0, 7099.0], [1718.0, 1858.0, 6875.0], [1717.0, 2046.0, 6623.0], [1717.0, 1949.0, 6803.0], [1716.0, 2034.0, 6627.0], [1715.0, 1891.0, 6869.0], [1715.0, 1870.0, 6884.0], [1715.0, 1844.0, 6889.0], [1715.0, 1742.0, 7032.0], [1715.0, 1683.0, 7074.0], [1714.0, 1961.0, 6767.0], [1714.0, 1777.0, 6990.0], [1713.0, 1898.0, 6856.0], [1713.0, 1842.0, 6910.0], [1711.0, 1689.0, 7103.0], [1710.0, 1955.0, 6803.0], [1710.0, 1886.0, 6875.0], [1710.0, 1765.0, 6991.0], [1710.0, 1549.0, 7221.0], [1709.0, 1790.0, 7044.0], [1709.0, 1527.0, 7239.0], [1708.0, 1887.0, 6889.0], [1708.0, 1840.0, 6958.0], [1708.0, 1752.0, 7047.0], [1708.0, 1598.0, 7209.0], [1707.0, 2005.0, 6656.0], [1706.0, 2113.0, 6529.0], [1706.0, 2064.0, 6560.0], [1706.0, 2010.0, 6668.0], [1706.0, 1806.0, 6976.0], [1706.0, 1799.0, 6990.0], [1706.0, 1713.0, 7062.0], [1704.0, 1912.0, 6881.0], [1704.0, 1664.0, 7130.0], [1703.0, 2073.0, 6554.0], [1703.0, 2040.0, 6632.0], [1703.0, 1599.0, 7259.0], [1700.0, 1532.0, 7263.0], [1699.0, 1625.0, 7196.0], [1699.0, 1492.0, 7352.0], [1698.0, 1837.0, 6961.0], [1697.0, 1803.0, 6982.0], [1696.0, 2254.0, 5935.0], [1695.0, 2012.0, 6692.0], [1694.0, 1918.0, 6836.0], [1694.0, 1712.0, 7075.0], [1693.0, 1712.0, 7089.0], [1693.0, 1537.0, 7274.0], [1692.0, 1924.0, 6823.0], [1692.0, 1849.0, 6910.0], [1692.0, 1837.0, 6979.0], [1692.0, 1728.0, 7062.0], [1692.0, 1601.0, 7215.0], [1691.0, 1681.0, 7106.0], [1691.0, 1449.0, 7377.0], [1690.0, 2053.0, 6640.0], [1689.0, 1529.0, 7305.0], [1688.0, 1954.0, 6858.0], [1688.0, 1841.0, 6914.0], [1688.0, 1743.0, 7056.0], [1687.0, 1505.0, 7350.0], [1686.0, 1899.0, 6912.0], [1686.0, 1718.0, 7092.0], [1685.0, 1854.0, 6967.0], [1685.0, 1746.0, 7050.0], [1685.0, 1584.0, 7274.0], [1684.0, 1800.0, 7020.0], [1682.0, 2184.0, 6451.0], [1682.0, 1696.0, 7134.0], [1681.0, 1725.0, 7086.0], [1681.0, 1671.0, 7168.0], [1680.0, 1470.0, 7366.0], [1679.0, 1323.0, 7551.0], [1678.0, 2104.0, 6559.0], [1675.0, 1847.0, 6973.0], [1674.0, 1813.0, 6982.0], [1674.0, 1648.0, 7202.0], [1673.0, 1950.0, 6894.0], [1673.0, 1855.0, 6964.0], [1673.0, 1752.0, 7067.0], [1673.0, 1625.0, 7230.0], [1673.0, 1554.0, 7323.0], [1672.0, 2029.0, 6678.0], [1671.0, 1812.0, 6994.0], [1670.0, 2002.0, 6726.0], [1670.0, 1677.0, 7151.0], [1669.0, 2079.0, 6642.0], [1669.0, 2037.0, 6664.0], [1669.0, 2018.0, 6693.0], [1669.0, 1666.0, 7172.0], [1668.0, 1899.0, 6923.0], [1666.0, 1908.0, 6924.0], [1666.0, 1766.0, 7062.0], [1666.0, 1700.0, 7116.0], [1666.0, 1600.0, 7284.0], [1665.0, 2219.0, 6276.0], [1665.0, 1752.0, 7080.0], [1665.0, 1697.0, 7167.0], [1664.0, 1729.0, 7087.0], [1662.0, 1962.0, 6813.0], [1662.0, 1824.0, 7000.0], [1661.0, 1856.0, 6926.0], [1660.0, 2112.0, 6548.0], [1660.0, 1977.0, 6761.0], [1660.0, 1764.0, 7092.0], [1660.0, 1761.0, 7101.0], [1659.0, 1871.0, 6931.0], [1659.0, 1770.0, 7057.0], [1659.0, 1704.0, 7129.0], [1659.0, 1479.0, 7363.0], [1658.0, 1872.0, 6932.0], [1657.0, 1969.0, 6777.0], [1657.0, 1963.0, 6790.0], [1657.0, 1821.0, 7027.0], [1656.0, 1860.0, 6968.0], [1656.0, 1556.0, 7287.0], [1655.0, 1955.0, 6828.0], [1655.0, 1839.0, 6988.0], [1655.0, 1813.0, 7051.0], [1655.0, 1720.0, 7104.0], [1655.0, 1463.0, 7384.0], [1654.0, 2106.0, 6597.0], [1654.0, 2016.0, 6713.0], [1654.0, 1952.0, 6904.0], [1654.0, 1846.0, 6998.0], [1654.0, 1718.0, 7179.0], [1653.0, 1880.0, 6928.0], [1651.0, 2013.0, 6741.0], [1651.0, 1982.0, 6796.0], [1651.0, 1822.0, 7005.0], [1651.0, 1725.0, 7118.0], [1650.0, 2015.0, 6723.0], [1650.0, 2012.0, 6744.0], [1650.0, 1685.0, 7199.0], [1650.0, 1638.0, 7208.0], [1650.0, 1609.0, 7237.0], [1649.0, 2092.0, 6649.0], [1648.0, 2043.0, 6703.0], [1648.0, 1649.0, 7204.0], [1647.0, 1990.0, 6804.0], [1647.0, 1885.0, 6940.0], [1647.0, 1877.0, 6941.0], [1647.0, 1616.0, 7257.0], [1646.0, 2237.0, 6268.0], [1646.0, 1738.0, 7137.0], [1646.0, 1575.0, 7313.0], [1645.0, 1891.0, 6950.0], [1645.0, 1504.0, 7359.0], [1644.0, 1815.0, 7032.0], [1643.0, 2029.0, 6755.0], [1643.0, 1871.0, 6952.0], [1643.0, 1860.0, 6972.0], [1643.0, 1659.0, 7200.0], [1642.0, 1512.0, 7326.0], [1641.0, 1848.0, 7021.0], [1640.0, 1822.0, 7025.0], [1640.0, 1573.0, 7361.0], [1639.0, 1852.0, 7002.0], [1639.0, 1782.0, 7052.0], [1637.0, 1804.0, 7059.0], [1636.0, 1956.0, 6868.0], [1636.0, 1779.0, 7119.0], [1635.0, 1836.0, 7054.0], [1635.0, 1360.0, 7424.0], [1634.0, 2042.0, 6717.0], [1634.0, 1746.0, 7140.0], [1633.0, 2107.0, 6586.0], [1633.0, 1839.0, 7043.0], [1633.0, 1633.0, 7220.0], [1633.0, 1377.0, 7409.0], [1632.0, 2017.0, 6759.0], [1632.0, 1973.0, 6822.0], [1632.0, 1860.0, 7019.0], [1630.0, 1759.0, 7132.0], [1629.0, 1977.0, 6805.0], [1629.0, 1861.0, 7018.0], [1628.0, 1821.0, 7064.0], [1627.0, 1958.0, 6835.0], [1627.0, 1875.0, 6957.0], [1627.0, 1859.0, 7053.0], [1627.0, 1591.0, 7304.0], [1626.0, 2046.0, 6726.0], [1626.0, 1781.0, 7070.0], [1625.0, 1901.0, 6925.0], [1625.0, 1804.0, 7068.0], [1625.0, 1440.0, 7482.0], [1624.0, 2019.0, 6757.0], [1624.0, 1957.0, 6839.0], [1624.0, 1913.0, 6960.0], [1624.0, 1746.0, 7153.0], [1624.0, 1454.0, 7386.0], [1623.0, 2029.0, 6757.0], [1622.0, 2023.0, 6785.0], [1622.0, 1756.0, 7140.0], [1622.0, 1641.0, 7209.0], [1621.0, 1968.0, 6844.0], [1621.0, 1638.0, 7219.0], [1621.0, 1606.0, 7274.0], [1621.0, 1512.0, 7461.0], [1620.0, 1622.0, 7319.0], [1620.0, 1554.0, 7368.0], [1619.0, 1974.0, 6810.0], [1619.0, 1910.0, 6965.0], [1619.0, 1687.0, 7181.0], [1618.0, 1813.0, 7074.0], [1618.0, 1732.0, 7161.0], [1618.0, 1646.0, 7218.0], [1617.0, 1964.0, 6849.0], [1617.0, 1643.0, 7227.0], [1616.0, 1741.0, 7175.0], [1615.0, 2075.0, 6675.0], [1615.0, 1983.0, 6824.0], [1614.0, 2082.0, 6673.0], [1611.0, 2088.0, 6663.0], [1611.0, 1985.0, 6829.0], [1611.0, 1916.0, 6930.0], [1611.0, 1872.0, 6993.0], [1611.0, 1799.0, 7094.0], [1609.0, 2062.0, 6712.0], [1609.0, 1985.0, 6852.0], [1609.0, 1934.0, 6915.0], [1609.0, 1696.0, 7180.0], [1608.0, 1445.0, 7496.0], [1607.0, 2008.0, 6787.0], [1607.0, 1888.0, 6987.0], [1607.0, 1665.0, 7225.0], [1607.0, 1656.0, 7251.0], [1606.0, 2080.0, 6710.0], [1605.0, 1966.0, 6880.0], [1605.0, 1666.0, 7205.0], [1603.0, 1999.0, 6793.0], [1603.0, 1821.0, 7069.0], [1603.0, 1627.0, 7317.0], [1602.0, 1692.0, 7195.0], [1601.0, 1927.0, 6946.0], [1601.0, 1885.0, 7052.0], [1601.0, 1878.0, 7066.0], [1601.0, 1594.0, 7338.0], [1600.0, 1952.0, 6907.0], [1598.0, 1599.0, 7335.0], [1597.0, 1979.0, 6870.0], [1597.0, 1922.0, 6965.0], [1596.0, 1988.0, 6840.0], [1596.0, 1781.0, 7131.0], [1596.0, 1664.0, 7230.0], [1596.0, 1643.0, 7310.0], [1595.0, 1890.0, 6985.0], [1595.0, 1663.0, 7257.0], [1594.0, 1674.0, 7246.0], [1594.0, 1542.0, 7432.0], [1591.0, 2043.0, 6792.0], [1591.0, 1910.0, 6993.0], [1591.0, 1816.0, 7087.0], [1591.0, 1791.0, 7117.0], [1590.0, 2139.0, 6602.0], [1590.0, 1797.0, 7115.0], [1590.0, 1788.0, 7139.0], [1590.0, 1683.0, 7215.0], [1590.0, 1681.0, 7221.0], [1586.0, 1810.0, 7150.0], [1586.0, 1699.0, 7225.0], [1586.0, 1358.0, 7512.0], [1585.0, 1980.0, 6898.0], [1585.0, 1830.0, 7081.0], [1585.0, 1650.0, 7260.0], [1584.0, 1979.0, 6901.0], [1584.0, 1791.0, 7173.0], [1584.0, 1397.0, 7621.0], [1583.0, 1712.0, 7186.0], [1582.0, 1814.0, 7114.0], [1581.0, 1737.0, 7177.0], [1580.0, 1924.0, 6956.0], [1579.0, 1684.0, 7230.0], [1579.0, 1648.0, 7324.0], [1579.0, 1600.0, 7325.0], [1578.0, 1609.0, 7366.0], [1577.0, 2055.0, 6732.0], [1577.0, 1676.0, 7261.0], [1576.0, 1745.0, 7209.0], [1576.0, 1715.0, 7239.0], [1576.0, 1420.0, 7501.0], [1575.0, 1754.0, 7175.0], [1574.0, 1897.0, 7008.0], [1574.0, 1573.0, 7399.0], [1573.0, 1854.0, 7070.0], [1573.0, 1816.0, 7107.0], [1573.0, 1813.0, 7123.0], [1573.0, 1766.0, 7174.0], [1573.0, 1755.0, 7184.0], [1573.0, 1679.0, 7244.0], [1572.0, 2077.0, 6718.0], [1572.0, 1830.0, 7107.0], [1571.0, 1677.0, 7327.0], [1570.0, 1820.0, 7118.0], [1570.0, 1811.0, 7168.0], [1569.0, 1954.0, 6954.0], [1569.0, 1910.0, 7017.0], [1568.0, 1991.0, 6863.0], [1568.0, 1829.0, 7136.0], [1568.0, 1461.0, 7479.0], [1567.0, 1724.0, 7229.0], [1566.0, 1706.0, 7246.0], [1565.0, 1993.0, 6905.0], [1565.0, 1894.0, 7054.0], [1564.0, 1760.0, 7178.0], [1563.0, 2045.0, 6735.0], [1563.0, 1880.0, 7059.0], [1563.0, 1520.0, 7444.0], [1561.0, 1845.0, 7071.0], [1561.0, 1843.0, 7105.0], [1561.0, 1749.0, 7230.0], [1561.0, 1565.0, 7489.0], [1560.0, 2007.0, 6857.0], [1560.0, 1937.0, 6965.0], [1560.0, 1804.0, 7174.0], [1560.0, 1583.0, 7405.0], [1559.0, 1974.0, 6909.0], [1559.0, 1836.0, 7176.0], [1557.0, 1925.0, 6974.0], [1557.0, 1913.0, 7004.0], [1555.0, 1641.0, 7328.0], [1555.0, 1608.0, 7369.0], [1554.0, 1794.0, 7179.0], [1554.0, 1367.0, 7622.0], [1553.0, 1981.0, 6948.0], [1553.0, 1861.0, 7068.0], [1553.0, 1464.0, 7529.0], [1552.0, 1933.0, 6981.0], [1552.0, 1756.0, 7199.0], [1552.0, 1685.0, 7258.0], [1550.0, 1885.0, 7101.0], [1549.0, 1829.0, 7182.0], [1548.0, 1932.0, 6990.0], [1548.0, 1699.0, 7247.0], [1547.0, 1838.0, 7137.0], [1547.0, 1731.0, 7241.0], [1547.0, 1584.0, 7376.0], [1546.0, 1857.0, 7140.0], [1545.0, 2032.0, 6808.0], [1545.0, 1704.0, 7248.0], [1545.0, 1692.0, 7251.0], [1545.0, 1677.0, 7329.0], [1545.0, 1650.0, 7345.0], [1544.0, 1706.0, 7265.0], [1543.0, 1932.0, 6994.0], [1543.0, 1577.0, 7410.0], [1541.0, 1996.0, 6902.0], [1541.0, 1914.0, 6997.0], [1541.0, 1732.0, 7236.0], [1540.0, 1772.0, 7224.0], [1539.0, 2028.0, 6812.0], [1539.0, 1930.0, 7013.0], [1539.0, 1727.0, 7266.0], [1538.0, 1685.0, 7285.0], [1537.0, 1618.0, 7361.0], [1536.0, 1869.0, 7116.0], [1536.0, 1862.0, 7130.0], [1536.0, 1773.0, 7186.0], [1535.0, 1751.0, 7230.0], [1532.0, 1786.0, 7207.0], [1532.0, 1755.0, 7244.0], [1532.0, 1748.0, 7258.0], [1531.0, 2026.0, 6862.0], [1531.0, 1954.0, 6977.0], [1530.0, 1765.0, 7230.0], [1529.0, 1813.0, 7190.0], [1528.0, 1686.0, 7297.0], [1527.0, 2003.0, 6925.0], [1527.0, 1914.0, 7036.0], [1527.0, 1783.0, 7219.0], [1526.0, 1610.0, 7381.0], [1525.0, 1690.0, 7346.0], [1524.0, 2165.0, 6491.0], [1524.0, 1626.0, 7351.0], [1523.0, 1933.0, 7009.0], [1522.0, 1922.0, 7040.0], [1522.0, 1716.0, 7272.0], [1521.0, 1799.0, 7205.0], [1521.0, 1657.0, 7362.0], [1520.0, 1962.0, 6995.0], [1518.0, 1762.0, 7284.0], [1518.0, 1601.0, 7389.0], [1515.0, 1848.0, 7156.0], [1514.0, 1780.0, 7238.0], [1514.0, 1714.0, 7339.0], [1513.0, 1611.0, 7377.0], [1512.0, 1906.0, 7056.0], [1512.0, 1822.0, 7213.0], [1512.0, 1778.0, 7247.0], [1512.0, 1771.0, 7261.0], [1512.0, 1622.0, 7364.0], [1510.0, 2050.0, 6757.0], [1510.0, 1732.0, 7298.0], [1510.0, 1679.0, 7348.0], [1508.0, 2007.0, 6886.0], [1508.0, 1934.0, 7072.0], [1508.0, 1631.0, 7366.0], [1507.0, 1985.0, 6992.0], [1507.0, 1863.0, 7127.0], [1505.0, 1782.0, 7236.0], [1505.0, 1660.0, 7377.0], [1504.0, 1791.0, 7243.0], [1504.0, 1610.0, 7403.0], [1503.0, 1863.0, 7131.0], [1503.0, 1623.0, 7395.0], [1502.0, 1849.0, 7179.0], [1501.0, 1588.0, 7408.0], [1500.0, 1839.0, 7183.0], [1499.0, 1936.0, 7000.0], [1499.0, 1739.0, 7324.0], [1499.0, 1598.0, 7430.0], [1498.0, 1836.0, 7217.0], [1498.0, 1784.0, 7253.0], [1498.0, 1662.0, 7359.0], [1498.0, 1649.0, 7382.0], [1498.0, 1606.0, 7421.0], [1496.0, 1861.0, 7158.0], [1495.0, 1789.0, 7253.0], [1494.0, 2251.0, 6131.0], [1494.0, 1514.0, 7507.0], [1492.0, 1619.0, 7422.0], [1491.0, 1590.0, 7436.0], [1491.0, 1505.0, 7522.0], [1490.0, 1871.0, 7104.0], [1490.0, 1651.0, 7407.0], [1490.0, 1622.0, 7441.0], [1489.0, 1807.0, 7261.0], [1489.0, 1609.0, 7482.0], [1488.0, 1794.0, 7268.0], [1487.0, 1678.0, 7382.0], [1486.0, 1697.0, 7346.0], [1485.0, 1681.0, 7357.0], [1480.0, 1888.0, 7152.0], [1480.0, 1699.0, 7374.0], [1479.0, 1990.0, 6932.0], [1479.0, 1702.0, 7358.0], [1478.0, 1862.0, 7153.0], [1478.0, 1820.0, 7259.0], [1478.0, 1758.0, 7310.0], [1477.0, 1679.0, 7396.0], [1477.0, 1632.0, 7431.0], [1476.0, 1530.0, 7493.0], [1473.0, 1764.0, 7278.0], [1472.0, 1862.0, 7185.0], [1472.0, 1642.0, 7425.0], [1472.0, 1424.0, 7593.0], [1471.0, 1889.0, 7108.0], [1471.0, 1866.0, 7154.0], [1471.0, 1487.0, 7551.0], [1470.0, 1778.0, 7292.0], [1470.0, 1528.0, 7590.0], [1464.0, 1945.0, 7104.0], [1464.0, 1860.0, 7186.0], [1464.0, 1662.0, 7407.0], [1463.0, 2020.0, 6921.0], [1463.0, 1721.0, 7329.0], [1463.0, 1626.0, 7449.0], [1463.0, 1576.0, 7511.0], [1462.0, 1956.0, 7063.0], [1462.0, 1910.0, 7125.0], [1461.0, 1584.0, 7502.0], [1459.0, 1708.0, 7372.0], [1458.0, 1619.0, 7468.0], [1458.0, 1538.0, 7599.0], [1457.0, 1747.0, 7325.0], [1457.0, 1729.0, 7352.0], [1455.0, 1972.0, 7006.0], [1455.0, 1601.0, 7487.0], [1453.0, 2020.0, 7017.0], [1453.0, 1784.0, 7300.0], [1452.0, 1750.0, 7344.0], [1452.0, 1742.0, 7359.0], [1452.0, 1406.0, 7659.0], [1451.0, 1845.0, 7204.0], [1450.0, 1685.0, 7440.0], [1449.0, 1959.0, 7018.0], [1449.0, 1704.0, 7390.0], [1448.0, 1628.0, 7489.0], [1447.0, 1983.0, 7018.0], [1447.0, 1842.0, 7228.0], [1447.0, 1584.0, 7506.0], [1444.0, 1873.0, 7193.0], [1444.0, 1807.0, 7308.0], [1444.0, 1800.0, 7322.0], [1444.0, 1487.0, 7634.0], [1442.0, 1969.0, 7070.0], [1442.0, 1898.0, 7162.0], [1440.0, 1749.0, 7349.0], [1440.0, 1744.0, 7379.0], [1439.0, 1602.0, 7490.0], [1438.0, 1691.0, 7423.0], [1436.0, 1873.0, 7195.0], [1436.0, 1701.0, 7445.0], [1432.0, 1607.0, 7532.0], [1431.0, 1959.0, 7106.0], [1430.0, 1711.0, 7418.0], [1429.0, 1965.0, 7072.0], [1428.0, 2092.0, 6701.0], [1426.0, 1764.0, 7389.0], [1425.0, 1562.0, 7543.0], [1424.0, 1774.0, 7325.0], [1424.0, 1741.0, 7396.0], [1423.0, 1827.0, 7263.0], [1423.0, 1636.0, 7446.0], [1422.0, 1893.0, 7173.0], [1422.0, 1542.0, 7559.0], [1421.0, 1900.0, 7150.0], [1421.0, 1817.0, 7265.0], [1421.0, 1776.0, 7332.0], [1421.0, 1588.0, 7536.0], [1419.0, 2053.0, 6974.0], [1419.0, 1627.0, 7491.0], [1417.0, 1896.0, 7178.0], [1417.0, 1545.0, 7562.0], [1416.0, 1886.0, 7202.0], [1416.0, 1817.0, 7273.0], [1416.0, 1648.0, 7464.0], [1415.0, 1843.0, 7263.0], [1415.0, 1810.0, 7277.0], [1415.0, 1690.0, 7462.0], [1412.0, 1907.0, 7204.0], [1412.0, 1765.0, 7341.0], [1412.0, 1661.0, 7485.0], [1411.0, 1491.0, 7613.0], [1411.0, 1462.0, 7647.0], [1408.0, 1548.0, 7570.0], [1407.0, 1552.0, 7572.0], [1404.0, 1671.0, 7486.0], [1403.0, 1550.0, 7577.0], [1401.0, 1674.0, 7483.0], [1401.0, 1552.0, 7589.0], [1400.0, 1608.0, 7513.0], [1399.0, 1828.0, 7302.0], [1396.0, 1637.0, 7492.0], [1395.0, 1596.0, 7536.0], [1394.0, 1726.0, 7407.0], [1394.0, 1499.0, 7626.0], [1392.0, 1766.0, 7336.0], [1392.0, 1751.0, 7438.0], [1392.0, 1697.0, 7491.0], [1391.0, 1650.0, 7507.0], [1391.0, 1516.0, 7614.0], [1389.0, 1588.0, 7547.0], [1389.0, 1581.0, 7557.0], [1388.0, 1813.0, 7364.0], [1387.0, 1566.0, 7561.0], [1386.0, 1824.0, 7336.0], [1386.0, 1635.0, 7553.0], [1384.0, 1920.0, 7213.0], [1383.0, 1651.0, 7500.0], [1383.0, 1579.0, 7575.0], [1381.0, 1821.0, 7353.0], [1381.0, 1527.0, 7621.0], [1379.0, 1830.0, 7287.0], [1379.0, 1565.0, 7581.0], [1379.0, 1426.0, 7743.0], [1375.0, 1533.0, 7605.0], [1370.0, 1500.0, 7665.0], [1369.0, 1851.0, 7266.0], [1367.0, 1661.0, 7532.0], [1363.0, 1755.0, 7446.0], [1363.0, 1610.0, 7577.0], [1362.0, 1779.0, 7376.0], [1358.0, 1722.0, 7448.0], [1358.0, 1524.0, 7629.0], [1355.0, 1675.0, 7510.0], [1354.0, 1664.0, 7517.0], [1353.0, 1643.0, 7570.0], [1351.0, 1610.0, 7591.0], [1346.0, 1563.0, 7647.0], [1346.0, 1465.0, 7741.0], [1345.0, 1621.0, 7577.0], [1342.0, 1606.0, 7608.0], [1338.0, 1700.0, 7485.0], [1338.0, 1685.0, 7521.0], [1334.0, 1775.0, 7452.0], [1334.0, 1615.0, 7592.0], [1331.0, 1621.0, 7593.0], [1331.0, 1553.0, 7660.0], [1326.0, 1848.0, 7365.0], [1323.0, 1667.0, 7552.0], [1321.0, 1703.0, 7515.0], [1317.0, 1634.0, 7586.0], [1314.0, 1630.0, 7588.0], [1313.0, 1705.0, 7534.0], [1306.0, 1788.0, 7461.0], [1303.0, 1566.0, 7669.0], [1298.0, 1797.0, 7445.0], [1295.0, 1680.0, 7561.0], [1293.0, 1599.0, 7662.0], [1289.0, 1566.0, 7708.0], [1268.0, 1837.0, 7436.0], [1264.0, 1767.0, 7507.0], [1238.0, 1633.0, 7707.0]]
