heur = false
LBS_limit = 3
preproc = 1
tight_root = 0
total_time = 0.82
NDP = 29
total_nodes = 737
pruned_nodes = 369
pruned_dominance_nodes = 11
heur_time = 0.0
Y_N = Any[[169.0, 192.0, 1084.0], [160.0, 144.0, 1141.0], [142.0, 109.0, 1198.0], [136.0, 60.0, 1257.0], [133.0, 186.0, 1129.0], [133.0, 61.0, 1255.0], [128.0, 180.0, 1143.0], [127.0, 12.0, 1314.0], [125.0, 191.0, 1139.0], [124.0, 138.0, 1186.0], [121.0, 186.0, 1141.0], [119.0, 132.0, 1200.0], [118.0, 197.0, 1137.0], [116.0, 143.0, 1196.0], [112.0, 148.0, 1196.0], [112.0, 138.0, 1198.0], [109.0, 149.0, 1194.0], [106.0, 103.0, 1243.0], [103.0, 100.0, 1253.0], [100.0, 54.0, 1302.0], [92.0, 174.0, 1188.0], [91.0, 6.0, 1359.0], [89.0, 185.0, 1184.0], [85.0, 180.0, 1186.0], [82.0, 191.0, 1182.0], [80.0, 137.0, 1241.0], [76.0, 142.0, 1241.0], [76.0, 132.0, 1243.0], [67.0, 94.0, 1298.0]]
