heur = false
LBS_limit = 3
preproc = 1
tight_root = 0
total_time = 1305.71
NDP = 895
total_nodes = 28681
pruned_nodes = 14341
pruned_dominance_nodes = 2454
heur_time = 0.0
Y_N = Any[[1049.0, 606.0, 2019.0], [1034.0, 690.0, 1687.0], [1032.0, 459.0, 2034.0], [1030.0, 748.0, 1763.0], [1028.0, 543.0, 2106.0], [1028.0, 458.0, 2162.0], [1025.0, 696.0, 1881.0], [1019.0, 468.0, 2181.0], [1017.0, 511.0, 2131.0], [1015.0, 549.0, 2056.0], [1014.0, 573.0, 2078.0], [1013.0, 471.0, 2163.0], [1011.0, 665.0, 1896.0], [1007.0, 794.0, 1790.0], [1003.0, 852.0, 1724.0], [1002.0, 613.0, 2022.0], [991.0, 701.0, 1895.0], [991.0, 623.0, 2013.0], [989.0, 587.0, 2089.0], [987.0, 813.0, 1784.0], [987.0, 759.0, 1829.0], [987.0, 671.0, 1987.0], [986.0, 575.0, 2124.0], [984.0, 769.0, 1857.0], [983.0, 619.0, 2015.0], [983.0, 606.0, 2064.0], [981.0, 482.0, 2197.0], [980.0, 746.0, 1867.0], [979.0, 505.0, 2153.0], [976.0, 718.0, 1950.0], [973.0, 680.0, 2000.0], [972.0, 612.0, 2061.0], [972.0, 590.0, 2085.0], [972.0, 537.0, 2145.0], [972.0, 468.0, 2223.0], [961.0, 783.0, 1866.0], [961.0, 626.0, 2073.0], [961.0, 556.0, 2143.0], [961.0, 544.0, 2169.0], [960.0, 679.0, 2010.0], [958.0, 489.0, 2230.0], [955.0, 641.0, 2064.0], [955.0, 522.0, 2209.0], [954.0, 758.0, 1900.0], [954.0, 554.0, 2148.0], [953.0, 590.0, 2098.0], [952.0, 441.0, 2246.0], [950.0, 862.0, 1780.0], [950.0, 665.0, 2023.0], [950.0, 398.0, 2325.0], [949.0, 560.0, 2168.0], [949.0, 515.0, 2229.0], [947.0, 619.0, 2138.0], [946.0, 685.0, 1953.0], [945.0, 642.0, 2097.0], [944.0, 440.0, 2296.0], [943.0, 693.0, 2017.0], [943.0, 562.0, 2157.0], [942.0, 734.0, 1933.0], [942.0, 723.0, 1964.0], [942.0, 534.0, 2172.0], [940.0, 495.0, 2248.0], [937.0, 557.0, 2195.0], [936.0, 687.0, 2034.0], [936.0, 661.0, 2065.0], [935.0, 743.0, 1948.0], [935.0, 580.0, 2151.0], [934.0, 621.0, 2136.0], [933.0, 688.0, 2058.0], [928.0, 496.0, 2237.0], [927.0, 379.0, 2367.0], [925.0, 596.0, 2173.0], [924.0, 675.0, 2071.0], [924.0, 648.0, 2078.0], [924.0, 615.0, 2186.0], [923.0, 728.0, 2006.0], [922.0, 742.0, 1958.0], [922.0, 596.0, 2191.0], [921.0, 700.0, 2044.0], [921.0, 429.0, 2344.0], [920.0, 622.0, 2152.0], [920.0, 553.0, 2203.0], [920.0, 451.0, 2300.0], [919.0, 704.0, 2008.0], [919.0, 539.0, 2209.0], [918.0, 767.0, 1892.0], [917.0, 536.0, 2217.0], [917.0, 513.0, 2274.0], [915.0, 582.0, 2205.0], [914.0, 780.0, 1926.0], [914.0, 733.0, 1993.0], [914.0, 482.0, 2288.0], [912.0, 586.0, 2197.0], [911.0, 644.0, 2093.0], [908.0, 706.0, 2036.0], [907.0, 534.0, 2231.0], [906.0, 574.0, 2210.0], [905.0, 687.0, 2068.0], [904.0, 697.0, 2069.0], [904.0, 642.0, 2098.0], [904.0, 534.0, 2273.0], [903.0, 552.0, 2273.0], [903.0, 499.0, 2317.0], [902.0, 719.0, 2021.0], [901.0, 533.0, 2276.0], [901.0, 501.0, 2294.0], [900.0, 688.0, 2123.0], [900.0, 634.0, 2140.0], [900.0, 565.0, 2218.0], [899.0, 656.0, 2163.0], [899.0, 588.0, 2195.0], [898.0, 681.0, 2129.0], [898.0, 629.0, 2179.0], [897.0, 812.0, 1904.0], [896.0, 557.0, 2232.0], [895.0, 506.0, 2284.0], [894.0, 587.0, 2200.0], [894.0, 533.0, 2288.0], [893.0, 721.0, 2024.0], [893.0, 454.0, 2326.0], [892.0, 773.0, 1976.0], [892.0, 657.0, 2143.0], [890.0, 704.0, 2067.0], [890.0, 633.0, 2186.0], [890.0, 581.0, 2236.0], [889.0, 601.0, 2226.0], [889.0, 582.0, 2245.0], [888.0, 749.0, 2025.0], [887.0, 608.0, 2207.0], [886.0, 757.0, 2043.0], [886.0, 447.0, 2333.0], [885.0, 791.0, 1954.0], [885.0, 634.0, 2176.0], [884.0, 500.0, 2305.0], [883.0, 735.0, 2091.0], [883.0, 502.0, 2289.0], [882.0, 451.0, 2328.0], [881.0, 619.0, 2220.0], [879.0, 783.0, 1981.0], [879.0, 508.0, 2321.0], [878.0, 698.0, 2114.0], [878.0, 625.0, 2221.0], [878.0, 588.0, 2242.0], [878.0, 544.0, 2282.0], [877.0, 657.0, 2163.0], [877.0, 554.0, 2274.0], [876.0, 729.0, 2108.0], [876.0, 676.0, 2141.0], [876.0, 585.0, 2254.0], [876.0, 557.0, 2263.0], [876.0, 545.0, 2284.0], [876.0, 528.0, 2317.0], [875.0, 625.0, 2226.0], [875.0, 568.0, 2272.0], [875.0, 545.0, 2292.0], [875.0, 437.0, 2363.0], [873.0, 475.0, 2332.0], [872.0, 578.0, 2262.0], [872.0, 499.0, 2338.0], [872.0, 479.0, 2341.0], [871.0, 618.0, 2234.0], [869.0, 432.0, 2375.0], [868.0, 592.0, 2235.0], [868.0, 499.0, 2343.0], [868.0, 480.0, 2348.0], [867.0, 768.0, 2036.0], [867.0, 640.0, 2180.0], [867.0, 608.0, 2253.0], [867.0, 503.0, 2329.0], [867.0, 500.0, 2338.0], [867.0, 453.0, 2392.0], [866.0, 456.0, 2357.0], [866.0, 425.0, 2404.0], [865.0, 735.0, 2113.0], [865.0, 639.0, 2202.0], [865.0, 583.0, 2264.0], [865.0, 566.0, 2280.0], [865.0, 357.0, 2464.0], [864.0, 717.0, 2145.0], [862.0, 670.0, 2173.0], [862.0, 554.0, 2284.0], [862.0, 379.0, 2445.0], [861.0, 742.0, 2118.0], [861.0, 632.0, 2240.0], [861.0, 536.0, 2298.0], [860.0, 466.0, 2367.0], [859.0, 643.0, 2174.0], [859.0, 524.0, 2354.0], [859.0, 455.0, 2406.0], [859.0, 439.0, 2410.0], [858.0, 538.0, 2298.0], [858.0, 425.0, 2411.0], [857.0, 687.0, 2154.0], [855.0, 743.0, 2046.0], [854.0, 576.0, 2281.0], [854.0, 488.0, 2376.0], [853.0, 677.0, 2173.0], [853.0, 648.0, 2226.0], [853.0, 448.0, 2436.0], [853.0, 398.0, 2442.0], [852.0, 821.0, 1964.0], [852.0, 658.0, 2179.0], [852.0, 649.0, 2180.0], [852.0, 563.0, 2286.0], [852.0, 528.0, 2321.0], [851.0, 772.0, 1999.0], [851.0, 525.0, 2339.0], [849.0, 683.0, 2177.0], [849.0, 588.0, 2265.0], [849.0, 472.0, 2393.0], [849.0, 368.0, 2460.0], [848.0, 575.0, 2289.0], [845.0, 579.0, 2271.0], [845.0, 544.0, 2309.0], [845.0, 498.0, 2359.0], [845.0, 357.0, 2505.0], [844.0, 743.0, 2103.0], [844.0, 665.0, 2182.0], [844.0, 492.0, 2377.0], [844.0, 430.0, 2447.0], [843.0, 827.0, 1961.0], [843.0, 530.0, 2338.0], [842.0, 649.0, 2208.0], [842.0, 603.0, 2257.0], [842.0, 561.0, 2308.0], [842.0, 547.0, 2321.0], [841.0, 657.0, 2221.0], [841.0, 610.0, 2243.0], [841.0, 552.0, 2313.0], [841.0, 493.0, 2373.0], [840.0, 609.0, 2248.0], [840.0, 592.0, 2285.0], [840.0, 543.0, 2333.0], [840.0, 531.0, 2335.0], [839.0, 510.0, 2358.0], [839.0, 360.0, 2487.0], [838.0, 781.0, 2008.0], [838.0, 662.0, 2199.0], [837.0, 797.0, 2015.0], [837.0, 650.0, 2228.0], [836.0, 781.0, 2069.0], [836.0, 601.0, 2261.0], [836.0, 585.0, 2293.0], [835.0, 749.0, 2109.0], [835.0, 685.0, 2160.0], [834.0, 606.0, 2269.0], [834.0, 560.0, 2335.0], [833.0, 695.0, 2168.0], [833.0, 621.0, 2249.0], [833.0, 545.0, 2340.0], [833.0, 475.0, 2401.0], [833.0, 410.0, 2464.0], [832.0, 664.0, 2202.0], [832.0, 608.0, 2263.0], [832.0, 594.0, 2271.0], [832.0, 486.0, 2393.0], [832.0, 404.0, 2481.0], [831.0, 722.0, 2120.0], [831.0, 612.0, 2282.0], [831.0, 505.0, 2362.0], [831.0, 479.0, 2395.0], [830.0, 660.0, 2221.0], [830.0, 616.0, 2254.0], [829.0, 537.0, 2352.0], [829.0, 455.0, 2441.0], [828.0, 718.0, 2128.0], [828.0, 680.0, 2240.0], [828.0, 505.0, 2401.0], [827.0, 683.0, 2179.0], [827.0, 397.0, 2513.0], [826.0, 540.0, 2373.0], [826.0, 512.0, 2393.0], [826.0, 436.0, 2491.0], [825.0, 623.0, 2283.0], [824.0, 682.0, 2196.0], [824.0, 572.0, 2306.0], [824.0, 545.0, 2344.0], [823.0, 727.0, 2170.0], [823.0, 543.0, 2372.0], [822.0, 850.0, 1847.0], [822.0, 628.0, 2267.0], [822.0, 473.0, 2422.0], [820.0, 562.0, 2315.0], [820.0, 476.0, 2434.0], [820.0, 447.0, 2450.0], [820.0, 367.0, 2517.0], [819.0, 613.0, 2288.0], [819.0, 410.0, 2502.0], [818.0, 653.0, 2243.0], [818.0, 566.0, 2322.0], [817.0, 601.0, 2315.0], [817.0, 556.0, 2372.0], [817.0, 519.0, 2387.0], [816.0, 718.0, 2215.0], [816.0, 569.0, 2323.0], [816.0, 515.0, 2393.0], [816.0, 460.0, 2438.0], [815.0, 756.0, 2135.0], [815.0, 750.0, 2157.0], [815.0, 632.0, 2262.0], [815.0, 566.0, 2333.0], [815.0, 549.0, 2381.0], [815.0, 490.0, 2422.0], [814.0, 638.0, 2278.0], [814.0, 494.0, 2434.0], [813.0, 770.0, 2073.0], [813.0, 756.0, 2136.0], [812.0, 464.0, 2448.0], [812.0, 463.0, 2479.0], [808.0, 647.0, 2272.0], [808.0, 629.0, 2291.0], [808.0, 628.0, 2299.0], [808.0, 563.0, 2343.0], [807.0, 533.0, 2401.0], [807.0, 501.0, 2404.0], [806.0, 586.0, 2338.0], [806.0, 415.0, 2499.0], [805.0, 451.0, 2482.0], [804.0, 848.0, 2022.0], [804.0, 775.0, 2085.0], [804.0, 517.0, 2407.0], [803.0, 721.0, 2217.0], [802.0, 551.0, 2379.0], [801.0, 828.0, 2059.0], [801.0, 618.0, 2301.0], [800.0, 763.0, 2167.0], [799.0, 629.0, 2292.0], [799.0, 572.0, 2345.0], [799.0, 565.0, 2367.0], [799.0, 395.0, 2517.0], [798.0, 657.0, 2249.0], [798.0, 590.0, 2339.0], [798.0, 509.0, 2410.0], [798.0, 500.0, 2416.0], [798.0, 486.0, 2469.0], [798.0, 408.0, 2529.0], [797.0, 542.0, 2384.0], [797.0, 498.0, 2437.0], [796.0, 585.0, 2352.0], [796.0, 524.0, 2411.0], [795.0, 587.0, 2369.0], [795.0, 497.0, 2446.0], [795.0, 417.0, 2511.0], [794.0, 570.0, 2399.0], [793.0, 667.0, 2260.0], [793.0, 504.0, 2441.0], [792.0, 691.0, 2226.0], [792.0, 684.0, 2231.0], [792.0, 669.0, 2275.0], [792.0, 638.0, 2287.0], [792.0, 469.0, 2485.0], [791.0, 609.0, 2335.0], [791.0, 506.0, 2418.0], [791.0, 505.0, 2449.0], [791.0, 483.0, 2473.0], [790.0, 591.0, 2372.0], [790.0, 423.0, 2520.0], [789.0, 513.0, 2431.0], [789.0, 453.0, 2496.0], [789.0, 426.0, 2517.0], [789.0, 377.0, 2541.0], [788.0, 615.0, 2319.0], [788.0, 543.0, 2402.0], [787.0, 680.0, 2260.0], [786.0, 503.0, 2457.0], [786.0, 362.0, 2593.0], [785.0, 726.0, 2199.0], [785.0, 684.0, 2274.0], [785.0, 657.0, 2291.0], [785.0, 546.0, 2410.0], [785.0, 529.0, 2423.0], [785.0, 378.0, 2590.0], [784.0, 732.0, 2210.0], [784.0, 615.0, 2341.0], [784.0, 427.0, 2502.0], [783.0, 637.0, 2303.0], [783.0, 545.0, 2413.0], [782.0, 699.0, 2287.0], [782.0, 523.0, 2441.0], [782.0, 489.0, 2461.0], [782.0, 422.0, 2542.0], [781.0, 745.0, 2221.0], [781.0, 624.0, 2306.0], [781.0, 620.0, 2329.0], [781.0, 487.0, 2479.0], [781.0, 320.0, 2647.0], [779.0, 706.0, 2236.0], [779.0, 643.0, 2295.0], [779.0, 625.0, 2319.0], [779.0, 600.0, 2356.0], [778.0, 803.0, 2126.0], [778.0, 646.0, 2305.0], [777.0, 649.0, 2295.0], [777.0, 603.0, 2352.0], [777.0, 530.0, 2443.0], [777.0, 442.0, 2507.0], [776.0, 750.0, 2204.0], [776.0, 643.0, 2316.0], [776.0, 597.0, 2365.0], [776.0, 544.0, 2433.0], [775.0, 773.0, 2140.0], [775.0, 421.0, 2544.0], [775.0, 401.0, 2581.0], [774.0, 640.0, 2345.0], [774.0, 577.0, 2378.0], [773.0, 690.0, 2296.0], [773.0, 624.0, 2360.0], [773.0, 512.0, 2454.0], [773.0, 500.0, 2474.0], [772.0, 558.0, 2425.0], [772.0, 428.0, 2520.0], [771.0, 705.0, 2240.0], [771.0, 457.0, 2487.0], [770.0, 594.0, 2370.0], [770.0, 456.0, 2518.0], [769.0, 542.0, 2455.0], [769.0, 407.0, 2563.0], [768.0, 661.0, 2310.0], [767.0, 584.0, 2378.0], [767.0, 465.0, 2491.0], [766.0, 588.0, 2399.0], [765.0, 776.0, 2134.0], [764.0, 437.0, 2527.0], [763.0, 599.0, 2363.0], [762.0, 820.0, 2084.0], [762.0, 779.0, 2164.0], [762.0, 488.0, 2482.0], [762.0, 476.0, 2496.0], [762.0, 435.0, 2562.0], [761.0, 754.0, 2203.0], [761.0, 643.0, 2347.0], [760.0, 561.0, 2406.0], [760.0, 372.0, 2617.0], [759.0, 573.0, 2441.0], [759.0, 468.0, 2499.0], [758.0, 709.0, 2228.0], [758.0, 460.0, 2511.0], [758.0, 336.0, 2623.0], [757.0, 700.0, 2247.0], [757.0, 366.0, 2635.0], [756.0, 763.0, 2224.0], [756.0, 702.0, 2273.0], [756.0, 592.0, 2384.0], [756.0, 577.0, 2421.0], [755.0, 715.0, 2253.0], [755.0, 649.0, 2320.0], [754.0, 780.0, 2168.0], [754.0, 555.0, 2442.0], [754.0, 462.0, 2527.0], [753.0, 748.0, 2231.0], [753.0, 589.0, 2386.0], [753.0, 513.0, 2477.0], [753.0, 471.0, 2539.0], [752.0, 657.0, 2319.0], [752.0, 473.0, 2519.0], [751.0, 858.0, 2078.0], [751.0, 594.0, 2396.0], [751.0, 487.0, 2485.0], [750.0, 631.0, 2354.0], [750.0, 327.0, 2678.0], [749.0, 575.0, 2426.0], [748.0, 650.0, 2327.0], [748.0, 634.0, 2350.0], [748.0, 618.0, 2364.0], [748.0, 615.0, 2398.0], [748.0, 530.0, 2468.0], [748.0, 389.0, 2636.0], [747.0, 545.0, 2449.0], [747.0, 514.0, 2475.0], [746.0, 653.0, 2330.0], [746.0, 647.0, 2343.0], [746.0, 583.0, 2409.0], [746.0, 498.0, 2516.0], [745.0, 436.0, 2546.0], [744.0, 501.0, 2501.0], [744.0, 420.0, 2568.0], [744.0, 319.0, 2703.0], [743.0, 559.0, 2448.0], [743.0, 529.0, 2486.0], [742.0, 768.0, 2205.0], [742.0, 734.0, 2235.0], [742.0, 695.0, 2329.0], [742.0, 619.0, 2366.0], [742.0, 460.0, 2543.0], [742.0, 418.0, 2582.0], [741.0, 436.0, 2561.0], [740.0, 344.0, 2695.0], [739.0, 793.0, 2178.0], [739.0, 509.0, 2517.0], [739.0, 481.0, 2523.0], [739.0, 454.0, 2561.0], [738.0, 512.0, 2495.0], [737.0, 658.0, 2361.0], [737.0, 624.0, 2365.0], [737.0, 461.0, 2543.0], [737.0, 448.0, 2600.0], [735.0, 594.0, 2402.0], [734.0, 715.0, 2285.0], [734.0, 580.0, 2424.0], [734.0, 533.0, 2521.0], [734.0, 417.0, 2604.0], [734.0, 388.0, 2637.0], [734.0, 347.0, 2677.0], [733.0, 645.0, 2365.0], [733.0, 632.0, 2368.0], [733.0, 602.0, 2406.0], [733.0, 462.0, 2543.0], [733.0, 456.0, 2558.0], [732.0, 726.0, 2301.0], [731.0, 555.0, 2458.0], [731.0, 392.0, 2615.0], [731.0, 381.0, 2648.0], [730.0, 640.0, 2380.0], [730.0, 575.0, 2427.0], [730.0, 472.0, 2524.0], [730.0, 464.0, 2558.0], [729.0, 615.0, 2400.0], [729.0, 594.0, 2412.0], [728.0, 579.0, 2435.0], [728.0, 537.0, 2492.0], [728.0, 373.0, 2673.0], [727.0, 661.0, 2330.0], [727.0, 608.0, 2426.0], [727.0, 419.0, 2610.0], [726.0, 701.0, 2309.0], [726.0, 584.0, 2432.0], [726.0, 578.0, 2448.0], [726.0, 398.0, 2622.0], [725.0, 660.0, 2364.0], [724.0, 668.0, 2336.0], [724.0, 615.0, 2406.0], [724.0, 455.0, 2575.0], [724.0, 451.0, 2610.0], [723.0, 739.0, 2255.0], [723.0, 585.0, 2434.0], [723.0, 539.0, 2468.0], [723.0, 497.0, 2525.0], [722.0, 626.0, 2381.0], [722.0, 376.0, 2668.0], [721.0, 653.0, 2372.0], [721.0, 638.0, 2407.0], [721.0, 549.0, 2502.0], [721.0, 469.0, 2544.0], [720.0, 781.0, 2217.0], [720.0, 775.0, 2232.0], [720.0, 586.0, 2442.0], [720.0, 561.0, 2455.0], [719.0, 811.0, 2173.0], [719.0, 462.0, 2565.0], [719.0, 413.0, 2641.0], [719.0, 384.0, 2668.0], [718.0, 792.0, 2233.0], [718.0, 571.0, 2450.0], [718.0, 477.0, 2556.0], [717.0, 568.0, 2457.0], [716.0, 579.0, 2450.0], [715.0, 729.0, 2291.0], [715.0, 493.0, 2536.0], [714.0, 741.0, 2262.0], [714.0, 681.0, 2371.0], [714.0, 610.0, 2411.0], [714.0, 546.0, 2506.0], [713.0, 709.0, 2303.0], [713.0, 616.0, 2418.0], [713.0, 501.0, 2525.0], [713.0, 469.0, 2574.0], [712.0, 532.0, 2526.0], [712.0, 291.0, 2781.0], [711.0, 637.0, 2409.0], [711.0, 491.0, 2580.0], [710.0, 655.0, 2381.0], [710.0, 642.0, 2386.0], [710.0, 492.0, 2538.0], [710.0, 467.0, 2589.0], [710.0, 432.0, 2615.0], [710.0, 376.0, 2677.0], [709.0, 492.0, 2539.0], [709.0, 417.0, 2618.0], [708.0, 703.0, 2343.0], [708.0, 561.0, 2464.0], [708.0, 429.0, 2642.0], [707.0, 604.0, 2437.0], [707.0, 598.0, 2447.0], [707.0, 536.0, 2517.0], [707.0, 500.0, 2557.0], [705.0, 707.0, 2307.0], [705.0, 606.0, 2444.0], [705.0, 436.0, 2624.0], [704.0, 797.0, 2183.0], [704.0, 758.0, 2277.0], [704.0, 682.0, 2361.0], [704.0, 622.0, 2430.0], [704.0, 556.0, 2476.0], [703.0, 555.0, 2525.0], [701.0, 503.0, 2527.0], [701.0, 433.0, 2647.0], [700.0, 605.0, 2446.0], [700.0, 570.0, 2471.0], [700.0, 321.0, 2725.0], [699.0, 560.0, 2479.0], [699.0, 557.0, 2510.0], [699.0, 397.0, 2670.0], [698.0, 706.0, 2312.0], [698.0, 578.0, 2471.0], [697.0, 667.0, 2375.0], [697.0, 638.0, 2411.0], [697.0, 615.0, 2448.0], [697.0, 567.0, 2484.0], [697.0, 507.0, 2530.0], [696.0, 609.0, 2460.0], [696.0, 385.0, 2706.0], [695.0, 524.0, 2557.0], [694.0, 624.0, 2420.0], [694.0, 495.0, 2583.0], [693.0, 656.0, 2394.0], [693.0, 588.0, 2480.0], [693.0, 560.0, 2492.0], [693.0, 476.0, 2586.0], [692.0, 696.0, 2373.0], [692.0, 475.0, 2594.0], [691.0, 699.0, 2363.0], [691.0, 631.0, 2433.0], [691.0, 536.0, 2530.0], [691.0, 372.0, 2729.0], [690.0, 496.0, 2581.0], [689.0, 532.0, 2532.0], [688.0, 779.0, 2240.0], [688.0, 742.0, 2289.0], [688.0, 618.0, 2449.0], [688.0, 535.0, 2535.0], [687.0, 592.0, 2486.0], [686.0, 500.0, 2576.0], [685.0, 752.0, 2297.0], [685.0, 693.0, 2379.0], [685.0, 543.0, 2539.0], [685.0, 501.0, 2610.0], [684.0, 539.0, 2545.0], [684.0, 477.0, 2617.0], [683.0, 646.0, 2397.0], [683.0, 544.0, 2542.0], [682.0, 746.0, 2326.0], [682.0, 512.0, 2576.0], [681.0, 581.0, 2502.0], [681.0, 417.0, 2656.0], [679.0, 782.0, 2235.0], [679.0, 598.0, 2462.0], [679.0, 578.0, 2514.0], [679.0, 541.0, 2544.0], [679.0, 337.0, 2760.0], [678.0, 814.0, 2085.0], [678.0, 723.0, 2327.0], [677.0, 462.0, 2620.0], [676.0, 444.0, 2628.0], [675.0, 290.0, 2837.0], [674.0, 455.0, 2670.0], [674.0, 371.0, 2730.0], [673.0, 525.0, 2554.0], [672.0, 459.0, 2648.0], [672.0, 370.0, 2760.0], [671.0, 602.0, 2463.0], [671.0, 491.0, 2624.0], [671.0, 487.0, 2634.0], [671.0, 432.0, 2686.0], [670.0, 550.0, 2540.0], [670.0, 508.0, 2596.0], [670.0, 371.0, 2737.0], [669.0, 635.0, 2421.0], [669.0, 625.0, 2446.0], [669.0, 530.0, 2559.0], [668.0, 613.0, 2460.0], [667.0, 653.0, 2415.0], [667.0, 594.0, 2510.0], [666.0, 598.0, 2472.0], [665.0, 636.0, 2430.0], [665.0, 621.0, 2472.0], [665.0, 533.0, 2570.0], [664.0, 511.0, 2578.0], [664.0, 508.0, 2600.0], [663.0, 709.0, 2346.0], [663.0, 583.0, 2518.0], [662.0, 724.0, 2343.0], [662.0, 559.0, 2540.0], [662.0, 442.0, 2689.0], [661.0, 623.0, 2451.0], [661.0, 603.0, 2502.0], [661.0, 564.0, 2540.0], [661.0, 528.0, 2593.0], [660.0, 643.0, 2430.0], [660.0, 569.0, 2536.0], [659.0, 796.0, 2281.0], [659.0, 678.0, 2396.0], [659.0, 646.0, 2420.0], [659.0, 535.0, 2548.0], [659.0, 534.0, 2552.0], [658.0, 717.0, 2351.0], [658.0, 539.0, 2557.0], [658.0, 298.0, 2804.0], [657.0, 731.0, 2334.0], [657.0, 668.0, 2406.0], [656.0, 763.0, 2282.0], [656.0, 642.0, 2464.0], [656.0, 612.0, 2486.0], [654.0, 737.0, 2353.0], [654.0, 585.0, 2511.0], [654.0, 463.0, 2661.0], [653.0, 762.0, 2311.0], [653.0, 671.0, 2444.0], [652.0, 685.0, 2409.0], [652.0, 652.0, 2494.0], [652.0, 606.0, 2516.0], [652.0, 555.0, 2562.0], [652.0, 325.0, 2815.0], [651.0, 697.0, 2368.0], [651.0, 556.0, 2551.0], [651.0, 472.0, 2650.0], [651.0, 428.0, 2698.0], [650.0, 444.0, 2677.0], [649.0, 664.0, 2445.0], [649.0, 616.0, 2518.0], [648.0, 703.0, 2383.0], [648.0, 678.0, 2417.0], [648.0, 591.0, 2522.0], [648.0, 572.0, 2533.0], [647.0, 687.0, 2401.0], [647.0, 560.0, 2542.0], [647.0, 476.0, 2678.0], [646.0, 683.0, 2454.0], [646.0, 572.0, 2541.0], [646.0, 497.0, 2623.0], [646.0, 414.0, 2699.0], [646.0, 339.0, 2782.0], [645.0, 692.0, 2387.0], [645.0, 593.0, 2522.0], [645.0, 532.0, 2575.0], [644.0, 698.0, 2398.0], [644.0, 575.0, 2544.0], [643.0, 579.0, 2529.0], [643.0, 531.0, 2592.0], [643.0, 516.0, 2596.0], [643.0, 489.0, 2654.0], [643.0, 445.0, 2696.0], [643.0, 401.0, 2710.0], [642.0, 746.0, 2364.0], [642.0, 499.0, 2629.0], [640.0, 518.0, 2594.0], [640.0, 510.0, 2605.0], [639.0, 581.0, 2527.0], [639.0, 431.0, 2737.0], [639.0, 398.0, 2773.0], [637.0, 755.0, 2350.0], [637.0, 618.0, 2508.0], [637.0, 559.0, 2550.0], [636.0, 534.0, 2607.0], [635.0, 595.0, 2537.0], [635.0, 564.0, 2570.0], [634.0, 349.0, 2801.0], [633.0, 600.0, 2527.0], [631.0, 712.0, 2401.0], [631.0, 705.0, 2437.0], [631.0, 543.0, 2589.0], [631.0, 499.0, 2649.0], [631.0, 446.0, 2693.0], [631.0, 432.0, 2700.0], [630.0, 585.0, 2562.0], [630.0, 520.0, 2611.0], [629.0, 756.0, 2382.0], [629.0, 713.0, 2387.0], [629.0, 512.0, 2651.0], [628.0, 410.0, 2753.0], [627.0, 618.0, 2515.0], [627.0, 606.0, 2525.0], [626.0, 792.0, 2291.0], [626.0, 647.0, 2508.0], [626.0, 466.0, 2679.0], [625.0, 563.0, 2571.0], [624.0, 453.0, 2723.0], [621.0, 666.0, 2462.0], [621.0, 656.0, 2494.0], [621.0, 626.0, 2516.0], [620.0, 723.0, 2394.0], [620.0, 663.0, 2477.0], [619.0, 757.0, 2375.0], [619.0, 515.0, 2646.0], [619.0, 483.0, 2655.0], [618.0, 692.0, 2477.0], [618.0, 606.0, 2571.0], [618.0, 546.0, 2586.0], [618.0, 472.0, 2684.0], [618.0, 421.0, 2738.0], [617.0, 549.0, 2623.0], [617.0, 417.0, 2744.0], [617.0, 301.0, 2917.0], [614.0, 673.0, 2481.0], [613.0, 637.0, 2515.0], [612.0, 419.0, 2792.0], [611.0, 617.0, 2519.0], [610.0, 557.0, 2585.0], [610.0, 346.0, 2822.0], [608.0, 643.0, 2534.0], [608.0, 552.0, 2590.0], [608.0, 423.0, 2755.0], [605.0, 719.0, 2459.0], [605.0, 584.0, 2594.0], [604.0, 741.0, 2390.0], [604.0, 624.0, 2538.0], [604.0, 376.0, 2832.0], [603.0, 592.0, 2576.0], [602.0, 660.0, 2512.0], [600.0, 412.0, 2796.0], [599.0, 480.0, 2679.0], [598.0, 504.0, 2661.0], [598.0, 464.0, 2709.0], [597.0, 721.0, 2419.0], [597.0, 661.0, 2494.0], [597.0, 613.0, 2547.0], [597.0, 586.0, 2590.0], [597.0, 524.0, 2659.0], [597.0, 517.0, 2668.0], [597.0, 484.0, 2708.0], [595.0, 553.0, 2612.0], [594.0, 567.0, 2596.0], [594.0, 556.0, 2628.0], [594.0, 536.0, 2633.0], [594.0, 486.0, 2681.0], [594.0, 457.0, 2738.0], [593.0, 576.0, 2614.0], [592.0, 730.0, 2405.0], [591.0, 487.0, 2690.0], [590.0, 687.0, 2484.0], [590.0, 663.0, 2504.0], [589.0, 756.0, 2420.0], [589.0, 611.0, 2553.0], [589.0, 471.0, 2738.0], [589.0, 459.0, 2753.0], [588.0, 699.0, 2462.0], [587.0, 813.0, 2352.0], [587.0, 713.0, 2499.0], [587.0, 534.0, 2636.0], [585.0, 650.0, 2534.0], [585.0, 531.0, 2649.0], [583.0, 706.0, 2507.0], [582.0, 598.0, 2581.0], [581.0, 506.0, 2682.0], [581.0, 472.0, 2729.0], [580.0, 639.0, 2567.0], [577.0, 605.0, 2593.0], [577.0, 588.0, 2618.0], [576.0, 554.0, 2674.0], [575.0, 612.0, 2568.0], [575.0, 427.0, 2803.0], [574.0, 507.0, 2720.0], [573.0, 667.0, 2532.0], [573.0, 598.0, 2601.0], [573.0, 581.0, 2626.0], [571.0, 469.0, 2768.0], [571.0, 380.0, 2880.0], [570.0, 670.0, 2523.0], [570.0, 557.0, 2656.0], [569.0, 594.0, 2604.0], [568.0, 614.0, 2573.0], [567.0, 432.0, 2771.0], [562.0, 678.0, 2521.0], [561.0, 610.0, 2581.0], [561.0, 415.0, 2806.0], [560.0, 606.0, 2588.0], [560.0, 563.0, 2636.0], [560.0, 510.0, 2680.0], [560.0, 400.0, 2819.0], [559.0, 572.0, 2636.0], [555.0, 622.0, 2572.0], [555.0, 592.0, 2646.0], [554.0, 532.0, 2681.0], [554.0, 437.0, 2812.0], [551.0, 492.0, 2726.0], [551.0, 412.0, 2857.0], [547.0, 606.0, 2612.0], [547.0, 475.0, 2734.0], [547.0, 454.0, 2822.0], [545.0, 627.0, 2598.0], [543.0, 584.0, 2648.0], [542.0, 705.0, 2529.0], [542.0, 688.0, 2554.0], [542.0, 543.0, 2679.0], [541.0, 570.0, 2668.0], [540.0, 535.0, 2702.0], [533.0, 617.0, 2625.0], [530.0, 491.0, 2746.0], [527.0, 348.0, 2912.0], [525.0, 576.0, 2688.0], [518.0, 528.0, 2733.0], [514.0, 578.0, 2686.0], [498.0, 603.0, 2643.0], [488.0, 640.0, 2650.0], [478.0, 533.0, 2763.0], [464.0, 613.0, 2704.0]]
