heur = false
LBS_limit = 3
preproc = 1
tight_root = 0
total_time = 1800.02
NDP = 919
total_nodes = 45277
pruned_nodes = 22622
pruned_dominance_nodes = 9995
heur_time = 0.0
Y_N = Any[[4842.0, 3516.0, 6551.0], [4835.0, 3557.0, 6529.0], [4835.0, 3464.0, 6690.0], [4835.0, 3363.0, 6780.0], [4828.0, 3480.0, 6600.0], [4824.0, 3512.0, 6664.0], [4823.0, 3529.0, 6586.0], [4821.0, 3591.0, 6436.0], [4811.0, 3552.0, 6584.0], [4808.0, 3521.0, 6656.0], [4806.0, 3600.0, 6438.0], [4802.0, 3531.0, 6696.0], [4795.0, 3572.0, 6674.0], [4784.0, 3642.0, 6494.0], [4784.0, 3447.0, 6764.0], [4781.0, 3473.0, 6708.0], [4781.0, 3286.0, 6903.0], [4779.0, 3456.0, 6731.0], [4768.0, 3529.0, 6724.0], [4765.0, 3608.0, 6589.0], [4764.0, 3722.0, 6472.0], [4762.0, 3494.0, 6748.0], [4761.0, 3553.0, 6754.0], [4760.0, 3256.0, 6944.0], [4752.0, 3377.0, 6861.0], [4752.0, 3276.0, 6951.0], [4750.0, 3617.0, 6591.0], [4749.0, 3667.0, 6484.0], [4749.0, 3327.0, 6868.0], [4749.0, 3304.0, 6996.0], [4747.0, 3386.0, 6776.0], [4743.0, 3539.0, 6758.0], [4743.0, 3468.0, 6792.0], [4742.0, 3389.0, 6798.0], [4742.0, 3330.0, 6992.0], [4741.0, 3408.0, 6808.0], [4734.0, 3406.0, 6862.0], [4733.0, 3618.0, 6636.0], [4731.0, 3332.0, 6912.0], [4728.0, 3124.0, 7027.0], [4727.0, 3460.0, 6897.0], [4727.0, 3323.0, 7028.0], [4726.0, 3576.0, 6714.0], [4726.0, 3373.0, 6935.0], [4720.0, 3174.0, 7041.0], [4719.0, 3590.0, 6646.0], [4718.0, 3468.0, 6933.0], [4715.0, 3747.0, 6224.0], [4714.0, 3786.0, 6370.0], [4713.0, 3485.0, 6807.0], [4709.0, 3630.0, 6566.0], [4709.0, 3196.0, 7039.0], [4708.0, 3299.0, 7030.0], [4707.0, 3389.0, 6983.0], [4704.0, 3351.0, 6999.0], [4704.0, 3250.0, 7089.0], [4703.0, 3677.0, 6510.0], [4703.0, 3564.0, 6752.0], [4702.0, 3510.0, 6804.0], [4702.0, 3469.0, 6818.0], [4701.0, 3760.0, 6475.0], [4701.0, 3493.0, 6877.0], [4700.0, 3642.0, 6531.0], [4699.0, 3686.0, 6485.0], [4698.0, 3634.0, 6652.0], [4698.0, 3495.0, 6839.0], [4696.0, 3677.0, 6543.0], [4695.0, 3404.0, 6990.0], [4694.0, 3546.0, 6774.0], [4693.0, 3544.0, 6825.0], [4689.0, 3636.0, 6684.0], [4689.0, 3573.0, 6762.0], [4688.0, 3293.0, 7044.0], [4685.0, 3512.0, 6852.0], [4683.0, 3682.0, 6534.0], [4683.0, 3662.0, 6550.0], [4683.0, 3348.0, 7037.0], [4681.0, 3567.0, 6823.0], [4679.0, 3512.0, 6909.0], [4678.0, 3784.0, 6428.0], [4678.0, 3686.0, 6599.0], [4677.0, 3390.0, 6994.0], [4674.0, 3590.0, 6703.0], [4674.0, 3583.0, 6704.0], [4673.0, 3256.0, 7056.0], [4672.0, 3369.0, 7092.0], [4671.0, 3439.0, 6935.0], [4670.0, 3610.0, 6720.0], [4666.0, 3692.0, 6498.0], [4665.0, 3589.0, 6748.0], [4663.0, 3328.0, 7108.0], [4659.0, 3724.0, 6514.0], [4655.0, 3460.0, 6955.0], [4655.0, 3266.0, 7162.0], [4653.0, 3211.0, 7196.0], [4651.0, 3286.0, 7131.0], [4646.0, 3579.0, 6751.0], [4645.0, 3640.0, 6703.0], [4645.0, 3491.0, 6944.0], [4644.0, 3373.0, 7068.0], [4642.0, 3310.0, 7172.0], [4640.0, 3694.0, 6528.0], [4640.0, 3677.0, 6655.0], [4640.0, 3472.0, 6960.0], [4640.0, 3369.0, 7118.0], [4638.0, 3767.0, 6475.0], [4638.0, 3201.0, 7236.0], [4636.0, 3794.0, 6417.0], [4635.0, 3610.0, 6731.0], [4635.0, 3095.0, 7249.0], [4634.0, 3427.0, 6963.0], [4634.0, 3415.0, 6968.0], [4633.0, 3413.0, 7026.0], [4632.0, 3582.0, 6800.0], [4631.0, 3797.0, 6382.0], [4631.0, 3420.0, 6979.0], [4629.0, 3576.0, 6807.0], [4629.0, 3534.0, 6907.0], [4629.0, 3425.0, 7013.0], [4627.0, 3546.0, 6824.0], [4627.0, 3477.0, 6948.0], [4626.0, 3503.0, 6979.0], [4625.0, 3668.0, 6693.0], [4625.0, 3427.0, 6999.0], [4625.0, 3248.0, 7205.0], [4624.0, 3577.0, 6837.0], [4624.0, 3372.0, 7079.0], [4623.0, 3429.0, 7029.0], [4622.0, 3224.0, 7237.0], [4621.0, 3311.0, 7146.0], [4618.0, 3762.0, 6489.0], [4616.0, 3587.0, 6782.0], [4616.0, 3550.0, 6898.0], [4615.0, 3470.0, 7012.0], [4614.0, 3376.0, 7133.0], [4614.0, 3183.0, 7251.0], [4613.0, 3705.0, 6516.0], [4613.0, 3203.0, 7313.0], [4612.0, 3614.0, 6791.0], [4612.0, 3262.0, 7232.0], [4611.0, 3497.0, 6989.0], [4611.0, 3411.0, 7163.0], [4609.0, 3799.0, 6481.0], [4609.0, 3662.0, 6740.0], [4609.0, 3225.0, 7244.0], [4608.0, 3314.0, 7174.0], [4605.0, 3585.0, 6816.0], [4604.0, 3756.0, 6517.0], [4602.0, 3720.0, 6595.0], [4602.0, 3554.0, 6867.0], [4602.0, 3412.0, 7125.0], [4602.0, 3302.0, 7200.0], [4600.0, 3158.0, 7368.0], [4598.0, 3511.0, 6939.0], [4597.0, 3520.0, 6922.0], [4596.0, 3508.0, 6941.0], [4595.0, 3579.0, 6830.0], [4594.0, 3615.0, 6762.0], [4593.0, 3629.0, 6813.0], [4593.0, 3576.0, 6887.0], [4590.0, 3741.0, 6553.0], [4590.0, 3636.0, 6773.0], [4588.0, 3439.0, 7044.0], [4587.0, 3612.0, 6815.0], [4586.0, 3325.0, 7201.0], [4585.0, 3472.0, 6994.0], [4581.0, 3776.0, 6502.0], [4580.0, 3804.0, 6370.0], [4580.0, 3589.0, 6849.0], [4580.0, 3309.0, 7241.0], [4579.0, 3641.0, 6764.0], [4579.0, 3600.0, 6830.0], [4578.0, 3717.0, 6619.0], [4578.0, 3440.0, 7025.0], [4578.0, 3314.0, 7269.0], [4576.0, 3608.0, 6853.0], [4575.0, 3257.0, 7299.0], [4574.0, 3164.0, 7333.0], [4573.0, 3763.0, 6549.0], [4573.0, 3442.0, 7033.0], [4573.0, 3254.0, 7345.0], [4572.0, 3654.0, 6765.0], [4572.0, 3483.0, 7093.0], [4572.0, 3350.0, 7172.0], [4572.0, 3222.0, 7405.0], [4571.0, 3330.0, 7179.0], [4571.0, 3285.0, 7330.0], [4570.0, 3747.0, 6626.0], [4569.0, 3528.0, 6913.0], [4568.0, 3670.0, 6719.0], [4568.0, 3433.0, 7131.0], [4567.0, 3717.0, 6707.0], [4566.0, 3563.0, 6925.0], [4563.0, 3791.0, 6566.0], [4561.0, 3506.0, 7058.0], [4561.0, 3459.0, 7102.0], [4560.0, 3637.0, 6788.0], [4559.0, 3863.0, 6233.0], [4556.0, 3677.0, 6743.0], [4555.0, 3512.0, 6959.0], [4555.0, 3332.0, 7315.0], [4554.0, 3507.0, 7015.0], [4554.0, 3444.0, 7120.0], [4552.0, 3539.0, 6973.0], [4552.0, 3391.0, 7170.0], [4551.0, 3169.0, 7451.0], [4550.0, 3192.0, 7428.0], [4548.0, 3693.0, 6732.0], [4546.0, 3837.0, 6484.0], [4545.0, 3423.0, 7149.0], [4543.0, 3620.0, 6844.0], [4543.0, 3525.0, 7013.0], [4543.0, 3445.0, 7106.0], [4540.0, 3752.0, 6627.0], [4540.0, 3638.0, 6815.0], [4539.0, 3333.0, 7176.0], [4539.0, 3311.0, 7340.0], [4539.0, 3264.0, 7344.0], [4538.0, 3463.0, 7103.0], [4537.0, 3633.0, 6829.0], [4536.0, 3595.0, 6902.0], [4536.0, 3367.0, 7218.0], [4535.0, 3649.0, 6775.0], [4534.0, 3609.0, 6849.0], [4534.0, 3269.0, 7375.0], [4532.0, 3876.0, 6389.0], [4532.0, 3701.0, 6727.0], [4532.0, 3595.0, 6916.0], [4531.0, 3641.0, 6863.0], [4529.0, 3792.0, 6492.0], [4529.0, 3646.0, 6883.0], [4528.0, 3576.0, 6967.0], [4527.0, 3549.0, 6970.0], [4527.0, 3389.0, 7197.0], [4525.0, 3702.0, 6753.0], [4525.0, 3351.0, 7228.0], [4523.0, 3763.0, 6608.0], [4523.0, 3670.0, 6792.0], [4520.0, 3747.0, 6637.0], [4519.0, 3514.0, 7083.0], [4519.0, 3229.0, 7379.0], [4518.0, 3517.0, 7031.0], [4516.0, 3694.0, 6767.0], [4516.0, 3231.0, 7427.0], [4516.0, 3015.0, 7532.0], [4515.0, 3674.0, 6797.0], [4513.0, 3719.0, 6660.0], [4513.0, 3089.0, 7548.0], [4512.0, 3804.0, 6556.0], [4512.0, 3358.0, 7220.0], [4512.0, 3162.0, 7528.0], [4510.0, 3520.0, 7033.0], [4510.0, 3507.0, 7097.0], [4510.0, 3414.0, 7158.0], [4509.0, 3446.0, 7131.0], [4508.0, 3736.0, 6646.0], [4508.0, 3733.0, 6676.0], [4508.0, 3681.0, 6793.0], [4508.0, 3639.0, 6899.0], [4508.0, 3555.0, 7041.0], [4506.0, 3752.0, 6729.0], [4506.0, 3649.0, 6850.0], [4506.0, 3281.0, 7352.0], [4505.0, 3476.0, 7122.0], [4504.0, 3390.0, 7183.0], [4504.0, 3190.0, 7460.0], [4503.0, 3703.0, 6753.0], [4501.0, 3363.0, 7271.0], [4501.0, 3322.0, 7361.0], [4500.0, 3392.0, 7211.0], [4499.0, 3724.0, 6763.0], [4499.0, 3592.0, 6954.0], [4498.0, 3450.0, 7168.0], [4497.0, 3460.0, 7151.0], [4496.0, 3689.0, 6780.0], [4495.0, 3622.0, 6912.0], [4495.0, 3349.0, 7353.0], [4494.0, 3396.0, 7269.0], [4492.0, 3782.0, 6661.0], [4491.0, 3557.0, 6992.0], [4491.0, 3465.0, 7210.0], [4490.0, 3541.0, 7045.0], [4490.0, 3232.0, 7381.0], [4490.0, 3195.0, 7443.0], [4489.0, 3828.0, 6513.0], [4489.0, 3597.0, 6975.0], [4489.0, 3235.0, 7398.0], [4488.0, 3607.0, 6985.0], [4488.0, 3089.0, 7599.0], [4487.0, 3409.0, 7245.0], [4484.0, 3656.0, 6818.0], [4482.0, 3660.0, 6841.0], [4481.0, 3562.0, 7015.0], [4480.0, 3250.0, 7380.0], [4479.0, 3064.0, 7638.0], [4478.0, 3537.0, 7073.0], [4478.0, 3242.0, 7469.0], [4477.0, 3190.0, 7512.0], [4477.0, 3100.0, 7560.0], [4476.0, 3258.0, 7399.0], [4475.0, 3292.0, 7376.0], [4474.0, 3547.0, 7048.0], [4474.0, 3479.0, 7140.0], [4473.0, 3687.0, 6798.0], [4473.0, 3620.0, 6930.0], [4473.0, 3588.0, 6987.0], [4472.0, 3767.0, 6703.0], [4472.0, 3674.0, 6804.0], [4472.0, 3568.0, 6993.0], [4471.0, 3644.0, 6885.0], [4470.0, 3750.0, 6787.0], [4469.0, 3421.0, 7237.0], [4468.0, 3811.0, 6521.0], [4468.0, 3398.0, 7262.0], [4467.0, 3830.0, 6539.0], [4467.0, 3619.0, 6945.0], [4467.0, 3498.0, 7102.0], [4467.0, 3250.0, 7453.0], [4466.0, 3794.0, 6617.0], [4466.0, 3556.0, 7062.0], [4466.0, 3262.0, 7380.0], [4466.0, 3245.0, 7500.0], [4465.0, 3841.0, 6511.0], [4465.0, 3751.0, 6801.0], [4465.0, 3425.0, 7219.0], [4464.0, 3814.0, 6543.0], [4464.0, 3108.0, 7559.0], [4463.0, 3437.0, 7307.0], [4462.0, 3833.0, 6549.0], [4462.0, 3650.0, 6905.0], [4460.0, 3632.0, 7023.0], [4460.0, 3511.0, 7095.0], [4460.0, 3284.0, 7415.0], [4458.0, 3469.0, 7187.0], [4458.0, 3204.0, 7514.0], [4455.0, 3503.0, 7167.0], [4455.0, 3359.0, 7321.0], [4453.0, 3635.0, 6969.0], [4453.0, 3484.0, 7256.0], [4452.0, 3211.0, 7534.0], [4451.0, 3384.0, 7337.0], [4450.0, 3533.0, 7120.0], [4449.0, 3788.0, 6661.0], [4449.0, 3337.0, 7373.0], [4448.0, 3664.0, 6856.0], [4448.0, 3285.0, 7393.0], [4446.0, 3698.0, 6824.0], [4445.0, 3291.0, 7426.0], [4445.0, 3260.0, 7451.0], [4444.0, 3588.0, 7024.0], [4442.0, 3339.0, 7368.0], [4440.0, 3252.0, 7457.0], [4439.0, 3817.0, 6562.0], [4439.0, 3769.0, 6715.0], [4439.0, 3684.0, 6869.0], [4438.0, 3669.0, 6922.0], [4438.0, 3309.0, 7412.0], [4437.0, 3376.0, 7384.0], [4436.0, 3860.0, 6498.0], [4436.0, 3801.0, 6665.0], [4435.0, 3558.0, 7047.0], [4433.0, 3764.0, 6738.0], [4433.0, 3658.0, 6927.0], [4433.0, 3132.0, 7697.0], [4432.0, 3704.0, 6874.0], [4431.0, 3425.0, 7329.0], [4431.0, 2947.0, 7712.0], [4429.0, 3562.0, 7027.0], [4428.0, 3879.0, 6535.0], [4428.0, 3253.0, 7479.0], [4427.0, 3772.0, 6753.0], [4426.0, 3773.0, 6675.0], [4426.0, 3138.0, 7601.0], [4425.0, 3758.0, 6767.0], [4425.0, 3566.0, 7031.0], [4425.0, 3485.0, 7177.0], [4425.0, 3406.0, 7331.0], [4424.0, 3398.0, 7354.0], [4423.0, 3579.0, 7066.0], [4423.0, 3330.0, 7404.0], [4422.0, 3640.0, 6977.0], [4420.0, 3256.0, 7486.0], [4419.0, 3562.0, 7069.0], [4419.0, 3447.0, 7264.0], [4418.0, 3488.0, 7172.0], [4417.0, 3778.0, 6673.0], [4417.0, 3267.0, 7514.0], [4416.0, 3617.0, 7026.0], [4415.0, 3596.0, 7037.0], [4415.0, 3515.0, 7126.0], [4414.0, 3734.0, 6808.0], [4413.0, 3591.0, 7094.0], [4413.0, 3324.0, 7430.0], [4413.0, 3286.0, 7446.0], [4412.0, 3714.0, 6880.0], [4412.0, 3516.0, 7202.0], [4411.0, 3685.0, 6905.0], [4411.0, 3377.0, 7380.0], [4410.0, 3802.0, 6641.0], [4410.0, 3275.0, 7530.0], [4409.0, 3285.0, 7450.0], [4406.0, 3343.0, 7387.0], [4405.0, 3715.0, 6820.0], [4405.0, 3162.0, 7639.0], [4403.0, 3773.0, 6775.0], [4403.0, 3293.0, 7447.0], [4402.0, 3534.0, 7103.0], [4401.0, 3765.0, 6840.0], [4400.0, 3458.0, 7274.0], [4400.0, 3331.0, 7391.0], [4400.0, 3209.0, 7548.0], [4399.0, 3322.0, 7437.0], [4398.0, 3854.0, 6593.0], [4398.0, 3569.0, 7131.0], [4397.0, 3544.0, 7172.0], [4397.0, 3516.0, 7218.0], [4397.0, 3366.0, 7412.0], [4397.0, 3311.0, 7439.0], [4396.0, 3722.0, 6876.0], [4396.0, 3396.0, 7377.0], [4396.0, 3189.0, 7588.0], [4395.0, 3190.0, 7568.0], [4394.0, 3308.0, 7447.0], [4393.0, 3811.0, 6615.0], [4393.0, 3606.0, 7052.0], [4393.0, 3478.0, 7262.0], [4392.0, 3602.0, 7132.0], [4392.0, 3173.0, 7601.0], [4392.0, 3024.0, 7734.0], [4388.0, 3497.0, 7234.0], [4388.0, 3488.0, 7250.0], [4387.0, 3677.0, 6937.0], [4387.0, 3431.0, 7316.0], [4386.0, 3811.0, 6778.0], [4386.0, 3354.0, 7482.0], [4386.0, 3305.0, 7529.0], [4386.0, 3091.0, 7707.0], [4385.0, 3769.0, 6812.0], [4382.0, 3850.0, 6710.0], [4381.0, 3608.0, 7033.0], [4379.0, 3883.0, 6509.0], [4379.0, 3225.0, 7531.0], [4378.0, 3640.0, 6989.0], [4378.0, 3195.0, 7552.0], [4377.0, 3670.0, 6975.0], [4375.0, 3383.0, 7390.0], [4374.0, 3642.0, 7038.0], [4374.0, 3612.0, 7114.0], [4373.0, 3439.0, 7305.0], [4373.0, 3432.0, 7356.0], [4372.0, 3381.0, 7426.0], [4372.0, 3216.0, 7546.0], [4371.0, 3729.0, 6860.0], [4369.0, 3569.0, 7210.0], [4369.0, 3466.0, 7320.0], [4369.0, 3450.0, 7326.0], [4367.0, 2887.0, 7780.0], [4366.0, 3241.0, 7596.0], [4365.0, 3729.0, 6908.0], [4365.0, 3459.0, 7323.0], [4364.0, 3662.0, 6999.0], [4364.0, 3177.0, 7687.0], [4362.0, 3472.0, 7289.0], [4362.0, 3397.0, 7366.0], [4361.0, 3782.0, 6810.0], [4361.0, 3325.0, 7485.0], [4360.0, 3755.0, 6842.0], [4360.0, 3658.0, 7059.0], [4359.0, 3103.0, 7749.0], [4358.0, 3487.0, 7283.0], [4358.0, 3310.0, 7521.0], [4357.0, 3742.0, 6863.0], [4357.0, 3520.0, 7230.0], [4355.0, 3399.0, 7394.0], [4355.0, 3366.0, 7487.0], [4354.0, 3545.0, 7243.0], [4354.0, 3228.0, 7599.0], [4353.0, 3902.0, 6389.0], [4353.0, 3716.0, 6944.0], [4351.0, 3829.0, 6738.0], [4351.0, 3277.0, 7559.0], [4350.0, 3921.0, 6525.0], [4350.0, 3449.0, 7352.0], [4349.0, 3663.0, 6980.0], [4349.0, 3421.0, 7361.0], [4349.0, 3283.0, 7559.0], [4348.0, 3435.0, 7435.0], [4347.0, 3603.0, 7166.0], [4346.0, 3296.0, 7558.0], [4345.0, 3731.0, 6890.0], [4345.0, 3676.0, 6964.0], [4344.0, 3671.0, 7005.0], [4343.0, 3241.0, 7622.0], [4342.0, 3660.0, 7017.0], [4341.0, 3039.0, 7750.0], [4340.0, 3146.0, 7736.0], [4339.0, 3870.0, 6639.0], [4339.0, 3801.0, 6809.0], [4339.0, 3260.0, 7586.0], [4338.0, 3455.0, 7348.0], [4337.0, 3615.0, 7134.0], [4337.0, 3521.0, 7270.0], [4337.0, 3440.0, 7387.0], [4336.0, 3449.0, 7375.0], [4334.0, 2977.0, 7784.0], [4333.0, 3256.0, 7632.0], [4333.0, 2984.0, 7797.0], [4332.0, 3046.0, 7767.0], [4330.0, 3854.0, 6779.0], [4330.0, 3616.0, 7090.0], [4330.0, 3342.0, 7528.0], [4329.0, 3378.0, 7546.0], [4327.0, 3074.0, 7807.0], [4326.0, 3688.0, 6997.0], [4325.0, 3777.0, 6840.0], [4325.0, 3202.0, 7640.0], [4324.0, 3820.0, 6834.0], [4324.0, 3642.0, 7077.0], [4323.0, 3522.0, 7272.0], [4323.0, 3499.0, 7299.0], [4322.0, 3723.0, 6976.0], [4322.0, 3625.0, 7128.0], [4322.0, 3564.0, 7228.0], [4322.0, 3480.0, 7301.0], [4321.0, 3178.0, 7641.0], [4319.0, 3735.0, 6927.0], [4319.0, 3530.0, 7274.0], [4319.0, 3500.0, 7280.0], [4318.0, 3648.0, 7072.0], [4318.0, 3452.0, 7356.0], [4318.0, 3201.0, 7656.0], [4317.0, 3637.0, 7092.0], [4316.0, 3517.0, 7310.0], [4316.0, 3463.0, 7369.0], [4316.0, 3264.0, 7563.0], [4315.0, 3665.0, 7148.0], [4315.0, 3404.0, 7543.0], [4314.0, 3721.0, 7046.0], [4314.0, 3580.0, 7191.0], [4314.0, 3309.0, 7558.0], [4313.0, 3604.0, 7150.0], [4313.0, 3261.0, 7595.0], [4312.0, 3751.0, 6993.0], [4312.0, 3465.0, 7325.0], [4311.0, 3225.0, 7667.0], [4309.0, 3414.0, 7467.0], [4309.0, 3002.0, 7842.0], [4308.0, 3491.0, 7327.0], [4307.0, 3446.0, 7395.0], [4306.0, 3162.0, 7693.0], [4305.0, 3506.0, 7318.0], [4303.0, 3285.0, 7560.0], [4303.0, 3221.0, 7680.0], [4302.0, 3929.0, 6397.0], [4302.0, 3157.0, 7706.0], [4301.0, 3858.0, 6700.0], [4301.0, 3540.0, 7297.0], [4301.0, 3472.0, 7336.0], [4301.0, 2907.0, 7849.0], [4300.0, 3565.0, 7234.0], [4300.0, 3546.0, 7241.0], [4300.0, 3513.0, 7336.0], [4299.0, 3279.0, 7603.0], [4299.0, 3226.0, 7708.0], [4298.0, 3367.0, 7549.0], [4298.0, 3263.0, 7652.0], [4298.0, 3087.0, 7757.0], [4297.0, 3550.0, 7266.0], [4296.0, 3569.0, 7250.0], [4296.0, 3319.0, 7605.0], [4296.0, 3158.0, 7721.0], [4294.0, 3706.0, 7088.0], [4294.0, 3435.0, 7489.0], [4294.0, 3271.0, 7611.0], [4292.0, 3530.0, 7317.0], [4289.0, 3712.0, 7054.0], [4289.0, 3587.0, 7179.0], [4289.0, 3101.0, 7791.0], [4288.0, 3879.0, 6694.0], [4288.0, 3757.0, 6916.0], [4287.0, 3754.0, 6961.0], [4287.0, 3274.0, 7632.0], [4286.0, 3622.0, 7177.0], [4286.0, 3605.0, 7229.0], [4284.0, 3503.0, 7447.0], [4283.0, 3557.0, 7331.0], [4282.0, 3778.0, 6876.0], [4281.0, 3836.0, 6816.0], [4280.0, 2971.0, 7879.0], [4279.0, 3442.0, 7500.0], [4279.0, 3248.0, 7663.0], [4279.0, 3181.0, 7721.0], [4278.0, 3322.0, 7580.0], [4277.0, 3574.0, 7299.0], [4276.0, 3686.0, 7124.0], [4276.0, 3394.0, 7568.0], [4274.0, 3231.0, 7665.0], [4273.0, 3919.0, 6696.0], [4273.0, 3514.0, 7384.0], [4273.0, 3166.0, 7750.0], [4272.0, 3450.0, 7477.0], [4271.0, 3628.0, 7219.0], [4271.0, 3581.0, 7278.0], [4271.0, 3172.0, 7752.0], [4270.0, 3938.0, 6686.0], [4270.0, 3632.0, 7221.0], [4270.0, 3369.0, 7577.0], [4270.0, 3320.0, 7599.0], [4270.0, 3221.0, 7710.0], [4270.0, 3079.0, 7800.0], [4269.0, 3346.0, 7590.0], [4269.0, 3258.0, 7675.0], [4268.0, 3797.0, 6923.0], [4265.0, 3651.0, 7155.0], [4264.0, 3215.0, 7723.0], [4262.0, 3530.0, 7473.0], [4262.0, 3308.0, 7677.0], [4262.0, 3107.0, 7804.0], [4260.0, 3405.0, 7508.0], [4260.0, 3305.0, 7686.0], [4260.0, 3211.0, 7736.0], [4258.0, 3377.0, 7580.0], [4258.0, 3219.0, 7777.0], [4258.0, 3107.0, 7808.0], [4257.0, 3469.0, 7526.0], [4256.0, 3278.0, 7748.0], [4255.0, 3601.0, 7328.0], [4255.0, 3334.0, 7629.0], [4255.0, 3035.0, 7851.0], [4252.0, 3112.0, 7784.0], [4252.0, 3025.0, 7872.0], [4248.0, 3806.0, 6863.0], [4248.0, 3702.0, 7103.0], [4248.0, 3150.0, 7782.0], [4247.0, 3624.0, 7251.0], [4246.0, 3884.0, 6757.0], [4246.0, 3554.0, 7383.0], [4246.0, 3049.0, 7890.0], [4245.0, 3630.0, 7249.0], [4243.0, 3637.0, 7235.0], [4241.0, 3139.0, 7784.0], [4241.0, 3082.0, 7812.0], [4240.0, 3693.0, 7115.0], [4239.0, 3834.0, 6850.0], [4238.0, 3678.0, 7145.0], [4238.0, 3676.0, 7193.0], [4237.0, 3731.0, 6999.0], [4237.0, 3320.0, 7647.0], [4236.0, 3473.0, 7474.0], [4236.0, 2961.0, 7892.0], [4234.0, 3148.0, 7822.0], [4230.0, 3279.0, 7697.0], [4230.0, 3112.0, 7824.0], [4228.0, 3081.0, 7848.0], [4227.0, 3388.0, 7608.0], [4227.0, 3273.0, 7771.0], [4226.0, 3783.0, 7036.0], [4226.0, 3348.0, 7637.0], [4224.0, 3840.0, 6863.0], [4224.0, 3398.0, 7553.0], [4222.0, 3946.0, 6704.0], [4222.0, 3436.0, 7529.0], [4222.0, 3076.0, 7923.0], [4219.0, 3095.0, 7868.0], [4218.0, 3796.0, 6942.0], [4218.0, 3215.0, 7786.0], [4216.0, 3680.0, 7130.0], [4215.0, 3826.0, 6969.0], [4215.0, 3163.0, 7790.0], [4215.0, 3130.0, 7826.0], [4214.0, 3500.0, 7500.0], [4213.0, 3349.0, 7713.0], [4213.0, 3209.0, 7788.0], [4211.0, 3687.0, 7139.0], [4211.0, 3356.0, 7639.0], [4210.0, 3557.0, 7343.0], [4210.0, 3470.0, 7546.0], [4210.0, 3403.0, 7602.0], [4209.0, 3234.0, 7825.0], [4208.0, 3434.0, 7555.0], [4207.0, 3372.0, 7612.0], [4205.0, 3790.0, 6993.0], [4204.0, 3703.0, 7107.0], [4204.0, 3105.0, 7829.0], [4203.0, 3568.0, 7335.0], [4202.0, 3689.0, 7145.0], [4201.0, 3829.0, 6881.0], [4201.0, 3359.0, 7648.0], [4200.0, 3121.0, 7865.0], [4200.0, 2908.0, 7973.0], [4198.0, 3740.0, 7044.0], [4198.0, 3094.0, 7937.0], [4197.0, 3742.0, 7093.0], [4197.0, 3632.0, 7261.0], [4196.0, 3646.0, 7327.0], [4196.0, 3242.0, 7774.0], [4194.0, 3393.0, 7609.0], [4193.0, 3366.0, 7619.0], [4192.0, 3417.0, 7569.0], [4189.0, 3407.0, 7623.0], [4189.0, 3138.0, 7885.0], [4188.0, 3465.0, 7550.0], [4186.0, 3540.0, 7400.0], [4186.0, 3096.0, 7944.0], [4185.0, 3816.0, 7056.0], [4185.0, 3481.0, 7519.0], [4185.0, 2796.0, 8006.0], [4184.0, 3469.0, 7566.0], [4183.0, 3345.0, 7715.0], [4183.0, 3246.0, 7828.0], [4183.0, 3166.0, 7941.0], [4182.0, 3290.0, 7727.0], [4182.0, 3150.0, 7953.0], [4181.0, 3677.0, 7231.0], [4179.0, 3948.0, 6672.0], [4179.0, 3044.0, 7964.0], [4179.0, 3002.0, 7984.0], [4178.0, 3581.0, 7329.0], [4178.0, 3557.0, 7353.0], [4178.0, 3538.0, 7457.0], [4178.0, 3374.0, 7638.0], [4177.0, 3559.0, 7345.0], [4176.0, 3463.0, 7619.0], [4176.0, 3366.0, 7710.0], [4174.0, 3661.0, 7329.0], [4174.0, 3644.0, 7345.0], [4174.0, 3306.0, 7791.0], [4172.0, 3683.0, 7151.0], [4171.0, 3883.0, 6863.0], [4170.0, 3556.0, 7431.0], [4167.0, 3709.0, 7150.0], [4167.0, 3434.0, 7649.0], [4166.0, 3746.0, 7074.0], [4165.0, 3724.0, 7177.0], [4165.0, 3618.0, 7366.0], [4160.0, 3198.0, 7884.0], [4159.0, 3036.0, 7973.0], [4158.0, 3584.0, 7397.0], [4158.0, 3094.0, 7958.0], [4157.0, 3560.0, 7449.0], [4156.0, 3481.0, 7525.0], [4155.0, 3763.0, 7117.0], [4155.0, 3682.0, 7186.0], [4155.0, 3190.0, 7923.0], [4155.0, 3057.0, 7966.0], [4153.0, 3393.0, 7704.0], [4153.0, 3271.0, 7793.0], [4152.0, 3355.0, 7722.0], [4151.0, 3329.0, 7759.0], [4151.0, 2893.0, 8169.0], [4149.0, 3519.0, 7536.0], [4149.0, 3278.0, 7816.0], [4148.0, 3475.0, 7539.0], [4145.0, 3750.0, 7121.0], [4145.0, 3690.0, 7191.0], [4145.0, 3232.0, 7852.0], [4144.0, 3700.0, 7246.0], [4144.0, 3289.0, 7822.0], [4142.0, 3577.0, 7446.0], [4142.0, 3111.0, 7979.0], [4141.0, 3756.0, 7126.0], [4139.0, 3672.0, 7300.0], [4139.0, 3437.0, 7640.0], [4138.0, 3472.0, 7548.0], [4138.0, 3448.0, 7629.0], [4136.0, 3533.0, 7553.0], [4136.0, 2930.0, 8011.0], [4134.0, 3595.0, 7394.0], [4133.0, 3914.0, 6845.0], [4132.0, 3315.0, 7768.0], [4132.0, 3066.0, 7980.0], [4130.0, 3614.0, 7396.0], [4129.0, 3730.0, 7184.0], [4129.0, 3329.0, 7793.0], [4129.0, 2969.0, 8100.0], [4127.0, 3332.0, 7761.0], [4127.0, 3223.0, 7889.0], [4127.0, 3040.0, 8006.0], [4125.0, 3606.0, 7406.0], [4124.0, 3336.0, 7736.0], [4122.0, 3186.0, 7952.0], [4118.0, 3540.0, 7522.0], [4118.0, 3234.0, 7869.0], [4116.0, 3224.0, 7887.0], [4115.0, 3689.0, 7254.0], [4115.0, 3302.0, 7816.0], [4112.0, 3750.0, 7150.0], [4112.0, 3306.0, 7809.0], [4112.0, 3025.0, 8024.0], [4111.0, 3398.0, 7704.0], [4107.0, 3651.0, 7332.0], [4107.0, 3274.0, 7826.0], [4106.0, 3767.0, 7091.0], [4106.0, 3157.0, 7993.0], [4105.0, 3383.0, 7766.0], [4103.0, 3736.0, 7170.0], [4102.0, 3237.0, 7890.0], [4102.0, 3232.0, 7896.0], [4101.0, 3881.0, 6969.0], [4100.0, 3421.0, 7658.0], [4100.0, 3409.0, 7726.0], [4100.0, 2988.0, 8047.0], [4098.0, 3649.0, 7340.0], [4098.0, 3436.0, 7668.0], [4098.0, 3252.0, 7898.0], [4094.0, 3112.0, 8016.0], [4093.0, 3572.0, 7490.0], [4093.0, 3494.0, 7571.0], [4091.0, 3673.0, 7318.0], [4091.0, 3210.0, 7937.0], [4090.0, 3230.0, 7963.0], [4087.0, 3297.0, 7919.0], [4087.0, 3169.0, 7983.0], [4086.0, 3461.0, 7653.0], [4085.0, 3711.0, 7187.0], [4084.0, 3699.0, 7315.0], [4084.0, 3498.0, 7637.0], [4082.0, 3034.0, 8058.0], [4080.0, 3306.0, 7821.0], [4079.0, 3330.0, 7851.0], [4078.0, 3593.0, 7495.0], [4077.0, 3406.0, 7778.0], [4074.0, 2967.0, 8117.0], [4072.0, 3787.0, 7199.0], [4072.0, 3613.0, 7404.0], [4070.0, 3070.0, 8021.0], [4069.0, 3409.0, 7745.0], [4069.0, 3331.0, 7833.0], [4069.0, 3169.0, 8058.0], [4065.0, 3549.0, 7528.0], [4064.0, 3265.0, 7945.0], [4063.0, 3431.0, 7682.0], [4063.0, 2942.0, 8120.0], [4062.0, 3380.0, 7798.0], [4061.0, 3107.0, 8086.0], [4060.0, 3909.0, 6871.0], [4059.0, 3284.0, 7957.0], [4057.0, 3406.0, 7846.0], [4057.0, 3139.0, 8099.0], [4056.0, 3597.0, 7433.0], [4051.0, 3472.0, 7654.0], [4049.0, 3442.0, 7696.0], [4049.0, 3211.0, 7970.0], [4048.0, 3410.0, 7784.0], [4048.0, 3245.0, 8059.0], [4047.0, 3443.0, 7698.0], [4045.0, 3423.0, 7719.0], [4031.0, 3472.0, 7722.0], [4031.0, 3289.0, 8006.0], [4030.0, 3729.0, 7208.0], [4025.0, 3074.0, 8110.0], [4025.0, 3022.0, 8222.0], [4021.0, 3522.0, 7607.0], [4021.0, 3375.0, 7855.0], [4020.0, 3531.0, 7610.0], [4020.0, 3438.0, 7736.0], [4018.0, 3107.0, 8130.0], [4009.0, 3177.0, 8082.0], [4008.0, 3484.0, 7724.0], [4005.0, 3596.0, 7532.0], [4004.0, 3122.0, 8141.0], [4004.0, 3109.0, 8147.0], [3999.0, 3589.0, 7535.0], [3988.0, 3495.0, 7659.0], [3988.0, 3436.0, 7782.0], [3988.0, 3289.0, 8050.0], [3985.0, 3524.0, 7614.0], [3984.0, 3213.0, 8096.0], [3982.0, 3123.0, 8125.0], [3982.0, 3055.0, 8168.0], [3980.0, 3318.0, 7869.0], [3979.0, 3723.0, 7320.0], [3977.0, 3444.0, 7822.0], [3977.0, 3164.0, 8097.0], [3975.0, 3344.0, 7917.0], [3974.0, 3535.0, 7614.0], [3970.0, 3674.0, 7404.0], [3970.0, 3121.0, 8218.0], [3967.0, 3124.0, 8106.0], [3966.0, 3505.0, 7624.0], [3965.0, 3337.0, 7975.0], [3961.0, 3459.0, 7848.0], [3960.0, 3623.0, 7582.0], [3954.0, 3229.0, 8101.0], [3952.0, 3423.0, 7926.0], [3946.0, 3554.0, 7625.0], [3946.0, 3313.0, 8020.0], [3944.0, 3468.0, 7766.0], [3940.0, 3274.0, 8053.0], [3925.0, 3096.0, 8260.0], [3921.0, 3149.0, 8187.0], [3917.0, 3401.0, 7938.0], [3917.0, 3266.0, 8144.0], [3898.0, 3799.0, 7098.0], [3898.0, 3190.0, 8168.0], [3898.0, 2916.0, 8270.0], [3892.0, 3467.0, 7917.0], [3890.0, 3360.0, 8052.0], [3889.0, 3524.0, 7640.0], [3889.0, 3493.0, 7810.0], [3884.0, 3217.0, 8159.0], [3877.0, 3375.0, 7948.0], [3869.0, 3403.0, 7947.0], [3864.0, 3503.0, 7689.0], [3858.0, 3173.0, 8289.0], [3823.0, 3535.0, 7653.0], [3799.0, 3274.0, 8089.0], [3797.0, 3132.0, 8353.0], [3793.0, 3594.0, 7590.0], [3779.0, 3579.0, 7734.0], [3759.0, 3529.0, 7759.0], [3758.0, 3631.0, 7552.0], [3757.0, 3512.0, 7765.0], [3743.0, 3590.0, 7715.0], [3740.0, 3371.0, 7992.0], [3732.0, 3659.0, 7458.0], [3727.0, 3181.0, 8246.0], [3712.0, 3647.0, 7520.0], [3573.0, 3725.0, 7212.0]]
