160 2425
82 81 1.000000
83 81 1.000000
83 82 1.000000
84 81 1.000000
84 82 1.000000
84 83 1.000000
85 81 1.000000
85 82 1.000000
85 83 1.000000
85 84 1.000000
86 83 1.000000
86 84 1.000000
86 85 1.000000
87 83 1.000000
87 84 1.000000
87 85 1.000000
87 86 1.000000
88 83 1.000000
88 84 1.000000
88 85 1.000000
88 86 1.000000
88 87 1.000000
89 83 1.000000
89 84 1.000000
89 85 1.000000
89 86 1.000000
89 87 1.000000
89 88 1.000000
90 83 1.000000
90 84 1.000000
90 85 1.000000
90 86 1.000000
90 87 1.000000
90 88 1.000000
90 89 1.000000
91 83 1.000000
91 84 1.000000
91 85 1.000000
91 86 1.000000
91 87 1.000000
91 88 1.000000
91 89 1.000000
91 90 1.000000
92 83 1.000000
92 84 1.000000
92 85 1.000000
92 86 1.000000
92 87 1.000000
92 88 1.000000
92 89 1.000000
92 90 1.000000
92 91 1.000000
93 83 1.000000
93 84 1.000000
93 85 1.000000
93 86 1.000000
93 87 1.000000
93 88 1.000000
93 89 1.000000
93 90 1.000000
93 91 1.000000
93 92 1.000000
94 83 1.000000
94 84 1.000000
94 85 1.000000
94 86 1.000000
94 87 1.000000
94 88 1.000000
94 89 1.000000
94 90 1.000000
94 91 1.000000
94 92 1.000000
94 93 1.000000
95 83 1.000000
95 84 1.000000
95 85 1.000000
95 86 1.000000
95 87 1.000000
95 88 1.000000
95 89 1.000000
95 90 1.000000
95 91 1.000000
95 92 1.000000
95 93 1.000000
95 94 1.000000
96 83 1.000000
96 84 1.000000
96 85 1.000000
96 86 1.000000
96 87 1.000000
96 88 1.000000
96 89 1.000000
96 90 1.000000
96 91 1.000000
96 92 1.000000
96 93 1.000000
96 94 1.000000
96 95 1.000000
97 83 1.000000
97 84 1.000000
97 85 1.000000
97 86 1.000000
97 87 1.000000
97 88 1.000000
97 89 1.000000
97 90 1.000000
97 91 1.000000
97 92 1.000000
97 93 1.000000
97 94 1.000000
97 95 1.000000
97 96 1.000000
98 83 1.000000
98 84 1.000000
98 85 1.000000
98 86 1.000000
98 87 1.000000
98 88 1.000000
98 89 1.000000
98 90 1.000000
98 91 1.000000
98 92 1.000000
98 93 1.000000
98 94 1.000000
98 95 1.000000
98 96 1.000000
98 97 1.000000
99 83 1.000000
99 84 1.000000
99 85 1.000000
99 86 1.000000
99 87 1.000000
99 88 1.000000
99 89 1.000000
99 90 1.000000
99 91 1.000000
99 92 1.000000
99 93 1.000000
99 94 1.000000
99 95 1.000000
99 96 1.000000
99 97 1.000000
99 98 1.000000
21 20 1.000000
50 20 1.000000
80 81 1.000000
80 82 1.000000
125 20 1.000000
3 2 1.000000
3 4 1.000000
3 6 1.000000
3 8 1.000000
3 12 1.000000
3 14 1.000000
3 16 1.000000
3 18 1.000000
3 23 1.000000
3 21 1.000000
3 27 1.000000
3 29 1.000000
3 33 1.000000
3 39 1.000000
3 42 1.000000
3 46 1.000000
3 48 1.000000
3 54 1.000000
3 55 1.000000
3 56 1.000000
3 57 1.000000
3 59 1.000000
3 61 1.000000
3 63 1.000000
3 66 1.000000
3 67 1.000000
3 68 1.000000
3 70 1.000000
3 71 1.000000
3 72 1.000000
3 73 1.000000
3 74 1.000000
3 75 1.000000
3 76 1.000000
3 78 1.000000
3 79 1.000000
3 80 1.000000
3 114 1.000000
3 115 1.000000
3 118 1.000000
3 119 1.000000
3 120 1.000000
3 121 1.000000
3 126 1.000000
3 127 1.000000
3 128 1.000000
3 130 1.000000
3 132 1.000000
3 133 1.000000
3 134 1.000000
3 135 1.000000
140 3 1.000000
100 83 1.000000
100 84 1.000000
100 85 1.000000
100 86 1.000000
100 87 1.000000
100 88 1.000000
100 89 1.000000
100 90 1.000000
100 91 1.000000
100 92 1.000000
100 93 1.000000
100 94 1.000000
100 95 1.000000
100 96 1.000000
100 97 1.000000
100 98 1.000000
100 99 1.000000
100 3 1.000000
143 3 1.000000
117 20 1.000000
117 3 1.000000
144 3 1.000000
145 3 1.000000
147 3 1.000000
149 3 1.000000
151 3 1.000000
152 3 1.000000
153 3 1.000000
155 3 1.000000
156 3 1.000000
122 121 1.000000
122 123 1.000000
122 124 1.000000
5 2 1.000000
5 4 1.000000
5 6 1.000000
5 8 1.000000
5 10 1.000000
5 12 1.000000
5 14 1.000000
5 16 1.000000
5 18 1.000000
5 23 1.000000
5 25 1.000000
5 21 1.000000
5 27 1.000000
5 29 1.000000
5 31 1.000000
5 33 1.000000
5 35 1.000000
5 37 1.000000
5 39 1.000000
5 41 1.000000
5 42 1.000000
5 43 1.000000
5 44 1.000000
5 45 1.000000
5 46 1.000000
5 47 1.000000
5 48 1.000000
5 49 1.000000
5 50 1.000000
5 51 1.000000
5 52 1.000000
5 53 1.000000
5 54 1.000000
5 55 1.000000
5 56 1.000000
5 57 1.000000
5 58 1.000000
5 59 1.000000
5 60 1.000000
5 61 1.000000
5 62 1.000000
5 63 1.000000
5 64 1.000000
5 65 1.000000
5 66 1.000000
5 67 1.000000
5 68 1.000000
5 69 1.000000
5 70 1.000000
5 71 1.000000
5 72 1.000000
5 73 1.000000
5 74 1.000000
5 75 1.000000
5 76 1.000000
5 77 1.000000
5 78 1.000000
5 79 1.000000
5 80 1.000000
5 113 1.000000
5 114 1.000000
5 118 1.000000
5 119 1.000000
5 120 1.000000
5 121 1.000000
5 125 1.000000
5 126 1.000000
5 127 1.000000
5 128 1.000000
5 129 1.000000
5 130 1.000000
5 131 1.000000
5 132 1.000000
5 133 1.000000
5 134 1.000000
5 135 1.000000
5 136 1.000000
5 137 1.000000
5 138 1.000000
5 139 1.000000
5 140 1.000000
5 100 1.000000
5 141 1.000000
5 142 1.000000
5 143 1.000000
5 117 1.000000
5 144 1.000000
5 145 1.000000
5 146 1.000000
5 147 1.000000
5 148 1.000000
5 149 1.000000
5 150 1.000000
5 151 1.000000
5 152 1.000000
5 153 1.000000
5 154 1.000000
5 155 1.000000
5 156 1.000000
7 2 1.000000
7 4 1.000000
7 6 1.000000
7 8 1.000000
7 10 1.000000
7 12 1.000000
7 14 1.000000
7 16 1.000000
7 18 1.000000
7 23 1.000000
7 25 1.000000
7 27 1.000000
7 29 1.000000
7 31 1.000000
7 33 1.000000
7 35 1.000000
7 37 1.000000
7 39 1.000000
7 41 1.000000
7 42 1.000000
7 43 1.000000
7 44 1.000000
7 45 1.000000
7 46 1.000000
7 47 1.000000
7 48 1.000000
7 49 1.000000
7 50 1.000000
7 51 1.000000
7 52 1.000000
7 53 1.000000
7 54 1.000000
7 55 1.000000
7 56 1.000000
7 57 1.000000
7 58 1.000000
7 59 1.000000
7 60 1.000000
7 61 1.000000
7 62 1.000000
7 63 1.000000
7 64 1.000000
7 65 1.000000
7 66 1.000000
7 67 1.000000
7 68 1.000000
7 69 1.000000
7 70 1.000000
7 71 1.000000
7 72 1.000000
7 73 1.000000
7 74 1.000000
7 75 1.000000
7 76 1.000000
7 77 1.000000
7 78 1.000000
7 79 1.000000
7 80 1.000000
7 113 1.000000
7 114 1.000000
7 115 1.000000
7 118 1.000000
7 119 1.000000
7 120 1.000000
7 121 1.000000
7 125 1.000000
7 126 1.000000
7 127 1.000000
7 128 1.000000
7 129 1.000000
7 130 1.000000
7 131 1.000000
7 132 1.000000
7 133 1.000000
7 134 1.000000
7 135 1.000000
7 136 1.000000
7 137 1.000000
7 138 1.000000
7 139 1.000000
7 123 1.000000
7 140 1.000000
7 100 1.000000
7 141 1.000000
7 142 1.000000
7 143 1.000000
7 117 1.000000
7 144 1.000000
7 145 1.000000
7 146 1.000000
7 147 1.000000
7 148 1.000000
7 149 1.000000
7 124 1.000000
7 150 1.000000
7 151 1.000000
7 152 1.000000
7 153 1.000000
7 154 1.000000
7 155 1.000000
7 156 1.000000
9 2 1.000000
9 4 1.000000
9 6 1.000000
9 8 1.000000
9 10 1.000000
9 12 1.000000
9 14 1.000000
9 16 1.000000
9 18 1.000000
9 23 1.000000
9 25 1.000000
9 21 1.000000
9 27 1.000000
9 29 1.000000
9 31 1.000000
9 33 1.000000
9 35 1.000000
9 37 1.000000
9 39 1.000000
9 41 1.000000
9 42 1.000000
9 43 1.000000
9 44 1.000000
9 45 1.000000
9 46 1.000000
9 47 1.000000
9 48 1.000000
9 49 1.000000
9 50 1.000000
9 51 1.000000
9 52 1.000000
9 53 1.000000
9 54 1.000000
9 55 1.000000
9 56 1.000000
9 57 1.000000
9 58 1.000000
9 59 1.000000
9 60 1.000000
9 61 1.000000
9 62 1.000000
9 63 1.000000
9 64 1.000000
9 65 1.000000
9 66 1.000000
9 67 1.000000
9 68 1.000000
9 69 1.000000
9 70 1.000000
9 71 1.000000
9 72 1.000000
9 73 1.000000
9 74 1.000000
9 75 1.000000
9 76 1.000000
9 77 1.000000
9 78 1.000000
9 79 1.000000
9 80 1.000000
9 113 1.000000
9 114 1.000000
9 115 1.000000
9 118 1.000000
9 119 1.000000
9 120 1.000000
9 121 1.000000
9 125 1.000000
9 126 1.000000
9 127 1.000000
9 128 1.000000
9 129 1.000000
9 130 1.000000
9 131 1.000000
9 132 1.000000
9 133 1.000000
9 134 1.000000
9 135 1.000000
9 136 1.000000
9 137 1.000000
9 138 1.000000
9 139 1.000000
9 140 1.000000
9 100 1.000000
9 141 1.000000
9 142 1.000000
9 143 1.000000
9 117 1.000000
9 144 1.000000
9 145 1.000000
9 146 1.000000
9 147 1.000000
9 148 1.000000
9 149 1.000000
9 150 1.000000
9 151 1.000000
9 152 1.000000
9 153 1.000000
9 154 1.000000
9 155 1.000000
9 156 1.000000
160 2 1.000000
160 4 1.000000
160 6 1.000000
160 8 1.000000
160 10 1.000000
160 12 1.000000
160 14 1.000000
160 16 1.000000
160 18 1.000000
160 23 1.000000
160 25 1.000000
160 21 1.000000
160 27 1.000000
160 29 1.000000
160 31 1.000000
160 33 1.000000
160 35 1.000000
160 37 1.000000
160 39 1.000000
160 41 1.000000
160 42 1.000000
160 43 1.000000
160 44 1.000000
160 45 1.000000
160 46 1.000000
160 47 1.000000
160 48 1.000000
160 49 1.000000
160 50 1.000000
160 51 1.000000
160 52 1.000000
160 53 1.000000
160 54 1.000000
160 55 1.000000
160 56 1.000000
160 57 1.000000
160 58 1.000000
160 59 1.000000
160 60 1.000000
160 61 1.000000
160 62 1.000000
160 63 1.000000
160 64 1.000000
160 65 1.000000
160 66 1.000000
160 67 1.000000
160 68 1.000000
160 69 1.000000
160 70 1.000000
160 71 1.000000
160 72 1.000000
160 73 1.000000
160 74 1.000000
160 75 1.000000
160 76 1.000000
160 77 1.000000
160 78 1.000000
160 79 1.000000
160 80 1.000000
160 113 1.000000
160 114 1.000000
160 115 1.000000
160 118 1.000000
160 119 1.000000
160 120 1.000000
160 121 1.000000
160 125 1.000000
160 126 1.000000
160 127 1.000000
160 128 1.000000
160 129 1.000000
160 130 1.000000
160 131 1.000000
160 132 1.000000
160 133 1.000000
160 134 1.000000
160 135 1.000000
160 136 1.000000
160 137 1.000000
160 138 1.000000
160 139 1.000000
160 123 1.000000
160 140 1.000000
160 100 1.000000
160 141 1.000000
160 142 1.000000
160 143 1.000000
160 117 1.000000
160 144 1.000000
160 145 1.000000
160 146 1.000000
160 147 1.000000
160 148 1.000000
160 149 1.000000
160 124 1.000000
160 150 1.000000
160 151 1.000000
160 152 1.000000
160 153 1.000000
160 154 1.000000
160 155 1.000000
160 156 1.000000
1 160 1.000000
1 159 1.000000
11 2 1.000000
11 4 1.000000
11 6 1.000000
11 8 1.000000
11 10 1.000000
11 12 1.000000
11 14 1.000000
11 16 1.000000
11 18 1.000000
11 23 1.000000
11 25 1.000000
11 21 1.000000
11 27 1.000000
11 29 1.000000
11 31 1.000000
11 33 1.000000
11 35 1.000000
11 37 1.000000
11 39 1.000000
11 41 1.000000
11 42 1.000000
11 43 1.000000
11 44 1.000000
11 45 1.000000
11 46 1.000000
11 47 1.000000
11 48 1.000000
11 49 1.000000
11 50 1.000000
11 51 1.000000
11 52 1.000000
11 53 1.000000
11 54 1.000000
11 55 1.000000
11 56 1.000000
11 57 1.000000
11 58 1.000000
11 59 1.000000
11 60 1.000000
11 61 1.000000
11 62 1.000000
11 63 1.000000
11 64 1.000000
11 65 1.000000
11 66 1.000000
11 67 1.000000
11 68 1.000000
11 69 1.000000
11 70 1.000000
11 71 1.000000
11 72 1.000000
11 73 1.000000
11 74 1.000000
11 75 1.000000
11 76 1.000000
11 77 1.000000
11 78 1.000000
11 79 1.000000
11 80 1.000000
11 113 1.000000
11 114 1.000000
11 115 1.000000
11 118 1.000000
11 119 1.000000
11 120 1.000000
11 121 1.000000
11 125 1.000000
11 126 1.000000
11 127 1.000000
11 128 1.000000
11 129 1.000000
11 130 1.000000
11 131 1.000000
11 132 1.000000
11 133 1.000000
11 134 1.000000
11 135 1.000000
11 136 1.000000
11 137 1.000000
11 138 1.000000
11 139 1.000000
11 123 1.000000
11 140 1.000000
11 100 1.000000
11 141 1.000000
11 142 1.000000
11 143 1.000000
11 117 1.000000
11 144 1.000000
11 145 1.000000
11 146 1.000000
11 147 1.000000
11 148 1.000000
11 149 1.000000
11 124 1.000000
11 150 1.000000
11 151 1.000000
11 152 1.000000
11 153 1.000000
11 154 1.000000
11 155 1.000000
11 156 1.000000
11 160 1.000000
11 159 1.000000
11 1 1.000000
13 2 1.000000
13 4 1.000000
13 6 1.000000
13 8 1.000000
13 10 1.000000
13 12 1.000000
13 14 1.000000
13 16 1.000000
13 18 1.000000
13 23 1.000000
13 25 1.000000
13 21 1.000000
13 27 1.000000
13 29 1.000000
13 31 1.000000
13 33 1.000000
13 35 1.000000
13 37 1.000000
13 39 1.000000
13 41 1.000000
13 42 1.000000
13 43 1.000000
13 44 1.000000
13 45 1.000000
13 46 1.000000
13 47 1.000000
13 48 1.000000
13 49 1.000000
13 50 1.000000
13 51 1.000000
13 52 1.000000
13 53 1.000000
13 54 1.000000
13 55 1.000000
13 56 1.000000
13 57 1.000000
13 58 1.000000
13 59 1.000000
13 60 1.000000
13 61 1.000000
13 62 1.000000
13 63 1.000000
13 64 1.000000
13 65 1.000000
13 66 1.000000
13 67 1.000000
13 68 1.000000
13 69 1.000000
13 70 1.000000
13 71 1.000000
13 72 1.000000
13 73 1.000000
13 74 1.000000
13 75 1.000000
13 76 1.000000
13 77 1.000000
13 78 1.000000
13 79 1.000000
13 80 1.000000
13 113 1.000000
13 114 1.000000
13 115 1.000000
13 118 1.000000
13 119 1.000000
13 120 1.000000
13 121 1.000000
13 125 1.000000
13 126 1.000000
13 127 1.000000
13 128 1.000000
13 129 1.000000
13 130 1.000000
13 131 1.000000
13 132 1.000000
13 133 1.000000
13 134 1.000000
13 135 1.000000
13 136 1.000000
13 137 1.000000
13 138 1.000000
13 139 1.000000
13 123 1.000000
13 140 1.000000
13 100 1.000000
13 141 1.000000
13 142 1.000000
13 143 1.000000
13 117 1.000000
13 144 1.000000
13 145 1.000000
13 146 1.000000
13 147 1.000000
13 148 1.000000
13 149 1.000000
13 124 1.000000
13 150 1.000000
13 151 1.000000
13 152 1.000000
13 153 1.000000
13 154 1.000000
13 155 1.000000
13 156 1.000000
13 160 1.000000
15 2 1.000000
15 4 1.000000
15 6 1.000000
15 8 1.000000
15 10 1.000000
15 12 1.000000
15 14 1.000000
15 16 1.000000
15 18 1.000000
15 23 1.000000
15 25 1.000000
15 21 1.000000
15 27 1.000000
15 29 1.000000
15 31 1.000000
15 33 1.000000
15 35 1.000000
15 37 1.000000
15 39 1.000000
15 41 1.000000
15 42 1.000000
15 43 1.000000
15 44 1.000000
15 45 1.000000
15 46 1.000000
15 47 1.000000
15 48 1.000000
15 49 1.000000
15 50 1.000000
15 51 1.000000
15 52 1.000000
15 53 1.000000
15 54 1.000000
15 55 1.000000
15 56 1.000000
15 57 1.000000
15 58 1.000000
15 59 1.000000
15 60 1.000000
15 61 1.000000
15 62 1.000000
15 63 1.000000
15 64 1.000000
15 65 1.000000
15 66 1.000000
15 67 1.000000
15 68 1.000000
15 69 1.000000
15 70 1.000000
15 71 1.000000
15 72 1.000000
15 73 1.000000
15 74 1.000000
15 75 1.000000
15 76 1.000000
15 77 1.000000
15 78 1.000000
15 79 1.000000
15 80 1.000000
15 113 1.000000
15 114 1.000000
15 115 1.000000
15 118 1.000000
15 119 1.000000
15 120 1.000000
15 121 1.000000
15 125 1.000000
15 126 1.000000
15 127 1.000000
15 128 1.000000
15 129 1.000000
15 130 1.000000
15 131 1.000000
15 132 1.000000
15 133 1.000000
15 134 1.000000
15 135 1.000000
15 136 1.000000
15 137 1.000000
15 138 1.000000
15 139 1.000000
15 123 1.000000
15 140 1.000000
15 100 1.000000
15 141 1.000000
15 142 1.000000
15 143 1.000000
15 117 1.000000
15 144 1.000000
15 145 1.000000
15 146 1.000000
15 147 1.000000
15 148 1.000000
15 149 1.000000
15 124 1.000000
15 150 1.000000
15 151 1.000000
15 152 1.000000
15 153 1.000000
15 154 1.000000
15 155 1.000000
15 156 1.000000
15 160 1.000000
15 13 1.000000
17 2 1.000000
17 4 1.000000
17 6 1.000000
17 8 1.000000
17 10 1.000000
17 12 1.000000
17 14 1.000000
17 16 1.000000
17 18 1.000000
17 23 1.000000
17 25 1.000000
17 21 1.000000
17 27 1.000000
17 29 1.000000
17 31 1.000000
17 33 1.000000
17 35 1.000000
17 37 1.000000
17 39 1.000000
17 41 1.000000
17 42 1.000000
17 43 1.000000
17 44 1.000000
17 45 1.000000
17 46 1.000000
17 47 1.000000
17 48 1.000000
17 49 1.000000
17 50 1.000000
17 51 1.000000
17 52 1.000000
17 53 1.000000
17 54 1.000000
17 55 1.000000
17 56 1.000000
17 57 1.000000
17 58 1.000000
17 59 1.000000
17 60 1.000000
17 61 1.000000
17 62 1.000000
17 63 1.000000
17 64 1.000000
17 65 1.000000
17 66 1.000000
17 67 1.000000
17 68 1.000000
17 69 1.000000
17 70 1.000000
17 71 1.000000
17 72 1.000000
17 73 1.000000
17 74 1.000000
17 75 1.000000
17 76 1.000000
17 77 1.000000
17 78 1.000000
17 79 1.000000
17 80 1.000000
17 113 1.000000
17 114 1.000000
17 115 1.000000
17 118 1.000000
17 119 1.000000
17 120 1.000000
17 121 1.000000
17 125 1.000000
17 126 1.000000
17 127 1.000000
17 128 1.000000
17 129 1.000000
17 130 1.000000
17 131 1.000000
17 132 1.000000
17 133 1.000000
17 134 1.000000
17 135 1.000000
17 136 1.000000
17 137 1.000000
17 138 1.000000
17 139 1.000000
17 123 1.000000
17 140 1.000000
17 100 1.000000
17 141 1.000000
17 142 1.000000
17 143 1.000000
17 117 1.000000
17 144 1.000000
17 145 1.000000
17 146 1.000000
17 147 1.000000
17 148 1.000000
17 149 1.000000
17 124 1.000000
17 150 1.000000
17 151 1.000000
17 152 1.000000
17 153 1.000000
17 154 1.000000
17 155 1.000000
17 156 1.000000
17 160 1.000000
17 13 1.000000
17 15 1.000000
19 20 1.000000
19 2 1.000000
19 4 1.000000
19 6 1.000000
19 8 1.000000
19 10 1.000000
19 12 1.000000
19 14 1.000000
19 16 1.000000
19 18 1.000000
19 23 1.000000
19 25 1.000000
19 21 1.000000
19 27 1.000000
19 29 1.000000
19 31 1.000000
19 33 1.000000
19 35 1.000000
19 37 1.000000
19 39 1.000000
19 41 1.000000
19 42 1.000000
19 43 1.000000
19 44 1.000000
19 45 1.000000
19 46 1.000000
19 47 1.000000
19 48 1.000000
19 49 1.000000
19 50 1.000000
19 51 1.000000
19 52 1.000000
19 53 1.000000
19 54 1.000000
19 55 1.000000
19 56 1.000000
19 57 1.000000
19 58 1.000000
19 59 1.000000
19 60 1.000000
19 61 1.000000
19 62 1.000000
19 63 1.000000
19 64 1.000000
19 65 1.000000
19 66 1.000000
19 67 1.000000
19 68 1.000000
19 69 1.000000
19 70 1.000000
19 71 1.000000
19 72 1.000000
19 73 1.000000
19 74 1.000000
19 75 1.000000
19 76 1.000000
19 77 1.000000
19 78 1.000000
19 79 1.000000
19 80 1.000000
19 113 1.000000
19 114 1.000000
19 115 1.000000
19 118 1.000000
19 119 1.000000
19 120 1.000000
19 121 1.000000
19 125 1.000000
19 126 1.000000
19 127 1.000000
19 128 1.000000
19 129 1.000000
19 130 1.000000
19 131 1.000000
19 132 1.000000
19 133 1.000000
19 134 1.000000
19 135 1.000000
19 136 1.000000
19 137 1.000000
19 138 1.000000
19 139 1.000000
19 123 1.000000
19 3 1.000000
19 140 1.000000
19 100 1.000000
19 141 1.000000
19 142 1.000000
19 143 1.000000
19 117 1.000000
19 144 1.000000
19 145 1.000000
19 146 1.000000
19 147 1.000000
19 148 1.000000
19 149 1.000000
19 124 1.000000
19 150 1.000000
19 151 1.000000
19 152 1.000000
19 153 1.000000
19 154 1.000000
19 155 1.000000
19 156 1.000000
19 122 1.000000
19 5 1.000000
19 7 1.000000
19 9 1.000000
19 160 1.000000
19 13 1.000000
19 15 1.000000
19 17 1.000000
22 2 1.000000
22 4 1.000000
22 6 1.000000
22 8 1.000000
22 10 1.000000
22 12 1.000000
22 14 1.000000
22 16 1.000000
22 18 1.000000
22 23 1.000000
22 25 1.000000
22 21 1.000000
22 27 1.000000
22 29 1.000000
22 31 1.000000
22 33 1.000000
22 35 1.000000
22 37 1.000000
22 39 1.000000
22 41 1.000000
22 42 1.000000
22 43 1.000000
22 44 1.000000
22 45 1.000000
22 46 1.000000
22 47 1.000000
22 48 1.000000
22 49 1.000000
22 50 1.000000
22 51 1.000000
22 52 1.000000
22 53 1.000000
22 54 1.000000
22 55 1.000000
22 56 1.000000
22 57 1.000000
22 58 1.000000
22 59 1.000000
22 60 1.000000
22 61 1.000000
22 62 1.000000
22 63 1.000000
22 64 1.000000
22 65 1.000000
22 66 1.000000
22 67 1.000000
22 68 1.000000
22 69 1.000000
22 70 1.000000
22 71 1.000000
22 72 1.000000
22 73 1.000000
22 74 1.000000
22 75 1.000000
22 76 1.000000
22 77 1.000000
22 78 1.000000
22 79 1.000000
22 80 1.000000
22 113 1.000000
22 114 1.000000
22 115 1.000000
22 118 1.000000
22 119 1.000000
22 120 1.000000
22 121 1.000000
22 125 1.000000
22 126 1.000000
22 127 1.000000
22 128 1.000000
22 129 1.000000
22 130 1.000000
22 131 1.000000
22 132 1.000000
22 133 1.000000
22 134 1.000000
22 135 1.000000
22 136 1.000000
22 137 1.000000
22 138 1.000000
22 139 1.000000
22 123 1.000000
22 140 1.000000
22 100 1.000000
22 141 1.000000
22 142 1.000000
22 143 1.000000
22 117 1.000000
22 144 1.000000
22 145 1.000000
22 146 1.000000
22 147 1.000000
22 148 1.000000
22 149 1.000000
22 124 1.000000
22 150 1.000000
22 151 1.000000
22 152 1.000000
22 153 1.000000
22 154 1.000000
22 155 1.000000
22 156 1.000000
22 160 1.000000
22 13 1.000000
22 15 1.000000
22 17 1.000000
22 19 1.000000
24 2 1.000000
24 4 1.000000
24 6 1.000000
24 8 1.000000
24 10 1.000000
24 12 1.000000
24 14 1.000000
24 16 1.000000
24 18 1.000000
24 23 1.000000
24 25 1.000000
24 21 1.000000
24 27 1.000000
24 29 1.000000
24 31 1.000000
24 33 1.000000
24 35 1.000000
24 37 1.000000
24 39 1.000000
24 41 1.000000
24 42 1.000000
24 43 1.000000
24 44 1.000000
24 45 1.000000
24 46 1.000000
24 47 1.000000
24 48 1.000000
24 49 1.000000
24 50 1.000000
24 51 1.000000
24 52 1.000000
24 53 1.000000
24 54 1.000000
24 55 1.000000
24 56 1.000000
24 57 1.000000
24 58 1.000000
24 59 1.000000
24 60 1.000000
24 61 1.000000
24 62 1.000000
24 63 1.000000
24 64 1.000000
24 65 1.000000
24 66 1.000000
24 67 1.000000
24 68 1.000000
24 69 1.000000
24 70 1.000000
24 71 1.000000
24 72 1.000000
24 73 1.000000
24 74 1.000000
24 75 1.000000
24 76 1.000000
24 77 1.000000
24 78 1.000000
24 79 1.000000
24 80 1.000000
24 113 1.000000
24 114 1.000000
24 115 1.000000
24 118 1.000000
24 119 1.000000
24 120 1.000000
24 121 1.000000
24 125 1.000000
24 126 1.000000
24 127 1.000000
24 128 1.000000
24 129 1.000000
24 130 1.000000
24 131 1.000000
24 132 1.000000
24 133 1.000000
24 134 1.000000
24 135 1.000000
24 136 1.000000
24 137 1.000000
24 138 1.000000
24 139 1.000000
24 123 1.000000
24 140 1.000000
24 100 1.000000
24 141 1.000000
24 142 1.000000
24 143 1.000000
24 117 1.000000
24 144 1.000000
24 145 1.000000
24 146 1.000000
24 147 1.000000
24 148 1.000000
24 149 1.000000
24 124 1.000000
24 150 1.000000
24 151 1.000000
24 152 1.000000
24 153 1.000000
24 154 1.000000
24 155 1.000000
24 156 1.000000
24 160 1.000000
24 13 1.000000
24 15 1.000000
24 17 1.000000
24 19 1.000000
24 22 1.000000
26 2 1.000000
26 4 1.000000
26 6 1.000000
26 8 1.000000
26 10 1.000000
26 12 1.000000
26 14 1.000000
26 16 1.000000
26 18 1.000000
26 23 1.000000
26 25 1.000000
26 21 1.000000
26 27 1.000000
26 29 1.000000
26 31 1.000000
26 33 1.000000
26 35 1.000000
26 37 1.000000
26 39 1.000000
26 41 1.000000
26 42 1.000000
26 43 1.000000
26 44 1.000000
26 45 1.000000
26 46 1.000000
26 47 1.000000
26 48 1.000000
26 49 1.000000
26 50 1.000000
26 51 1.000000
26 52 1.000000
26 53 1.000000
26 54 1.000000
26 55 1.000000
26 56 1.000000
26 57 1.000000
26 58 1.000000
26 59 1.000000
26 60 1.000000
26 61 1.000000
26 62 1.000000
26 63 1.000000
26 64 1.000000
26 65 1.000000
26 66 1.000000
26 67 1.000000
26 68 1.000000
26 69 1.000000
26 70 1.000000
26 71 1.000000
26 72 1.000000
26 73 1.000000
26 74 1.000000
26 75 1.000000
26 76 1.000000
26 77 1.000000
26 78 1.000000
26 79 1.000000
26 80 1.000000
26 113 1.000000
26 114 1.000000
26 115 1.000000
26 118 1.000000
26 119 1.000000
26 120 1.000000
26 121 1.000000
26 125 1.000000
26 126 1.000000
26 127 1.000000
26 128 1.000000
26 129 1.000000
26 130 1.000000
26 131 1.000000
26 132 1.000000
26 133 1.000000
26 134 1.000000
26 135 1.000000
26 136 1.000000
26 137 1.000000
26 138 1.000000
26 139 1.000000
26 123 1.000000
26 140 1.000000
26 100 1.000000
26 141 1.000000
26 142 1.000000
26 143 1.000000
26 117 1.000000
26 144 1.000000
26 145 1.000000
26 146 1.000000
26 147 1.000000
26 148 1.000000
26 149 1.000000
26 124 1.000000
26 150 1.000000
26 151 1.000000
26 152 1.000000
26 153 1.000000
26 154 1.000000
26 155 1.000000
26 156 1.000000
26 160 1.000000
26 1 1.000000
26 13 1.000000
26 15 1.000000
26 17 1.000000
26 19 1.000000
26 22 1.000000
26 24 1.000000
28 2 1.000000
28 4 1.000000
28 6 1.000000
28 8 1.000000
28 10 1.000000
28 12 1.000000
28 14 1.000000
28 16 1.000000
28 18 1.000000
28 23 1.000000
28 25 1.000000
28 21 1.000000
28 27 1.000000
28 29 1.000000
28 31 1.000000
28 33 1.000000
28 35 1.000000
28 37 1.000000
28 39 1.000000
28 41 1.000000
28 42 1.000000
28 43 1.000000
28 44 1.000000
28 45 1.000000
28 46 1.000000
28 47 1.000000
28 48 1.000000
28 49 1.000000
28 50 1.000000
28 51 1.000000
28 52 1.000000
28 53 1.000000
28 54 1.000000
28 55 1.000000
28 56 1.000000
28 57 1.000000
28 58 1.000000
28 59 1.000000
28 60 1.000000
28 61 1.000000
28 62 1.000000
28 63 1.000000
28 64 1.000000
28 65 1.000000
28 66 1.000000
28 67 1.000000
28 68 1.000000
28 69 1.000000
28 70 1.000000
28 71 1.000000
28 72 1.000000
28 73 1.000000
28 74 1.000000
28 75 1.000000
28 76 1.000000
28 77 1.000000
28 78 1.000000
28 79 1.000000
28 80 1.000000
28 113 1.000000
28 114 1.000000
28 115 1.000000
28 118 1.000000
28 119 1.000000
28 120 1.000000
28 121 1.000000
28 125 1.000000
28 126 1.000000
28 127 1.000000
28 128 1.000000
28 129 1.000000
28 130 1.000000
28 131 1.000000
28 132 1.000000
28 133 1.000000
28 134 1.000000
28 135 1.000000
28 136 1.000000
28 137 1.000000
28 138 1.000000
28 139 1.000000
28 123 1.000000
28 140 1.000000
28 100 1.000000
28 141 1.000000
28 142 1.000000
28 143 1.000000
28 117 1.000000
28 144 1.000000
28 145 1.000000
28 146 1.000000
28 147 1.000000
28 148 1.000000
28 149 1.000000
28 124 1.000000
28 150 1.000000
28 151 1.000000
28 152 1.000000
28 153 1.000000
28 154 1.000000
28 155 1.000000
28 156 1.000000
28 160 1.000000
28 11 1.000000
28 13 1.000000
28 15 1.000000
28 17 1.000000
28 19 1.000000
28 22 1.000000
28 24 1.000000
28 26 1.000000
30 2 1.000000
30 4 1.000000
30 6 1.000000
30 8 1.000000
30 10 1.000000
30 12 1.000000
30 14 1.000000
30 16 1.000000
30 18 1.000000
30 23 1.000000
30 25 1.000000
30 21 1.000000
30 27 1.000000
30 29 1.000000
30 31 1.000000
30 33 1.000000
30 35 1.000000
30 37 1.000000
30 39 1.000000
30 41 1.000000
30 42 1.000000
30 43 1.000000
30 44 1.000000
30 45 1.000000
30 46 1.000000
30 47 1.000000
30 48 1.000000
30 49 1.000000
30 50 1.000000
30 51 1.000000
30 52 1.000000
30 53 1.000000
30 54 1.000000
30 55 1.000000
30 56 1.000000
30 57 1.000000
30 58 1.000000
30 59 1.000000
30 60 1.000000
30 61 1.000000
30 62 1.000000
30 63 1.000000
30 64 1.000000
30 65 1.000000
30 66 1.000000
30 67 1.000000
30 68 1.000000
30 69 1.000000
30 70 1.000000
30 71 1.000000
30 72 1.000000
30 73 1.000000
30 74 1.000000
30 75 1.000000
30 76 1.000000
30 77 1.000000
30 78 1.000000
30 79 1.000000
30 80 1.000000
30 113 1.000000
30 114 1.000000
30 115 1.000000
30 118 1.000000
30 119 1.000000
30 120 1.000000
30 121 1.000000
30 125 1.000000
30 126 1.000000
30 127 1.000000
30 128 1.000000
30 129 1.000000
30 130 1.000000
30 131 1.000000
30 132 1.000000
30 133 1.000000
30 134 1.000000
30 135 1.000000
30 136 1.000000
30 137 1.000000
30 138 1.000000
30 139 1.000000
30 123 1.000000
30 140 1.000000
30 100 1.000000
30 141 1.000000
30 142 1.000000
30 143 1.000000
30 117 1.000000
30 144 1.000000
30 145 1.000000
30 146 1.000000
30 147 1.000000
30 148 1.000000
30 149 1.000000
30 124 1.000000
30 150 1.000000
30 151 1.000000
30 152 1.000000
30 153 1.000000
30 154 1.000000
30 155 1.000000
30 156 1.000000
30 160 1.000000
30 11 1.000000
30 13 1.000000
30 15 1.000000
30 17 1.000000
30 19 1.000000
30 22 1.000000
30 24 1.000000
30 26 1.000000
30 28 1.000000
32 2 1.000000
32 4 1.000000
32 6 1.000000
32 8 1.000000
32 10 1.000000
32 12 1.000000
32 14 1.000000
32 16 1.000000
32 18 1.000000
32 23 1.000000
32 25 1.000000
32 21 1.000000
32 27 1.000000
32 29 1.000000
32 31 1.000000
32 33 1.000000
32 35 1.000000
32 37 1.000000
32 39 1.000000
32 41 1.000000
32 42 1.000000
32 43 1.000000
32 44 1.000000
32 45 1.000000
32 46 1.000000
32 47 1.000000
32 48 1.000000
32 49 1.000000
32 50 1.000000
32 51 1.000000
32 52 1.000000
32 53 1.000000
32 54 1.000000
32 55 1.000000
32 56 1.000000
32 57 1.000000
32 58 1.000000
32 59 1.000000
32 60 1.000000
32 61 1.000000
32 62 1.000000
32 63 1.000000
32 64 1.000000
32 65 1.000000
32 66 1.000000
32 67 1.000000
32 68 1.000000
32 69 1.000000
32 70 1.000000
32 71 1.000000
32 72 1.000000
32 73 1.000000
32 74 1.000000
32 75 1.000000
32 76 1.000000
32 77 1.000000
32 78 1.000000
32 79 1.000000
32 80 1.000000
32 113 1.000000
32 114 1.000000
32 115 1.000000
32 118 1.000000
32 119 1.000000
32 120 1.000000
32 121 1.000000
32 125 1.000000
32 126 1.000000
32 127 1.000000
32 128 1.000000
32 129 1.000000
32 130 1.000000
32 131 1.000000
32 132 1.000000
32 133 1.000000
32 134 1.000000
32 135 1.000000
32 136 1.000000
32 137 1.000000
32 138 1.000000
32 139 1.000000
32 123 1.000000
32 140 1.000000
32 100 1.000000
32 141 1.000000
32 142 1.000000
32 143 1.000000
32 117 1.000000
32 144 1.000000
32 145 1.000000
32 146 1.000000
32 147 1.000000
32 148 1.000000
32 149 1.000000
32 124 1.000000
32 150 1.000000
32 151 1.000000
32 152 1.000000
32 153 1.000000
32 154 1.000000
32 155 1.000000
32 156 1.000000
32 160 1.000000
32 1 1.000000
32 11 1.000000
32 13 1.000000
32 15 1.000000
32 17 1.000000
32 19 1.000000
32 22 1.000000
32 24 1.000000
32 26 1.000000
32 28 1.000000
32 30 1.000000
34 2 1.000000
34 4 1.000000
34 6 1.000000
34 8 1.000000
34 10 1.000000
34 12 1.000000
34 14 1.000000
34 16 1.000000
34 18 1.000000
34 23 1.000000
34 25 1.000000
34 21 1.000000
34 27 1.000000
34 29 1.000000
34 31 1.000000
34 33 1.000000
34 35 1.000000
34 37 1.000000
34 39 1.000000
34 41 1.000000
34 42 1.000000
34 43 1.000000
34 44 1.000000
34 45 1.000000
34 46 1.000000
34 47 1.000000
34 48 1.000000
34 49 1.000000
34 50 1.000000
34 51 1.000000
34 52 1.000000
34 53 1.000000
34 54 1.000000
34 55 1.000000
34 56 1.000000
34 57 1.000000
34 58 1.000000
34 59 1.000000
34 60 1.000000
34 61 1.000000
34 62 1.000000
34 63 1.000000
34 64 1.000000
34 65 1.000000
34 66 1.000000
34 67 1.000000
34 68 1.000000
34 69 1.000000
34 70 1.000000
34 71 1.000000
34 72 1.000000
34 73 1.000000
34 74 1.000000
34 75 1.000000
34 76 1.000000
34 77 1.000000
34 78 1.000000
34 79 1.000000
34 80 1.000000
34 113 1.000000
34 114 1.000000
34 115 1.000000
34 118 1.000000
34 119 1.000000
34 120 1.000000
34 121 1.000000
34 125 1.000000
34 126 1.000000
34 127 1.000000
34 128 1.000000
34 129 1.000000
34 130 1.000000
34 131 1.000000
34 132 1.000000
34 133 1.000000
34 134 1.000000
34 135 1.000000
34 136 1.000000
34 137 1.000000
34 138 1.000000
34 139 1.000000
34 123 1.000000
34 140 1.000000
34 100 1.000000
34 141 1.000000
34 142 1.000000
34 143 1.000000
34 117 1.000000
34 144 1.000000
34 145 1.000000
34 146 1.000000
34 147 1.000000
34 148 1.000000
34 149 1.000000
34 124 1.000000
34 150 1.000000
34 151 1.000000
34 152 1.000000
34 153 1.000000
34 154 1.000000
34 155 1.000000
34 156 1.000000
34 160 1.000000
34 1 1.000000
34 11 1.000000
34 13 1.000000
34 15 1.000000
34 17 1.000000
34 19 1.000000
34 22 1.000000
34 24 1.000000
34 26 1.000000
34 28 1.000000
34 30 1.000000
34 32 1.000000
158 1 1.000000
158 13 1.000000
158 15 1.000000
158 17 1.000000
158 19 1.000000
158 22 1.000000
158 24 1.000000
158 26 1.000000
36 2 1.000000
36 4 1.000000
36 6 1.000000
36 8 1.000000
36 10 1.000000
36 12 1.000000
36 14 1.000000
36 16 1.000000
36 18 1.000000
36 23 1.000000
36 25 1.000000
36 21 1.000000
36 27 1.000000
36 29 1.000000
36 31 1.000000
36 33 1.000000
36 35 1.000000
36 37 1.000000
36 39 1.000000
36 41 1.000000
36 42 1.000000
36 43 1.000000
36 44 1.000000
36 45 1.000000
36 46 1.000000
36 47 1.000000
36 48 1.000000
36 49 1.000000
36 50 1.000000
36 51 1.000000
36 52 1.000000
36 53 1.000000
36 54 1.000000
36 55 1.000000
36 56 1.000000
36 57 1.000000
36 58 1.000000
36 59 1.000000
36 60 1.000000
36 61 1.000000
36 62 1.000000
36 63 1.000000
36 64 1.000000
36 65 1.000000
36 66 1.000000
36 67 1.000000
36 68 1.000000
36 69 1.000000
36 70 1.000000
36 71 1.000000
36 72 1.000000
36 73 1.000000
36 74 1.000000
36 75 1.000000
36 76 1.000000
36 77 1.000000
36 78 1.000000
36 79 1.000000
36 80 1.000000
36 113 1.000000
36 114 1.000000
36 115 1.000000
36 118 1.000000
36 119 1.000000
36 120 1.000000
36 121 1.000000
36 125 1.000000
36 126 1.000000
36 127 1.000000
36 128 1.000000
36 129 1.000000
36 130 1.000000
36 131 1.000000
36 132 1.000000
36 133 1.000000
36 134 1.000000
36 135 1.000000
36 136 1.000000
36 137 1.000000
36 138 1.000000
36 139 1.000000
36 123 1.000000
36 140 1.000000
36 100 1.000000
36 141 1.000000
36 142 1.000000
36 143 1.000000
36 117 1.000000
36 144 1.000000
36 145 1.000000
36 146 1.000000
36 147 1.000000
36 148 1.000000
36 149 1.000000
36 124 1.000000
36 150 1.000000
36 151 1.000000
36 152 1.000000
36 153 1.000000
36 154 1.000000
36 155 1.000000
36 156 1.000000
36 160 1.000000
36 1 1.000000
36 11 1.000000
36 13 1.000000
36 15 1.000000
36 17 1.000000
36 19 1.000000
36 22 1.000000
36 24 1.000000
36 26 1.000000
36 28 1.000000
36 30 1.000000
36 32 1.000000
36 34 1.000000
157 160 1.000000
157 1 1.000000
157 11 1.000000
157 13 1.000000
157 15 1.000000
157 17 1.000000
157 19 1.000000
157 22 1.000000
157 24 1.000000
157 26 1.000000
157 28 1.000000
157 30 1.000000
157 32 1.000000
157 34 1.000000
157 36 1.000000
38 2 1.000000
38 4 1.000000
38 6 1.000000
38 8 1.000000
38 10 1.000000
38 12 1.000000
38 14 1.000000
38 16 1.000000
38 18 1.000000
38 23 1.000000
38 25 1.000000
38 21 1.000000
38 27 1.000000
38 29 1.000000
38 31 1.000000
38 33 1.000000
38 35 1.000000
38 37 1.000000
38 39 1.000000
38 41 1.000000
38 42 1.000000
38 43 1.000000
38 44 1.000000
38 45 1.000000
38 46 1.000000
38 47 1.000000
38 48 1.000000
38 49 1.000000
38 50 1.000000
38 51 1.000000
38 52 1.000000
38 53 1.000000
38 54 1.000000
38 55 1.000000
38 56 1.000000
38 57 1.000000
38 58 1.000000
38 59 1.000000
38 60 1.000000
38 61 1.000000
38 62 1.000000
38 63 1.000000
38 64 1.000000
38 65 1.000000
38 66 1.000000
38 67 1.000000
38 68 1.000000
38 69 1.000000
38 70 1.000000
38 71 1.000000
38 72 1.000000
38 73 1.000000
38 74 1.000000
38 75 1.000000
38 76 1.000000
38 77 1.000000
38 78 1.000000
38 79 1.000000
38 80 1.000000
38 113 1.000000
38 114 1.000000
38 115 1.000000
38 118 1.000000
38 119 1.000000
38 120 1.000000
38 121 1.000000
38 125 1.000000
38 126 1.000000
38 127 1.000000
38 128 1.000000
38 129 1.000000
38 130 1.000000
38 131 1.000000
38 132 1.000000
38 133 1.000000
38 134 1.000000
38 135 1.000000
38 136 1.000000
38 137 1.000000
38 138 1.000000
38 139 1.000000
38 123 1.000000
38 140 1.000000
38 100 1.000000
38 141 1.000000
38 142 1.000000
38 143 1.000000
38 117 1.000000
38 144 1.000000
38 145 1.000000
38 146 1.000000
38 147 1.000000
38 148 1.000000
38 149 1.000000
38 124 1.000000
38 150 1.000000
38 151 1.000000
38 152 1.000000
38 153 1.000000
38 154 1.000000
38 155 1.000000
38 156 1.000000
38 160 1.000000
38 1 1.000000
38 11 1.000000
38 13 1.000000
38 15 1.000000
38 17 1.000000
38 19 1.000000
38 22 1.000000
38 24 1.000000
38 26 1.000000
38 28 1.000000
38 30 1.000000
38 32 1.000000
38 34 1.000000
38 36 1.000000
38 157 1.000000
40 2 1.000000
40 4 1.000000
40 6 1.000000
40 8 1.000000
40 10 1.000000
40 12 1.000000
40 14 1.000000
40 16 1.000000
40 18 1.000000
40 23 1.000000
40 25 1.000000
40 21 1.000000
40 27 1.000000
40 29 1.000000
40 31 1.000000
40 33 1.000000
40 35 1.000000
40 37 1.000000
40 39 1.000000
40 41 1.000000
40 42 1.000000
40 43 1.000000
40 44 1.000000
40 45 1.000000
40 46 1.000000
40 47 1.000000
40 48 1.000000
40 49 1.000000
40 50 1.000000
40 51 1.000000
40 52 1.000000
40 53 1.000000
40 54 1.000000
40 55 1.000000
40 56 1.000000
40 57 1.000000
40 58 1.000000
40 59 1.000000
40 60 1.000000
40 61 1.000000
40 62 1.000000
40 63 1.000000
40 64 1.000000
40 65 1.000000
40 66 1.000000
40 67 1.000000
40 68 1.000000
40 69 1.000000
40 70 1.000000
40 71 1.000000
40 72 1.000000
40 73 1.000000
40 74 1.000000
40 75 1.000000
40 76 1.000000
40 77 1.000000
40 78 1.000000
40 79 1.000000
40 80 1.000000
40 113 1.000000
40 114 1.000000
40 115 1.000000
40 118 1.000000
40 119 1.000000
40 120 1.000000
40 121 1.000000
40 125 1.000000
40 126 1.000000
40 127 1.000000
40 128 1.000000
40 129 1.000000
40 130 1.000000
40 131 1.000000
40 132 1.000000
40 133 1.000000
40 134 1.000000
40 135 1.000000
40 136 1.000000
40 137 1.000000
40 138 1.000000
40 139 1.000000
40 123 1.000000
40 140 1.000000
40 100 1.000000
40 141 1.000000
40 142 1.000000
40 143 1.000000
40 117 1.000000
40 144 1.000000
40 145 1.000000
40 146 1.000000
40 147 1.000000
40 148 1.000000
40 149 1.000000
40 124 1.000000
40 150 1.000000
40 151 1.000000
40 152 1.000000
40 153 1.000000
40 154 1.000000
40 155 1.000000
40 156 1.000000
40 160 1.000000
40 1 1.000000
40 11 1.000000
40 13 1.000000
40 15 1.000000
40 17 1.000000
40 19 1.000000
40 22 1.000000
40 24 1.000000
40 26 1.000000
40 28 1.000000
40 30 1.000000
40 32 1.000000
40 34 1.000000
40 36 1.000000
40 157 1.000000
40 38 1.000000
101 81 1.000000
101 82 1.000000
101 80 1.000000
102 81 1.000000
102 82 1.000000
102 80 1.000000
102 101 1.000000
103 81 1.000000
103 82 1.000000
103 80 1.000000
103 101 1.000000
103 102 1.000000
104 81 1.000000
104 82 1.000000
104 80 1.000000
104 101 1.000000
104 102 1.000000
104 103 1.000000
105 81 1.000000
105 82 1.000000
105 80 1.000000
105 101 1.000000
105 102 1.000000
105 103 1.000000
105 104 1.000000
106 81 1.000000
106 82 1.000000
106 80 1.000000
106 101 1.000000
106 102 1.000000
106 103 1.000000
106 104 1.000000
106 105 1.000000
107 81 1.000000
107 82 1.000000
107 80 1.000000
107 101 1.000000
107 102 1.000000
107 103 1.000000
107 104 1.000000
107 105 1.000000
107 106 1.000000
108 81 1.000000
108 82 1.000000
108 80 1.000000
108 101 1.000000
108 102 1.000000
108 103 1.000000
108 104 1.000000
108 105 1.000000
108 106 1.000000
108 107 1.000000
109 81 1.000000
109 82 1.000000
109 80 1.000000
109 101 1.000000
109 102 1.000000
109 103 1.000000
109 104 1.000000
109 105 1.000000
109 106 1.000000
109 107 1.000000
109 108 1.000000
110 81 1.000000
110 82 1.000000
110 80 1.000000
110 101 1.000000
110 102 1.000000
110 103 1.000000
110 104 1.000000
110 105 1.000000
110 106 1.000000
110 107 1.000000
110 108 1.000000
110 109 1.000000
111 81 1.000000
111 82 1.000000
111 80 1.000000
111 101 1.000000
111 102 1.000000
111 103 1.000000
111 104 1.000000
111 105 1.000000
111 106 1.000000
111 107 1.000000
111 108 1.000000
111 109 1.000000
111 110 1.000000
112 81 1.000000
112 82 1.000000
112 80 1.000000
112 101 1.000000
112 102 1.000000
112 103 1.000000
112 104 1.000000
112 105 1.000000
112 106 1.000000
112 107 1.000000
112 108 1.000000
112 109 1.000000
112 110 1.000000
112 111 1.000000
116 10 1.000000
116 115 1.000000
116 117 1.000000
116 19 1.000000


