51 156
1 2 218
1 3 -194
1 4 -74
1 5 182
1 6 -201
1 7 183
1 8 -70
1 9 -136
1 10 103
1 11 -14
1 12 46
1 13 -22
1 14 216
1 15 -180
1 16 46
1 17 -20
1 18 14
1 19 61
1 20 28
1 21 -91
1 22 3
1 23 140
1 24 38
1 25 51
1 26 48
1 27 -49
1 28 -101
1 29 1
1 30 86
1 31 140
1 32 74
1 33 -103
1 34 177
1 35 -51
1 36 92
1 37 -95
1 38 -118
1 39 -69
1 40 -52
1 41 -393
1 42 226
1 43 -4
1 44 -24
1 45 197
1 46 35
1 47 202
1 48 72
1 49 -195
1 50 -277
1 51 23
2 3 26
2 20 -78
2 32 -66
3 13 -24
3 15 89
3 16 16
3 25 17
3 46 39
4 14 -22
4 30 24
4 33 38
5 7 19
5 21 -15
5 25 -70
5 27 34
5 44 -33
5 49 -30
6 8 56
6 9 22
6 18 85
6 25 8
6 33 68
6 34 -85
7 16 -96
7 23 -59
7 24 -51
7 31 -50
7 33 90
8 18 13
8 25 31
8 45 -75
9 40 -39
9 41 89
10 22 -9
10 23 -87
10 32 -94
10 36 -9
10 40 27
10 50 39
11 17 46
11 18 -34
11 42 11
12 37 -63
12 40 -34
14 23 -63
14 34 -58
14 47 -82
14 51 -82
15 21 -24
15 23 47
15 36 76
15 46 -36
15 50 63
16 20 -5
16 30 -98
16 33 37
16 38 8
17 21 19
18 39 64
18 42 -100
19 30 -19
19 38 11
19 49 1
20 24 54
20 26 -27
20 42 18
20 48 45
20 51 2
21 23 55
21 35 33
21 41 -75
22 23 -47
22 28 65
22 33 84
23 49 66
24 28 -39
24 40 49
24 45 -28
25 33 13
25 39 -86
25 44 -13
26 36 32
26 37 38
27 43 -79
28 34 -82
28 41 63
30 45 -61
31 33 -41
32 41 64
33 34 -88
33 43 -43
33 45 8
33 48 -61
34 41 60
34 44 24
35 41 48
36 50 -99
37 44 43
37 50 51
41 50 61
42 47 -76
43 51 33
44 50 68
46 49 54
49 50 100
50 51 17
