heur = false
LBS_limit = 3
preproc = 1
tight_root = 1
total_time = 167.42
NDP = 44
total_nodes = 94171
pruned_nodes = 47086
pruned_dominance_nodes = 73
heur_time = 0.0
Y_N = Any[[570.0, 972.0], [544.0, 980.0], [517.0, 996.0], [489.0, 1043.0], [481.0, 1074.0], [469.0, 1083.0], [451.0, 1100.0], [433.0, 1123.0], [424.0, 1128.0], [417.0, 1146.0], [398.0, 1160.0], [395.0, 1183.0], [369.0, 1187.0], [366.0, 1189.0], [353.0, 1196.0], [351.0, 1218.0], [329.0, 1222.0], [323.0, 1244.0], [319.0, 1260.0], [318.0, 1273.0], [300.0, 1279.0], [291.0, 1296.0], [277.0, 1298.0], [267.0, 1310.0], [262.0, 1342.0], [250.0, 1348.0], [247.0, 1360.0], [240.0, 1367.0], [223.0, 1370.0], [211.0, 1374.0], [205.0, 1447.0], [172.0, 1451.0], [153.0, 1454.0], [146.0, 1460.0], [138.0, 1462.0], [127.0, 1463.0], [113.0, 1464.0], [111.0, 1480.0], [89.0, 1485.0], [87.0, 1486.0], [79.0, 1488.0], [68.0, 1494.0], [45.0, 1499.0], [43.0, 1500.0]]
