heur = false
LBS_limit = 3
preproc = 1
tight_root = 1
total_time = 1800.0
NDP = 107
total_nodes = 1165209
pruned_nodes = 582579
pruned_dominance_nodes = 67317
heur_time = 0.0
Y_N = Any[[1312.0, 1470.0], [1258.0, 1562.0], [1239.0, 1588.0], [1236.0, 1599.0], [1234.0, 1653.0], [1233.0, 1662.0], [1231.0, 1699.0], [1219.0, 1709.0], [1212.0, 1743.0], [1187.0, 1762.0], [1174.0, 1777.0], [1168.0, 1802.0], [1160.0, 1816.0], [1142.0, 1820.0], [1137.0, 1852.0], [1108.0, 1880.0], [1098.0, 1913.0], [1068.0, 1948.0], [1053.0, 1978.0], [1031.0, 1986.0], [1010.0, 1995.0], [996.0, 1999.0], [988.0, 2007.0], [987.0, 2009.0], [980.0, 2019.0], [976.0, 2023.0], [975.0, 2038.0], [960.0, 2047.0], [942.0, 2092.0], [909.0, 2094.0], [905.0, 2100.0], [904.0, 2106.0], [900.0, 2118.0], [897.0, 2131.0], [880.0, 2143.0], [878.0, 2161.0], [858.0, 2170.0], [847.0, 2198.0], [829.0, 2223.0], [811.0, 2229.0], [794.0, 2236.0], [793.0, 2261.0], [792.0, 2270.0], [786.0, 2279.0], [762.0, 2292.0], [754.0, 2308.0], [721.0, 2332.0], [715.0, 2340.0], [686.0, 2355.0], [685.0, 2358.0], [674.0, 2364.0], [671.0, 2372.0], [667.0, 2390.0], [653.0, 2394.0], [648.0, 2399.0], [640.0, 2400.0], [639.0, 2409.0], [629.0, 2421.0], [611.0, 2450.0], [597.0, 2451.0], [591.0, 2457.0], [574.0, 2468.0], [571.0, 2470.0], [556.0, 2476.0], [553.0, 2478.0], [550.0, 2492.0], [543.0, 2500.0], [531.0, 2519.0], [511.0, 2525.0], [469.0, 2528.0], [467.0, 2560.0], [439.0, 2563.0], [436.0, 2571.0], [427.0, 2585.0], [407.0, 2590.0], [395.0, 2594.0], [383.0, 2610.0], [376.0, 2611.0], [374.0, 2618.0], [370.0, 2620.0], [359.0, 2624.0], [355.0, 2630.0], [347.0, 2631.0], [344.0, 2635.0], [340.0, 2643.0], [316.0, 2679.0], [313.0, 2680.0], [305.0, 2697.0], [283.0, 2699.0], [279.0, 2700.0], [278.0, 2704.0], [273.0, 2706.0], [259.0, 2713.0], [251.0, 2715.0], [242.0, 2721.0], [227.0, 2726.0], [204.0, 2734.0], [191.0, 2735.0], [189.0, 2738.0], [184.0, 2739.0], [173.0, 2740.0], [169.0, 2743.0], [156.0, 2747.0], [143.0, 2748.0], [126.0, 2753.0], [125.0, 2759.0], [116.0, 2768.0]]
