heur = false
LBS_limit = 3
preproc = 1
tight_root = 1
total_time = 7.42
NDP = 25
total_nodes = 1175
pruned_nodes = 588
pruned_dominance_nodes = 0
heur_time = 0.0
Y_N = Any[[215.0, 91.0], [197.0, 105.0], [186.0, 106.0], [182.0, 110.0], [175.0, 112.0], [172.0, 115.0], [169.0, 116.0], [166.0, 125.0], [152.0, 128.0], [151.0, 131.0], [147.0, 175.0], [135.0, 194.0], [134.0, 197.0], [124.0, 213.0], [109.0, 222.0], [79.0, 228.0], [75.0, 237.0], [72.0, 248.0], [70.0, 253.0], [66.0, 269.0], [64.0, 286.0], [55.0, 292.0], [50.0, 298.0], [26.0, 299.0], [-0.0, 300.0]]
