heur = false
LBS_limit = 3
preproc = 1
tight_root = 1
total_time = 1800.0
NDP = 80
total_nodes = 1031223
pruned_nodes = 515584
pruned_dominance_nodes = 8911
heur_time = 0.0
Y_N = Any[[1461.0, 583.0], [1443.0, 589.0], [1419.0, 658.0], [1388.0, 675.0], [1373.0, 788.0], [1343.0, 791.0], [1331.0, 850.0], [1301.0, 853.0], [1292.0, 865.0], [1289.0, 867.0], [1286.0, 929.0], [1250.0, 955.0], [1242.0, 999.0], [1218.0, 1003.0], [1216.0, 1048.0], [1201.0, 1058.0], [1181.0, 1073.0], [1167.0, 1096.0], [1166.0, 1104.0], [1162.0, 1105.0], [1153.0, 1132.0], [1145.0, 1144.0], [1120.0, 1173.0], [1108.0, 1179.0], [1101.0, 1203.0], [1094.0, 1216.0], [1078.0, 1221.0], [1075.0, 1245.0], [1065.0, 1250.0], [1058.0, 1307.0], [1019.0, 1320.0], [1006.0, 1344.0], [1001.0, 1366.0], [957.0, 1375.0], [954.0, 1404.0], [948.0, 1428.0], [918.0, 1438.0], [912.0, 1439.0], [906.0, 1449.0], [902.0, 1451.0], [873.0, 1461.0], [868.0, 1468.0], [867.0, 1472.0], [855.0, 1485.0], [853.0, 1501.0], [849.0, 1525.0], [829.0, 1538.0], [807.0, 1542.0], [803.0, 1549.0], [791.0, 1555.0], [779.0, 1556.0], [775.0, 1588.0], [769.0, 1605.0], [730.0, 1608.0], [726.0, 1617.0], [724.0, 1646.0], [719.0, 1647.0], [702.0, 1661.0], [668.0, 1668.0], [663.0, 1678.0], [657.0, 1691.0], [637.0, 1712.0], [625.0, 1713.0], [610.0, 1724.0], [594.0, 1739.0], [577.0, 1754.0], [548.0, 1755.0], [545.0, 1784.0], [544.0, 1799.0], [506.0, 1801.0], [503.0, 1813.0], [497.0, 1815.0], [460.0, 1824.0], [452.0, 1825.0], [436.0, 1830.0], [435.0, 1856.0], [417.0, 1858.0], [414.0, 1884.0], [378.0, 1895.0], [355.0, 1918.0]]
