heur = false
LBS_limit = 3
preproc = 1
tight_root = 1
total_time = 7.79
NDP = 35
total_nodes = 6381
pruned_nodes = 3191
pruned_dominance_nodes = 1
heur_time = 0.0
Y_N = Any[[360.0, 564.0], [348.0, 613.0], [340.0, 624.0], [332.0, 668.0], [291.0, 684.0], [285.0, 696.0], [275.0, 697.0], [269.0, 737.0], [258.0, 763.0], [236.0, 769.0], [231.0, 789.0], [229.0, 790.0], [220.0, 796.0], [210.0, 823.0], [208.0, 832.0], [188.0, 839.0], [169.0, 874.0], [161.0, 875.0], [138.0, 878.0], [132.0, 901.0], [130.0, 916.0], [121.0, 923.0], [100.0, 926.0], [99.0, 935.0], [91.0, 936.0], [79.0, 949.0], [73.0, 951.0], [65.0, 952.0], [61.0, 968.0], [53.0, 969.0], [45.0, 970.0], [44.0, 976.0], [36.0, 977.0], [23.0, 979.0], [-0.0, 980.0]]
