heur = false
LBS_limit = 3
preproc = 1
tight_root = 1
total_time = 7.65
NDP = 36
total_nodes = 7941
pruned_nodes = 3971
pruned_dominance_nodes = 0
heur_time = 0.0
Y_N = Any[[444.0, 965.0], [443.0, 966.0], [406.0, 1028.0], [402.0, 1034.0], [401.0, 1054.0], [368.0, 1087.0], [359.0, 1094.0], [355.0, 1109.0], [347.0, 1121.0], [337.0, 1125.0], [334.0, 1133.0], [329.0, 1202.0], [301.0, 1233.0], [257.0, 1273.0], [252.0, 1276.0], [251.0, 1290.0], [242.0, 1305.0], [218.0, 1327.0], [206.0, 1353.0], [204.0, 1363.0], [183.0, 1368.0], [176.0, 1378.0], [175.0, 1383.0], [167.0, 1389.0], [163.0, 1407.0], [141.0, 1417.0], [117.0, 1443.0], [115.0, 1454.0], [107.0, 1456.0], [99.0, 1467.0], [91.0, 1473.0], [54.0, 1476.0], [53.0, 1477.0], [26.0, 1480.0], [3.0, 1484.0], [-0.0, 1485.0]]
