heur = false
LBS_limit = 3
preproc = 1
tight_root = 1
total_time = 7.94
NDP = 24
total_nodes = 3341
pruned_nodes = 1671
pruned_dominance_nodes = 0
heur_time = 0.0
Y_N = Any[[297.0, 268.0], [265.0, 304.0], [255.0, 307.0], [254.0, 311.0], [248.0, 329.0], [231.0, 339.0], [215.0, 391.0], [201.0, 395.0], [190.0, 400.0], [186.0, 409.0], [173.0, 476.0], [155.0, 487.0], [118.0, 492.0], [108.0, 496.0], [103.0, 497.0], [95.0, 506.0], [90.0, 507.0], [89.0, 538.0], [79.0, 541.0], [78.0, 571.0], [57.0, 576.0], [55.0, 580.0], [50.0, 581.0], [24.0, 582.0]]
