heur = false
LBS_limit = 3
preproc = 1
tight_root = 1
total_time = 1800.0
NDP = 126
total_nodes = 878577
pruned_nodes = 439267
pruned_dominance_nodes = 9802
heur_time = 0.0
Y_N = Any[[1450.0, 3023.0], [1440.0, 3028.0], [1419.0, 3032.0], [1413.0, 3038.0], [1403.0, 3043.0], [1395.0, 3052.0], [1385.0, 3075.0], [1366.0, 3120.0], [1359.0, 3142.0], [1354.0, 3153.0], [1310.0, 3166.0], [1301.0, 3171.0], [1300.0, 3174.0], [1290.0, 3176.0], [1287.0, 3187.0], [1286.0, 3198.0], [1285.0, 3253.0], [1257.0, 3274.0], [1241.0, 3297.0], [1223.0, 3313.0], [1208.0, 3316.0], [1206.0, 3318.0], [1191.0, 3354.0], [1189.0, 3375.0], [1168.0, 3379.0], [1166.0, 3381.0], [1158.0, 3390.0], [1151.0, 3399.0], [1146.0, 3418.0], [1126.0, 3443.0], [1115.0, 3466.0], [1095.0, 3467.0], [1094.0, 3480.0], [1084.0, 3491.0], [1067.0, 3509.0], [1056.0, 3514.0], [1052.0, 3531.0], [1046.0, 3545.0], [1044.0, 3547.0], [1029.0, 3549.0], [1028.0, 3578.0], [999.0, 3597.0], [997.0, 3621.0], [963.0, 3638.0], [946.0, 3649.0], [934.0, 3659.0], [921.0, 3672.0], [910.0, 3701.0], [898.0, 3702.0], [894.0, 3722.0], [884.0, 3723.0], [868.0, 3762.0], [838.0, 3768.0], [834.0, 3770.0], [823.0, 3798.0], [803.0, 3820.0], [789.0, 3861.0], [774.0, 3864.0], [756.0, 3867.0], [752.0, 3872.0], [743.0, 3888.0], [736.0, 3907.0], [728.0, 3915.0], [704.0, 3920.0], [702.0, 3931.0], [691.0, 3947.0], [669.0, 3953.0], [668.0, 3956.0], [667.0, 3991.0], [653.0, 4007.0], [635.0, 4018.0], [625.0, 4025.0], [623.0, 4029.0], [620.0, 4031.0], [616.0, 4032.0], [607.0, 4042.0], [604.0, 4045.0], [595.0, 4047.0], [591.0, 4059.0], [579.0, 4070.0], [577.0, 4075.0], [566.0, 4087.0], [565.0, 4112.0], [552.0, 4122.0], [534.0, 4143.0], [520.0, 4153.0], [512.0, 4154.0], [498.0, 4157.0], [494.0, 4158.0], [493.0, 4169.0], [484.0, 4170.0], [478.0, 4184.0], [473.0, 4206.0], [466.0, 4213.0], [451.0, 4215.0], [447.0, 4217.0], [443.0, 4220.0], [439.0, 4222.0], [435.0, 4231.0], [426.0, 4232.0], [423.0, 4233.0], [416.0, 4236.0], [415.0, 4264.0], [382.0, 4283.0], [370.0, 4284.0], [362.0, 4285.0], [358.0, 4291.0], [351.0, 4304.0], [329.0, 4310.0], [324.0, 4311.0], [321.0, 4315.0], [309.0, 4316.0], [301.0, 4321.0], [300.0, 4326.0], [295.0, 4327.0], [293.0, 4332.0], [283.0, 4334.0], [278.0, 4337.0], [273.0, 4359.0], [244.0, 4369.0], [229.0, 4376.0], [201.0, 4385.0], [198.0, 4402.0], [154.0, 4405.0], [127.0, 4412.0], [124.0, 4424.0]]
