heur = false
LBS_limit = 3
preproc = 1
tight_root = 1
total_time = 31.49
NDP = 39
total_nodes = 11387
pruned_nodes = 5694
pruned_dominance_nodes = 26
heur_time = 0.0
Y_N = Any[[405.0, 187.0], [359.0, 213.0], [355.0, 291.0], [321.0, 309.0], [307.0, 348.0], [306.0, 379.0], [266.0, 384.0], [259.0, 400.0], [255.0, 403.0], [253.0, 405.0], [244.0, 420.0], [239.0, 428.0], [236.0, 438.0], [230.0, 439.0], [229.0, 450.0], [223.0, 454.0], [216.0, 455.0], [212.0, 483.0], [210.0, 499.0], [189.0, 524.0], [169.0, 530.0], [162.0, 534.0], [143.0, 539.0], [141.0, 552.0], [133.0, 559.0], [128.0, 562.0], [123.0, 564.0], [116.0, 570.0], [112.0, 574.0], [109.0, 581.0], [91.0, 584.0], [86.0, 585.0], [85.0, 586.0], [79.0, 592.0], [71.0, 594.0], [69.0, 596.0], [66.0, 598.0], [38.0, 599.0], [26.0, 600.0]]
