heur = false
LBS_limit = 3
preproc = 1
tight_root = 1
total_time = 19.57
NDP = 54
total_nodes = 19973
pruned_nodes = 9987
pruned_dominance_nodes = 25
heur_time = 0.0
Y_N = Any[[942.0, 456.0], [941.0, 562.0], [873.0, 631.0], [864.0, 655.0], [850.0, 697.0], [835.0, 710.0], [821.0, 743.0], [799.0, 755.0], [780.0, 765.0], [770.0, 793.0], [767.0, 826.0], [751.0, 862.0], [720.0, 865.0], [709.0, 870.0], [702.0, 890.0], [692.0, 900.0], [685.0, 914.0], [671.0, 916.0], [662.0, 925.0], [660.0, 936.0], [659.0, 973.0], [644.0, 977.0], [633.0, 1008.0], [599.0, 1034.0], [572.0, 1052.0], [556.0, 1070.0], [552.0, 1074.0], [546.0, 1108.0], [522.0, 1128.0], [490.0, 1171.0], [455.0, 1184.0], [442.0, 1191.0], [425.0, 1197.0], [416.0, 1209.0], [408.0, 1215.0], [389.0, 1229.0], [380.0, 1250.0], [375.0, 1252.0], [368.0, 1264.0], [353.0, 1265.0], [352.0, 1273.0], [342.0, 1274.0], [340.0, 1279.0], [337.0, 1291.0], [318.0, 1294.0], [315.0, 1309.0], [300.0, 1311.0], [293.0, 1349.0], [286.0, 1352.0], [275.0, 1363.0], [241.0, 1370.0], [228.0, 1411.0], [195.0, 1427.0], [176.0, 1452.0]]
