heur = false
LBS_limit = 3
preproc = 1
tight_root = 1
total_time = 5.09
NDP = 37
total_nodes = 3855
pruned_nodes = 1928
pruned_dominance_nodes = 0
heur_time = 0.0
Y_N = Any[[743.0, 724.0], [680.0, 759.0], [672.0, 797.0], [654.0, 836.0], [651.0, 874.0], [636.0, 887.0], [632.0, 899.0], [629.0, 903.0], [607.0, 932.0], [591.0, 951.0], [589.0, 959.0], [580.0, 977.0], [571.0, 985.0], [539.0, 1014.0], [538.0, 1070.0], [520.0, 1079.0], [511.0, 1081.0], [492.0, 1109.0], [464.0, 1131.0], [454.0, 1137.0], [431.0, 1143.0], [425.0, 1168.0], [420.0, 1170.0], [416.0, 1172.0], [405.0, 1173.0], [393.0, 1186.0], [391.0, 1200.0], [378.0, 1224.0], [365.0, 1233.0], [364.0, 1242.0], [341.0, 1261.0], [312.0, 1278.0], [288.0, 1307.0], [230.0, 1343.0], [218.0, 1352.0], [182.0, 1357.0], [180.0, 1369.0]]
