heur = false
LBS_limit = 3
preproc = 1
tight_root = 1
total_time = 163.73
NDP = 64
total_nodes = 101867
pruned_nodes = 50934
pruned_dominance_nodes = 949
heur_time = 0.0
Y_N = Any[[773.0, 163.0], [744.0, 224.0], [737.0, 235.0], [718.0, 246.0], [714.0, 286.0], [705.0, 306.0], [696.0, 368.0], [677.0, 406.0], [648.0, 413.0], [642.0, 420.0], [635.0, 421.0], [633.0, 452.0], [621.0, 484.0], [615.0, 505.0], [579.0, 509.0], [573.0, 515.0], [567.0, 545.0], [563.0, 564.0], [539.0, 569.0], [537.0, 587.0], [526.0, 616.0], [516.0, 618.0], [513.0, 620.0], [498.0, 629.0], [492.0, 659.0], [489.0, 665.0], [483.0, 669.0], [469.0, 678.0], [462.0, 681.0], [460.0, 689.0], [457.0, 692.0], [449.0, 729.0], [434.0, 732.0], [427.0, 748.0], [407.0, 756.0], [395.0, 768.0], [393.0, 770.0], [391.0, 774.0], [381.0, 775.0], [379.0, 780.0], [371.0, 824.0], [348.0, 831.0], [333.0, 832.0], [325.0, 846.0], [322.0, 858.0], [307.0, 864.0], [291.0, 891.0], [287.0, 914.0], [247.0, 916.0], [246.0, 917.0], [236.0, 920.0], [231.0, 922.0], [230.0, 924.0], [217.0, 926.0], [216.0, 933.0], [214.0, 951.0], [192.0, 961.0], [153.0, 962.0], [151.0, 964.0], [143.0, 976.0], [125.0, 982.0], [113.0, 985.0], [78.0, 987.0], [45.0, 989.0]]
