heur = true
LBS_limit = 3
preproc = 1
tight_root = 0
total_time = 2.08
NDP = 84
total_nodes = 1369
pruned_nodes = 685
pruned_dominance_nodes = 32
heur_time = 0.11
Y_N = Any[[657.0, 331.0, 695.0], [653.0, 343.0, 738.0], [648.0, 395.0, 666.0], [635.0, 418.0, 635.0], [626.0, 357.0, 778.0], [623.0, 444.0, 678.0], [620.0, 442.0, 700.0], [619.0, 456.0, 575.0], [619.0, 294.0, 809.0], [615.0, 380.0, 727.0], [607.0, 451.0, 619.0], [601.0, 462.0, 673.0], [597.0, 421.0, 743.0], [592.0, 368.0, 744.0], [587.0, 480.0, 662.0], [587.0, 388.0, 749.0], [582.0, 486.0, 634.0], [577.0, 483.0, 673.0], [576.0, 347.0, 790.0], [575.0, 424.0, 736.0], [570.0, 429.0, 717.0], [570.0, 368.0, 784.0], [567.0, 253.0, 833.0], [566.0, 303.0, 877.0], [564.0, 394.0, 753.0], [564.0, 327.0, 933.0], [561.0, 392.0, 775.0], [559.0, 441.0, 740.0], [558.0, 396.0, 756.0], [557.0, 514.0, 619.0], [556.0, 528.0, 640.0], [555.0, 385.0, 825.0], [550.0, 474.0, 702.0], [548.0, 391.0, 787.0], [544.0, 454.0, 729.0], [539.0, 400.0, 805.0], [534.0, 210.0, 996.0], [531.0, 351.0, 946.0], [530.0, 352.0, 878.0], [529.0, 549.0, 621.0], [528.0, 286.0, 955.0], [527.0, 362.0, 866.0], [524.0, 492.0, 722.0], [524.0, 454.0, 733.0], [524.0, 431.0, 754.0], [524.0, 359.0, 919.0], [523.0, 363.0, 869.0], [517.0, 370.0, 832.0], [516.0, 413.0, 772.0], [515.0, 529.0, 683.0], [515.0, 265.0, 990.0], [515.0, 230.0, 1057.0], [514.0, 492.0, 769.0], [512.0, 388.0, 812.0], [505.0, 391.0, 831.0], [498.0, 464.0, 840.0], [497.0, 538.0, 672.0], [495.0, 378.0, 884.0], [494.0, 391.0, 842.0], [493.0, 391.0, 866.0], [492.0, 484.0, 778.0], [486.0, 296.0, 981.0], [482.0, 482.0, 811.0], [480.0, 221.0, 1135.0], [479.0, 364.0, 906.0], [476.0, 542.0, 729.0], [473.0, 424.0, 851.0], [470.0, 444.0, 847.0], [468.0, 423.0, 865.0], [467.0, 376.0, 958.0], [467.0, 351.0, 975.0], [464.0, 300.0, 1033.0], [461.0, 241.0, 1050.0], [455.0, 500.0, 766.0], [453.0, 537.0, 764.0], [453.0, 326.0, 1010.0], [449.0, 267.0, 1064.0], [448.0, 412.0, 875.0], [442.0, 447.0, 867.0], [435.0, 463.0, 847.0], [432.0, 397.0, 899.0], [393.0, 339.0, 1008.0], [375.0, 561.0, 789.0], [367.0, 390.0, 1040.0]]
