heur = true
LBS_limit = 3
preproc = 1
tight_root = 0
total_time = 863.77
NDP = 786
total_nodes = 26417
pruned_nodes = 13209
pruned_dominance_nodes = 1896
heur_time = 0.17
Y_N = Any[[981.0, 395.0, 2124.0], [972.0, 288.0, 2297.0], [967.0, 417.0, 2122.0], [965.0, 468.0, 2069.0], [959.0, 432.0, 2114.0], [957.0, 483.0, 2061.0], [950.0, 490.0, 1959.0], [948.0, 541.0, 2040.0], [945.0, 448.0, 2077.0], [943.0, 388.0, 2176.0], [930.0, 612.0, 1951.0], [928.0, 366.0, 2222.0], [926.0, 571.0, 1962.0], [926.0, 461.0, 2147.0], [924.0, 512.0, 2094.0], [924.0, 325.0, 2296.0], [921.0, 446.0, 2168.0], [919.0, 530.0, 2044.0], [919.0, 270.0, 2357.0], [918.0, 359.0, 2271.0], [916.0, 315.0, 2352.0], [911.0, 469.0, 2113.0], [911.0, 376.0, 2226.0], [910.0, 424.0, 2195.0], [906.0, 443.0, 2180.0], [905.0, 428.0, 2188.0], [904.0, 454.0, 2159.0], [903.0, 535.0, 2088.0], [903.0, 414.0, 2210.0], [902.0, 527.0, 2092.0], [902.0, 480.0, 2149.0], [901.0, 550.0, 2003.0], [901.0, 465.0, 2157.0], [900.0, 578.0, 2039.0], [894.0, 449.0, 2197.0], [894.0, 441.0, 2210.0], [894.0, 330.0, 2325.0], [893.0, 380.0, 2268.0], [890.0, 359.0, 2274.0], [888.0, 664.0, 1963.0], [888.0, 410.0, 2221.0], [887.0, 491.0, 2112.0], [887.0, 486.0, 2118.0], [886.0, 512.0, 2132.0], [884.0, 623.0, 1974.0], [883.0, 541.0, 2062.0], [883.0, 465.0, 2178.0], [882.0, 531.0, 2117.0], [882.0, 508.0, 2151.0], [881.0, 516.0, 2125.0], [880.0, 548.0, 2092.0], [880.0, 400.0, 2256.0], [879.0, 385.0, 2264.0], [878.0, 467.0, 2162.0], [878.0, 451.0, 2203.0], [877.0, 389.0, 2290.0], [877.0, 331.0, 2308.0], [872.0, 556.0, 2069.0], [872.0, 551.0, 2075.0], [872.0, 393.0, 2277.0], [872.0, 361.0, 2317.0], [871.0, 483.0, 2192.0], [871.0, 480.0, 2204.0], [870.0, 420.0, 2251.0], [870.0, 412.0, 2264.0], [870.0, 396.0, 2270.0], [870.0, 366.0, 2330.0], [868.0, 423.0, 2234.0], [868.0, 359.0, 2331.0], [867.0, 439.0, 2215.0], [866.0, 425.0, 2219.0], [865.0, 447.0, 2207.0], [863.0, 498.0, 2154.0], [863.0, 427.0, 2223.0], [862.0, 386.0, 2326.0], [861.0, 514.0, 2157.0], [859.0, 424.0, 2264.0], [858.0, 440.0, 2211.0], [857.0, 505.0, 2173.0], [856.0, 362.0, 2353.0], [855.0, 451.0, 2209.0], [854.0, 543.0, 2109.0], [854.0, 538.0, 2115.0], [854.0, 517.0, 2148.0], [854.0, 451.0, 2250.0], [853.0, 471.0, 2229.0], [852.0, 601.0, 2049.0], [852.0, 331.0, 2362.0], [850.0, 470.0, 2235.0], [850.0, 354.0, 2366.0], [850.0, 259.0, 2501.0], [848.0, 427.0, 2262.0], [848.0, 388.0, 2306.0], [847.0, 549.0, 2137.0], [847.0, 542.0, 2139.0], [847.0, 475.0, 2238.0], [847.0, 290.0, 2421.0], [846.0, 486.0, 2196.0], [846.0, 478.0, 2209.0], [846.0, 423.0, 2266.0], [846.0, 412.0, 2278.0], [846.0, 400.0, 2290.0], [845.0, 446.0, 2262.0], [845.0, 299.0, 2427.0], [844.0, 558.0, 2111.0], [843.0, 497.0, 2209.0], [842.0, 344.0, 2422.0], [841.0, 423.0, 2270.0], [840.0, 501.0, 2185.0], [839.0, 478.0, 2232.0], [838.0, 476.0, 2252.0], [837.0, 479.0, 2227.0], [837.0, 461.0, 2254.0], [837.0, 458.0, 2269.0], [836.0, 517.0, 2169.0], [836.0, 514.0, 2211.0], [836.0, 405.0, 2339.0], [836.0, 320.0, 2449.0], [835.0, 509.0, 2216.0], [835.0, 439.0, 2280.0], [834.0, 568.0, 2116.0], [834.0, 564.0, 2133.0], [834.0, 534.0, 2144.0], [834.0, 393.0, 2345.0], [833.0, 349.0, 2396.0], [832.0, 444.0, 2292.0], [832.0, 364.0, 2350.0], [831.0, 536.0, 2145.0], [829.0, 564.0, 2158.0], [827.0, 519.0, 2190.0], [826.0, 570.0, 2180.0], [825.0, 571.0, 2119.0], [824.0, 371.0, 2350.0], [824.0, 359.0, 2360.0], [824.0, 352.0, 2382.0], [823.0, 520.0, 2191.0], [822.0, 525.0, 2196.0], [821.0, 473.0, 2254.0], [821.0, 417.0, 2316.0], [821.0, 416.0, 2345.0], [819.0, 540.0, 2196.0], [819.0, 267.0, 2467.0], [817.0, 597.0, 2093.0], [817.0, 485.0, 2241.0], [817.0, 391.0, 2349.0], [816.0, 396.0, 2360.0], [815.0, 557.0, 2185.0], [814.0, 551.0, 2201.0], [814.0, 399.0, 2349.0], [813.0, 456.0, 2297.0], [813.0, 429.0, 2323.0], [812.0, 386.0, 2386.0], [811.0, 441.0, 2302.0], [809.0, 492.0, 2249.0], [809.0, 431.0, 2335.0], [809.0, 300.0, 2467.0], [807.0, 493.0, 2270.0], [807.0, 467.0, 2299.0], [806.0, 421.0, 2339.0], [805.0, 508.0, 2228.0], [805.0, 232.0, 2553.0], [804.0, 497.0, 2249.0], [804.0, 490.0, 2287.0], [804.0, 245.0, 2528.0], [803.0, 280.0, 2490.0], [802.0, 541.0, 2234.0], [802.0, 504.0, 2245.0], [802.0, 499.0, 2251.0], [802.0, 457.0, 2308.0], [801.0, 606.0, 2112.0], [801.0, 495.0, 2258.0], [801.0, 422.0, 2348.0], [801.0, 290.0, 2523.0], [799.0, 381.0, 2392.0], [798.0, 585.0, 2139.0], [798.0, 436.0, 2321.0], [797.0, 393.0, 2365.0], [797.0, 392.0, 2371.0], [797.0, 336.0, 2426.0], [796.0, 554.0, 2207.0], [796.0, 358.0, 2417.0], [795.0, 518.0, 2238.0], [795.0, 441.0, 2340.0], [794.0, 381.0, 2421.0], [793.0, 469.0, 2302.0], [793.0, 427.0, 2362.0], [793.0, 328.0, 2466.0], [791.0, 478.0, 2309.0], [791.0, 340.0, 2429.0], [791.0, 317.0, 2476.0], [791.0, 293.0, 2501.0], [790.0, 507.0, 2248.0], [789.0, 498.0, 2253.0], [789.0, 495.0, 2268.0], [789.0, 405.0, 2366.0], [789.0, 391.0, 2376.0], [789.0, 326.0, 2482.0], [788.0, 563.0, 2215.0], [788.0, 462.0, 2321.0], [788.0, 453.0, 2335.0], [788.0, 357.0, 2448.0], [787.0, 517.0, 2249.0], [787.0, 444.0, 2358.0], [785.0, 577.0, 2216.0], [785.0, 524.0, 2262.0], [785.0, 447.0, 2350.0], [785.0, 386.0, 2395.0], [783.0, 581.0, 2159.0], [783.0, 481.0, 2327.0], [783.0, 302.0, 2509.0], [782.0, 543.0, 2228.0], [782.0, 399.0, 2369.0], [782.0, 351.0, 2502.0], [781.0, 417.0, 2373.0], [781.0, 394.0, 2394.0], [780.0, 556.0, 2232.0], [780.0, 527.0, 2261.0], [780.0, 396.0, 2375.0], [780.0, 347.0, 2504.0], [778.0, 630.0, 2119.0], [778.0, 607.0, 2179.0], [778.0, 310.0, 2513.0], [777.0, 495.0, 2289.0], [777.0, 455.0, 2328.0], [777.0, 413.0, 2391.0], [777.0, 376.0, 2451.0], [777.0, 361.0, 2464.0], [777.0, 284.0, 2534.0], [776.0, 499.0, 2305.0], [776.0, 389.0, 2397.0], [775.0, 632.0, 2005.0], [775.0, 484.0, 2313.0], [775.0, 429.0, 2361.0], [774.0, 476.0, 2361.0], [773.0, 583.0, 2204.0], [773.0, 478.0, 2330.0], [773.0, 405.0, 2394.0], [772.0, 478.0, 2337.0], [772.0, 442.0, 2365.0], [772.0, 215.0, 2590.0], [771.0, 529.0, 2277.0], [771.0, 391.0, 2397.0], [771.0, 356.0, 2466.0], [770.0, 587.0, 2181.0], [769.0, 482.0, 2349.0], [769.0, 398.0, 2416.0], [769.0, 279.0, 2537.0], [769.0, 239.0, 2558.0], [768.0, 411.0, 2395.0], [766.0, 568.0, 2224.0], [766.0, 423.0, 2367.0], [766.0, 394.0, 2434.0], [766.0, 317.0, 2530.0], [764.0, 541.0, 2272.0], [764.0, 224.0, 2598.0], [763.0, 556.0, 2237.0], [763.0, 551.0, 2243.0], [763.0, 532.0, 2295.0], [763.0, 436.0, 2393.0], [762.0, 543.0, 2281.0], [762.0, 377.0, 2447.0], [761.0, 624.0, 2148.0], [761.0, 495.0, 2316.0], [761.0, 445.0, 2362.0], [761.0, 425.0, 2399.0], [761.0, 418.0, 2404.0], [761.0, 401.0, 2434.0], [761.0, 353.0, 2493.0], [760.0, 597.0, 2186.0], [760.0, 435.0, 2396.0], [760.0, 430.0, 2402.0], [760.0, 251.0, 2541.0], [759.0, 452.0, 2381.0], [758.0, 577.0, 2232.0], [758.0, 431.0, 2398.0], [758.0, 426.0, 2404.0], [757.0, 484.0, 2331.0], [757.0, 417.0, 2414.0], [757.0, 412.0, 2420.0], [755.0, 506.0, 2324.0], [755.0, 456.0, 2367.0], [753.0, 440.0, 2391.0], [753.0, 327.0, 2522.0], [752.0, 455.0, 2382.0], [752.0, 431.0, 2412.0], [751.0, 553.0, 2256.0], [751.0, 359.0, 2468.0], [751.0, 245.0, 2563.0], [750.0, 332.0, 2521.0], [750.0, 285.0, 2546.0], [749.0, 496.0, 2338.0], [749.0, 355.0, 2470.0], [749.0, 334.0, 2539.0], [748.0, 449.0, 2391.0], [748.0, 432.0, 2399.0], [748.0, 272.0, 2583.0], [747.0, 589.0, 2204.0], [747.0, 513.0, 2341.0], [747.0, 454.0, 2402.0], [747.0, 449.0, 2408.0], [747.0, 414.0, 2441.0], [747.0, 330.0, 2541.0], [746.0, 615.0, 2227.0], [746.0, 484.0, 2363.0], [746.0, 449.0, 2436.0], [745.0, 522.0, 2313.0], [744.0, 300.0, 2580.0], [743.0, 564.0, 2235.0], [743.0, 408.0, 2447.0], [743.0, 377.0, 2460.0], [742.0, 574.0, 2238.0], [742.0, 456.0, 2399.0], [741.0, 528.0, 2320.0], [740.0, 569.0, 2240.0], [739.0, 557.0, 2241.0], [739.0, 554.0, 2248.0], [739.0, 401.0, 2457.0], [739.0, 345.0, 2506.0], [738.0, 487.0, 2351.0], [738.0, 367.0, 2466.0], [737.0, 486.0, 2357.0], [737.0, 386.0, 2466.0], [737.0, 324.0, 2554.0], [737.0, 270.0, 2596.0], [736.0, 540.0, 2299.0], [736.0, 358.0, 2478.0], [736.0, 353.0, 2547.0], [735.0, 395.0, 2463.0], [735.0, 320.0, 2556.0], [734.0, 398.0, 2482.0], [733.0, 510.0, 2356.0], [733.0, 475.0, 2387.0], [732.0, 480.0, 2390.0], [732.0, 367.0, 2525.0], [731.0, 583.0, 2261.0], [731.0, 471.0, 2413.0], [731.0, 412.0, 2442.0], [728.0, 563.0, 2267.0], [728.0, 536.0, 2304.0], [727.0, 416.0, 2445.0], [727.0, 324.0, 2561.0], [725.0, 525.0, 2334.0], [724.0, 515.0, 2336.0], [724.0, 285.0, 2598.0], [723.0, 421.0, 2441.0], [722.0, 600.0, 2230.0], [722.0, 583.0, 2277.0], [722.0, 483.0, 2395.0], [722.0, 387.0, 2487.0], [722.0, 378.0, 2506.0], [721.0, 547.0, 2308.0], [721.0, 486.0, 2382.0], [721.0, 380.0, 2510.0], [719.0, 498.0, 2372.0], [719.0, 402.0, 2457.0], [718.0, 527.0, 2324.0], [718.0, 427.0, 2437.0], [718.0, 387.0, 2510.0], [717.0, 548.0, 2300.0], [717.0, 518.0, 2347.0], [717.0, 438.0, 2441.0], [717.0, 432.0, 2449.0], [716.0, 649.0, 2191.0], [716.0, 534.0, 2322.0], [716.0, 529.0, 2328.0], [716.0, 528.0, 2356.0], [716.0, 505.0, 2392.0], [716.0, 450.0, 2420.0], [716.0, 242.0, 2645.0], [716.0, 194.0, 2684.0], [715.0, 572.0, 2287.0], [715.0, 569.0, 2294.0], [715.0, 320.0, 2571.0], [714.0, 547.0, 2323.0], [714.0, 245.0, 2631.0], [713.0, 501.0, 2395.0], [713.0, 371.0, 2540.0], [712.0, 399.0, 2464.0], [712.0, 388.0, 2504.0], [712.0, 332.0, 2554.0], [711.0, 506.0, 2379.0], [710.0, 453.0, 2435.0], [710.0, 404.0, 2464.0], [710.0, 373.0, 2519.0], [710.0, 322.0, 2568.0], [709.0, 435.0, 2467.0], [709.0, 311.0, 2582.0], [709.0, 275.0, 2607.0], [708.0, 508.0, 2358.0], [708.0, 456.0, 2431.0], [708.0, 446.0, 2464.0], [708.0, 408.0, 2486.0], [708.0, 403.0, 2492.0], [707.0, 607.0, 2236.0], [707.0, 583.0, 2292.0], [706.0, 556.0, 2331.0], [706.0, 508.0, 2372.0], [706.0, 331.0, 2572.0], [706.0, 261.0, 2612.0], [706.0, 248.0, 2649.0], [705.0, 492.0, 2397.0], [704.0, 484.0, 2398.0], [704.0, 449.0, 2448.0], [704.0, 382.0, 2519.0], [704.0, 340.0, 2600.0], [704.0, 253.0, 2633.0], [703.0, 532.0, 2339.0], [703.0, 526.0, 2374.0], [703.0, 448.0, 2467.0], [703.0, 292.0, 2601.0], [702.0, 472.0, 2419.0], [702.0, 336.0, 2602.0], [701.0, 444.0, 2469.0], [700.0, 514.0, 2387.0], [700.0, 380.0, 2521.0], [699.0, 432.0, 2488.0], [699.0, 350.0, 2562.0], [697.0, 567.0, 2327.0], [697.0, 558.0, 2347.0], [697.0, 480.0, 2403.0], [697.0, 459.0, 2425.0], [697.0, 457.0, 2436.0], [697.0, 268.0, 2647.0], [696.0, 585.0, 2253.0], [696.0, 579.0, 2302.0], [696.0, 482.0, 2437.0], [696.0, 465.0, 2459.0], [696.0, 256.0, 2651.0], [696.0, 245.0, 2652.0], [695.0, 430.0, 2491.0], [695.0, 272.0, 2618.0], [694.0, 495.0, 2401.0], [694.0, 290.0, 2627.0], [693.0, 489.0, 2407.0], [692.0, 609.0, 2232.0], [692.0, 604.0, 2238.0], [692.0, 594.0, 2301.0], [692.0, 559.0, 2343.0], [692.0, 408.0, 2497.0], [692.0, 165.0, 2738.0], [691.0, 481.0, 2457.0], [691.0, 441.0, 2496.0], [691.0, 399.0, 2503.0], [691.0, 386.0, 2513.0], [691.0, 297.0, 2613.0], [689.0, 619.0, 2261.0], [689.0, 526.0, 2386.0], [689.0, 404.0, 2505.0], [688.0, 596.0, 2293.0], [688.0, 384.0, 2534.0], [688.0, 359.0, 2558.0], [688.0, 344.0, 2564.0], [688.0, 276.0, 2630.0], [687.0, 275.0, 2636.0], [686.0, 532.0, 2361.0], [686.0, 489.0, 2419.0], [686.0, 483.0, 2454.0], [686.0, 457.0, 2464.0], [686.0, 418.0, 2503.0], [686.0, 299.0, 2617.0], [686.0, 239.0, 2668.0], [684.0, 532.0, 2379.0], [683.0, 511.0, 2405.0], [683.0, 456.0, 2485.0], [683.0, 388.0, 2509.0], [683.0, 258.0, 2691.0], [683.0, 177.0, 2721.0], [682.0, 426.0, 2510.0], [682.0, 378.0, 2588.0], [681.0, 491.0, 2423.0], [681.0, 485.0, 2437.0], [681.0, 386.0, 2514.0], [681.0, 380.0, 2542.0], [680.0, 409.0, 2524.0], [680.0, 380.0, 2602.0], [678.0, 385.0, 2543.0], [677.0, 542.0, 2405.0], [677.0, 537.0, 2411.0], [677.0, 423.0, 2517.0], [676.0, 465.0, 2461.0], [676.0, 328.0, 2607.0], [675.0, 546.0, 2354.0], [675.0, 488.0, 2428.0], [675.0, 436.0, 2505.0], [675.0, 348.0, 2607.0], [675.0, 180.0, 2739.0], [674.0, 443.0, 2511.0], [674.0, 387.0, 2539.0], [673.0, 455.0, 2507.0], [673.0, 291.0, 2629.0], [672.0, 494.0, 2458.0], [672.0, 459.0, 2466.0], [670.0, 444.0, 2510.0], [670.0, 326.0, 2632.0], [670.0, 269.0, 2649.0], [669.0, 549.0, 2372.0], [668.0, 565.0, 2355.0], [667.0, 609.0, 2286.0], [667.0, 552.0, 2367.0], [667.0, 390.0, 2540.0], [667.0, 312.0, 2642.0], [666.0, 461.0, 2480.0], [666.0, 441.0, 2550.0], [666.0, 342.0, 2608.0], [665.0, 583.0, 2318.0], [665.0, 505.0, 2424.0], [665.0, 497.0, 2465.0], [664.0, 390.0, 2567.0], [663.0, 570.0, 2334.0], [663.0, 544.0, 2406.0], [663.0, 515.0, 2427.0], [663.0, 498.0, 2434.0], [663.0, 467.0, 2466.0], [662.0, 569.0, 2369.0], [662.0, 271.0, 2664.0], [662.0, 259.0, 2705.0], [660.0, 602.0, 2349.0], [660.0, 548.0, 2374.0], [660.0, 457.0, 2488.0], [659.0, 393.0, 2561.0], [659.0, 344.0, 2619.0], [659.0, 266.0, 2667.0], [658.0, 555.0, 2406.0], [658.0, 509.0, 2460.0], [658.0, 395.0, 2575.0], [657.0, 500.0, 2483.0], [657.0, 330.0, 2644.0], [656.0, 393.0, 2576.0], [656.0, 329.0, 2646.0], [656.0, 270.0, 2696.0], [655.0, 275.0, 2663.0], [654.0, 332.0, 2623.0], [653.0, 517.0, 2450.0], [653.0, 190.0, 2733.0], [651.0, 463.0, 2488.0], [651.0, 334.0, 2639.0], [651.0, 288.0, 2705.0], [651.0, 151.0, 2793.0], [649.0, 465.0, 2506.0], [649.0, 417.0, 2552.0], [649.0, 339.0, 2652.0], [649.0, 238.0, 2764.0], [648.0, 475.0, 2502.0], [648.0, 301.0, 2682.0], [647.0, 519.0, 2429.0], [647.0, 516.0, 2453.0], [646.0, 467.0, 2512.0], [645.0, 576.0, 2373.0], [644.0, 248.0, 2726.0], [643.0, 523.0, 2421.0], [643.0, 474.0, 2517.0], [643.0, 461.0, 2519.0], [642.0, 607.0, 2341.0], [641.0, 598.0, 2364.0], [641.0, 431.0, 2561.0], [641.0, 363.0, 2623.0], [640.0, 532.0, 2460.0], [640.0, 310.0, 2690.0], [639.0, 539.0, 2434.0], [639.0, 389.0, 2595.0], [638.0, 477.0, 2497.0], [638.0, 467.0, 2520.0], [638.0, 443.0, 2521.0], [638.0, 363.0, 2634.0], [637.0, 384.0, 2620.0], [637.0, 351.0, 2640.0], [637.0, 251.0, 2713.0], [636.0, 586.0, 2398.0], [636.0, 476.0, 2507.0], [636.0, 435.0, 2552.0], [635.0, 440.0, 2561.0], [635.0, 435.0, 2567.0], [635.0, 400.0, 2600.0], [635.0, 340.0, 2652.0], [632.0, 490.0, 2489.0], [632.0, 485.0, 2495.0], [632.0, 410.0, 2587.0], [631.0, 483.0, 2524.0], [630.0, 501.0, 2474.0], [630.0, 492.0, 2514.0], [630.0, 347.0, 2655.0], [629.0, 565.0, 2399.0], [627.0, 506.0, 2485.0], [627.0, 442.0, 2535.0], [626.0, 334.0, 2693.0], [625.0, 401.0, 2594.0], [624.0, 385.0, 2640.0], [624.0, 339.0, 2706.0], [623.0, 452.0, 2541.0], [623.0, 246.0, 2732.0], [622.0, 565.0, 2401.0], [622.0, 496.0, 2500.0], [621.0, 496.0, 2515.0], [621.0, 475.0, 2557.0], [621.0, 420.0, 2577.0], [619.0, 402.0, 2606.0], [619.0, 349.0, 2641.0], [618.0, 546.0, 2443.0], [617.0, 549.0, 2412.0], [614.0, 574.0, 2409.0], [614.0, 405.0, 2592.0], [613.0, 609.0, 2345.0], [613.0, 503.0, 2504.0], [611.0, 560.0, 2439.0], [611.0, 507.0, 2476.0], [611.0, 438.0, 2590.0], [611.0, 386.0, 2616.0], [610.0, 546.0, 2459.0], [609.0, 513.0, 2489.0], [609.0, 357.0, 2656.0], [608.0, 252.0, 2729.0], [607.0, 568.0, 2444.0], [607.0, 519.0, 2496.0], [607.0, 303.0, 2739.0], [606.0, 584.0, 2403.0], [606.0, 552.0, 2455.0], [606.0, 463.0, 2568.0], [606.0, 318.0, 2709.0], [605.0, 532.0, 2472.0], [605.0, 406.0, 2594.0], [605.0, 361.0, 2679.0], [604.0, 522.0, 2474.0], [604.0, 387.0, 2636.0], [603.0, 592.0, 2394.0], [603.0, 521.0, 2517.0], [603.0, 470.0, 2559.0], [603.0, 456.0, 2599.0], [603.0, 240.0, 2792.0], [602.0, 369.0, 2700.0], [601.0, 374.0, 2644.0], [600.0, 483.0, 2545.0], [600.0, 390.0, 2616.0], [599.0, 564.0, 2452.0], [599.0, 484.0, 2577.0], [599.0, 254.0, 2787.0], [598.0, 378.0, 2648.0], [597.0, 376.0, 2658.0], [595.0, 601.0, 2402.0], [594.0, 399.0, 2625.0], [593.0, 406.0, 2619.0], [592.0, 603.0, 2365.0], [591.0, 416.0, 2603.0], [591.0, 375.0, 2681.0], [590.0, 434.0, 2607.0], [590.0, 425.0, 2619.0], [590.0, 408.0, 2649.0], [590.0, 387.0, 2656.0], [589.0, 535.0, 2477.0], [588.0, 436.0, 2623.0], [587.0, 544.0, 2481.0], [587.0, 490.0, 2559.0], [587.0, 318.0, 2729.0], [584.0, 491.0, 2564.0], [583.0, 568.0, 2458.0], [583.0, 563.0, 2464.0], [583.0, 389.0, 2667.0], [582.0, 605.0, 2385.0], [582.0, 553.0, 2466.0], [582.0, 334.0, 2710.0], [581.0, 623.0, 2386.0], [581.0, 448.0, 2620.0], [581.0, 427.0, 2624.0], [581.0, 312.0, 2750.0], [580.0, 555.0, 2468.0], [580.0, 524.0, 2492.0], [580.0, 433.0, 2626.0], [580.0, 394.0, 2656.0], [580.0, 384.0, 2673.0], [580.0, 260.0, 2756.0], [579.0, 499.0, 2567.0], [579.0, 492.0, 2571.0], [579.0, 373.0, 2713.0], [578.0, 557.0, 2478.0], [578.0, 454.0, 2636.0], [576.0, 262.0, 2789.0], [574.0, 614.0, 2393.0], [574.0, 497.0, 2571.0], [573.0, 632.0, 2260.0], [573.0, 395.0, 2674.0], [572.0, 564.0, 2476.0], [572.0, 548.0, 2518.0], [571.0, 466.0, 2633.0], [570.0, 423.0, 2639.0], [570.0, 334.0, 2728.0], [569.0, 513.0, 2548.0], [567.0, 345.0, 2740.0], [566.0, 578.0, 2439.0], [565.0, 560.0, 2515.0], [565.0, 521.0, 2551.0], [565.0, 434.0, 2661.0], [565.0, 404.0, 2682.0], [563.0, 301.0, 2757.0], [563.0, 296.0, 2763.0], [562.0, 286.0, 2765.0], [560.0, 286.0, 2767.0], [556.0, 328.0, 2754.0], [556.0, 318.0, 2757.0], [555.0, 534.0, 2531.0], [554.0, 425.0, 2690.0], [554.0, 379.0, 2701.0], [552.0, 600.0, 2423.0], [552.0, 467.0, 2589.0], [551.0, 582.0, 2499.0], [551.0, 527.0, 2548.0], [550.0, 537.0, 2561.0], [550.0, 476.0, 2604.0], [549.0, 503.0, 2565.0], [549.0, 198.0, 2837.0], [547.0, 469.0, 2610.0], [547.0, 305.0, 2770.0], [546.0, 496.0, 2572.0], [546.0, 479.0, 2623.0], [546.0, 374.0, 2738.0], [546.0, 274.0, 2784.0], [545.0, 441.0, 2639.0], [544.0, 609.0, 2431.0], [543.0, 591.0, 2507.0], [543.0, 399.0, 2694.0], [540.0, 337.0, 2776.0], [539.0, 442.0, 2687.0], [537.0, 376.0, 2751.0], [536.0, 498.0, 2588.0], [534.0, 515.0, 2579.0], [533.0, 477.0, 2625.0], [531.0, 346.0, 2754.0], [529.0, 398.0, 2708.0], [529.0, 392.0, 2713.0], [528.0, 507.0, 2596.0], [528.0, 464.0, 2643.0], [528.0, 276.0, 2797.0], [527.0, 446.0, 2652.0], [527.0, 391.0, 2714.0], [526.0, 305.0, 2797.0], [524.0, 538.0, 2540.0], [524.0, 533.0, 2581.0], [524.0, 411.0, 2728.0], [523.0, 472.0, 2631.0], [522.0, 510.0, 2636.0], [522.0, 260.0, 2828.0], [521.0, 476.0, 2640.0], [517.0, 439.0, 2700.0], [515.0, 413.0, 2741.0], [515.0, 331.0, 2781.0], [514.0, 568.0, 2544.0], [512.0, 294.0, 2809.0], [511.0, 350.0, 2778.0], [510.0, 252.0, 2843.0], [508.0, 359.0, 2794.0], [505.0, 378.0, 2765.0], [504.0, 318.0, 2805.0], [502.0, 365.0, 2775.0], [496.0, 494.0, 2644.0], [496.0, 409.0, 2759.0], [494.0, 475.0, 2650.0], [494.0, 449.0, 2668.0], [494.0, 423.0, 2732.0], [489.0, 387.0, 2768.0], [486.0, 545.0, 2564.0], [486.0, 396.0, 2784.0], [482.0, 347.0, 2827.0], [479.0, 427.0, 2724.0], [476.0, 368.0, 2799.0], [475.0, 335.0, 2830.0], [473.0, 413.0, 2759.0], [471.0, 490.0, 2678.0], [470.0, 443.0, 2729.0], [470.0, 354.0, 2805.0], [462.0, 414.0, 2750.0], [461.0, 369.0, 2802.0], [460.0, 456.0, 2709.0], [456.0, 332.0, 2839.0], [454.0, 445.0, 2724.0], [452.0, 374.0, 2812.0], [450.0, 319.0, 2875.0], [447.0, 353.0, 2831.0], [445.0, 344.0, 2844.0], [444.0, 363.0, 2816.0], [441.0, 417.0, 2753.0], [432.0, 397.0, 2854.0], [431.0, 457.0, 2709.0], [428.0, 356.0, 2865.0], [412.0, 430.0, 2773.0], [411.0, 376.0, 2866.0], [403.0, 329.0, 2883.0], [401.0, 416.0, 2822.0], [376.0, 395.0, 2885.0]]
