heur = true
LBS_limit = 3
preproc = 1
tight_root = 0
total_time = 1800.05
NDP = 906
total_nodes = 44413
pruned_nodes = 22194
pruned_dominance_nodes = 10187
heur_time = 0.21
Y_N = Any[[3355.0, 2505.0, 4537.0], [3337.0, 2485.0, 4599.0], [3329.0, 2545.0, 4485.0], [3317.0, 2484.0, 4630.0], [3316.0, 2382.0, 4747.0], [3311.0, 2540.0, 4550.0], [3310.0, 2308.0, 4840.0], [3309.0, 2457.0, 4706.0], [3299.0, 2491.0, 4552.0], [3294.0, 2740.0, 4316.0], [3293.0, 2453.0, 4810.0], [3287.0, 2257.0, 4950.0], [3284.0, 2286.0, 4979.0], [3282.0, 2506.0, 4561.0], [3280.0, 2508.0, 4638.0], [3280.0, 2309.0, 4897.0], [3279.0, 2464.0, 4652.0], [3273.0, 2313.0, 4958.0], [3272.0, 2558.0, 4599.0], [3270.0, 2666.0, 4442.0], [3270.0, 2343.0, 4868.0], [3267.0, 2265.0, 5062.0], [3266.0, 2389.0, 4863.0], [3265.0, 2571.0, 4589.0], [3263.0, 2644.0, 4502.0], [3263.0, 2522.0, 4641.0], [3262.0, 2506.0, 4708.0], [3262.0, 2378.0, 4870.0], [3260.0, 2579.0, 4621.0], [3260.0, 2460.0, 4724.0], [3256.0, 2504.0, 4735.0], [3256.0, 2364.0, 4891.0], [3256.0, 2323.0, 4949.0], [3255.0, 2406.0, 4822.0], [3254.0, 2507.0, 4678.0], [3253.0, 2334.0, 4938.0], [3252.0, 2273.0, 4990.0], [3248.0, 2655.0, 4615.0], [3247.0, 2471.0, 4741.0], [3247.0, 2370.0, 4908.0], [3247.0, 2291.0, 5080.0], [3245.0, 2420.0, 4916.0], [3243.0, 2243.0, 5104.0], [3242.0, 2432.0, 4861.0], [3242.0, 2387.0, 4918.0], [3242.0, 2296.0, 4979.0], [3241.0, 2677.0, 4330.0], [3241.0, 2481.0, 4812.0], [3238.0, 2706.0, 4350.0], [3238.0, 2360.0, 5009.0], [3236.0, 2521.0, 4647.0], [3236.0, 2457.0, 4818.0], [3234.0, 2370.0, 4937.0], [3231.0, 2522.0, 4655.0], [3230.0, 2219.0, 5119.0], [3224.0, 2750.0, 4258.0], [3224.0, 2656.0, 4649.0], [3224.0, 2472.0, 4969.0], [3223.0, 2804.0, 4541.0], [3221.0, 2616.0, 4761.0], [3219.0, 2369.0, 4992.0], [3219.0, 2328.0, 5050.0], [3215.0, 2240.0, 5106.0], [3214.0, 2510.0, 4821.0], [3211.0, 2614.0, 4765.0], [3209.0, 2516.0, 4776.0], [3208.0, 2520.0, 4774.0], [3208.0, 2303.0, 5067.0], [3207.0, 2674.0, 4605.0], [3205.0, 2487.0, 4827.0], [3205.0, 2486.0, 4860.0], [3205.0, 2196.0, 5190.0], [3204.0, 2211.0, 5138.0], [3201.0, 2253.0, 5104.0], [3201.0, 2246.0, 5107.0], [3200.0, 2313.0, 5095.0], [3198.0, 2370.0, 5029.0], [3198.0, 2210.0, 5154.0], [3196.0, 2626.0, 4692.0], [3196.0, 2550.0, 4881.0], [3196.0, 2509.0, 4939.0], [3195.0, 2633.0, 4751.0], [3193.0, 2224.0, 5220.0], [3192.0, 2731.0, 4702.0], [3191.0, 2840.0, 4310.0], [3191.0, 2364.0, 5033.0], [3190.0, 2261.0, 5102.0], [3189.0, 2872.0, 4310.0], [3189.0, 2834.0, 4350.0], [3189.0, 2405.0, 5038.0], [3189.0, 2176.0, 5244.0], [3186.0, 2575.0, 4852.0], [3184.0, 2482.0, 4989.0], [3184.0, 2293.0, 5149.0], [3183.0, 2714.0, 4739.0], [3180.0, 2515.0, 4909.0], [3179.0, 2340.0, 5062.0], [3177.0, 2495.0, 4946.0], [3175.0, 2355.0, 5050.0], [3174.0, 2886.0, 4504.0], [3174.0, 2522.0, 4985.0], [3173.0, 2326.0, 5087.0], [3172.0, 2699.0, 4751.0], [3170.0, 2606.0, 4768.0], [3170.0, 2365.0, 5049.0], [3170.0, 2280.0, 5169.0], [3169.0, 2780.0, 4645.0], [3169.0, 2739.0, 4703.0], [3168.0, 2792.0, 4654.0], [3166.0, 2901.0, 4522.0], [3166.0, 2748.0, 4692.0], [3166.0, 2567.0, 4879.0], [3166.0, 2352.0, 5063.0], [3165.0, 2710.0, 4768.0], [3165.0, 2133.0, 5326.0], [3163.0, 2610.0, 4803.0], [3162.0, 2619.0, 4840.0], [3162.0, 2538.0, 4938.0], [3162.0, 2272.0, 5201.0], [3162.0, 2252.0, 5212.0], [3161.0, 2407.0, 5002.0], [3160.0, 2592.0, 4842.0], [3160.0, 2313.0, 5165.0], [3160.0, 2250.0, 5231.0], [3159.0, 2721.0, 4763.0], [3159.0, 2562.0, 4925.0], [3158.0, 2539.0, 4939.0], [3158.0, 2515.0, 4993.0], [3158.0, 2445.0, 5002.0], [3157.0, 2809.0, 4523.0], [3157.0, 2768.0, 4729.0], [3157.0, 2516.0, 4995.0], [3156.0, 2280.0, 5197.0], [3155.0, 2577.0, 4873.0], [3155.0, 2439.0, 5007.0], [3155.0, 2339.0, 5076.0], [3155.0, 2256.0, 5209.0], [3154.0, 2829.0, 4532.0], [3154.0, 2626.0, 4833.0], [3154.0, 2565.0, 4903.0], [3154.0, 2351.0, 5089.0], [3153.0, 2459.0, 4998.0], [3153.0, 2372.0, 5056.0], [3153.0, 2343.0, 5166.0], [3152.0, 2406.0, 5014.0], [3151.0, 2639.0, 4829.0], [3151.0, 2598.0, 4887.0], [3151.0, 2414.0, 5071.0], [3151.0, 2208.0, 5233.0], [3148.0, 2812.0, 4668.0], [3146.0, 2599.0, 4845.0], [3146.0, 2365.0, 5115.0], [3145.0, 2645.0, 4801.0], [3145.0, 2085.0, 5353.0], [3144.0, 2437.0, 5011.0], [3143.0, 2180.0, 5252.0], [3140.0, 2854.0, 4644.0], [3140.0, 2529.0, 4989.0], [3140.0, 2514.0, 5029.0], [3140.0, 2359.0, 5135.0], [3140.0, 2297.0, 5177.0], [3140.0, 2273.0, 5231.0], [3139.0, 2564.0, 4976.0], [3138.0, 2246.0, 5239.0], [3136.0, 2713.0, 4792.0], [3136.0, 2677.0, 4799.0], [3136.0, 2634.0, 4851.0], [3136.0, 2486.0, 5071.0], [3134.0, 2684.0, 4802.0], [3134.0, 2383.0, 5096.0], [3132.0, 2527.0, 5023.0], [3130.0, 2648.0, 4855.0], [3130.0, 2618.0, 4859.0], [3130.0, 2600.0, 4909.0], [3130.0, 2364.0, 5131.0], [3129.0, 2655.0, 4818.0], [3129.0, 2428.0, 5112.0], [3129.0, 2311.0, 5235.0], [3127.0, 2741.0, 4764.0], [3125.0, 2385.0, 5128.0], [3125.0, 2380.0, 5136.0], [3125.0, 2325.0, 5209.0], [3123.0, 2677.0, 4811.0], [3122.0, 2573.0, 4966.0], [3120.0, 2878.0, 4552.0], [3120.0, 2424.0, 5135.0], [3119.0, 2830.0, 4674.0], [3119.0, 2786.0, 4675.0], [3119.0, 2544.0, 5020.0], [3118.0, 2906.0, 4446.0], [3118.0, 2610.0, 4908.0], [3118.0, 2252.0, 5270.0], [3116.0, 2749.0, 4766.0], [3116.0, 2612.0, 4988.0], [3116.0, 2381.0, 5203.0], [3116.0, 2213.0, 5309.0], [3114.0, 2234.0, 5279.0], [3112.0, 2669.0, 4895.0], [3110.0, 2751.0, 4740.0], [3110.0, 2617.0, 4937.0], [3110.0, 2562.0, 5003.0], [3110.0, 2448.0, 5101.0], [3109.0, 2597.0, 4990.0], [3109.0, 2563.0, 5005.0], [3108.0, 2821.0, 4698.0], [3106.0, 2641.0, 4941.0], [3105.0, 2694.0, 4823.0], [3104.0, 2455.0, 5094.0], [3102.0, 2445.0, 5197.0], [3102.0, 2217.0, 5314.0], [3100.0, 2499.0, 5035.0], [3100.0, 2469.0, 5096.0], [3099.0, 2709.0, 4808.0], [3098.0, 2856.0, 4705.0], [3097.0, 2245.0, 5272.0], [3096.0, 2911.0, 4567.0], [3096.0, 2511.0, 5034.0], [3096.0, 2483.0, 5073.0], [3096.0, 2265.0, 5261.0], [3095.0, 2913.0, 4514.0], [3094.0, 2304.0, 5261.0], [3092.0, 2780.0, 4720.0], [3092.0, 2512.0, 5049.0], [3092.0, 2481.0, 5129.0], [3091.0, 2499.0, 5094.0], [3091.0, 2242.0, 5274.0], [3089.0, 2693.0, 4882.0], [3088.0, 2769.0, 4755.0], [3087.0, 2727.0, 4785.0], [3087.0, 2352.0, 5222.0], [3087.0, 2130.0, 5365.0], [3086.0, 2714.0, 4795.0], [3086.0, 2355.0, 5251.0], [3084.0, 2704.0, 4818.0], [3084.0, 2517.0, 5060.0], [3084.0, 2254.0, 5300.0], [3083.0, 2607.0, 4999.0], [3082.0, 2647.0, 4964.0], [3082.0, 2377.0, 5221.0], [3082.0, 2295.0, 5266.0], [3081.0, 2621.0, 4984.0], [3080.0, 2786.0, 4738.0], [3080.0, 2721.0, 4792.0], [3080.0, 2518.0, 5084.0], [3080.0, 2274.0, 5296.0], [3080.0, 2207.0, 5356.0], [3079.0, 2543.0, 5040.0], [3079.0, 2232.0, 5316.0], [3077.0, 2554.0, 5055.0], [3076.0, 2172.0, 5386.0], [3075.0, 2860.0, 4634.0], [3075.0, 2533.0, 5070.0], [3074.0, 2864.0, 4681.0], [3074.0, 2757.0, 4760.0], [3074.0, 2677.0, 4944.0], [3073.0, 2712.0, 4828.0], [3073.0, 2315.0, 5253.0], [3072.0, 2778.0, 4758.0], [3072.0, 2735.0, 4774.0], [3072.0, 2385.0, 5231.0], [3071.0, 2886.0, 4606.0], [3071.0, 2568.0, 5030.0], [3070.0, 2710.0, 4875.0], [3070.0, 2496.0, 5147.0], [3068.0, 2875.0, 4613.0], [3068.0, 2527.0, 5075.0], [3067.0, 2605.0, 5004.0], [3065.0, 2774.0, 4821.0], [3065.0, 2578.0, 5013.0], [3064.0, 2765.0, 4846.0], [3063.0, 2950.0, 4422.0], [3062.0, 2897.0, 4662.0], [3062.0, 2788.0, 4724.0], [3061.0, 2242.0, 5314.0], [3060.0, 2928.0, 4481.0], [3060.0, 2371.0, 5234.0], [3060.0, 2363.0, 5240.0], [3060.0, 2211.0, 5327.0], [3059.0, 2914.0, 4585.0], [3059.0, 2720.0, 4859.0], [3059.0, 2634.0, 4988.0], [3059.0, 2511.0, 5098.0], [3058.0, 2434.0, 5214.0], [3057.0, 2511.0, 5116.0], [3056.0, 2243.0, 5333.0], [3056.0, 2202.0, 5397.0], [3055.0, 2351.0, 5265.0], [3055.0, 2293.0, 5269.0], [3054.0, 2337.0, 5281.0], [3054.0, 2283.0, 5324.0], [3053.0, 2553.0, 5059.0], [3053.0, 2538.0, 5075.0], [3052.0, 2567.0, 5035.0], [3052.0, 2526.0, 5093.0], [3051.0, 2450.0, 5252.0], [3050.0, 2547.0, 5066.0], [3050.0, 2479.0, 5182.0], [3050.0, 2207.0, 5362.0], [3049.0, 2796.0, 4720.0], [3049.0, 2543.0, 5079.0], [3049.0, 2291.0, 5294.0], [3048.0, 2457.0, 5185.0], [3047.0, 2793.0, 4763.0], [3046.0, 2797.0, 4736.0], [3046.0, 2778.0, 4803.0], [3046.0, 2318.0, 5284.0], [3045.0, 2788.0, 4778.0], [3045.0, 2608.0, 5047.0], [3045.0, 2259.0, 5336.0], [3045.0, 2252.0, 5400.0], [3044.0, 2721.0, 4888.0], [3044.0, 2642.0, 4970.0], [3044.0, 2499.0, 5156.0], [3043.0, 2893.0, 4699.0], [3043.0, 2691.0, 4930.0], [3043.0, 2459.0, 5216.0], [3042.0, 2648.0, 4970.0], [3042.0, 2537.0, 5094.0], [3041.0, 2777.0, 4846.0], [3041.0, 2321.0, 5356.0], [3040.0, 2654.0, 4954.0], [3040.0, 2326.0, 5287.0], [3039.0, 2730.0, 4853.0], [3039.0, 2689.0, 4941.0], [3039.0, 2468.0, 5186.0], [3038.0, 2151.0, 5411.0], [3036.0, 2844.0, 4712.0], [3036.0, 2710.0, 4941.0], [3036.0, 2693.0, 4954.0], [3036.0, 2494.0, 5185.0], [3036.0, 2373.0, 5261.0], [3036.0, 2326.0, 5326.0], [3035.0, 2467.0, 5214.0], [3035.0, 2304.0, 5375.0], [3034.0, 2582.0, 5051.0], [3034.0, 2362.0, 5286.0], [3034.0, 2198.0, 5405.0], [3033.0, 2331.0, 5300.0], [3033.0, 2330.0, 5343.0], [3032.0, 2542.0, 5082.0], [3031.0, 2809.0, 4781.0], [3030.0, 2768.0, 4870.0], [3030.0, 2749.0, 4929.0], [3030.0, 2513.0, 5125.0], [3030.0, 2496.0, 5188.0], [3029.0, 2526.0, 5096.0], [3029.0, 2428.0, 5267.0], [3028.0, 3001.0, 4571.0], [3028.0, 2916.0, 4633.0], [3028.0, 2785.0, 4857.0], [3026.0, 2570.0, 5094.0], [3026.0, 2502.0, 5154.0], [3025.0, 2681.0, 4963.0], [3025.0, 2544.0, 5097.0], [3025.0, 2517.0, 5120.0], [3024.0, 2863.0, 4761.0], [3024.0, 2636.0, 5068.0], [3024.0, 2521.0, 5100.0], [3022.0, 2550.0, 5129.0], [3021.0, 2815.0, 4804.0], [3021.0, 2505.0, 5137.0], [3021.0, 2333.0, 5310.0], [3020.0, 2658.0, 4980.0], [3020.0, 2301.0, 5390.0], [3019.0, 2359.0, 5311.0], [3018.0, 2118.0, 5422.0], [3017.0, 2383.0, 5270.0], [3016.0, 2910.0, 4693.0], [3016.0, 2811.0, 4805.0], [3016.0, 2802.0, 4866.0], [3016.0, 2640.0, 4989.0], [3015.0, 2834.0, 4793.0], [3015.0, 2134.0, 5473.0], [3014.0, 2557.0, 5123.0], [3014.0, 2518.0, 5199.0], [3014.0, 2485.0, 5215.0], [3013.0, 2647.0, 4983.0], [3013.0, 2573.0, 5103.0], [3012.0, 2422.0, 5277.0], [3012.0, 2333.0, 5369.0], [3011.0, 2668.0, 4974.0], [3011.0, 2453.0, 5237.0], [3010.0, 2648.0, 4992.0], [3010.0, 2639.0, 4994.0], [3010.0, 2594.0, 5082.0], [3009.0, 2753.0, 4883.0], [3009.0, 2654.0, 4991.0], [3009.0, 2601.0, 5118.0], [3008.0, 2700.0, 4962.0], [3008.0, 2662.0, 5003.0], [3008.0, 2609.0, 5096.0], [3007.0, 2766.0, 4883.0], [3007.0, 2669.0, 5001.0], [3007.0, 2214.0, 5461.0], [3004.0, 2822.0, 4812.0], [3004.0, 2397.0, 5290.0], [3002.0, 2933.0, 4604.0], [3002.0, 2547.0, 5149.0], [3001.0, 2403.0, 5297.0], [3001.0, 2361.0, 5339.0], [3001.0, 2311.0, 5373.0], [3001.0, 2230.0, 5427.0], [3000.0, 2639.0, 5039.0], [3000.0, 2552.0, 5136.0], [3000.0, 2374.0, 5315.0], [2999.0, 2676.0, 4973.0], [2999.0, 2256.0, 5408.0], [2997.0, 2681.0, 4986.0], [2997.0, 2565.0, 5131.0], [2997.0, 2422.0, 5312.0], [2996.0, 2845.0, 4786.0], [2996.0, 2582.0, 5180.0], [2996.0, 2399.0, 5325.0], [2995.0, 2671.0, 5033.0], [2995.0, 2287.0, 5395.0], [2995.0, 2271.0, 5396.0], [2995.0, 2126.0, 5550.0], [2994.0, 2697.0, 4963.0], [2994.0, 2524.0, 5196.0], [2993.0, 2462.0, 5226.0], [2993.0, 2319.0, 5411.0], [2992.0, 2512.0, 5227.0], [2991.0, 2754.0, 4904.0], [2991.0, 2647.0, 5066.0], [2991.0, 2348.0, 5364.0], [2991.0, 2296.0, 5417.0], [2991.0, 2242.0, 5456.0], [2990.0, 2769.0, 4936.0], [2989.0, 2457.0, 5255.0], [2989.0, 2246.0, 5451.0], [2988.0, 2290.0, 5451.0], [2987.0, 2514.0, 5228.0], [2986.0, 2424.0, 5313.0], [2986.0, 2311.0, 5413.0], [2985.0, 2890.0, 4756.0], [2983.0, 2168.0, 5531.0], [2982.0, 2307.0, 5417.0], [2980.0, 2782.0, 4873.0], [2980.0, 2720.0, 4979.0], [2979.0, 2488.0, 5233.0], [2979.0, 2324.0, 5375.0], [2978.0, 2787.0, 4880.0], [2978.0, 2536.0, 5197.0], [2978.0, 2447.0, 5306.0], [2978.0, 2261.0, 5523.0], [2977.0, 2677.0, 4995.0], [2976.0, 2660.0, 5050.0], [2976.0, 2602.0, 5110.0], [2976.0, 2404.0, 5324.0], [2975.0, 2594.0, 5166.0], [2974.0, 2355.0, 5341.0], [2973.0, 2693.0, 4993.0], [2973.0, 2463.0, 5238.0], [2972.0, 2900.0, 4730.0], [2972.0, 2826.0, 4923.0], [2972.0, 2691.0, 5034.0], [2972.0, 2456.0, 5263.0], [2972.0, 2415.0, 5326.0], [2972.0, 2124.0, 5552.0], [2972.0, 2067.0, 5631.0], [2971.0, 2518.0, 5205.0], [2970.0, 2745.0, 5002.0], [2970.0, 2629.0, 5110.0], [2970.0, 2465.0, 5242.0], [2970.0, 2193.0, 5534.0], [2969.0, 2782.0, 4939.0], [2968.0, 2686.0, 5049.0], [2968.0, 2564.0, 5186.0], [2968.0, 2370.0, 5339.0], [2967.0, 2627.0, 5114.0], [2967.0, 2533.0, 5201.0], [2967.0, 2504.0, 5264.0], [2967.0, 2321.0, 5447.0], [2966.0, 2644.0, 5108.0], [2966.0, 2565.0, 5209.0], [2966.0, 2286.0, 5459.0], [2965.0, 2850.0, 4831.0], [2965.0, 2588.0, 5181.0], [2964.0, 2838.0, 4852.0], [2964.0, 2425.0, 5366.0], [2963.0, 2376.0, 5391.0], [2963.0, 2322.0, 5419.0], [2963.0, 2274.0, 5471.0], [2962.0, 2695.0, 5021.0], [2962.0, 2681.0, 5071.0], [2962.0, 2290.0, 5489.0], [2961.0, 2598.0, 5119.0], [2958.0, 2884.0, 4771.0], [2958.0, 2698.0, 5038.0], [2958.0, 2538.0, 5220.0], [2957.0, 2953.0, 4673.0], [2957.0, 2727.0, 5019.0], [2957.0, 2323.0, 5394.0], [2956.0, 2857.0, 4787.0], [2956.0, 2370.0, 5403.0], [2955.0, 2438.0, 5320.0], [2954.0, 2669.0, 5085.0], [2953.0, 2803.0, 4951.0], [2953.0, 2629.0, 5146.0], [2953.0, 2159.0, 5613.0], [2952.0, 2558.0, 5213.0], [2952.0, 2440.0, 5311.0], [2951.0, 2828.0, 4857.0], [2951.0, 2650.0, 5129.0], [2949.0, 2734.0, 5010.0], [2947.0, 2673.0, 5086.0], [2946.0, 2431.0, 5348.0], [2945.0, 2660.0, 5117.0], [2945.0, 2592.0, 5183.0], [2945.0, 2453.0, 5292.0], [2945.0, 2291.0, 5469.0], [2944.0, 2400.0, 5393.0], [2942.0, 2576.0, 5228.0], [2942.0, 2511.0, 5248.0], [2942.0, 2478.0, 5282.0], [2942.0, 2459.0, 5304.0], [2942.0, 2326.0, 5438.0], [2942.0, 2174.0, 5567.0], [2940.0, 2509.0, 5300.0], [2940.0, 2308.0, 5468.0], [2939.0, 2859.0, 4802.0], [2938.0, 2706.0, 5030.0], [2938.0, 2696.0, 5042.0], [2938.0, 2680.0, 5128.0], [2938.0, 2604.0, 5170.0], [2937.0, 2592.0, 5212.0], [2937.0, 2539.0, 5273.0], [2937.0, 2381.0, 5397.0], [2937.0, 2320.0, 5489.0], [2936.0, 2920.0, 4711.0], [2936.0, 2753.0, 4964.0], [2936.0, 2447.0, 5340.0], [2935.0, 2629.0, 5173.0], [2935.0, 2555.0, 5251.0], [2935.0, 2495.0, 5310.0], [2935.0, 2368.0, 5450.0], [2934.0, 2893.0, 4758.0], [2934.0, 2600.0, 5199.0], [2933.0, 2600.0, 5211.0], [2933.0, 2463.0, 5335.0], [2932.0, 2843.0, 4881.0], [2931.0, 2656.0, 5142.0], [2931.0, 2603.0, 5180.0], [2930.0, 2977.0, 4610.0], [2930.0, 2749.0, 4965.0], [2930.0, 2221.0, 5573.0], [2929.0, 2760.0, 4973.0], [2929.0, 2653.0, 5161.0], [2928.0, 2909.0, 4726.0], [2927.0, 2885.0, 4805.0], [2927.0, 2859.0, 4853.0], [2927.0, 2714.0, 5038.0], [2927.0, 2425.0, 5401.0], [2926.0, 2957.0, 4713.0], [2926.0, 2713.0, 5081.0], [2926.0, 2520.0, 5292.0], [2925.0, 2534.0, 5332.0], [2925.0, 2451.0, 5368.0], [2925.0, 2382.0, 5409.0], [2924.0, 2549.0, 5252.0], [2923.0, 2593.0, 5219.0], [2920.0, 2690.0, 5093.0], [2919.0, 2379.0, 5463.0], [2918.0, 2776.0, 4957.0], [2918.0, 2455.0, 5390.0], [2918.0, 2342.0, 5470.0], [2917.0, 2633.0, 5170.0], [2917.0, 2553.0, 5252.0], [2916.0, 2393.0, 5441.0], [2916.0, 2253.0, 5556.0], [2916.0, 2176.0, 5603.0], [2915.0, 2913.0, 4741.0], [2915.0, 2576.0, 5240.0], [2915.0, 2464.0, 5338.0], [2914.0, 3006.0, 4485.0], [2914.0, 2742.0, 5031.0], [2914.0, 2472.0, 5359.0], [2914.0, 2395.0, 5471.0], [2913.0, 2777.0, 5018.0], [2913.0, 2668.0, 5130.0], [2913.0, 2638.0, 5208.0], [2913.0, 2563.0, 5290.0], [2913.0, 2162.0, 5616.0], [2912.0, 2350.0, 5498.0], [2912.0, 2252.0, 5577.0], [2910.0, 2130.0, 5676.0], [2908.0, 2920.0, 4729.0], [2908.0, 2458.0, 5372.0], [2907.0, 2483.0, 5353.0], [2905.0, 2286.0, 5512.0], [2904.0, 2808.0, 4945.0], [2904.0, 2623.0, 5210.0], [2903.0, 2434.0, 5392.0], [2902.0, 2641.0, 5167.0], [2902.0, 2591.0, 5227.0], [2901.0, 2893.0, 4792.0], [2901.0, 2497.0, 5342.0], [2901.0, 2227.0, 5599.0], [2900.0, 2325.0, 5519.0], [2899.0, 2564.0, 5255.0], [2899.0, 2478.0, 5396.0], [2898.0, 2519.0, 5360.0], [2898.0, 2341.0, 5518.0], [2898.0, 2164.0, 5661.0], [2896.0, 2600.0, 5214.0], [2896.0, 2305.0, 5523.0], [2895.0, 2691.0, 5128.0], [2894.0, 2349.0, 5511.0], [2893.0, 2664.0, 5191.0], [2893.0, 2410.0, 5471.0], [2893.0, 2365.0, 5507.0], [2892.0, 2534.0, 5346.0], [2891.0, 2584.0, 5254.0], [2890.0, 2848.0, 4875.0], [2889.0, 2748.0, 5025.0], [2889.0, 2473.0, 5406.0], [2889.0, 2325.0, 5547.0], [2886.0, 2787.0, 4952.0], [2886.0, 2785.0, 5024.0], [2885.0, 2879.0, 4820.0], [2885.0, 2847.0, 4901.0], [2885.0, 2597.0, 5223.0], [2885.0, 2370.0, 5476.0], [2885.0, 2213.0, 5673.0], [2884.0, 2944.0, 4764.0], [2884.0, 2916.0, 4779.0], [2884.0, 2547.0, 5293.0], [2884.0, 2487.0, 5375.0], [2884.0, 2437.0, 5472.0], [2883.0, 3010.0, 4673.0], [2883.0, 2610.0, 5226.0], [2882.0, 2812.0, 4925.0], [2882.0, 2492.0, 5376.0], [2881.0, 2811.0, 4958.0], [2881.0, 2718.0, 5035.0], [2880.0, 2380.0, 5473.0], [2879.0, 2802.0, 4965.0], [2878.0, 2896.0, 4782.0], [2878.0, 2884.0, 4838.0], [2878.0, 2817.0, 4977.0], [2878.0, 2596.0, 5228.0], [2878.0, 2253.0, 5563.0], [2878.0, 2164.0, 5721.0], [2877.0, 2706.0, 5109.0], [2877.0, 2503.0, 5403.0], [2876.0, 2397.0, 5473.0], [2875.0, 2744.0, 5034.0], [2875.0, 2719.0, 5048.0], [2875.0, 2672.0, 5132.0], [2875.0, 2600.0, 5245.0], [2874.0, 2778.0, 5053.0], [2874.0, 2262.0, 5621.0], [2872.0, 2723.0, 5081.0], [2870.0, 2908.0, 4879.0], [2870.0, 2512.0, 5372.0], [2870.0, 2483.0, 5405.0], [2869.0, 2640.0, 5206.0], [2869.0, 2466.0, 5429.0], [2868.0, 2749.0, 5077.0], [2868.0, 2536.0, 5299.0], [2867.0, 2803.0, 5019.0], [2867.0, 2629.0, 5229.0], [2866.0, 2825.0, 4985.0], [2866.0, 2694.0, 5112.0], [2866.0, 2642.0, 5209.0], [2865.0, 2701.0, 5131.0], [2864.0, 2545.0, 5297.0], [2864.0, 2538.0, 5319.0], [2864.0, 2521.0, 5349.0], [2864.0, 2434.0, 5473.0], [2863.0, 2913.0, 4832.0], [2863.0, 2544.0, 5312.0], [2863.0, 2469.0, 5460.0], [2863.0, 2407.0, 5502.0], [2862.0, 2574.0, 5255.0], [2862.0, 2335.0, 5538.0], [2862.0, 2248.0, 5633.0], [2861.0, 2588.0, 5260.0], [2860.0, 2849.0, 4890.0], [2860.0, 2739.0, 5087.0], [2860.0, 2578.0, 5321.0], [2859.0, 2945.0, 4721.0], [2859.0, 2732.0, 5121.0], [2859.0, 2293.0, 5583.0], [2859.0, 2215.0, 5719.0], [2858.0, 2539.0, 5353.0], [2857.0, 2704.0, 5163.0], [2857.0, 2538.0, 5377.0], [2856.0, 2823.0, 4991.0], [2856.0, 2608.0, 5237.0], [2855.0, 2544.0, 5348.0], [2855.0, 2309.0, 5626.0], [2854.0, 2676.0, 5177.0], [2852.0, 2634.0, 5213.0], [2852.0, 2606.0, 5252.0], [2851.0, 2940.0, 4782.0], [2851.0, 2634.0, 5224.0], [2851.0, 2227.0, 5638.0], [2850.0, 2758.0, 5074.0], [2850.0, 2608.0, 5269.0], [2849.0, 2841.0, 4967.0], [2849.0, 2755.0, 5117.0], [2849.0, 2411.0, 5501.0], [2848.0, 2598.0, 5273.0], [2848.0, 2431.0, 5520.0], [2847.0, 2793.0, 5051.0], [2847.0, 2610.0, 5254.0], [2847.0, 2418.0, 5523.0], [2846.0, 2232.0, 5636.0], [2845.0, 2574.0, 5362.0], [2844.0, 2489.0, 5427.0], [2841.0, 2802.0, 5049.0], [2841.0, 2705.0, 5135.0], [2841.0, 2647.0, 5275.0], [2841.0, 2582.0, 5278.0], [2841.0, 2453.0, 5475.0], [2841.0, 2315.0, 5624.0], [2835.0, 2741.0, 5127.0], [2833.0, 2649.0, 5211.0], [2833.0, 2491.0, 5439.0], [2832.0, 2397.0, 5531.0], [2832.0, 2387.0, 5567.0], [2831.0, 2874.0, 4936.0], [2831.0, 2721.0, 5145.0], [2831.0, 2694.0, 5189.0], [2831.0, 2127.0, 5748.0], [2830.0, 2608.0, 5277.0], [2830.0, 2587.0, 5282.0], [2830.0, 2529.0, 5420.0], [2830.0, 2474.0, 5465.0], [2829.0, 2883.0, 4888.0], [2828.0, 2918.0, 4875.0], [2828.0, 2326.0, 5609.0], [2827.0, 2865.0, 4993.0], [2827.0, 2686.0, 5191.0], [2827.0, 2673.0, 5214.0], [2827.0, 2456.0, 5484.0], [2826.0, 2708.0, 5201.0], [2824.0, 2648.0, 5273.0], [2822.0, 2818.0, 5050.0], [2822.0, 2800.0, 5060.0], [2822.0, 2777.0, 5085.0], [2822.0, 2464.0, 5484.0], [2821.0, 2744.0, 5139.0], [2821.0, 2580.0, 5294.0], [2821.0, 2499.0, 5471.0], [2820.0, 2909.0, 4900.0], [2820.0, 2601.0, 5287.0], [2819.0, 2669.0, 5253.0], [2817.0, 2580.0, 5331.0], [2816.0, 2723.0, 5190.0], [2816.0, 2623.0, 5276.0], [2816.0, 2581.0, 5305.0], [2816.0, 2502.0, 5451.0], [2815.0, 2758.0, 5177.0], [2815.0, 2569.0, 5427.0], [2814.0, 2919.0, 4862.0], [2813.0, 2448.0, 5513.0], [2813.0, 2354.0, 5610.0], [2812.0, 2674.0, 5254.0], [2811.0, 2631.0, 5276.0], [2810.0, 3014.0, 4724.0], [2810.0, 2618.0, 5287.0], [2809.0, 2882.0, 4987.0], [2809.0, 2677.0, 5209.0], [2809.0, 2577.0, 5335.0], [2808.0, 2691.0, 5208.0], [2808.0, 2603.0, 5304.0], [2807.0, 2979.0, 4845.0], [2807.0, 2370.0, 5631.0], [2806.0, 2613.0, 5295.0], [2805.0, 2583.0, 5320.0], [2805.0, 2411.0, 5571.0], [2803.0, 2396.0, 5592.0], [2802.0, 2628.0, 5306.0], [2802.0, 2175.0, 5739.0], [2799.0, 2634.0, 5281.0], [2799.0, 2573.0, 5368.0], [2799.0, 2150.0, 5784.0], [2798.0, 2608.0, 5355.0], [2796.0, 2583.0, 5386.0], [2795.0, 2644.0, 5279.0], [2795.0, 2466.0, 5488.0], [2793.0, 2652.0, 5275.0], [2793.0, 2528.0, 5469.0], [2791.0, 2491.0, 5487.0], [2790.0, 2434.0, 5532.0], [2789.0, 2692.0, 5273.0], [2789.0, 2511.0, 5480.0], [2786.0, 2436.0, 5585.0], [2785.0, 2793.0, 5063.0], [2785.0, 2788.0, 5096.0], [2785.0, 2784.0, 5132.0], [2785.0, 2493.0, 5491.0], [2783.0, 2657.0, 5317.0], [2783.0, 2066.0, 5787.0], [2782.0, 2076.0, 5793.0], [2781.0, 2787.0, 5173.0], [2781.0, 2731.0, 5220.0], [2781.0, 2582.0, 5395.0], [2781.0, 2540.0, 5432.0], [2781.0, 2464.0, 5494.0], [2780.0, 2575.0, 5419.0], [2779.0, 2450.0, 5519.0], [2775.0, 2644.0, 5338.0], [2774.0, 2548.0, 5436.0], [2773.0, 2578.0, 5399.0], [2773.0, 2414.0, 5611.0], [2772.0, 2931.0, 4945.0], [2772.0, 2678.0, 5292.0], [2772.0, 2444.0, 5596.0], [2771.0, 2479.0, 5515.0], [2771.0, 2467.0, 5544.0], [2770.0, 2806.0, 5055.0], [2769.0, 2754.0, 5241.0], [2769.0, 2514.0, 5473.0], [2769.0, 2332.0, 5648.0], [2767.0, 2851.0, 5028.0], [2766.0, 2167.0, 5750.0], [2765.0, 3075.0, 4716.0], [2763.0, 2062.0, 5805.0], [2759.0, 2606.0, 5357.0], [2759.0, 2545.0, 5440.0], [2758.0, 2584.0, 5413.0], [2755.0, 2446.0, 5577.0], [2755.0, 2204.0, 5773.0], [2754.0, 2471.0, 5544.0], [2751.0, 2951.0, 4864.0], [2750.0, 2598.0, 5368.0], [2749.0, 2530.0, 5447.0], [2747.0, 2485.0, 5494.0], [2746.0, 2612.0, 5388.0], [2746.0, 2382.0, 5634.0], [2745.0, 2538.0, 5514.0], [2743.0, 2615.0, 5349.0], [2743.0, 2299.0, 5662.0], [2741.0, 2623.0, 5415.0], [2741.0, 2409.0, 5619.0], [2739.0, 2454.0, 5602.0], [2739.0, 2276.0, 5734.0], [2738.0, 2792.0, 5097.0], [2737.0, 2502.0, 5519.0], [2736.0, 2166.0, 5781.0], [2734.0, 2399.0, 5649.0], [2733.0, 2517.0, 5559.0], [2732.0, 2798.0, 5065.0], [2731.0, 2818.0, 5118.0], [2729.0, 2539.0, 5449.0], [2729.0, 2421.0, 5636.0], [2728.0, 2643.0, 5358.0], [2728.0, 2438.0, 5603.0], [2727.0, 2870.0, 5007.0], [2726.0, 2459.0, 5583.0], [2721.0, 2840.0, 5138.0], [2714.0, 2441.0, 5603.0], [2714.0, 2332.0, 5692.0], [2712.0, 2804.0, 5191.0], [2710.0, 2608.0, 5417.0], [2710.0, 2536.0, 5523.0], [2708.0, 2350.0, 5657.0], [2706.0, 2442.0, 5617.0], [2705.0, 2641.0, 5376.0], [2705.0, 2581.0, 5511.0], [2704.0, 2690.0, 5316.0], [2703.0, 2885.0, 4968.0], [2702.0, 2231.0, 5740.0], [2701.0, 2543.0, 5547.0], [2699.0, 2610.0, 5430.0], [2699.0, 2149.0, 5821.0], [2697.0, 2651.0, 5410.0], [2697.0, 2474.0, 5615.0], [2696.0, 2719.0, 5247.0], [2696.0, 2601.0, 5446.0], [2695.0, 2051.0, 5865.0], [2693.0, 2481.0, 5576.0], [2693.0, 2379.0, 5732.0], [2690.0, 2495.0, 5593.0], [2689.0, 2409.0, 5664.0], [2681.0, 2398.0, 5709.0], [2680.0, 2563.0, 5539.0], [2672.0, 2703.0, 5317.0], [2670.0, 3028.0, 4771.0], [2669.0, 2207.0, 5791.0], [2666.0, 2588.0, 5478.0], [2664.0, 2424.0, 5707.0], [2661.0, 2482.0, 5595.0], [2655.0, 2875.0, 4990.0], [2655.0, 2483.0, 5603.0], [2653.0, 2499.0, 5580.0], [2653.0, 2439.0, 5715.0], [2643.0, 2567.0, 5526.0], [2643.0, 2221.0, 5768.0], [2636.0, 2405.0, 5729.0], [2628.0, 3010.0, 4777.0], [2618.0, 2409.0, 5762.0], [2616.0, 2324.0, 5808.0], [2611.0, 2948.0, 4892.0], [2602.0, 2604.0, 5465.0], [2596.0, 2705.0, 5309.0], [2594.0, 2386.0, 5825.0], [2584.0, 2454.0, 5623.0], [2561.0, 2667.0, 5326.0], [2556.0, 2502.0, 5563.0], [2541.0, 2436.0, 5739.0], [2519.0, 2280.0, 5870.0], [2483.0, 2294.0, 5831.0]]
