heur = true
LBS_limit = 3
preproc = 1
tight_root = 0
total_time = 116.16
NDP = 506
total_nodes = 9759
pruned_nodes = 4880
pruned_dominance_nodes = 131
heur_time = 0.16
Y_N = Any[[479.0, 419.0, 2315.0], [473.0, 446.0, 2305.0], [466.0, 336.0, 2418.0], [461.0, 380.0, 2372.0], [460.0, 363.0, 2408.0], [460.0, 347.0, 2417.0], [455.0, 407.0, 2362.0], [454.0, 374.0, 2407.0], [445.0, 379.0, 2411.0], [443.0, 389.0, 2402.0], [438.0, 269.0, 2524.0], [437.0, 441.0, 2349.0], [433.0, 313.0, 2478.0], [432.0, 386.0, 2431.0], [432.0, 296.0, 2514.0], [432.0, 280.0, 2523.0], [431.0, 468.0, 2339.0], [429.0, 417.0, 2414.0], [427.0, 340.0, 2468.0], [426.0, 413.0, 2421.0], [426.0, 411.0, 2430.0], [426.0, 307.0, 2513.0], [425.0, 418.0, 2412.0], [425.0, 350.0, 2459.0], [424.0, 358.0, 2452.0], [423.0, 444.0, 2404.0], [422.0, 468.0, 2343.0], [420.0, 438.0, 2420.0], [419.0, 445.0, 2402.0], [418.0, 385.0, 2442.0], [416.0, 495.0, 2333.0], [416.0, 439.0, 2418.0], [415.0, 363.0, 2467.0], [415.0, 322.0, 2508.0], [414.0, 369.0, 2462.0], [414.0, 347.0, 2488.0], [413.0, 489.0, 2349.0], [413.0, 374.0, 2443.0], [411.0, 378.0, 2471.0], [410.0, 448.0, 2409.0], [409.0, 385.0, 2446.0], [409.0, 368.0, 2475.0], [409.0, 359.0, 2500.0], [408.0, 396.0, 2452.0], [408.0, 374.0, 2478.0], [408.0, 372.0, 2487.0], [407.0, 379.0, 2469.0], [407.0, 321.0, 2523.0], [405.0, 360.0, 2498.0], [404.0, 452.0, 2376.0], [404.0, 373.0, 2485.0], [404.0, 319.0, 2537.0], [403.0, 412.0, 2436.0], [403.0, 401.0, 2445.0], [403.0, 395.0, 2465.0], [403.0, 370.0, 2499.0], [403.0, 338.0, 2522.0], [402.0, 399.0, 2477.0], [401.0, 406.0, 2459.0], [399.0, 371.0, 2497.0], [398.0, 456.0, 2390.0], [398.0, 400.0, 2475.0], [398.0, 346.0, 2527.0], [397.0, 283.0, 2565.0], [396.0, 291.0, 2558.0], [396.0, 258.0, 2591.0], [395.0, 450.0, 2406.0], [394.0, 417.0, 2451.0], [392.0, 410.0, 2460.0], [392.0, 259.0, 2589.0], [391.0, 404.0, 2466.0], [391.0, 351.0, 2514.0], [391.0, 302.0, 2545.0], [390.0, 357.0, 2509.0], [390.0, 318.0, 2548.0], [390.0, 269.0, 2590.0], [388.0, 428.0, 2439.0], [388.0, 411.0, 2458.0], [388.0, 396.0, 2484.0], [388.0, 354.0, 2525.0], [387.0, 296.0, 2573.0], [386.0, 280.0, 2594.0], [385.0, 461.0, 2389.0], [385.0, 362.0, 2502.0], [385.0, 329.0, 2535.0], [385.0, 301.0, 2553.0], [384.0, 433.0, 2464.0], [384.0, 368.0, 2516.0], [383.0, 407.0, 2479.0], [382.0, 423.0, 2474.0], [382.0, 381.0, 2515.0], [381.0, 429.0, 2471.0], [381.0, 323.0, 2563.0], [380.0, 401.0, 2495.0], [379.0, 328.0, 2543.0], [379.0, 254.0, 2629.0], [378.0, 460.0, 2454.0], [378.0, 424.0, 2472.0], [377.0, 434.0, 2469.0], [375.0, 373.0, 2531.0], [375.0, 345.0, 2542.0], [375.0, 288.0, 2577.0], [375.0, 271.0, 2628.0], [374.0, 461.0, 2452.0], [374.0, 428.0, 2485.0], [373.0, 387.0, 2527.0], [373.0, 281.0, 2619.0], [372.0, 391.0, 2496.0], [372.0, 385.0, 2533.0], [372.0, 339.0, 2558.0], [372.0, 324.0, 2565.0], [371.0, 511.0, 2383.0], [371.0, 390.0, 2530.0], [371.0, 317.0, 2571.0], [371.0, 289.0, 2575.0], [370.0, 357.0, 2541.0], [370.0, 315.0, 2582.0], [369.0, 363.0, 2538.0], [369.0, 298.0, 2618.0], [369.0, 257.0, 2630.0], [368.0, 305.0, 2586.0], [367.0, 391.0, 2528.0], [367.0, 381.0, 2534.0], [367.0, 330.0, 2565.0], [367.0, 302.0, 2610.0], [367.0, 246.0, 2633.0], [366.0, 418.0, 2486.0], [366.0, 394.0, 2521.0], [366.0, 358.0, 2539.0], [366.0, 350.0, 2557.0], [366.0, 306.0, 2589.0], [366.0, 244.0, 2639.0], [365.0, 368.0, 2536.0], [364.0, 441.0, 2459.0], [364.0, 401.0, 2496.0], [364.0, 342.0, 2572.0], [363.0, 358.0, 2540.0], [363.0, 347.0, 2564.0], [363.0, 303.0, 2608.0], [363.0, 284.0, 2620.0], [363.0, 263.0, 2632.0], [362.0, 395.0, 2519.0], [362.0, 362.0, 2552.0], [362.0, 332.0, 2576.0], [362.0, 317.0, 2582.0], [362.0, 272.0, 2622.0], [361.0, 402.0, 2500.0], [361.0, 321.0, 2594.0], [361.0, 313.0, 2609.0], [360.0, 421.0, 2511.0], [360.0, 333.0, 2579.0], [360.0, 257.0, 2648.0], [359.0, 348.0, 2562.0], [359.0, 335.0, 2587.0], [359.0, 264.0, 2630.0], [358.0, 428.0, 2486.0], [358.0, 386.0, 2549.0], [358.0, 339.0, 2585.0], [358.0, 289.0, 2621.0], [357.0, 352.0, 2574.0], [357.0, 314.0, 2607.0], [356.0, 422.0, 2509.0], [356.0, 389.0, 2542.0], [356.0, 258.0, 2646.0], [355.0, 473.0, 2424.0], [355.0, 365.0, 2552.0], [355.0, 348.0, 2584.0], [355.0, 340.0, 2585.0], [354.0, 290.0, 2619.0], [354.0, 280.0, 2625.0], [354.0, 274.0, 2631.0], [354.0, 268.0, 2647.0], [353.0, 472.0, 2440.0], [353.0, 362.0, 2577.0], [353.0, 278.0, 2628.0], [352.0, 334.0, 2601.0], [352.0, 299.0, 2615.0], [351.0, 371.0, 2566.0], [351.0, 293.0, 2643.0], [350.0, 344.0, 2605.0], [350.0, 269.0, 2645.0], [349.0, 426.0, 2500.0], [347.0, 300.0, 2634.0], [346.0, 361.0, 2604.0], [345.0, 398.0, 2556.0], [345.0, 320.0, 2633.0], [345.0, 253.0, 2659.0], [344.0, 257.0, 2671.0], [343.0, 411.0, 2522.0], [343.0, 250.0, 2677.0], [342.0, 301.0, 2639.0], [341.0, 296.0, 2644.0], [340.0, 370.0, 2582.0], [340.0, 347.0, 2606.0], [340.0, 300.0, 2642.0], [339.0, 412.0, 2520.0], [338.0, 441.0, 2480.0], [338.0, 423.0, 2529.0], [338.0, 318.0, 2638.0], [337.0, 439.0, 2524.0], [337.0, 250.0, 2679.0], [337.0, 243.0, 2696.0], [336.0, 377.0, 2557.0], [335.0, 323.0, 2634.0], [335.0, 312.0, 2654.0], [334.0, 453.0, 2494.0], [334.0, 444.0, 2497.0], [334.0, 319.0, 2636.0], [334.0, 295.0, 2658.0], [334.0, 250.0, 2688.0], [333.0, 395.0, 2565.0], [333.0, 334.0, 2609.0], [333.0, 332.0, 2623.0], [333.0, 316.0, 2641.0], [333.0, 260.0, 2695.0], [333.0, 254.0, 2700.0], [332.0, 450.0, 2519.0], [331.0, 313.0, 2652.0], [330.0, 328.0, 2625.0], [330.0, 272.0, 2691.0], [329.0, 397.0, 2580.0], [329.0, 333.0, 2640.0], [329.0, 323.0, 2653.0], [328.0, 277.0, 2678.0], [327.0, 406.0, 2530.0], [327.0, 281.0, 2690.0], [326.0, 301.0, 2657.0], [325.0, 405.0, 2546.0], [325.0, 373.0, 2591.0], [325.0, 349.0, 2617.0], [325.0, 334.0, 2638.0], [325.0, 324.0, 2651.0], [325.0, 215.0, 2719.0], [325.0, 211.0, 2734.0], [324.0, 339.0, 2624.0], [323.0, 407.0, 2535.0], [323.0, 350.0, 2620.0], [321.0, 359.0, 2606.0], [321.0, 354.0, 2614.0], [321.0, 325.0, 2642.0], [320.0, 384.0, 2586.0], [320.0, 340.0, 2622.0], [319.0, 400.0, 2581.0], [319.0, 233.0, 2740.0], [318.0, 295.0, 2659.0], [318.0, 201.0, 2744.0], [317.0, 412.0, 2553.0], [317.0, 360.0, 2612.0], [317.0, 331.0, 2647.0], [316.0, 418.0, 2550.0], [316.0, 405.0, 2554.0], [316.0, 353.0, 2618.0], [316.0, 329.0, 2659.0], [316.0, 283.0, 2705.0], [315.0, 401.0, 2579.0], [315.0, 356.0, 2622.0], [314.0, 411.0, 2576.0], [314.0, 364.0, 2612.0], [314.0, 349.0, 2638.0], [314.0, 213.0, 2749.0], [313.0, 424.0, 2567.0], [313.0, 308.0, 2662.0], [312.0, 354.0, 2625.0], [312.0, 330.0, 2657.0], [311.0, 358.0, 2637.0], [310.0, 380.0, 2596.0], [310.0, 300.0, 2672.0], [310.0, 291.0, 2705.0], [309.0, 425.0, 2565.0], [309.0, 360.0, 2633.0], [308.0, 376.0, 2628.0], [308.0, 310.0, 2663.0], [308.0, 287.0, 2715.0], [307.0, 359.0, 2635.0], [307.0, 267.0, 2717.0], [306.0, 322.0, 2668.0], [306.0, 292.0, 2703.0], [305.0, 337.0, 2641.0], [304.0, 383.0, 2625.0], [304.0, 377.0, 2626.0], [304.0, 335.0, 2647.0], [304.0, 327.0, 2662.0], [304.0, 304.0, 2714.0], [303.0, 315.0, 2671.0], [303.0, 286.0, 2719.0], [303.0, 246.0, 2743.0], [302.0, 387.0, 2605.0], [302.0, 319.0, 2677.0], [301.0, 433.0, 2556.0], [301.0, 338.0, 2639.0], [301.0, 272.0, 2720.0], [301.0, 248.0, 2737.0], [301.0, 194.0, 2797.0], [300.0, 333.0, 2667.0], [300.0, 324.0, 2671.0], [300.0, 305.0, 2712.0], [300.0, 162.0, 2801.0], [299.0, 348.0, 2640.0], [299.0, 268.0, 2730.0], [299.0, 247.0, 2741.0], [298.0, 290.0, 2716.0], [297.0, 434.0, 2554.0], [296.0, 325.0, 2669.0], [296.0, 310.0, 2695.0], [296.0, 244.0, 2746.0], [296.0, 163.0, 2799.0], [295.0, 385.0, 2624.0], [295.0, 340.0, 2642.0], [295.0, 259.0, 2736.0], [294.0, 399.0, 2591.0], [294.0, 363.0, 2632.0], [294.0, 240.0, 2756.0], [293.0, 457.0, 2530.0], [293.0, 334.0, 2688.0], [292.0, 396.0, 2604.0], [292.0, 317.0, 2692.0], [292.0, 311.0, 2693.0], [291.0, 376.0, 2631.0], [291.0, 338.0, 2675.0], [291.0, 251.0, 2738.0], [289.0, 335.0, 2686.0], [289.0, 311.0, 2694.0], [289.0, 278.0, 2738.0], [289.0, 228.0, 2774.0], [288.0, 388.0, 2605.0], [288.0, 351.0, 2656.0], [288.0, 350.0, 2659.0], [288.0, 253.0, 2760.0], [288.0, 216.0, 2811.0], [287.0, 377.0, 2629.0], [287.0, 339.0, 2673.0], [287.0, 312.0, 2697.0], [286.0, 338.0, 2683.0], [286.0, 282.0, 2722.0], [286.0, 271.0, 2739.0], [286.0, 146.0, 2855.0], [285.0, 415.0, 2586.0], [284.0, 351.0, 2657.0], [283.0, 394.0, 2613.0], [281.0, 371.0, 2647.0], [280.0, 309.0, 2712.0], [280.0, 293.0, 2721.0], [280.0, 226.0, 2778.0], [279.0, 426.0, 2585.0], [279.0, 417.0, 2588.0], [279.0, 395.0, 2611.0], [279.0, 226.0, 2798.0], [278.0, 401.0, 2613.0], [278.0, 301.0, 2749.0], [277.0, 372.0, 2645.0], [277.0, 339.0, 2678.0], [277.0, 233.0, 2770.0], [276.0, 360.0, 2648.0], [275.0, 418.0, 2587.0], [274.0, 357.0, 2661.0], [274.0, 348.0, 2664.0], [274.0, 320.0, 2711.0], [274.0, 302.0, 2747.0], [274.0, 252.0, 2783.0], [272.0, 428.0, 2603.0], [272.0, 347.0, 2665.0], [271.0, 367.0, 2677.0], [270.0, 311.0, 2716.0], [268.0, 429.0, 2601.0], [268.0, 257.0, 2760.0], [268.0, 192.0, 2823.0], [267.0, 368.0, 2675.0], [267.0, 304.0, 2753.0], [266.0, 390.0, 2649.0], [266.0, 332.0, 2697.0], [265.0, 248.0, 2798.0], [264.0, 386.0, 2659.0], [264.0, 370.0, 2668.0], [264.0, 329.0, 2710.0], [264.0, 297.0, 2754.0], [264.0, 250.0, 2792.0], [264.0, 167.0, 2842.0], [263.0, 230.0, 2807.0], [262.0, 391.0, 2647.0], [261.0, 266.0, 2761.0], [260.0, 387.0, 2657.0], [260.0, 319.0, 2715.0], [260.0, 251.0, 2790.0], [260.0, 203.0, 2842.0], [259.0, 385.0, 2663.0], [259.0, 333.0, 2702.0], [259.0, 253.0, 2771.0], [258.0, 397.0, 2658.0], [258.0, 255.0, 2766.0], [258.0, 204.0, 2845.0], [257.0, 254.0, 2774.0], [256.0, 343.0, 2693.0], [256.0, 281.0, 2768.0], [256.0, 263.0, 2804.0], [256.0, 213.0, 2840.0], [254.0, 398.0, 2656.0], [254.0, 389.0, 2660.0], [254.0, 282.0, 2759.0], [253.0, 328.0, 2734.0], [253.0, 266.0, 2792.0], [252.0, 344.0, 2691.0], [252.0, 271.0, 2778.0], [251.0, 318.0, 2738.0], [251.0, 290.0, 2756.0], [251.0, 159.0, 2904.0], [250.0, 354.0, 2692.0], [249.0, 329.0, 2732.0], [249.0, 319.0, 2741.0], [249.0, 223.0, 2843.0], [247.0, 351.0, 2693.0], [246.0, 355.0, 2690.0], [246.0, 279.0, 2774.0], [246.0, 258.0, 2811.0], [245.0, 339.0, 2715.0], [245.0, 320.0, 2739.0], [244.0, 352.0, 2704.0], [244.0, 280.0, 2789.0], [244.0, 188.0, 2855.0], [243.0, 349.0, 2706.0], [243.0, 330.0, 2718.0], [243.0, 285.0, 2770.0], [243.0, 276.0, 2794.0], [243.0, 239.0, 2813.0], [242.0, 353.0, 2724.0], [242.0, 281.0, 2792.0], [241.0, 293.0, 2764.0], [241.0, 286.0, 2773.0], [241.0, 267.0, 2798.0], [241.0, 240.0, 2816.0], [240.0, 196.0, 2867.0], [239.0, 366.0, 2705.0], [239.0, 226.0, 2851.0], [238.0, 307.0, 2779.0], [238.0, 282.0, 2790.0], [238.0, 242.0, 2817.0], [237.0, 250.0, 2815.0], [236.0, 308.0, 2782.0], [235.0, 361.0, 2712.0], [235.0, 316.0, 2779.0], [235.0, 236.0, 2833.0], [235.0, 227.0, 2849.0], [234.0, 232.0, 2835.0], [234.0, 187.0, 2908.0], [233.0, 251.0, 2813.0], [233.0, 120.0, 2961.0], [232.0, 309.0, 2780.0], [231.0, 234.0, 2874.0], [229.0, 317.0, 2765.0], [229.0, 263.0, 2841.0], [228.0, 188.0, 2909.0], [225.0, 264.0, 2839.0], [224.0, 314.0, 2781.0], [222.0, 279.0, 2798.0], [221.0, 325.0, 2761.0], [221.0, 238.0, 2849.0], [218.0, 191.0, 2917.0], [217.0, 203.0, 2904.0], [216.0, 121.0, 2961.0], [212.0, 269.0, 2816.0], [211.0, 224.0, 2898.0], [209.0, 146.0, 2957.0], [207.0, 344.0, 2750.0], [203.0, 286.0, 2818.0], [202.0, 289.0, 2830.0], [201.0, 371.0, 2740.0], [201.0, 250.0, 2871.0], [200.0, 296.0, 2834.0], [200.0, 183.0, 2924.0], [198.0, 297.0, 2837.0], [198.0, 161.0, 2952.0], [196.0, 326.0, 2804.0], [194.0, 317.0, 2811.0], [194.0, 210.0, 2914.0], [192.0, 327.0, 2802.0], [191.0, 258.0, 2868.0], [191.0, 248.0, 2877.0], [191.0, 240.0, 2880.0], [188.0, 344.0, 2801.0], [188.0, 251.0, 2869.0], [188.0, 138.0, 2981.0], [187.0, 249.0, 2875.0], [185.0, 327.0, 2818.0], [184.0, 180.0, 2944.0], [183.0, 211.0, 2928.0], [181.0, 243.0, 2888.0], [180.0, 258.0, 2894.0], [178.0, 287.0, 2861.0], [176.0, 278.0, 2868.0], [175.0, 219.0, 2924.0], [175.0, 168.0, 2962.0], [173.0, 209.0, 2934.0], [172.0, 215.0, 2928.0], [170.0, 213.0, 2943.0], [169.0, 146.0, 2996.0], [167.0, 298.0, 2859.0], [165.0, 166.0, 2968.0], [161.0, 167.0, 2966.0], [159.0, 245.0, 2909.0], [158.0, 200.0, 2951.0], [156.0, 104.0, 3062.0], [152.0, 174.0, 3000.0], [144.0, 131.0, 3034.0], [141.0, 189.0, 2995.0], [133.0, 146.0, 3029.0], [119.0, 156.0, 3033.0], [99.0, 132.0, 3105.0]]
