heur = true
LBS_limit = 3
preproc = 1
tight_root = 0
total_time = 1800.06
NDP = 707
total_nodes = 72329
pruned_nodes = 36153
pruned_dominance_nodes = 8260
heur_time = 0.19
Y_N = Any[[3228.0, 1669.0, 1282.0], [3196.0, 1721.0, 1164.0], [3195.0, 1677.0, 1363.0], [3189.0, 1617.0, 1369.0], [3187.0, 1698.0, 1345.0], [3184.0, 1641.0, 1441.0], [3170.0, 1713.0, 1389.0], [3166.0, 1745.0, 1289.0], [3161.0, 1806.0, 1273.0], [3159.0, 1764.0, 1372.0], [3157.0, 1822.0, 1347.0], [3157.0, 1762.0, 1447.0], [3154.0, 1781.0, 1409.0], [3148.0, 1804.0, 1364.0], [3148.0, 1735.0, 1448.0], [3144.0, 1805.0, 1376.0], [3139.0, 1795.0, 1394.0], [3132.0, 1768.0, 1419.0], [3131.0, 1770.0, 1439.0], [3129.0, 1805.0, 1446.0], [3129.0, 1757.0, 1453.0], [3126.0, 1887.0, 1236.0], [3125.0, 1748.0, 1473.0], [3124.0, 1861.0, 1333.0], [3124.0, 1807.0, 1352.0], [3122.0, 1820.0, 1384.0], [3118.0, 1834.0, 1434.0], [3112.0, 1895.0, 1117.0], [3112.0, 1838.0, 1334.0], [3107.0, 1767.0, 1457.0], [3105.0, 1861.0, 1338.0], [3104.0, 1894.0, 1283.0], [3103.0, 1773.0, 1461.0], [3102.0, 1857.0, 1356.0], [3099.0, 1910.0, 1274.0], [3097.0, 1865.0, 1331.0], [3096.0, 1864.0, 1368.0], [3094.0, 1771.0, 1509.0], [3093.0, 1930.0, 1242.0], [3093.0, 1805.0, 1469.0], [3092.0, 1884.0, 1321.0], [3092.0, 1836.0, 1409.0], [3091.0, 1939.0, 1175.0], [3090.0, 1842.0, 1389.0], [3089.0, 1889.0, 1304.0], [3087.0, 1877.0, 1336.0], [3087.0, 1854.0, 1387.0], [3084.0, 1856.0, 1371.0], [3083.0, 1918.0, 1312.0], [3082.0, 1867.0, 1348.0], [3082.0, 1854.0, 1409.0], [3082.0, 1814.0, 1439.0], [3080.0, 1923.0, 1277.0], [3078.0, 1886.0, 1347.0], [3074.0, 1867.0, 1372.0], [3073.0, 1924.0, 1243.0], [3073.0, 1919.0, 1282.0], [3073.0, 1874.0, 1368.0], [3073.0, 1871.0, 1377.0], [3072.0, 1963.0, 1180.0], [3072.0, 1931.0, 1283.0], [3072.0, 1895.0, 1319.0], [3071.0, 1887.0, 1333.0], [3069.0, 1940.0, 1270.0], [3068.0, 1921.0, 1312.0], [3068.0, 1890.0, 1353.0], [3068.0, 1868.0, 1388.0], [3067.0, 1947.0, 1235.0], [3064.0, 1847.0, 1433.0], [3063.0, 1880.0, 1389.0], [3062.0, 1816.0, 1473.0], [3061.0, 1932.0, 1274.0], [3059.0, 1940.0, 1301.0], [3058.0, 1983.0, 1178.0], [3058.0, 1940.0, 1335.0], [3058.0, 1891.0, 1347.0], [3057.0, 1891.0, 1392.0], [3055.0, 1993.0, 1285.0], [3055.0, 1867.0, 1407.0], [3054.0, 1995.0, 1227.0], [3053.0, 1916.0, 1406.0], [3052.0, 1858.0, 1422.0], [3051.0, 2005.0, 1240.0], [3051.0, 1938.0, 1345.0], [3051.0, 1823.0, 1443.0], [3050.0, 1992.0, 1331.0], [3050.0, 1919.0, 1367.0], [3050.0, 1870.0, 1443.0], [3050.0, 1793.0, 1507.0], [3048.0, 1837.0, 1448.0], [3047.0, 1928.0, 1366.0], [3045.0, 2037.0, 1184.0], [3045.0, 1929.0, 1383.0], [3044.0, 1843.0, 1475.0], [3043.0, 1954.0, 1338.0], [3040.0, 1939.0, 1369.0], [3039.0, 1975.0, 1375.0], [3038.0, 2007.0, 1257.0], [3036.0, 1916.0, 1426.0], [3036.0, 1878.0, 1441.0], [3034.0, 1889.0, 1437.0], [3033.0, 1876.0, 1464.0], [3031.0, 2062.0, 1088.0], [3030.0, 2019.0, 1201.0], [3030.0, 1951.0, 1386.0], [3029.0, 2052.0, 1257.0], [3029.0, 1946.0, 1416.0], [3028.0, 2000.0, 1290.0], [3028.0, 1809.0, 1480.0], [3026.0, 1892.0, 1436.0], [3025.0, 2008.0, 1312.0], [3025.0, 1866.0, 1493.0], [3024.0, 2022.0, 1263.0], [3020.0, 2084.0, 1072.0], [3016.0, 2035.0, 1266.0], [3016.0, 1985.0, 1340.0], [3016.0, 1977.0, 1342.0], [3015.0, 1960.0, 1437.0], [3015.0, 1877.0, 1450.0], [3012.0, 2098.0, 1147.0], [3012.0, 1912.0, 1445.0], [3011.0, 2016.0, 1287.0], [3011.0, 1989.0, 1345.0], [3011.0, 1988.0, 1355.0], [3011.0, 1831.0, 1511.0], [3010.0, 2071.0, 1190.0], [3010.0, 2016.0, 1343.0], [3009.0, 2028.0, 1283.0], [3008.0, 2021.0, 1322.0], [3008.0, 1887.0, 1498.0], [3007.0, 2063.0, 1266.0], [3007.0, 2017.0, 1336.0], [3006.0, 2046.0, 1282.0], [3006.0, 1805.0, 1534.0], [3004.0, 1903.0, 1476.0], [3002.0, 2058.0, 1300.0], [3002.0, 1999.0, 1346.0], [3000.0, 1996.0, 1351.0], [2999.0, 2095.0, 1173.0], [2999.0, 1978.0, 1384.0], [2999.0, 1850.0, 1512.0], [2998.0, 1979.0, 1367.0], [2998.0, 1971.0, 1389.0], [2996.0, 2117.0, 1099.0], [2996.0, 2028.0, 1308.0], [2996.0, 1904.0, 1446.0], [2994.0, 1907.0, 1454.0], [2993.0, 2038.0, 1301.0], [2993.0, 1984.0, 1405.0], [2991.0, 1829.0, 1517.0], [2990.0, 2046.0, 1310.0], [2990.0, 1989.0, 1352.0], [2989.0, 2081.0, 1273.0], [2989.0, 2029.0, 1364.0], [2988.0, 1967.0, 1457.0], [2987.0, 2141.0, 1131.0], [2987.0, 2046.0, 1317.0], [2987.0, 1821.0, 1521.0], [2986.0, 1825.0, 1581.0], [2985.0, 2096.0, 1214.0], [2985.0, 1902.0, 1486.0], [2984.0, 2067.0, 1280.0], [2983.0, 2100.0, 1187.0], [2982.0, 1987.0, 1370.0], [2982.0, 1973.0, 1450.0], [2981.0, 1998.0, 1370.0], [2981.0, 1987.0, 1403.0], [2981.0, 1913.0, 1465.0], [2980.0, 2037.0, 1323.0], [2979.0, 2034.0, 1332.0], [2978.0, 2109.0, 1256.0], [2978.0, 2010.0, 1369.0], [2977.0, 2117.0, 1175.0], [2977.0, 1994.0, 1404.0], [2976.0, 2026.0, 1393.0], [2975.0, 2134.0, 1171.0], [2975.0, 1988.0, 1434.0], [2974.0, 1920.0, 1463.0], [2973.0, 2086.0, 1263.0], [2970.0, 2066.0, 1285.0], [2970.0, 2056.0, 1320.0], [2970.0, 1937.0, 1464.0], [2970.0, 1936.0, 1467.0], [2968.0, 1913.0, 1468.0], [2967.0, 2095.0, 1263.0], [2967.0, 2032.0, 1333.0], [2967.0, 2002.0, 1398.0], [2966.0, 2084.0, 1310.0], [2965.0, 2031.0, 1400.0], [2964.0, 2129.0, 1198.0], [2964.0, 2064.0, 1335.0], [2964.0, 2061.0, 1353.0], [2964.0, 1947.0, 1467.0], [2963.0, 2051.0, 1358.0], [2962.0, 2143.0, 1235.0], [2962.0, 2095.0, 1268.0], [2961.0, 1956.0, 1474.0], [2960.0, 1966.0, 1527.0], [2959.0, 1979.0, 1443.0], [2958.0, 2097.0, 1257.0], [2957.0, 2090.0, 1302.0], [2957.0, 2034.0, 1365.0], [2956.0, 2115.0, 1279.0], [2954.0, 2122.0, 1262.0], [2953.0, 1908.0, 1560.0], [2952.0, 2145.0, 1116.0], [2952.0, 2082.0, 1335.0], [2951.0, 2128.0, 1239.0], [2950.0, 2094.0, 1282.0], [2950.0, 2020.0, 1454.0], [2949.0, 2168.0, 1160.0], [2949.0, 2038.0, 1402.0], [2948.0, 2092.0, 1332.0], [2947.0, 2144.0, 1203.0], [2947.0, 2048.0, 1361.0], [2947.0, 2039.0, 1389.0], [2947.0, 1968.0, 1477.0], [2946.0, 2169.0, 1123.0], [2946.0, 2150.0, 1211.0], [2946.0, 1936.0, 1557.0], [2945.0, 2109.0, 1334.0], [2944.0, 2044.0, 1385.0], [2943.0, 2062.0, 1358.0], [2943.0, 2050.0, 1377.0], [2943.0, 2021.0, 1416.0], [2942.0, 1970.0, 1466.0], [2941.0, 2070.0, 1360.0], [2939.0, 2126.0, 1313.0], [2938.0, 2178.0, 1074.0], [2938.0, 2063.0, 1441.0], [2936.0, 2169.0, 1127.0], [2936.0, 2087.0, 1340.0], [2936.0, 1994.0, 1464.0], [2935.0, 2157.0, 1170.0], [2935.0, 2152.0, 1266.0], [2934.0, 2159.0, 1218.0], [2934.0, 2092.0, 1340.0], [2932.0, 2188.0, 1064.0], [2932.0, 2128.0, 1273.0], [2932.0, 2115.0, 1326.0], [2931.0, 2119.0, 1349.0], [2931.0, 2076.0, 1357.0], [2930.0, 2071.0, 1403.0], [2930.0, 1996.0, 1499.0], [2929.0, 2153.0, 1273.0], [2928.0, 2177.0, 1177.0], [2927.0, 2095.0, 1367.0], [2925.0, 2171.0, 1216.0], [2925.0, 2094.0, 1373.0], [2924.0, 2123.0, 1346.0], [2923.0, 2010.0, 1457.0], [2922.0, 2031.0, 1458.0], [2921.0, 2193.0, 1092.0], [2920.0, 2175.0, 1223.0], [2919.0, 2204.0, 1067.0], [2919.0, 2131.0, 1291.0], [2919.0, 2014.0, 1464.0], [2918.0, 2211.0, 978.0], [2918.0, 1981.0, 1505.0], [2917.0, 2153.0, 1294.0], [2916.0, 2137.0, 1326.0], [2915.0, 2020.0, 1498.0], [2914.0, 2157.0, 1243.0], [2913.0, 2160.0, 1247.0], [2912.0, 2200.0, 1176.0], [2912.0, 2173.0, 1277.0], [2912.0, 2047.0, 1468.0], [2910.0, 2241.0, 1037.0], [2910.0, 2100.0, 1409.0], [2910.0, 2035.0, 1475.0], [2910.0, 1977.0, 1523.0], [2909.0, 2203.0, 1156.0], [2907.0, 2139.0, 1321.0], [2907.0, 2102.0, 1405.0], [2906.0, 2177.0, 1182.0], [2906.0, 2127.0, 1378.0], [2906.0, 2105.0, 1401.0], [2906.0, 2060.0, 1446.0], [2905.0, 2190.0, 1187.0], [2905.0, 2182.0, 1189.0], [2905.0, 2163.0, 1285.0], [2905.0, 2154.0, 1324.0], [2905.0, 2110.0, 1395.0], [2904.0, 2205.0, 1154.0], [2903.0, 2209.0, 1039.0], [2903.0, 2076.0, 1446.0], [2902.0, 2229.0, 1050.0], [2902.0, 1977.0, 1554.0], [2901.0, 2197.0, 1198.0], [2901.0, 2078.0, 1421.0], [2900.0, 2186.0, 1239.0], [2900.0, 2011.0, 1512.0], [2899.0, 2219.0, 1080.0], [2898.0, 1994.0, 1513.0], [2897.0, 2200.0, 1194.0], [2897.0, 2133.0, 1333.0], [2896.0, 2254.0, 1025.0], [2896.0, 2211.0, 1127.0], [2896.0, 2190.0, 1206.0], [2895.0, 2130.0, 1335.0], [2894.0, 2234.0, 1123.0], [2894.0, 2181.0, 1240.0], [2893.0, 2221.0, 1127.0], [2893.0, 2210.0, 1200.0], [2893.0, 2138.0, 1326.0], [2893.0, 2063.0, 1454.0], [2891.0, 2213.0, 1193.0], [2891.0, 2081.0, 1432.0], [2891.0, 1998.0, 1526.0], [2890.0, 2096.0, 1436.0], [2890.0, 2012.0, 1500.0], [2889.0, 2258.0, 964.0], [2889.0, 2159.0, 1290.0], [2889.0, 2129.0, 1361.0], [2889.0, 2080.0, 1449.0], [2889.0, 2031.0, 1511.0], [2888.0, 2142.0, 1343.0], [2887.0, 2193.0, 1258.0], [2887.0, 2137.0, 1376.0], [2886.0, 2220.0, 1222.0], [2886.0, 2156.0, 1310.0], [2886.0, 1989.0, 1568.0], [2885.0, 2146.0, 1345.0], [2885.0, 2139.0, 1359.0], [2884.0, 2226.0, 1135.0], [2884.0, 2221.0, 1214.0], [2884.0, 2134.0, 1421.0], [2883.0, 2239.0, 1100.0], [2883.0, 2007.0, 1519.0], [2882.0, 2154.0, 1360.0], [2881.0, 2120.0, 1447.0], [2881.0, 2038.0, 1473.0], [2879.0, 2160.0, 1326.0], [2879.0, 2155.0, 1328.0], [2878.0, 2238.0, 1148.0], [2878.0, 2168.0, 1292.0], [2877.0, 2225.0, 1176.0], [2877.0, 2201.0, 1238.0], [2876.0, 2255.0, 991.0], [2876.0, 2238.0, 1152.0], [2876.0, 2199.0, 1239.0], [2876.0, 2135.0, 1407.0], [2875.0, 2244.0, 1166.0], [2874.0, 2169.0, 1303.0], [2874.0, 2161.0, 1333.0], [2874.0, 2104.0, 1454.0], [2873.0, 2262.0, 1056.0], [2873.0, 2203.0, 1276.0], [2872.0, 2188.0, 1301.0], [2871.0, 2174.0, 1348.0], [2871.0, 2143.0, 1373.0], [2870.0, 2293.0, 978.0], [2870.0, 2258.0, 1149.0], [2870.0, 2157.0, 1357.0], [2869.0, 2260.0, 1106.0], [2869.0, 2248.0, 1158.0], [2869.0, 2088.0, 1458.0], [2869.0, 2060.0, 1501.0], [2868.0, 2285.0, 1038.0], [2868.0, 2214.0, 1243.0], [2866.0, 2236.0, 1199.0], [2865.0, 2221.0, 1236.0], [2865.0, 2216.0, 1246.0], [2864.0, 2225.0, 1299.0], [2863.0, 2164.0, 1361.0], [2862.0, 2271.0, 1051.0], [2862.0, 2202.0, 1336.0], [2861.0, 2141.0, 1390.0], [2860.0, 2259.0, 1140.0], [2859.0, 2058.0, 1524.0], [2858.0, 2232.0, 1251.0], [2858.0, 2166.0, 1354.0], [2858.0, 2165.0, 1383.0], [2858.0, 2073.0, 1478.0], [2857.0, 2279.0, 1046.0], [2857.0, 2234.0, 1219.0], [2857.0, 2100.0, 1502.0], [2856.0, 2277.0, 1162.0], [2856.0, 2272.0, 1174.0], [2856.0, 2254.0, 1180.0], [2856.0, 2060.0, 1530.0], [2852.0, 2248.0, 1223.0], [2852.0, 2231.0, 1332.0], [2851.0, 2147.0, 1389.0], [2850.0, 2283.0, 1103.0], [2850.0, 2173.0, 1359.0], [2850.0, 2157.0, 1388.0], [2849.0, 2169.0, 1372.0], [2848.0, 2309.0, 1004.0], [2847.0, 2312.0, 957.0], [2847.0, 2298.0, 1095.0], [2847.0, 2252.0, 1207.0], [2847.0, 2234.0, 1227.0], [2847.0, 2177.0, 1371.0], [2847.0, 2147.0, 1417.0], [2846.0, 2264.0, 1182.0], [2846.0, 2259.0, 1255.0], [2845.0, 2188.0, 1338.0], [2845.0, 2132.0, 1445.0], [2844.0, 2264.0, 1209.0], [2843.0, 2285.0, 1209.0], [2843.0, 2199.0, 1351.0], [2843.0, 2109.0, 1484.0], [2842.0, 2197.0, 1357.0], [2842.0, 2138.0, 1447.0], [2842.0, 2116.0, 1458.0], [2841.0, 2324.0, 1130.0], [2841.0, 2292.0, 1135.0], [2841.0, 2235.0, 1268.0], [2841.0, 2163.0, 1404.0], [2837.0, 2287.0, 1155.0], [2837.0, 2185.0, 1425.0], [2836.0, 2194.0, 1363.0], [2834.0, 2288.0, 1182.0], [2834.0, 2241.0, 1258.0], [2833.0, 2237.0, 1276.0], [2832.0, 2326.0, 992.0], [2832.0, 2263.0, 1217.0], [2830.0, 2203.0, 1336.0], [2829.0, 2290.0, 1163.0], [2828.0, 2296.0, 1146.0], [2828.0, 2291.0, 1182.0], [2828.0, 2264.0, 1252.0], [2828.0, 2198.0, 1362.0], [2828.0, 2193.0, 1366.0], [2827.0, 2249.0, 1276.0], [2826.0, 2265.0, 1279.0], [2825.0, 2247.0, 1302.0], [2824.0, 2314.0, 1146.0], [2824.0, 2253.0, 1299.0], [2821.0, 2306.0, 1204.0], [2821.0, 2212.0, 1343.0], [2821.0, 2153.0, 1451.0], [2820.0, 2138.0, 1481.0], [2819.0, 2240.0, 1304.0], [2819.0, 2189.0, 1375.0], [2818.0, 2234.0, 1305.0], [2817.0, 2284.0, 1211.0], [2816.0, 2209.0, 1344.0], [2816.0, 2203.0, 1375.0], [2815.0, 2337.0, 1056.0], [2815.0, 2266.0, 1246.0], [2814.0, 2289.0, 1268.0], [2814.0, 2223.0, 1344.0], [2814.0, 2213.0, 1357.0], [2813.0, 2282.0, 1269.0], [2813.0, 2149.0, 1459.0], [2812.0, 2330.0, 1113.0], [2812.0, 2292.0, 1207.0], [2811.0, 2340.0, 1141.0], [2811.0, 2242.0, 1316.0], [2811.0, 2209.0, 1369.0], [2808.0, 2297.0, 1238.0], [2808.0, 2167.0, 1442.0], [2807.0, 2364.0, 926.0], [2807.0, 2316.0, 1154.0], [2807.0, 2163.0, 1450.0], [2806.0, 2312.0, 1157.0], [2806.0, 2165.0, 1474.0], [2805.0, 2357.0, 1075.0], [2804.0, 2045.0, 1537.0], [2803.0, 2370.0, 1070.0], [2802.0, 2330.0, 1160.0], [2801.0, 2373.0, 994.0], [2801.0, 2335.0, 1164.0], [2801.0, 2251.0, 1328.0], [2800.0, 2343.0, 1091.0], [2800.0, 2318.0, 1201.0], [2800.0, 2191.0, 1389.0], [2799.0, 2291.0, 1247.0], [2799.0, 2218.0, 1347.0], [2798.0, 2261.0, 1283.0], [2798.0, 2192.0, 1390.0], [2798.0, 2182.0, 1469.0], [2798.0, 2156.0, 1475.0], [2797.0, 2258.0, 1345.0], [2796.0, 2304.0, 1225.0], [2796.0, 2288.0, 1273.0], [2796.0, 2186.0, 1397.0], [2795.0, 2342.0, 1107.0], [2794.0, 2337.0, 1205.0], [2794.0, 2308.0, 1220.0], [2794.0, 2192.0, 1393.0], [2792.0, 2250.0, 1348.0], [2791.0, 2398.0, 975.0], [2791.0, 2290.0, 1248.0], [2791.0, 2212.0, 1370.0], [2791.0, 2187.0, 1396.0], [2790.0, 2273.0, 1285.0], [2790.0, 2213.0, 1378.0], [2789.0, 2386.0, 1027.0], [2789.0, 2294.0, 1245.0], [2789.0, 2276.0, 1281.0], [2789.0, 2267.0, 1291.0], [2789.0, 2200.0, 1385.0], [2789.0, 2196.0, 1400.0], [2788.0, 2241.0, 1354.0], [2788.0, 2219.0, 1369.0], [2788.0, 2202.0, 1380.0], [2788.0, 2191.0, 1407.0], [2787.0, 2328.0, 1214.0], [2787.0, 2220.0, 1358.0], [2786.0, 2288.0, 1277.0], [2786.0, 2270.0, 1308.0], [2785.0, 2313.0, 1231.0], [2785.0, 2302.0, 1242.0], [2785.0, 2214.0, 1400.0], [2785.0, 2212.0, 1412.0], [2785.0, 2186.0, 1483.0], [2784.0, 2346.0, 1099.0], [2784.0, 2317.0, 1220.0], [2784.0, 2228.0, 1386.0], [2783.0, 2341.0, 1146.0], [2783.0, 2303.0, 1232.0], [2783.0, 2280.0, 1291.0], [2782.0, 2351.0, 1115.0], [2781.0, 2371.0, 1075.0], [2781.0, 2303.0, 1267.0], [2780.0, 2265.0, 1311.0], [2780.0, 2242.0, 1365.0], [2780.0, 2191.0, 1430.0], [2779.0, 2346.0, 1123.0], [2779.0, 2261.0, 1312.0], [2779.0, 2223.0, 1388.0], [2778.0, 2306.0, 1245.0], [2778.0, 2251.0, 1402.0], [2777.0, 2308.0, 1249.0], [2776.0, 2320.0, 1234.0], [2775.0, 2352.0, 1093.0], [2775.0, 2338.0, 1185.0], [2774.0, 2384.0, 1122.0], [2774.0, 2291.0, 1275.0], [2772.0, 2323.0, 1232.0], [2772.0, 2296.0, 1299.0], [2772.0, 2222.0, 1438.0], [2771.0, 2259.0, 1326.0], [2770.0, 2345.0, 1138.0], [2770.0, 2340.0, 1168.0], [2770.0, 2274.0, 1306.0], [2769.0, 2376.0, 1128.0], [2769.0, 2313.0, 1239.0], [2768.0, 2418.0, 936.0], [2768.0, 2346.0, 1175.0], [2768.0, 2338.0, 1215.0], [2768.0, 2271.0, 1326.0], [2768.0, 2228.0, 1410.0], [2767.0, 2333.0, 1233.0], [2767.0, 2312.0, 1333.0], [2766.0, 2353.0, 1210.0], [2766.0, 2336.0, 1217.0], [2765.0, 2280.0, 1350.0], [2765.0, 2261.0, 1382.0], [2764.0, 2396.0, 1116.0], [2763.0, 2414.0, 951.0], [2763.0, 2392.0, 1145.0], [2763.0, 2369.0, 1205.0], [2761.0, 2345.0, 1217.0], [2761.0, 2323.0, 1237.0], [2761.0, 2162.0, 1508.0], [2760.0, 2401.0, 958.0], [2760.0, 2329.0, 1240.0], [2759.0, 2257.0, 1393.0], [2758.0, 2201.0, 1440.0], [2756.0, 2426.0, 984.0], [2756.0, 2268.0, 1359.0], [2755.0, 2339.0, 1235.0], [2753.0, 2342.0, 1231.0], [2753.0, 2313.0, 1279.0], [2752.0, 2418.0, 1077.0], [2751.0, 2451.0, 976.0], [2751.0, 2370.0, 1168.0], [2751.0, 2330.0, 1238.0], [2751.0, 2214.0, 1444.0], [2750.0, 2372.0, 1205.0], [2749.0, 2412.0, 1102.0], [2749.0, 2328.0, 1254.0], [2748.0, 2433.0, 1024.0], [2748.0, 2326.0, 1272.0], [2747.0, 2329.0, 1309.0], [2746.0, 2335.0, 1262.0], [2745.0, 2345.0, 1226.0], [2745.0, 2335.0, 1308.0], [2745.0, 2234.0, 1452.0], [2743.0, 2395.0, 1193.0], [2740.0, 2398.0, 1153.0], [2740.0, 2351.0, 1254.0], [2740.0, 2282.0, 1349.0], [2738.0, 2349.0, 1275.0], [2738.0, 2250.0, 1423.0], [2737.0, 2436.0, 1111.0], [2736.0, 2385.0, 1209.0], [2736.0, 2280.0, 1358.0], [2735.0, 2402.0, 1209.0], [2735.0, 2275.0, 1403.0], [2734.0, 2478.0, 952.0], [2734.0, 2406.0, 1153.0], [2734.0, 2299.0, 1339.0], [2734.0, 2211.0, 1462.0], [2732.0, 2257.0, 1406.0], [2732.0, 2237.0, 1441.0], [2730.0, 2450.0, 1102.0], [2728.0, 2355.0, 1273.0], [2728.0, 2337.0, 1287.0], [2727.0, 2390.0, 1234.0], [2726.0, 2413.0, 1121.0], [2725.0, 2430.0, 1138.0], [2725.0, 2368.0, 1290.0], [2724.0, 2435.0, 1136.0], [2724.0, 2433.0, 1165.0], [2724.0, 2242.0, 1430.0], [2723.0, 2379.0, 1252.0], [2723.0, 2351.0, 1305.0], [2721.0, 2398.0, 1213.0], [2719.0, 2305.0, 1348.0], [2717.0, 2337.0, 1338.0], [2715.0, 2413.0, 1166.0], [2713.0, 2469.0, 1014.0], [2713.0, 2277.0, 1376.0], [2710.0, 2473.0, 1012.0], [2710.0, 2253.0, 1456.0], [2709.0, 2464.0, 1026.0], [2709.0, 2370.0, 1255.0], [2709.0, 2338.0, 1309.0], [2708.0, 2296.0, 1371.0], [2707.0, 2482.0, 1026.0], [2707.0, 2392.0, 1235.0], [2707.0, 2375.0, 1285.0], [2706.0, 2410.0, 1242.0], [2706.0, 2276.0, 1390.0], [2706.0, 2267.0, 1419.0], [2705.0, 2316.0, 1349.0], [2705.0, 2270.0, 1412.0], [2704.0, 2517.0, 935.0], [2704.0, 2418.0, 1182.0], [2703.0, 2401.0, 1246.0], [2700.0, 2498.0, 1067.0], [2699.0, 2303.0, 1351.0], [2698.0, 2286.0, 1380.0], [2696.0, 2452.0, 1098.0], [2696.0, 2438.0, 1178.0], [2696.0, 2380.0, 1270.0], [2694.0, 2486.0, 1077.0], [2694.0, 2457.0, 1091.0], [2694.0, 2347.0, 1359.0], [2691.0, 2472.0, 1095.0], [2689.0, 2382.0, 1257.0], [2688.0, 2415.0, 1200.0], [2688.0, 2368.0, 1292.0], [2685.0, 2522.0, 983.0], [2685.0, 2300.0, 1368.0], [2684.0, 2448.0, 1176.0], [2683.0, 2432.0, 1209.0], [2682.0, 2468.0, 1135.0], [2682.0, 2275.0, 1429.0], [2681.0, 2466.0, 1140.0], [2677.0, 2417.0, 1220.0], [2677.0, 2389.0, 1270.0], [2676.0, 2353.0, 1322.0], [2675.0, 2421.0, 1262.0], [2673.0, 2450.0, 1177.0], [2673.0, 2350.0, 1332.0], [2671.0, 2308.0, 1396.0], [2669.0, 2371.0, 1293.0], [2668.0, 2474.0, 1081.0], [2666.0, 2471.0, 1134.0], [2666.0, 2372.0, 1318.0], [2664.0, 2474.0, 1083.0], [2663.0, 2534.0, 1037.0], [2662.0, 2393.0, 1302.0], [2659.0, 2295.0, 1441.0], [2658.0, 2458.0, 1149.0], [2658.0, 2351.0, 1324.0], [2657.0, 2397.0, 1266.0], [2655.0, 2400.0, 1272.0], [2655.0, 2304.0, 1400.0], [2654.0, 2449.0, 1180.0], [2652.0, 2379.0, 1346.0], [2651.0, 2500.0, 1075.0], [2651.0, 2309.0, 1365.0], [2650.0, 2272.0, 1444.0], [2648.0, 2435.0, 1243.0], [2644.0, 2530.0, 1072.0], [2643.0, 2437.0, 1199.0], [2643.0, 2300.0, 1431.0], [2642.0, 2385.0, 1303.0], [2639.0, 2497.0, 1081.0], [2639.0, 2317.0, 1366.0], [2636.0, 2328.0, 1405.0], [2634.0, 2475.0, 1161.0], [2629.0, 2419.0, 1277.0], [2626.0, 2452.0, 1180.0], [2626.0, 2408.0, 1280.0], [2625.0, 2462.0, 1187.0], [2622.0, 2306.0, 1444.0], [2620.0, 2329.0, 1387.0], [2618.0, 2437.0, 1235.0], [2618.0, 2400.0, 1337.0], [2614.0, 2446.0, 1200.0], [2598.0, 2496.0, 1158.0], [2595.0, 2453.0, 1273.0], [2586.0, 2456.0, 1234.0], [2585.0, 2504.0, 1098.0], [2580.0, 2354.0, 1366.0], [2577.0, 2460.0, 1283.0], [2545.0, 2509.0, 1080.0], [2541.0, 2532.0, 1081.0], [2532.0, 2511.0, 1154.0]]
