heur = true
LBS_limit = 3
preproc = 1
tight_root = 0
total_time = 1800.12
NDP = 768
total_nodes = 60287
pruned_nodes = 30131
pruned_dominance_nodes = 11467
heur_time = 0.2
Y_N = Any[[4856.0, 2756.0, 2285.0], [4846.0, 2815.0, 2188.0], [4838.0, 2761.0, 2250.0], [4829.0, 2654.0, 2296.0], [4817.0, 2822.0, 2138.0], [4809.0, 2844.0, 2115.0], [4805.0, 2907.0, 2171.0], [4801.0, 2912.0, 2191.0], [4795.0, 2863.0, 2240.0], [4790.0, 2970.0, 2061.0], [4787.0, 2816.0, 2321.0], [4785.0, 2837.0, 2264.0], [4770.0, 2892.0, 2198.0], [4762.0, 2720.0, 2352.0], [4761.0, 2937.0, 2178.0], [4761.0, 2862.0, 2262.0], [4758.0, 2938.0, 2185.0], [4757.0, 2983.0, 2062.0], [4752.0, 2894.0, 2193.0], [4744.0, 2933.0, 2236.0], [4741.0, 2996.0, 2100.0], [4741.0, 2949.0, 2141.0], [4739.0, 2953.0, 2222.0], [4735.0, 3019.0, 2027.0], [4734.0, 2973.0, 2242.0], [4732.0, 2975.0, 2134.0], [4725.0, 2953.0, 2247.0], [4720.0, 3022.0, 2082.0], [4716.0, 2878.0, 2283.0], [4715.0, 3059.0, 2105.0], [4715.0, 3035.0, 2197.0], [4714.0, 2919.0, 2298.0], [4713.0, 3007.0, 2216.0], [4711.0, 2816.0, 2329.0], [4711.0, 2814.0, 2342.0], [4709.0, 3041.0, 2146.0], [4708.0, 3019.0, 2210.0], [4708.0, 2969.0, 2250.0], [4707.0, 3120.0, 2000.0], [4705.0, 3061.0, 2017.0], [4704.0, 3004.0, 2220.0], [4701.0, 3022.0, 2203.0], [4700.0, 3044.0, 2116.0], [4699.0, 2944.0, 2305.0], [4697.0, 3078.0, 2145.0], [4694.0, 3091.0, 2103.0], [4694.0, 2991.0, 2263.0], [4693.0, 2996.0, 2232.0], [4691.0, 3108.0, 2011.0], [4691.0, 3070.0, 2197.0], [4690.0, 3130.0, 2041.0], [4688.0, 3013.0, 2239.0], [4688.0, 2993.0, 2245.0], [4687.0, 3093.0, 2165.0], [4687.0, 2940.0, 2369.0], [4685.0, 2946.0, 2269.0], [4684.0, 2978.0, 2280.0], [4680.0, 3183.0, 1921.0], [4680.0, 3005.0, 2241.0], [4679.0, 3103.0, 2094.0], [4678.0, 3128.0, 2079.0], [4677.0, 3036.0, 2216.0], [4674.0, 3156.0, 2068.0], [4674.0, 3002.0, 2253.0], [4672.0, 3168.0, 1991.0], [4672.0, 3159.0, 2042.0], [4671.0, 3111.0, 2091.0], [4671.0, 3094.0, 2096.0], [4670.0, 3071.0, 2186.0], [4669.0, 3099.0, 2158.0], [4669.0, 3063.0, 2273.0], [4668.0, 2948.0, 2328.0], [4667.0, 3151.0, 2108.0], [4666.0, 3073.0, 2168.0], [4664.0, 2971.0, 2302.0], [4663.0, 3101.0, 2135.0], [4663.0, 3018.0, 2286.0], [4662.0, 3113.0, 2150.0], [4661.0, 3126.0, 2144.0], [4660.0, 3165.0, 2052.0], [4660.0, 3099.0, 2191.0], [4659.0, 3179.0, 1958.0], [4659.0, 3082.0, 2234.0], [4656.0, 3168.0, 2048.0], [4654.0, 3215.0, 2001.0], [4654.0, 3145.0, 2122.0], [4654.0, 3012.0, 2325.0], [4654.0, 3001.0, 2339.0], [4648.0, 3102.0, 2244.0], [4647.0, 3172.0, 2075.0], [4647.0, 3116.0, 2193.0], [4644.0, 3130.0, 2161.0], [4642.0, 3180.0, 2030.0], [4642.0, 3006.0, 2378.0], [4640.0, 3217.0, 2025.0], [4640.0, 3157.0, 2149.0], [4640.0, 3040.0, 2337.0], [4639.0, 3072.0, 2254.0], [4637.0, 3126.0, 2194.0], [4637.0, 2948.0, 2458.0], [4635.0, 3177.0, 2108.0], [4635.0, 3063.0, 2300.0], [4634.0, 3221.0, 1914.0], [4634.0, 3135.0, 2205.0], [4633.0, 3266.0, 1985.0], [4633.0, 3184.0, 2093.0], [4633.0, 3162.0, 2138.0], [4633.0, 3126.0, 2222.0], [4632.0, 3203.0, 2031.0], [4632.0, 3173.0, 2109.0], [4631.0, 3139.0, 2246.0], [4631.0, 3032.0, 2367.0], [4631.0, 3008.0, 2416.0], [4630.0, 3197.0, 2122.0], [4628.0, 3141.0, 2171.0], [4627.0, 3238.0, 2030.0], [4625.0, 3260.0, 1987.0], [4625.0, 3202.0, 2080.0], [4622.0, 3203.0, 2033.0], [4622.0, 3186.0, 2124.0], [4622.0, 3158.0, 2173.0], [4620.0, 3215.0, 2059.0], [4620.0, 3189.0, 2169.0], [4620.0, 3079.0, 2275.0], [4618.0, 3219.0, 2047.0], [4618.0, 3043.0, 2313.0], [4617.0, 3252.0, 1992.0], [4617.0, 3148.0, 2215.0], [4617.0, 3112.0, 2256.0], [4613.0, 3120.0, 2257.0], [4613.0, 3050.0, 2324.0], [4612.0, 3045.0, 2394.0], [4611.0, 3157.0, 2200.0], [4611.0, 3073.0, 2282.0], [4609.0, 3200.0, 2096.0], [4609.0, 3161.0, 2219.0], [4609.0, 3062.0, 2346.0], [4608.0, 3300.0, 1868.0], [4608.0, 3217.0, 2073.0], [4606.0, 3242.0, 2015.0], [4605.0, 3232.0, 2084.0], [4605.0, 3174.0, 2205.0], [4604.0, 3176.0, 2203.0], [4604.0, 3139.0, 2247.0], [4604.0, 3094.0, 2285.0], [4603.0, 3234.0, 2087.0], [4603.0, 3216.0, 2088.0], [4603.0, 3203.0, 2143.0], [4603.0, 3101.0, 2295.0], [4602.0, 3274.0, 1991.0], [4602.0, 3248.0, 2046.0], [4602.0, 3184.0, 2177.0], [4601.0, 3137.0, 2250.0], [4600.0, 3228.0, 2107.0], [4600.0, 3205.0, 2117.0], [4598.0, 3191.0, 2174.0], [4598.0, 3068.0, 2373.0], [4597.0, 3123.0, 2271.0], [4597.0, 3120.0, 2294.0], [4597.0, 3077.0, 2355.0], [4595.0, 3216.0, 2132.0], [4595.0, 3149.0, 2226.0], [4594.0, 3323.0, 1894.0], [4594.0, 3193.0, 2161.0], [4594.0, 3111.0, 2321.0], [4592.0, 3260.0, 2017.0], [4592.0, 3206.0, 2154.0], [4592.0, 3134.0, 2323.0], [4591.0, 3193.0, 2188.0], [4590.0, 3264.0, 2106.0], [4590.0, 3244.0, 2156.0], [4588.0, 3255.0, 2119.0], [4587.0, 3185.0, 2275.0], [4586.0, 3275.0, 1987.0], [4586.0, 2892.0, 2461.0], [4585.0, 3162.0, 2288.0], [4583.0, 3308.0, 2027.0], [4581.0, 3199.0, 2200.0], [4581.0, 3137.0, 2348.0], [4577.0, 3068.0, 2404.0], [4576.0, 3188.0, 2300.0], [4575.0, 3340.0, 1956.0], [4575.0, 3276.0, 2092.0], [4575.0, 3268.0, 2101.0], [4575.0, 3238.0, 2173.0], [4575.0, 3206.0, 2178.0], [4575.0, 3202.0, 2206.0], [4574.0, 3230.0, 2186.0], [4574.0, 3094.0, 2358.0], [4573.0, 3341.0, 1938.0], [4573.0, 3192.0, 2251.0], [4573.0, 3087.0, 2362.0], [4571.0, 3278.0, 2043.0], [4570.0, 3331.0, 2018.0], [4570.0, 3211.0, 2218.0], [4570.0, 3143.0, 2333.0], [4570.0, 3099.0, 2352.0], [4569.0, 3251.0, 2231.0], [4568.0, 3277.0, 2127.0], [4568.0, 3119.0, 2351.0], [4567.0, 3204.0, 2239.0], [4567.0, 3107.0, 2362.0], [4566.0, 3301.0, 2066.0], [4565.0, 3302.0, 2033.0], [4565.0, 2990.0, 2439.0], [4564.0, 3303.0, 2105.0], [4564.0, 3160.0, 2308.0], [4563.0, 2994.0, 2437.0], [4562.0, 3310.0, 2042.0], [4562.0, 3142.0, 2375.0], [4561.0, 3191.0, 2265.0], [4560.0, 3264.0, 2146.0], [4560.0, 3156.0, 2311.0], [4559.0, 3324.0, 2062.0], [4559.0, 3197.0, 2259.0], [4558.0, 3255.0, 2147.0], [4556.0, 3191.0, 2278.0], [4555.0, 3261.0, 2193.0], [4555.0, 3218.0, 2271.0], [4554.0, 3233.0, 2251.0], [4554.0, 3176.0, 2310.0], [4552.0, 3298.0, 2141.0], [4552.0, 3197.0, 2281.0], [4552.0, 3107.0, 2379.0], [4550.0, 3198.0, 2315.0], [4550.0, 3144.0, 2373.0], [4549.0, 3342.0, 1908.0], [4549.0, 3263.0, 2167.0], [4548.0, 3273.0, 2177.0], [4548.0, 3085.0, 2407.0], [4548.0, 3021.0, 2451.0], [4547.0, 3344.0, 2067.0], [4546.0, 3252.0, 2197.0], [4546.0, 3228.0, 2273.0], [4545.0, 3316.0, 2073.0], [4545.0, 3300.0, 2112.0], [4544.0, 3206.0, 2298.0], [4543.0, 3205.0, 2308.0], [4542.0, 3321.0, 2073.0], [4542.0, 3145.0, 2382.0], [4540.0, 3370.0, 1982.0], [4540.0, 3314.0, 2091.0], [4540.0, 3300.0, 2159.0], [4539.0, 3372.0, 1861.0], [4539.0, 3340.0, 2068.0], [4539.0, 3196.0, 2322.0], [4539.0, 3143.0, 2423.0], [4538.0, 3385.0, 1916.0], [4538.0, 3048.0, 2436.0], [4537.0, 3351.0, 2015.0], [4537.0, 3267.0, 2245.0], [4535.0, 3406.0, 1886.0], [4535.0, 3324.0, 2103.0], [4535.0, 3268.0, 2231.0], [4535.0, 3162.0, 2378.0], [4533.0, 3303.0, 2143.0], [4532.0, 3269.0, 2186.0], [4532.0, 3152.0, 2448.0], [4531.0, 3306.0, 2132.0], [4531.0, 3173.0, 2349.0], [4530.0, 3333.0, 2155.0], [4529.0, 3381.0, 1942.0], [4529.0, 3346.0, 2033.0], [4529.0, 3285.0, 2166.0], [4528.0, 3364.0, 2022.0], [4528.0, 3306.0, 2179.0], [4528.0, 3272.0, 2184.0], [4528.0, 3045.0, 2455.0], [4526.0, 3415.0, 1848.0], [4526.0, 3190.0, 2358.0], [4525.0, 3369.0, 2080.0], [4525.0, 3334.0, 2131.0], [4525.0, 3250.0, 2260.0], [4524.0, 3353.0, 2106.0], [4523.0, 3393.0, 1916.0], [4523.0, 3197.0, 2353.0], [4522.0, 3406.0, 1980.0], [4522.0, 3264.0, 2261.0], [4522.0, 3242.0, 2294.0], [4522.0, 3228.0, 2296.0], [4520.0, 3247.0, 2283.0], [4520.0, 3212.0, 2309.0], [4520.0, 3188.0, 2370.0], [4519.0, 3168.0, 2404.0], [4518.0, 3356.0, 2096.0], [4518.0, 3320.0, 2164.0], [4518.0, 3272.0, 2275.0], [4517.0, 3200.0, 2316.0], [4516.0, 3396.0, 2026.0], [4516.0, 3290.0, 2182.0], [4515.0, 3238.0, 2351.0], [4515.0, 3173.0, 2398.0], [4514.0, 3377.0, 2078.0], [4514.0, 3113.0, 2474.0], [4513.0, 3417.0, 2013.0], [4513.0, 3384.0, 2090.0], [4512.0, 3350.0, 2109.0], [4512.0, 3340.0, 2141.0], [4512.0, 3294.0, 2239.0], [4511.0, 3314.0, 2206.0], [4510.0, 3281.0, 2241.0], [4508.0, 3316.0, 2173.0], [4508.0, 3232.0, 2365.0], [4507.0, 3355.0, 2104.0], [4506.0, 3384.0, 2091.0], [4506.0, 3354.0, 2105.0], [4506.0, 3323.0, 2166.0], [4504.0, 3351.0, 2188.0], [4500.0, 3303.0, 2235.0], [4499.0, 3319.0, 2216.0], [4498.0, 3245.0, 2296.0], [4498.0, 3202.0, 2386.0], [4497.0, 3366.0, 2156.0], [4497.0, 3241.0, 2322.0], [4496.0, 3398.0, 2020.0], [4496.0, 3301.0, 2284.0], [4496.0, 3271.0, 2292.0], [4495.0, 3392.0, 2043.0], [4495.0, 3251.0, 2323.0], [4494.0, 3411.0, 2038.0], [4494.0, 3390.0, 2049.0], [4494.0, 3186.0, 2407.0], [4493.0, 3089.0, 2492.0], [4490.0, 3454.0, 1961.0], [4490.0, 3268.0, 2296.0], [4489.0, 3324.0, 2234.0], [4488.0, 3260.0, 2301.0], [4487.0, 3491.0, 1937.0], [4487.0, 3282.0, 2314.0], [4487.0, 3248.0, 2357.0], [4487.0, 3178.0, 2424.0], [4486.0, 3394.0, 2142.0], [4486.0, 3254.0, 2328.0], [4485.0, 3406.0, 2103.0], [4485.0, 3285.0, 2318.0], [4483.0, 3258.0, 2395.0], [4482.0, 3348.0, 2191.0], [4481.0, 3216.0, 2413.0], [4480.0, 3435.0, 2047.0], [4480.0, 3310.0, 2240.0], [4478.0, 3347.0, 2237.0], [4476.0, 3464.0, 1965.0], [4475.0, 3314.0, 2266.0], [4474.0, 3304.0, 2274.0], [4474.0, 3090.0, 2486.0], [4473.0, 3370.0, 2183.0], [4473.0, 3369.0, 2209.0], [4473.0, 3323.0, 2269.0], [4473.0, 3174.0, 2425.0], [4471.0, 3372.0, 2188.0], [4471.0, 3291.0, 2338.0], [4470.0, 3416.0, 2090.0], [4468.0, 3420.0, 2123.0], [4467.0, 3439.0, 1966.0], [4467.0, 3379.0, 2153.0], [4464.0, 3471.0, 1948.0], [4463.0, 3472.0, 2037.0], [4463.0, 3349.0, 2216.0], [4463.0, 3279.0, 2371.0], [4460.0, 3295.0, 2309.0], [4459.0, 3305.0, 2282.0], [4459.0, 3300.0, 2382.0], [4457.0, 3427.0, 2073.0], [4455.0, 3490.0, 1961.0], [4455.0, 3430.0, 2096.0], [4455.0, 3375.0, 2175.0], [4454.0, 3374.0, 2177.0], [4454.0, 3358.0, 2225.0], [4454.0, 3261.0, 2425.0], [4453.0, 3515.0, 1921.0], [4453.0, 3436.0, 2085.0], [4453.0, 3326.0, 2284.0], [4452.0, 3389.0, 2170.0], [4452.0, 3378.0, 2193.0], [4452.0, 3314.0, 2288.0], [4452.0, 3201.0, 2432.0], [4451.0, 3443.0, 2047.0], [4451.0, 3315.0, 2347.0], [4451.0, 3196.0, 2450.0], [4450.0, 3390.0, 2210.0], [4450.0, 3094.0, 2489.0], [4449.0, 3417.0, 2183.0], [4449.0, 3405.0, 2206.0], [4448.0, 3462.0, 2071.0], [4448.0, 3328.0, 2256.0], [4448.0, 3288.0, 2417.0], [4446.0, 3359.0, 2218.0], [4446.0, 3326.0, 2316.0], [4445.0, 3496.0, 2008.0], [4445.0, 3426.0, 2142.0], [4445.0, 3346.0, 2338.0], [4445.0, 3302.0, 2355.0], [4444.0, 3173.0, 2471.0], [4443.0, 3307.0, 2394.0], [4442.0, 3364.0, 2310.0], [4441.0, 3464.0, 2048.0], [4441.0, 3439.0, 2110.0], [4440.0, 3520.0, 1869.0], [4440.0, 3418.0, 2194.0], [4439.0, 3424.0, 2170.0], [4438.0, 3396.0, 2224.0], [4438.0, 3367.0, 2286.0], [4438.0, 3337.0, 2343.0], [4437.0, 3382.0, 2249.0], [4436.0, 3538.0, 1814.0], [4432.0, 3397.0, 2224.0], [4431.0, 3410.0, 2222.0], [4430.0, 3425.0, 2210.0], [4430.0, 3398.0, 2231.0], [4429.0, 3433.0, 2190.0], [4427.0, 3327.0, 2366.0], [4425.0, 3532.0, 1956.0], [4423.0, 3508.0, 1988.0], [4423.0, 3442.0, 2144.0], [4422.0, 3442.0, 2176.0], [4421.0, 3459.0, 2136.0], [4421.0, 3370.0, 2301.0], [4420.0, 3484.0, 2079.0], [4420.0, 3305.0, 2398.0], [4419.0, 3562.0, 1895.0], [4419.0, 3514.0, 1961.0], [4419.0, 3424.0, 2242.0], [4419.0, 3360.0, 2344.0], [4418.0, 3412.0, 2248.0], [4417.0, 3246.0, 2480.0], [4414.0, 3501.0, 2023.0], [4414.0, 3430.0, 2248.0], [4414.0, 3424.0, 2250.0], [4411.0, 3491.0, 2084.0], [4410.0, 3502.0, 2025.0], [4410.0, 3469.0, 2128.0], [4409.0, 3559.0, 1919.0], [4409.0, 3515.0, 2043.0], [4407.0, 3516.0, 1962.0], [4407.0, 3390.0, 2252.0], [4406.0, 3564.0, 1761.0], [4405.0, 3563.0, 1878.0], [4405.0, 3486.0, 2085.0], [4405.0, 3361.0, 2321.0], [4404.0, 3571.0, 1742.0], [4404.0, 3380.0, 2333.0], [4403.0, 3489.0, 2130.0], [4403.0, 3449.0, 2140.0], [4402.0, 3551.0, 1977.0], [4402.0, 3505.0, 2045.0], [4402.0, 3452.0, 2173.0], [4401.0, 3575.0, 1889.0], [4401.0, 3500.0, 2069.0], [4400.0, 3479.0, 2182.0], [4400.0, 3446.0, 2201.0], [4400.0, 3389.0, 2298.0], [4399.0, 3578.0, 1939.0], [4399.0, 3257.0, 2437.0], [4398.0, 3503.0, 2047.0], [4397.0, 3494.0, 2148.0], [4395.0, 3508.0, 2081.0], [4394.0, 3345.0, 2370.0], [4393.0, 3420.0, 2299.0], [4393.0, 3356.0, 2353.0], [4391.0, 3521.0, 2000.0], [4391.0, 3388.0, 2324.0], [4391.0, 3304.0, 2415.0], [4390.0, 3364.0, 2360.0], [4389.0, 3520.0, 2009.0], [4388.0, 3432.0, 2230.0], [4387.0, 3537.0, 1987.0], [4386.0, 3457.0, 2228.0], [4386.0, 3384.0, 2356.0], [4386.0, 3147.0, 2501.0], [4385.0, 3425.0, 2252.0], [4385.0, 3347.0, 2367.0], [4385.0, 3325.0, 2378.0], [4385.0, 3252.0, 2459.0], [4384.0, 3511.0, 2104.0], [4383.0, 3320.0, 2399.0], [4382.0, 3551.0, 2043.0], [4381.0, 3326.0, 2376.0], [4378.0, 3597.0, 1898.0], [4377.0, 3311.0, 2472.0], [4376.0, 3523.0, 2065.0], [4376.0, 3456.0, 2258.0], [4376.0, 3378.0, 2357.0], [4376.0, 3316.0, 2400.0], [4375.0, 3526.0, 2062.0], [4374.0, 3565.0, 2038.0], [4373.0, 3464.0, 2214.0], [4371.0, 3531.0, 2112.0], [4370.0, 3425.0, 2299.0], [4370.0, 3342.0, 2390.0], [4368.0, 3436.0, 2271.0], [4368.0, 3360.0, 2373.0], [4367.0, 3576.0, 2047.0], [4366.0, 3586.0, 1921.0], [4366.0, 3494.0, 2159.0], [4366.0, 3392.0, 2355.0], [4366.0, 3372.0, 2360.0], [4365.0, 3612.0, 1892.0], [4365.0, 3522.0, 2117.0], [4365.0, 3467.0, 2267.0], [4364.0, 3093.0, 2507.0], [4363.0, 3583.0, 1925.0], [4363.0, 3516.0, 2146.0], [4363.0, 3493.0, 2202.0], [4363.0, 3460.0, 2291.0], [4362.0, 3535.0, 2076.0], [4362.0, 3420.0, 2321.0], [4359.0, 3545.0, 2118.0], [4358.0, 3615.0, 1830.0], [4357.0, 3354.0, 2433.0], [4356.0, 3519.0, 2127.0], [4356.0, 3438.0, 2332.0], [4356.0, 3429.0, 2345.0], [4356.0, 3410.0, 2388.0], [4355.0, 3618.0, 1876.0], [4355.0, 3602.0, 1919.0], [4354.0, 3494.0, 2239.0], [4353.0, 3577.0, 1999.0], [4353.0, 3511.0, 2157.0], [4349.0, 3564.0, 2078.0], [4348.0, 3600.0, 1957.0], [4348.0, 3588.0, 2008.0], [4347.0, 3674.0, 1835.0], [4347.0, 3581.0, 2047.0], [4347.0, 3535.0, 2221.0], [4347.0, 3462.0, 2294.0], [4346.0, 3442.0, 2365.0], [4345.0, 3592.0, 1967.0], [4344.0, 3622.0, 1874.0], [4343.0, 3636.0, 1848.0], [4343.0, 3568.0, 2073.0], [4343.0, 3537.0, 2157.0], [4343.0, 3489.0, 2268.0], [4343.0, 3401.0, 2449.0], [4342.0, 3659.0, 1869.0], [4342.0, 3583.0, 2023.0], [4342.0, 3473.0, 2296.0], [4341.0, 3589.0, 2102.0], [4340.0, 3426.0, 2397.0], [4339.0, 3594.0, 1958.0], [4337.0, 3628.0, 2013.0], [4337.0, 3541.0, 2162.0], [4336.0, 3550.0, 2134.0], [4336.0, 3491.0, 2273.0], [4335.0, 3315.0, 2450.0], [4334.0, 3656.0, 1917.0], [4334.0, 3633.0, 1964.0], [4334.0, 3341.0, 2502.0], [4333.0, 3635.0, 2005.0], [4332.0, 3595.0, 2053.0], [4330.0, 3482.0, 2333.0], [4326.0, 3659.0, 1872.0], [4326.0, 3522.0, 2236.0], [4326.0, 3435.0, 2386.0], [4325.0, 3561.0, 2107.0], [4325.0, 3552.0, 2152.0], [4324.0, 3502.0, 2309.0], [4324.0, 3421.0, 2410.0], [4323.0, 3510.0, 2278.0], [4322.0, 3617.0, 2042.0], [4322.0, 3471.0, 2348.0], [4321.0, 3638.0, 2037.0], [4319.0, 3670.0, 1860.0], [4319.0, 3592.0, 2081.0], [4317.0, 3681.0, 1874.0], [4317.0, 3567.0, 2126.0], [4317.0, 3553.0, 2143.0], [4317.0, 3540.0, 2275.0], [4316.0, 3626.0, 2040.0], [4315.0, 3602.0, 2112.0], [4315.0, 3550.0, 2154.0], [4313.0, 3568.0, 2114.0], [4313.0, 3453.0, 2353.0], [4310.0, 3570.0, 2114.0], [4309.0, 3629.0, 2103.0], [4308.0, 3661.0, 1913.0], [4308.0, 3654.0, 1931.0], [4308.0, 3548.0, 2181.0], [4306.0, 3507.0, 2291.0], [4305.0, 3448.0, 2368.0], [4304.0, 3645.0, 1934.0], [4304.0, 3561.0, 2148.0], [4304.0, 3550.0, 2164.0], [4303.0, 3701.0, 1911.0], [4301.0, 3567.0, 2162.0], [4301.0, 3491.0, 2321.0], [4300.0, 3473.0, 2405.0], [4299.0, 3634.0, 2041.0], [4299.0, 3579.0, 2129.0], [4299.0, 3548.0, 2220.0], [4298.0, 3569.0, 2134.0], [4297.0, 3639.0, 1953.0], [4296.0, 3554.0, 2175.0], [4295.0, 3567.0, 2174.0], [4294.0, 3649.0, 2008.0], [4291.0, 3568.0, 2190.0], [4290.0, 3670.0, 1991.0], [4290.0, 3493.0, 2349.0], [4289.0, 3679.0, 2004.0], [4289.0, 3591.0, 2131.0], [4286.0, 3725.0, 1758.0], [4286.0, 3633.0, 2086.0], [4286.0, 3560.0, 2232.0], [4286.0, 3522.0, 2304.0], [4284.0, 3502.0, 2328.0], [4283.0, 3595.0, 2125.0], [4283.0, 3507.0, 2316.0], [4282.0, 3691.0, 1959.0], [4282.0, 3568.0, 2238.0], [4281.0, 3659.0, 2079.0], [4281.0, 3638.0, 2086.0], [4280.0, 3537.0, 2287.0], [4279.0, 3636.0, 2093.0], [4279.0, 3606.0, 2120.0], [4279.0, 3588.0, 2147.0], [4279.0, 3475.0, 2357.0], [4278.0, 3447.0, 2448.0], [4276.0, 3556.0, 2274.0], [4275.0, 3563.0, 2250.0], [4274.0, 3717.0, 1847.0], [4273.0, 3570.0, 2199.0], [4272.0, 3625.0, 2129.0], [4272.0, 3583.0, 2212.0], [4272.0, 3521.0, 2352.0], [4272.0, 3484.0, 2379.0], [4271.0, 3597.0, 2142.0], [4270.0, 3608.0, 2145.0], [4269.0, 3632.0, 2115.0], [4268.0, 3731.0, 1867.0], [4268.0, 3646.0, 2111.0], [4268.0, 3540.0, 2295.0], [4267.0, 3623.0, 2186.0], [4266.0, 3451.0, 2473.0], [4264.0, 3688.0, 1965.0], [4263.0, 3680.0, 1971.0], [4262.0, 3749.0, 1841.0], [4262.0, 3626.0, 2134.0], [4261.0, 3726.0, 1921.0], [4261.0, 3652.0, 2113.0], [4259.0, 3762.0, 1755.0], [4259.0, 3582.0, 2248.0], [4257.0, 3725.0, 1975.0], [4257.0, 3718.0, 2027.0], [4257.0, 3372.0, 2480.0], [4256.0, 3625.0, 2211.0], [4256.0, 3491.0, 2419.0], [4255.0, 3584.0, 2267.0], [4254.0, 3662.0, 2038.0], [4253.0, 3548.0, 2289.0], [4251.0, 3641.0, 2132.0], [4251.0, 3495.0, 2363.0], [4250.0, 3665.0, 2093.0], [4249.0, 3678.0, 2031.0], [4247.0, 3705.0, 2076.0], [4245.0, 3767.0, 1755.0], [4245.0, 3651.0, 2138.0], [4244.0, 3587.0, 2284.0], [4244.0, 3528.0, 2297.0], [4240.0, 3734.0, 1900.0], [4239.0, 3757.0, 1845.0], [4238.0, 3603.0, 2249.0], [4238.0, 3594.0, 2268.0], [4237.0, 3713.0, 2037.0], [4237.0, 3672.0, 2164.0], [4237.0, 3543.0, 2291.0], [4236.0, 3605.0, 2230.0], [4235.0, 3713.0, 2042.0], [4235.0, 3616.0, 2214.0], [4233.0, 3736.0, 1981.0], [4233.0, 3694.0, 2099.0], [4233.0, 3319.0, 2503.0], [4232.0, 3756.0, 2036.0], [4232.0, 3709.0, 2055.0], [4232.0, 3623.0, 2243.0], [4232.0, 3560.0, 2302.0], [4231.0, 3673.0, 2103.0], [4231.0, 3610.0, 2248.0], [4230.0, 3521.0, 2360.0], [4229.0, 3656.0, 2186.0], [4228.0, 3781.0, 1865.0], [4228.0, 3723.0, 2076.0], [4227.0, 3556.0, 2349.0], [4225.0, 3623.0, 2254.0], [4225.0, 3458.0, 2451.0], [4224.0, 3667.0, 2228.0], [4224.0, 3527.0, 2369.0], [4223.0, 3821.0, 1872.0], [4223.0, 3575.0, 2288.0], [4219.0, 3752.0, 2037.0], [4216.0, 3684.0, 2160.0], [4215.0, 3737.0, 2052.0], [4215.0, 3692.0, 2231.0], [4214.0, 3747.0, 2058.0], [4214.0, 3714.0, 2093.0], [4211.0, 3782.0, 1908.0], [4211.0, 3601.0, 2266.0], [4211.0, 3411.0, 2485.0], [4209.0, 3681.0, 2239.0], [4209.0, 3577.0, 2330.0], [4208.0, 3591.0, 2327.0], [4207.0, 3652.0, 2277.0], [4205.0, 3608.0, 2294.0], [4204.0, 3765.0, 1935.0], [4204.0, 3727.0, 2133.0], [4202.0, 3833.0, 1801.0], [4200.0, 3708.0, 2147.0], [4199.0, 3769.0, 2075.0], [4198.0, 3815.0, 2036.0], [4194.0, 3784.0, 2049.0], [4194.0, 3521.0, 2402.0], [4193.0, 3809.0, 2060.0], [4192.0, 3578.0, 2392.0], [4191.0, 3613.0, 2337.0], [4190.0, 3626.0, 2312.0], [4189.0, 3839.0, 1806.0], [4189.0, 3623.0, 2351.0], [4187.0, 3741.0, 2175.0], [4187.0, 3583.0, 2356.0], [4185.0, 3603.0, 2387.0], [4184.0, 3830.0, 1858.0], [4183.0, 3764.0, 2136.0], [4182.0, 3568.0, 2455.0], [4178.0, 3706.0, 2249.0], [4177.0, 3648.0, 2301.0], [4176.0, 3687.0, 2273.0], [4170.0, 3851.0, 1833.0], [4167.0, 3892.0, 1804.0], [4162.0, 3841.0, 1852.0], [4160.0, 3753.0, 2149.0], [4157.0, 3443.0, 2474.0], [4155.0, 3870.0, 1895.0], [4152.0, 3832.0, 1923.0], [4151.0, 3813.0, 2088.0], [4150.0, 3643.0, 2358.0], [4148.0, 3674.0, 2307.0], [4143.0, 3721.0, 2309.0], [4139.0, 3816.0, 2131.0], [4139.0, 3661.0, 2334.0], [4138.0, 3914.0, 1948.0], [4133.0, 3830.0, 1992.0], [4132.0, 3847.0, 1991.0], [4130.0, 3695.0, 2341.0], [4129.0, 3891.0, 1968.0], [4124.0, 3525.0, 2473.0], [4121.0, 3852.0, 2006.0], [4119.0, 3760.0, 2153.0], [4113.0, 3818.0, 2073.0], [4110.0, 3884.0, 1980.0], [4104.0, 3938.0, 1900.0], [4097.0, 3570.0, 2393.0], [4095.0, 3546.0, 2456.0], [4085.0, 3746.0, 2217.0], [4083.0, 3613.0, 2373.0], [4080.0, 3869.0, 2001.0], [4076.0, 3888.0, 1973.0], [4075.0, 4005.0, 1732.0], [4067.0, 3819.0, 2126.0], [4066.0, 4005.0, 1894.0], [4062.0, 3631.0, 2447.0], [4055.0, 3727.0, 2225.0], [4054.0, 3702.0, 2323.0], [4051.0, 3845.0, 2103.0], [4048.0, 3942.0, 1959.0], [4038.0, 4015.0, 1888.0], [4001.0, 3915.0, 1990.0], [3985.0, 3854.0, 2043.0], [3965.0, 4026.0, 1696.0], [3933.0, 3908.0, 2045.0], [3924.0, 4070.0, 1828.0]]
