heur = true
LBS_limit = 3
preproc = 1
tight_root = 0
total_time = 1800.08
NDP = 910
total_nodes = 45461
pruned_nodes = 22721
pruned_dominance_nodes = 6379
heur_time = 0.2
Y_N = Any[[1642.0, 1233.0, 3996.0], [1599.0, 1228.0, 4018.0], [1591.0, 1169.0, 4090.0], [1579.0, 1216.0, 4060.0], [1573.0, 1174.0, 4152.0], [1571.0, 995.0, 4162.0], [1568.0, 1086.0, 4284.0], [1566.0, 1198.0, 4156.0], [1565.0, 1204.0, 4167.0], [1565.0, 1182.0, 4204.0], [1554.0, 1245.0, 4126.0], [1554.0, 1160.0, 4210.0], [1553.0, 1064.0, 4355.0], [1550.0, 1115.0, 4234.0], [1546.0, 1024.0, 4374.0], [1545.0, 1269.0, 4158.0], [1545.0, 1192.0, 4183.0], [1545.0, 1188.0, 4194.0], [1544.0, 1201.0, 4214.0], [1544.0, 1072.0, 4339.0], [1543.0, 1115.0, 4350.0], [1539.0, 1163.0, 4287.0], [1538.0, 965.0, 4446.0], [1535.0, 1223.0, 4211.0], [1535.0, 1032.0, 4373.0], [1533.0, 1137.0, 4318.0], [1532.0, 1165.0, 4234.0], [1532.0, 1123.0, 4349.0], [1529.0, 1189.0, 4276.0], [1526.0, 1030.0, 4468.0], [1525.0, 1260.0, 4176.0], [1516.0, 1083.0, 4360.0], [1516.0, 1057.0, 4429.0], [1513.0, 994.0, 4512.0], [1512.0, 1278.0, 4208.0], [1510.0, 1061.0, 4439.0], [1509.0, 1196.0, 4231.0], [1509.0, 1119.0, 4400.0], [1508.0, 1195.0, 4253.0], [1507.0, 1194.0, 4300.0], [1503.0, 1173.0, 4316.0], [1502.0, 1002.0, 4511.0], [1501.0, 1126.0, 4361.0], [1500.0, 986.0, 4519.0], [1499.0, 1135.0, 4372.0], [1499.0, 1093.0, 4413.0], [1498.0, 986.0, 4534.0], [1497.0, 1268.0, 4215.0], [1495.0, 1065.0, 4461.0], [1494.0, 1205.0, 4252.0], [1493.0, 1213.0, 4233.0], [1492.0, 1141.0, 4333.0], [1492.0, 927.0, 4591.0], [1491.0, 1202.0, 4319.0], [1491.0, 1193.0, 4337.0], [1491.0, 1085.0, 4427.0], [1491.0, 1070.0, 4460.0], [1490.0, 849.0, 4615.0], [1489.0, 994.0, 4518.0], [1487.0, 1308.0, 4189.0], [1487.0, 1182.0, 4342.0], [1483.0, 1026.0, 4506.0], [1482.0, 1088.0, 4469.0], [1480.0, 1093.0, 4426.0], [1479.0, 1262.0, 4250.0], [1479.0, 1003.0, 4516.0], [1478.0, 1005.0, 4515.0], [1476.0, 1238.0, 4251.0], [1476.0, 990.0, 4539.0], [1475.0, 1147.0, 4387.0], [1474.0, 1032.0, 4532.0], [1473.0, 1163.0, 4353.0], [1471.0, 1273.0, 4256.0], [1470.0, 1179.0, 4382.0], [1469.0, 915.0, 4635.0], [1468.0, 1194.0, 4320.0], [1468.0, 1180.0, 4382.0], [1467.0, 1046.0, 4516.0], [1465.0, 1219.0, 4308.0], [1462.0, 1070.0, 4488.0], [1462.0, 1012.0, 4551.0], [1460.0, 1255.0, 4272.0], [1460.0, 1203.0, 4318.0], [1459.0, 1322.0, 4255.0], [1457.0, 1224.0, 4302.0], [1457.0, 1188.0, 4381.0], [1455.0, 1366.0, 4085.0], [1455.0, 1225.0, 4319.0], [1454.0, 1169.0, 4394.0], [1454.0, 1070.0, 4509.0], [1453.0, 1373.0, 4036.0], [1453.0, 1120.0, 4442.0], [1452.0, 1258.0, 4311.0], [1451.0, 1118.0, 4466.0], [1450.0, 1268.0, 4277.0], [1450.0, 1138.0, 4395.0], [1449.0, 1182.0, 4387.0], [1448.0, 920.0, 4609.0], [1447.0, 962.0, 4637.0], [1446.0, 1020.0, 4535.0], [1445.0, 1189.0, 4338.0], [1445.0, 1183.0, 4386.0], [1444.0, 995.0, 4565.0], [1442.0, 1275.0, 4301.0], [1442.0, 1031.0, 4534.0], [1441.0, 1344.0, 4133.0], [1441.0, 1135.0, 4397.0], [1441.0, 1094.0, 4493.0], [1441.0, 882.0, 4701.0], [1439.0, 1234.0, 4376.0], [1439.0, 1048.0, 4528.0], [1438.0, 1162.0, 4459.0], [1438.0, 1064.0, 4539.0], [1437.0, 1192.0, 4392.0], [1436.0, 1115.0, 4473.0], [1435.0, 1201.0, 4378.0], [1435.0, 1119.0, 4472.0], [1435.0, 996.0, 4581.0], [1435.0, 971.0, 4627.0], [1435.0, 910.0, 4668.0], [1434.0, 1291.0, 4258.0], [1434.0, 1098.0, 4484.0], [1431.0, 1165.0, 4429.0], [1430.0, 1039.0, 4542.0], [1429.0, 1006.0, 4572.0], [1429.0, 975.0, 4610.0], [1428.0, 1066.0, 4562.0], [1427.0, 1171.0, 4410.0], [1427.0, 923.0, 4677.0], [1425.0, 1387.0, 4102.0], [1425.0, 1163.0, 4441.0], [1425.0, 1120.0, 4466.0], [1425.0, 1105.0, 4481.0], [1422.0, 1336.0, 4235.0], [1422.0, 1082.0, 4517.0], [1422.0, 1011.0, 4628.0], [1419.0, 1248.0, 4316.0], [1419.0, 1012.0, 4617.0], [1418.0, 1093.0, 4495.0], [1417.0, 1111.0, 4513.0], [1415.0, 1022.0, 4591.0], [1415.0, 966.0, 4691.0], [1414.0, 1178.0, 4420.0], [1414.0, 1144.0, 4486.0], [1411.0, 1183.0, 4418.0], [1411.0, 1127.0, 4493.0], [1411.0, 1089.0, 4544.0], [1411.0, 1013.0, 4595.0], [1410.0, 1057.0, 4600.0], [1409.0, 970.0, 4665.0], [1408.0, 1340.0, 4148.0], [1408.0, 1211.0, 4386.0], [1406.0, 1180.0, 4436.0], [1405.0, 1238.0, 4378.0], [1405.0, 1200.0, 4393.0], [1403.0, 1242.0, 4352.0], [1403.0, 1071.0, 4564.0], [1402.0, 1119.0, 4520.0], [1401.0, 1300.0, 4259.0], [1401.0, 1205.0, 4428.0], [1401.0, 1091.0, 4545.0], [1401.0, 1040.0, 4617.0], [1399.0, 1097.0, 4564.0], [1398.0, 1173.0, 4477.0], [1397.0, 1267.0, 4311.0], [1396.0, 1177.0, 4460.0], [1396.0, 1173.0, 4492.0], [1395.0, 1393.0, 3896.0], [1395.0, 1352.0, 4151.0], [1395.0, 1136.0, 4550.0], [1394.0, 1085.0, 4582.0], [1394.0, 978.0, 4694.0], [1393.0, 1289.0, 4314.0], [1393.0, 1222.0, 4405.0], [1392.0, 1143.0, 4498.0], [1392.0, 1094.0, 4578.0], [1392.0, 1036.0, 4636.0], [1392.0, 1007.0, 4670.0], [1392.0, 947.0, 4696.0], [1390.0, 891.0, 4779.0], [1389.0, 1340.0, 4252.0], [1389.0, 1183.0, 4437.0], [1389.0, 922.0, 4717.0], [1387.0, 1115.0, 4572.0], [1386.0, 1340.0, 4275.0], [1386.0, 1296.0, 4281.0], [1386.0, 1259.0, 4357.0], [1386.0, 1244.0, 4361.0], [1386.0, 1010.0, 4639.0], [1384.0, 1228.0, 4435.0], [1383.0, 897.0, 4720.0], [1382.0, 1295.0, 4330.0], [1381.0, 1297.0, 4283.0], [1381.0, 1235.0, 4382.0], [1380.0, 1164.0, 4515.0], [1377.0, 1283.0, 4337.0], [1377.0, 1049.0, 4629.0], [1375.0, 1175.0, 4484.0], [1375.0, 1101.0, 4605.0], [1375.0, 965.0, 4717.0], [1375.0, 937.0, 4730.0], [1375.0, 819.0, 4795.0], [1374.0, 1205.0, 4441.0], [1374.0, 982.0, 4688.0], [1374.0, 794.0, 4808.0], [1373.0, 1315.0, 4290.0], [1373.0, 1281.0, 4338.0], [1373.0, 1250.0, 4413.0], [1372.0, 1385.0, 4154.0], [1372.0, 1183.0, 4495.0], [1372.0, 1172.0, 4504.0], [1371.0, 831.0, 4832.0], [1369.0, 1303.0, 4327.0], [1368.0, 995.0, 4684.0], [1367.0, 1016.0, 4665.0], [1367.0, 991.0, 4718.0], [1366.0, 1127.0, 4557.0], [1366.0, 856.0, 4827.0], [1365.0, 1021.0, 4637.0], [1365.0, 907.0, 4746.0], [1364.0, 1252.0, 4378.0], [1364.0, 1051.0, 4630.0], [1364.0, 1045.0, 4650.0], [1364.0, 949.0, 4746.0], [1363.0, 1358.0, 4213.0], [1363.0, 1004.0, 4689.0], [1362.0, 1363.0, 4192.0], [1362.0, 1322.0, 4301.0], [1362.0, 1286.0, 4348.0], [1362.0, 1200.0, 4476.0], [1362.0, 1045.0, 4665.0], [1362.0, 1030.0, 4696.0], [1362.0, 814.0, 4844.0], [1361.0, 1409.0, 4231.0], [1361.0, 1175.0, 4531.0], [1360.0, 802.0, 4863.0], [1359.0, 956.0, 4735.0], [1357.0, 1305.0, 4322.0], [1357.0, 1261.0, 4412.0], [1357.0, 1259.0, 4470.0], [1357.0, 1117.0, 4562.0], [1356.0, 908.0, 4762.0], [1356.0, 852.0, 4840.0], [1355.0, 1261.0, 4436.0], [1355.0, 1055.0, 4614.0], [1354.0, 1313.0, 4356.0], [1354.0, 1005.0, 4705.0], [1353.0, 1298.0, 4393.0], [1353.0, 1138.0, 4536.0], [1353.0, 884.0, 4853.0], [1352.0, 1050.0, 4638.0], [1352.0, 961.0, 4757.0], [1351.0, 1213.0, 4482.0], [1351.0, 948.0, 4771.0], [1349.0, 1209.0, 4522.0], [1349.0, 1068.0, 4607.0], [1348.0, 1063.0, 4672.0], [1347.0, 1323.0, 4353.0], [1347.0, 1108.0, 4574.0], [1347.0, 1089.0, 4624.0], [1346.0, 851.0, 4875.0], [1345.0, 1152.0, 4564.0], [1345.0, 1119.0, 4574.0], [1345.0, 962.0, 4745.0], [1343.0, 1064.0, 4631.0], [1341.0, 1116.0, 4583.0], [1340.0, 1161.0, 4545.0], [1340.0, 1130.0, 4609.0], [1340.0, 1095.0, 4611.0], [1340.0, 986.0, 4728.0], [1339.0, 1353.0, 4348.0], [1339.0, 1016.0, 4707.0], [1339.0, 894.0, 4806.0], [1337.0, 1212.0, 4496.0], [1337.0, 967.0, 4740.0], [1336.0, 900.0, 4818.0], [1335.0, 1038.0, 4689.0], [1334.0, 931.0, 4810.0], [1334.0, 917.0, 4822.0], [1333.0, 1365.0, 4247.0], [1331.0, 987.0, 4720.0], [1331.0, 977.0, 4730.0], [1329.0, 1380.0, 4290.0], [1329.0, 1210.0, 4542.0], [1329.0, 1169.0, 4544.0], [1329.0, 1114.0, 4638.0], [1329.0, 1066.0, 4642.0], [1329.0, 1050.0, 4674.0], [1328.0, 1262.0, 4411.0], [1328.0, 1042.0, 4703.0], [1327.0, 1474.0, 4078.0], [1327.0, 1009.0, 4725.0], [1326.0, 1235.0, 4471.0], [1324.0, 1080.0, 4640.0], [1323.0, 1427.0, 4188.0], [1323.0, 1082.0, 4667.0], [1323.0, 918.0, 4839.0], [1322.0, 1215.0, 4490.0], [1322.0, 1160.0, 4583.0], [1322.0, 970.0, 4740.0], [1322.0, 784.0, 4935.0], [1320.0, 1274.0, 4423.0], [1320.0, 1174.0, 4568.0], [1318.0, 1236.0, 4478.0], [1318.0, 1220.0, 4525.0], [1318.0, 987.0, 4726.0], [1318.0, 793.0, 4907.0], [1317.0, 1299.0, 4381.0], [1317.0, 1188.0, 4603.0], [1317.0, 1101.0, 4650.0], [1317.0, 1047.0, 4723.0], [1316.0, 1269.0, 4433.0], [1315.0, 1445.0, 4175.0], [1315.0, 1235.0, 4487.0], [1314.0, 1236.0, 4481.0], [1314.0, 971.0, 4736.0], [1314.0, 948.0, 4792.0], [1314.0, 830.0, 4901.0], [1313.0, 1241.0, 4494.0], [1311.0, 1125.0, 4661.0], [1311.0, 959.0, 4765.0], [1311.0, 831.0, 4917.0], [1310.0, 1071.0, 4676.0], [1310.0, 974.0, 4766.0], [1310.0, 922.0, 4833.0], [1309.0, 942.0, 4805.0], [1309.0, 894.0, 4844.0], [1308.0, 1172.0, 4615.0], [1308.0, 998.0, 4743.0], [1307.0, 968.0, 4775.0], [1306.0, 880.0, 4878.0], [1305.0, 761.0, 4937.0], [1304.0, 1189.0, 4561.0], [1303.0, 1237.0, 4537.0], [1302.0, 1337.0, 4351.0], [1302.0, 1310.0, 4399.0], [1302.0, 1261.0, 4477.0], [1302.0, 925.0, 4850.0], [1302.0, 699.0, 5004.0], [1301.0, 1126.0, 4636.0], [1301.0, 1072.0, 4668.0], [1301.0, 1065.0, 4710.0], [1301.0, 867.0, 4909.0], [1300.0, 995.0, 4744.0], [1300.0, 881.0, 4892.0], [1299.0, 1139.0, 4663.0], [1299.0, 982.0, 4749.0], [1299.0, 929.0, 4829.0], [1298.0, 1333.0, 4404.0], [1298.0, 990.0, 4753.0], [1298.0, 971.0, 4778.0], [1297.0, 1302.0, 4413.0], [1297.0, 1051.0, 4728.0], [1296.0, 957.0, 4788.0], [1295.0, 1356.0, 4325.0], [1295.0, 1253.0, 4496.0], [1295.0, 1021.0, 4760.0], [1295.0, 937.0, 4807.0], [1295.0, 853.0, 4922.0], [1295.0, 750.0, 4947.0], [1294.0, 1299.0, 4422.0], [1294.0, 1023.0, 4743.0], [1294.0, 999.0, 4811.0], [1293.0, 1286.0, 4489.0], [1293.0, 1076.0, 4721.0], [1293.0, 820.0, 4929.0], [1292.0, 1195.0, 4565.0], [1292.0, 890.0, 4872.0], [1291.0, 1392.0, 4337.0], [1291.0, 1247.0, 4511.0], [1290.0, 1288.0, 4424.0], [1290.0, 1198.0, 4563.0], [1290.0, 1157.0, 4672.0], [1289.0, 1238.0, 4533.0], [1289.0, 1083.0, 4690.0], [1289.0, 768.0, 4953.0], [1288.0, 1111.0, 4675.0], [1288.0, 936.0, 4869.0], [1287.0, 1297.0, 4423.0], [1286.0, 1118.0, 4687.0], [1286.0, 789.0, 4943.0], [1285.0, 1041.0, 4759.0], [1285.0, 842.0, 4932.0], [1284.0, 1052.0, 4724.0], [1284.0, 963.0, 4840.0], [1284.0, 872.0, 4896.0], [1283.0, 1210.0, 4543.0], [1283.0, 1083.0, 4694.0], [1282.0, 948.0, 4846.0], [1282.0, 875.0, 4899.0], [1282.0, 823.0, 4963.0], [1281.0, 1107.0, 4710.0], [1281.0, 872.0, 4901.0], [1281.0, 841.0, 4969.0], [1280.0, 1204.0, 4551.0], [1280.0, 908.0, 4919.0], [1279.0, 1171.0, 4630.0], [1279.0, 983.0, 4813.0], [1277.0, 1257.0, 4505.0], [1277.0, 1236.0, 4544.0], [1277.0, 1089.0, 4719.0], [1276.0, 1057.0, 4740.0], [1276.0, 1043.0, 4746.0], [1276.0, 967.0, 4818.0], [1275.0, 1196.0, 4572.0], [1275.0, 1066.0, 4740.0], [1275.0, 914.0, 4891.0], [1275.0, 873.0, 4964.0], [1273.0, 1246.0, 4533.0], [1273.0, 1179.0, 4607.0], [1273.0, 1017.0, 4773.0], [1273.0, 924.0, 4888.0], [1272.0, 1265.0, 4517.0], [1271.0, 1229.0, 4545.0], [1271.0, 1009.0, 4778.0], [1271.0, 1000.0, 4819.0], [1271.0, 811.0, 5005.0], [1271.0, 736.0, 5011.0], [1270.0, 1194.0, 4587.0], [1269.0, 1187.0, 4612.0], [1269.0, 1049.0, 4798.0], [1268.0, 1292.0, 4424.0], [1268.0, 1259.0, 4545.0], [1268.0, 1129.0, 4710.0], [1268.0, 1083.0, 4725.0], [1267.0, 1306.0, 4442.0], [1266.0, 1215.0, 4565.0], [1266.0, 964.0, 4868.0], [1265.0, 1342.0, 4368.0], [1264.0, 1081.0, 4739.0], [1264.0, 1005.0, 4823.0], [1263.0, 1214.0, 4613.0], [1262.0, 1139.0, 4712.0], [1261.0, 1332.0, 4420.0], [1261.0, 1294.0, 4502.0], [1261.0, 1177.0, 4616.0], [1261.0, 926.0, 4885.0], [1261.0, 828.0, 4996.0], [1260.0, 1260.0, 4530.0], [1260.0, 1177.0, 4623.0], [1260.0, 700.0, 5045.0], [1259.0, 865.0, 4971.0], [1258.0, 1265.0, 4519.0], [1258.0, 1235.0, 4549.0], [1258.0, 1069.0, 4759.0], [1258.0, 999.0, 4832.0], [1255.0, 1179.0, 4614.0], [1255.0, 1145.0, 4675.0], [1255.0, 848.0, 4975.0], [1255.0, 774.0, 5034.0], [1254.0, 1246.0, 4580.0], [1252.0, 962.0, 4897.0], [1251.0, 1314.0, 4452.0], [1251.0, 980.0, 4842.0], [1250.0, 1257.0, 4579.0], [1250.0, 970.0, 4881.0], [1250.0, 792.0, 5030.0], [1249.0, 1011.0, 4801.0], [1248.0, 1364.0, 4379.0], [1248.0, 1335.0, 4380.0], [1248.0, 834.0, 5005.0], [1247.0, 1409.0, 4319.0], [1247.0, 1021.0, 4827.0], [1247.0, 972.0, 4859.0], [1246.0, 1066.0, 4783.0], [1246.0, 935.0, 4898.0], [1245.0, 1239.0, 4600.0], [1245.0, 882.0, 4937.0], [1244.0, 1090.0, 4719.0], [1244.0, 802.0, 5037.0], [1243.0, 1186.0, 4669.0], [1243.0, 1105.0, 4714.0], [1243.0, 928.0, 4911.0], [1242.0, 1001.0, 4875.0], [1242.0, 852.0, 4983.0], [1241.0, 874.0, 4981.0], [1240.0, 1086.0, 4763.0], [1240.0, 1008.0, 4865.0], [1240.0, 761.0, 5081.0], [1239.0, 1308.0, 4469.0], [1238.0, 1347.0, 4411.0], [1238.0, 1072.0, 4774.0], [1238.0, 1041.0, 4836.0], [1238.0, 881.0, 4982.0], [1237.0, 1224.0, 4633.0], [1237.0, 1088.0, 4745.0], [1236.0, 1306.0, 4477.0], [1236.0, 1204.0, 4674.0], [1236.0, 940.0, 4935.0], [1236.0, 889.0, 4954.0], [1235.0, 1073.0, 4804.0], [1235.0, 1047.0, 4808.0], [1235.0, 808.0, 5009.0], [1233.0, 995.0, 4898.0], [1233.0, 785.0, 5070.0], [1232.0, 1147.0, 4687.0], [1231.0, 1024.0, 4852.0], [1231.0, 944.0, 4900.0], [1230.0, 1206.0, 4645.0], [1230.0, 894.0, 4991.0], [1229.0, 1359.0, 4450.0], [1229.0, 1156.0, 4679.0], [1229.0, 964.0, 4899.0], [1229.0, 908.0, 4949.0], [1227.0, 1429.0, 4265.0], [1226.0, 1168.0, 4678.0], [1226.0, 742.0, 5105.0], [1225.0, 1313.0, 4514.0], [1225.0, 1158.0, 4679.0], [1225.0, 1049.0, 4809.0], [1225.0, 840.0, 4995.0], [1224.0, 1240.0, 4590.0], [1224.0, 1164.0, 4690.0], [1223.0, 1134.0, 4726.0], [1222.0, 1239.0, 4604.0], [1221.0, 1263.0, 4531.0], [1220.0, 1192.0, 4679.0], [1220.0, 1095.0, 4772.0], [1220.0, 1087.0, 4782.0], [1220.0, 964.0, 4941.0], [1219.0, 1107.0, 4735.0], [1219.0, 839.0, 4996.0], [1217.0, 1105.0, 4755.0], [1217.0, 973.0, 4936.0], [1216.0, 1366.0, 4374.0], [1216.0, 1270.0, 4562.0], [1216.0, 1172.0, 4718.0], [1216.0, 1104.0, 4756.0], [1215.0, 1135.0, 4755.0], [1215.0, 931.0, 4980.0], [1215.0, 891.0, 5007.0], [1215.0, 680.0, 5140.0], [1214.0, 1311.0, 4518.0], [1214.0, 1137.0, 4723.0], [1214.0, 823.0, 5018.0], [1213.0, 1494.0, 4004.0], [1213.0, 1242.0, 4601.0], [1212.0, 1121.0, 4764.0], [1212.0, 785.0, 5115.0], [1210.0, 1302.0, 4535.0], [1210.0, 1029.0, 4857.0], [1210.0, 838.0, 5048.0], [1209.0, 1411.0, 4326.0], [1209.0, 1175.0, 4705.0], [1208.0, 1319.0, 4493.0], [1207.0, 1166.0, 4767.0], [1207.0, 998.0, 4880.0], [1206.0, 1206.0, 4655.0], [1205.0, 1212.0, 4640.0], [1205.0, 1088.0, 4787.0], [1204.0, 1209.0, 4668.0], [1202.0, 1331.0, 4506.0], [1201.0, 1103.0, 4825.0], [1200.0, 1045.0, 4828.0], [1199.0, 1020.0, 4867.0], [1199.0, 898.0, 5005.0], [1197.0, 1196.0, 4724.0], [1196.0, 877.0, 5012.0], [1195.0, 1384.0, 4449.0], [1195.0, 1245.0, 4620.0], [1195.0, 811.0, 5090.0], [1194.0, 976.0, 4906.0], [1194.0, 869.0, 5032.0], [1192.0, 873.0, 5035.0], [1191.0, 1367.0, 4488.0], [1190.0, 1288.0, 4569.0], [1189.0, 1270.0, 4611.0], [1189.0, 787.0, 5102.0], [1188.0, 847.0, 5080.0], [1187.0, 1117.0, 4795.0], [1186.0, 1071.0, 4880.0], [1186.0, 979.0, 4901.0], [1186.0, 737.0, 5159.0], [1183.0, 1291.0, 4573.0], [1182.0, 975.0, 4926.0], [1182.0, 756.0, 5131.0], [1181.0, 1167.0, 4758.0], [1180.0, 1261.0, 4626.0], [1180.0, 955.0, 4952.0], [1180.0, 932.0, 4967.0], [1179.0, 1224.0, 4663.0], [1179.0, 1168.0, 4738.0], [1179.0, 1022.0, 4918.0], [1179.0, 985.0, 4919.0], [1178.0, 1435.0, 4341.0], [1178.0, 1132.0, 4817.0], [1177.0, 1416.0, 4343.0], [1177.0, 1232.0, 4635.0], [1177.0, 1023.0, 4891.0], [1177.0, 985.0, 4926.0], [1176.0, 1386.0, 4386.0], [1176.0, 1379.0, 4520.0], [1176.0, 1331.0, 4531.0], [1176.0, 1024.0, 4885.0], [1174.0, 1080.0, 4872.0], [1174.0, 901.0, 4988.0], [1174.0, 860.0, 5059.0], [1173.0, 908.0, 4983.0], [1173.0, 590.0, 5198.0], [1172.0, 974.0, 4970.0], [1170.0, 1271.0, 4579.0], [1170.0, 1229.0, 4641.0], [1170.0, 835.0, 5081.0], [1170.0, 824.0, 5094.0], [1170.0, 771.0, 5125.0], [1169.0, 1259.0, 4674.0], [1169.0, 1147.0, 4796.0], [1169.0, 937.0, 4999.0], [1169.0, 906.0, 5010.0], [1169.0, 885.0, 5014.0], [1168.0, 1167.0, 4760.0], [1168.0, 812.0, 5106.0], [1167.0, 813.0, 5150.0], [1166.0, 1281.0, 4581.0], [1166.0, 1003.0, 4928.0], [1166.0, 864.0, 5037.0], [1165.0, 1332.0, 4587.0], [1164.0, 932.0, 5004.0], [1164.0, 627.0, 5194.0], [1163.0, 950.0, 4980.0], [1163.0, 773.0, 5177.0], [1162.0, 1266.0, 4624.0], [1162.0, 984.0, 4948.0], [1162.0, 875.0, 5039.0], [1161.0, 948.0, 5013.0], [1160.0, 1031.0, 4887.0], [1160.0, 854.0, 5084.0], [1160.0, 639.0, 5214.0], [1159.0, 931.0, 5017.0], [1159.0, 867.0, 5076.0], [1158.0, 1107.0, 4874.0], [1158.0, 981.0, 4997.0], [1158.0, 903.0, 5036.0], [1158.0, 705.0, 5269.0], [1157.0, 1381.0, 4457.0], [1157.0, 1039.0, 4898.0], [1156.0, 1213.0, 4712.0], [1156.0, 1193.0, 4729.0], [1156.0, 787.0, 5193.0], [1155.0, 1064.0, 4915.0], [1154.0, 1046.0, 4927.0], [1154.0, 828.0, 5107.0], [1153.0, 1290.0, 4594.0], [1153.0, 997.0, 4934.0], [1153.0, 855.0, 5082.0], [1152.0, 1290.0, 4603.0], [1152.0, 1078.0, 4894.0], [1152.0, 916.0, 5035.0], [1152.0, 824.0, 5160.0], [1151.0, 990.0, 4935.0], [1151.0, 938.0, 5049.0], [1149.0, 1007.0, 4950.0], [1149.0, 756.0, 5222.0], [1148.0, 905.0, 5060.0], [1148.0, 829.0, 5120.0], [1147.0, 1260.0, 4687.0], [1145.0, 1305.0, 4593.0], [1145.0, 1178.0, 4744.0], [1143.0, 1354.0, 4580.0], [1141.0, 946.0, 5026.0], [1139.0, 1176.0, 4746.0], [1139.0, 993.0, 4978.0], [1137.0, 856.0, 5079.0], [1136.0, 1278.0, 4687.0], [1135.0, 1014.0, 4943.0], [1134.0, 829.0, 5133.0], [1133.0, 810.0, 5165.0], [1132.0, 1152.0, 4795.0], [1132.0, 972.0, 4999.0], [1130.0, 1246.0, 4714.0], [1130.0, 1112.0, 4819.0], [1130.0, 1079.0, 4877.0], [1130.0, 932.0, 5069.0], [1129.0, 1230.0, 4737.0], [1129.0, 981.0, 5018.0], [1127.0, 1297.0, 4602.0], [1127.0, 986.0, 4985.0], [1127.0, 948.0, 5028.0], [1125.0, 1153.0, 4793.0], [1124.0, 1134.0, 4806.0], [1124.0, 1016.0, 4935.0], [1123.0, 920.0, 5106.0], [1123.0, 678.0, 5271.0], [1121.0, 1001.0, 4954.0], [1121.0, 1000.0, 4966.0], [1121.0, 869.0, 5144.0], [1120.0, 1252.0, 4727.0], [1120.0, 1117.0, 4824.0], [1118.0, 1166.0, 4784.0], [1118.0, 1139.0, 4829.0], [1117.0, 998.0, 5001.0], [1117.0, 754.0, 5289.0], [1116.0, 1315.0, 4602.0], [1116.0, 1241.0, 4729.0], [1116.0, 1183.0, 4755.0], [1116.0, 1169.0, 4832.0], [1116.0, 937.0, 5082.0], [1115.0, 1046.0, 4979.0], [1111.0, 1116.0, 4858.0], [1110.0, 1171.0, 4808.0], [1110.0, 834.0, 5179.0], [1109.0, 1143.0, 4871.0], [1107.0, 1073.0, 4914.0], [1107.0, 814.0, 5187.0], [1107.0, 763.0, 5215.0], [1106.0, 1189.0, 4788.0], [1106.0, 938.0, 5098.0], [1105.0, 1375.0, 4537.0], [1105.0, 873.0, 5108.0], [1104.0, 766.0, 5217.0], [1103.0, 972.0, 5070.0], [1103.0, 876.0, 5161.0], [1102.0, 1086.0, 4875.0], [1102.0, 991.0, 5029.0], [1101.0, 1207.0, 4739.0], [1100.0, 1081.0, 4914.0], [1100.0, 887.0, 5113.0], [1100.0, 792.0, 5200.0], [1099.0, 1363.0, 4597.0], [1099.0, 1181.0, 4810.0], [1098.0, 1191.0, 4749.0], [1097.0, 1006.0, 5008.0], [1097.0, 989.0, 5051.0], [1096.0, 1145.0, 4837.0], [1095.0, 889.0, 5118.0], [1095.0, 840.0, 5196.0], [1094.0, 1190.0, 4816.0], [1094.0, 1146.0, 4910.0], [1094.0, 927.0, 5114.0], [1092.0, 1113.0, 4920.0], [1092.0, 1055.0, 4989.0], [1090.0, 1217.0, 4746.0], [1090.0, 775.0, 5220.0], [1089.0, 937.0, 5117.0], [1088.0, 1342.0, 4606.0], [1088.0, 850.0, 5200.0], [1087.0, 995.0, 5042.0], [1086.0, 694.0, 5290.0], [1086.0, 622.0, 5323.0], [1085.0, 1048.0, 5026.0], [1085.0, 819.0, 5233.0], [1080.0, 1107.0, 4939.0], [1079.0, 1005.0, 5049.0], [1079.0, 657.0, 5334.0], [1078.0, 1201.0, 4758.0], [1078.0, 1093.0, 4940.0], [1076.0, 767.0, 5289.0], [1076.0, 606.0, 5350.0], [1075.0, 1178.0, 4842.0], [1075.0, 902.0, 5146.0], [1074.0, 1391.0, 4461.0], [1074.0, 1009.0, 5035.0], [1074.0, 931.0, 5137.0], [1074.0, 583.0, 5434.0], [1072.0, 1324.0, 4640.0], [1072.0, 1316.0, 4646.0], [1072.0, 977.0, 5077.0], [1072.0, 828.0, 5255.0], [1070.0, 1300.0, 4662.0], [1069.0, 1211.0, 4793.0], [1068.0, 1379.0, 4521.0], [1068.0, 1072.0, 4942.0], [1068.0, 989.0, 5105.0], [1067.0, 1210.0, 4825.0], [1067.0, 1161.0, 4854.0], [1067.0, 1064.0, 4986.0], [1066.0, 1286.0, 4691.0], [1066.0, 795.0, 5286.0], [1065.0, 944.0, 5120.0], [1065.0, 934.0, 5148.0], [1063.0, 936.0, 5131.0], [1060.0, 1016.0, 5035.0], [1057.0, 1051.0, 5038.0], [1056.0, 1156.0, 4860.0], [1056.0, 855.0, 5184.0], [1055.0, 1113.0, 4965.0], [1053.0, 959.0, 5121.0], [1053.0, 814.0, 5260.0], [1052.0, 1207.0, 4834.0], [1051.0, 1275.0, 4711.0], [1051.0, 1068.0, 4983.0], [1051.0, 671.0, 5345.0], [1049.0, 853.0, 5211.0], [1048.0, 944.0, 5127.0], [1048.0, 864.0, 5219.0], [1047.0, 1014.0, 5066.0], [1047.0, 949.0, 5167.0], [1046.0, 1162.0, 4878.0], [1044.0, 1254.0, 4763.0], [1044.0, 1232.0, 4777.0], [1043.0, 908.0, 5185.0], [1042.0, 1184.0, 4878.0], [1041.0, 1220.0, 4817.0], [1040.0, 1263.0, 4742.0], [1040.0, 998.0, 5075.0], [1040.0, 909.0, 5171.0], [1040.0, 664.0, 5350.0], [1039.0, 638.0, 5396.0], [1038.0, 692.0, 5302.0], [1037.0, 799.0, 5264.0], [1036.0, 1115.0, 4916.0], [1036.0, 844.0, 5232.0], [1035.0, 1199.0, 4835.0], [1034.0, 879.0, 5213.0], [1033.0, 919.0, 5234.0], [1032.0, 1211.0, 4826.0], [1032.0, 1152.0, 4893.0], [1032.0, 1082.0, 5007.0], [1031.0, 843.0, 5248.0], [1031.0, 714.0, 5335.0], [1030.0, 688.0, 5381.0], [1028.0, 770.0, 5305.0], [1027.0, 629.0, 5452.0], [1026.0, 838.0, 5318.0], [1025.0, 1194.0, 4857.0], [1019.0, 1204.0, 4903.0], [1019.0, 930.0, 5197.0], [1019.0, 852.0, 5299.0], [1017.0, 1141.0, 4920.0], [1015.0, 1284.0, 4727.0], [1015.0, 1092.0, 4986.0], [1015.0, 972.0, 5123.0], [1015.0, 724.0, 5328.0], [1013.0, 1120.0, 4964.0], [1013.0, 981.0, 5113.0], [1012.0, 1179.0, 4958.0], [1011.0, 1222.0, 4811.0], [1008.0, 781.0, 5332.0], [1007.0, 1099.0, 4966.0], [1007.0, 1097.0, 4967.0], [1007.0, 970.0, 5165.0], [1005.0, 862.0, 5239.0], [1004.0, 1000.0, 5109.0], [1004.0, 956.0, 5199.0], [1004.0, 878.0, 5301.0], [1003.0, 1018.0, 5093.0], [1002.0, 807.0, 5331.0], [1001.0, 924.0, 5218.0], [1001.0, 660.0, 5382.0], [999.0, 1258.0, 4767.0], [998.0, 982.0, 5151.0], [997.0, 1230.0, 4785.0], [997.0, 748.0, 5342.0], [996.0, 1318.0, 4682.0], [996.0, 1073.0, 5067.0], [994.0, 1147.0, 4967.0], [994.0, 922.0, 5245.0], [991.0, 1120.0, 5034.0], [990.0, 1010.0, 5125.0], [987.0, 1019.0, 5108.0], [984.0, 1031.0, 5099.0], [984.0, 972.0, 5166.0], [981.0, 1238.0, 4788.0], [980.0, 1099.0, 5043.0], [978.0, 749.0, 5339.0], [977.0, 791.0, 5332.0], [972.0, 996.0, 5171.0], [971.0, 1190.0, 4904.0], [971.0, 963.0, 5174.0], [971.0, 897.0, 5248.0], [969.0, 961.0, 5208.0], [968.0, 787.0, 5359.0], [966.0, 1063.0, 5098.0], [966.0, 840.0, 5305.0], [965.0, 1021.0, 5111.0], [964.0, 999.0, 5231.0], [954.0, 691.0, 5397.0], [952.0, 683.0, 5456.0], [951.0, 826.0, 5365.0], [950.0, 1132.0, 4993.0], [950.0, 787.0, 5374.0], [949.0, 894.0, 5262.0], [948.0, 893.0, 5340.0], [944.0, 823.0, 5383.0], [943.0, 1009.0, 5201.0], [942.0, 1211.0, 4846.0], [938.0, 1135.0, 4972.0], [937.0, 1211.0, 4948.0], [934.0, 1026.0, 5102.0], [934.0, 724.0, 5401.0], [932.0, 1163.0, 4962.0], [928.0, 925.0, 5290.0], [927.0, 1032.0, 5100.0], [925.0, 1044.0, 5129.0], [923.0, 1260.0, 4803.0], [923.0, 1010.0, 5177.0], [919.0, 1191.0, 4969.0], [918.0, 1149.0, 5003.0], [918.0, 1086.0, 5093.0], [916.0, 898.0, 5324.0], [910.0, 1132.0, 5022.0], [909.0, 1143.0, 5085.0], [908.0, 784.0, 5468.0], [904.0, 900.0, 5326.0], [901.0, 1159.0, 4978.0], [900.0, 1094.0, 5137.0], [897.0, 920.0, 5302.0], [897.0, 841.0, 5413.0], [895.0, 1020.0, 5144.0], [895.0, 976.0, 5254.0], [884.0, 895.0, 5328.0], [883.0, 1053.0, 5210.0], [875.0, 1166.0, 4997.0], [868.0, 933.0, 5266.0], [853.0, 849.0, 5390.0], [839.0, 944.0, 5278.0], [837.0, 1224.0, 4885.0], [825.0, 1077.0, 5186.0], [824.0, 982.0, 5280.0], [774.0, 1104.0, 5148.0]]
