heur = true
LBS_limit = 3
preproc = 1
tight_root = 0
total_time = 1800.03
NDP = 899
total_nodes = 44823
pruned_nodes = 22396
pruned_dominance_nodes = 10332
heur_time = 0.34
Y_N = Any[[3396.0, 2411.0, 8625.0], [3393.0, 2391.0, 8870.0], [3388.0, 2299.0, 9076.0], [3375.0, 2553.0, 8127.0], [3372.0, 2533.0, 8512.0], [3343.0, 2324.0, 9085.0], [3341.0, 2344.0, 9039.0], [3340.0, 2359.0, 8946.0], [3340.0, 2304.0, 9190.0], [3336.0, 2351.0, 8996.0], [3333.0, 2534.0, 8774.0], [3333.0, 2331.0, 9101.0], [3330.0, 2514.0, 8879.0], [3328.0, 2540.0, 8573.0], [3326.0, 2381.0, 8979.0], [3325.0, 2520.0, 8818.0], [3325.0, 2422.0, 9085.0], [3318.0, 2453.0, 8982.0], [3317.0, 2175.0, 9276.0], [3312.0, 2676.0, 8416.0], [3312.0, 2473.0, 8883.0], [3310.0, 2350.0, 9104.0], [3309.0, 2656.0, 8661.0], [3308.0, 2157.0, 9373.0], [3307.0, 2682.0, 8075.0], [3306.0, 2586.0, 8754.0], [3304.0, 2662.0, 8460.0], [3300.0, 2347.0, 9119.0], [3288.0, 2282.0, 9236.0], [3287.0, 2272.0, 9266.0], [3285.0, 2728.0, 8396.0], [3281.0, 2487.0, 8943.0], [3280.0, 2447.0, 9094.0], [3280.0, 2074.0, 9391.0], [3279.0, 2489.0, 8901.0], [3279.0, 2476.0, 8975.0], [3278.0, 2467.0, 9048.0], [3277.0, 2482.0, 8955.0], [3273.0, 2474.0, 9005.0], [3273.0, 2373.0, 9149.0], [3265.0, 2460.0, 9049.0], [3261.0, 2202.0, 9336.0], [3261.0, 2121.0, 9381.0], [3260.0, 2162.0, 9347.0], [3258.0, 2618.0, 8757.0], [3256.0, 2624.0, 8737.0], [3256.0, 2296.0, 9231.0], [3255.0, 2576.0, 8991.0], [3254.0, 2298.0, 9285.0], [3253.0, 2411.0, 9102.0], [3252.0, 2616.0, 8787.0], [3251.0, 2424.0, 9104.0], [3250.0, 2391.0, 9207.0], [3249.0, 2596.0, 8892.0], [3249.0, 2479.0, 9068.0], [3249.0, 2334.0, 9229.0], [3249.0, 2119.0, 9416.0], [3245.0, 2273.0, 9292.0], [3244.0, 2602.0, 8831.0], [3243.0, 2307.0, 9245.0], [3240.0, 2490.0, 9023.0], [3238.0, 2311.0, 9279.0], [3234.0, 2427.0, 9114.0], [3232.0, 2214.0, 9356.0], [3232.0, 2079.0, 9505.0], [3230.0, 2469.0, 9107.0], [3228.0, 2398.0, 9158.0], [3226.0, 2110.0, 9440.0], [3225.0, 2668.0, 8767.0], [3225.0, 2435.0, 9124.0], [3225.0, 2378.0, 9263.0], [3224.0, 2503.0, 9026.0], [3224.0, 2311.0, 9291.0], [3222.0, 2249.0, 9382.0], [3220.0, 2144.0, 9388.0], [3219.0, 2632.0, 8805.0], [3219.0, 2429.0, 9132.0], [3218.0, 2436.0, 9142.0], [3217.0, 2158.0, 9436.0], [3216.0, 2612.0, 8910.0], [3215.0, 2224.0, 9390.0], [3214.0, 2514.0, 9012.0], [3213.0, 2542.0, 9003.0], [3213.0, 2204.0, 9395.0], [3213.0, 2136.0, 9442.0], [3212.0, 2619.0, 8820.0], [3211.0, 2618.0, 8849.0], [3211.0, 2331.0, 9328.0], [3210.0, 2333.0, 9264.0], [3208.0, 2618.0, 8899.0], [3208.0, 2202.0, 9447.0], [3204.0, 2547.0, 9027.0], [3204.0, 2409.0, 9236.0], [3203.0, 2645.0, 8808.0], [3203.0, 2527.0, 9055.0], [3203.0, 2426.0, 9184.0], [3202.0, 2259.0, 9422.0], [3197.0, 2578.0, 8924.0], [3197.0, 2359.0, 9283.0], [3196.0, 2447.0, 9144.0], [3193.0, 2685.0, 8756.0], [3192.0, 2684.0, 8785.0], [3190.0, 2446.0, 9221.0], [3189.0, 2767.0, 8144.0], [3189.0, 2452.0, 9123.0], [3188.0, 2289.0, 9333.0], [3187.0, 2317.0, 9340.0], [3186.0, 2432.0, 9228.0], [3186.0, 2242.0, 9425.0], [3185.0, 2475.0, 9172.0], [3184.0, 2118.0, 9488.0], [3181.0, 2294.0, 9425.0], [3180.0, 2057.0, 9551.0], [3179.0, 2593.0, 8949.0], [3179.0, 2457.0, 9178.0], [3176.0, 2525.0, 9075.0], [3176.0, 2154.0, 9528.0], [3175.0, 2489.0, 9100.0], [3173.0, 2356.0, 9309.0], [3171.0, 2527.0, 9060.0], [3170.0, 2481.0, 9174.0], [3170.0, 2227.0, 9428.0], [3169.0, 2325.0, 9362.0], [3166.0, 2440.0, 9233.0], [3166.0, 2222.0, 9444.0], [3165.0, 2574.0, 9006.0], [3164.0, 2581.0, 9020.0], [3164.0, 2506.0, 9081.0], [3164.0, 2460.0, 9187.0], [3164.0, 2420.0, 9239.0], [3164.0, 2410.0, 9271.0], [3162.0, 2498.0, 9090.0], [3161.0, 2166.0, 9455.0], [3160.0, 2207.0, 9561.0], [3159.0, 2572.0, 9036.0], [3158.0, 2735.0, 8591.0], [3158.0, 2462.0, 9193.0], [3157.0, 2284.0, 9431.0], [3155.0, 2667.0, 8857.0], [3154.0, 2465.0, 9197.0], [3154.0, 2264.0, 9536.0], [3152.0, 2498.0, 9091.0], [3152.0, 2483.0, 9170.0], [3152.0, 2360.0, 9300.0], [3151.0, 2558.0, 9080.0], [3151.0, 2526.0, 9118.0], [3151.0, 2417.0, 9302.0], [3150.0, 2669.0, 8842.0], [3150.0, 2656.0, 8874.0], [3150.0, 2489.0, 9150.0], [3146.0, 2615.0, 8912.0], [3145.0, 2486.0, 9175.0], [3143.0, 2611.0, 8993.0], [3143.0, 2595.0, 9017.0], [3143.0, 2445.0, 9274.0], [3142.0, 2367.0, 9351.0], [3141.0, 2485.0, 9234.0], [3141.0, 2101.0, 9591.0], [3140.0, 2217.0, 9601.0], [3139.0, 2109.0, 9654.0], [3138.0, 2356.0, 9353.0], [3137.0, 2522.0, 9135.0], [3136.0, 2490.0, 9152.0], [3136.0, 2319.0, 9434.0], [3135.0, 2388.0, 9311.0], [3135.0, 2327.0, 9368.0], [3134.0, 2701.0, 8933.0], [3134.0, 2299.0, 9440.0], [3133.0, 2465.0, 9258.0], [3132.0, 2624.0, 9016.0], [3132.0, 2513.0, 9143.0], [3132.0, 2413.0, 9328.0], [3132.0, 2324.0, 9407.0], [3131.0, 2625.0, 8952.0], [3131.0, 2542.0, 9165.0], [3129.0, 2798.0, 8516.0], [3129.0, 2707.0, 8655.0], [3128.0, 2336.0, 9357.0], [3128.0, 2307.0, 9445.0], [3128.0, 2270.0, 9507.0], [3127.0, 2494.0, 9214.0], [3125.0, 2311.0, 9439.0], [3124.0, 2416.0, 9339.0], [3123.0, 2546.0, 9095.0], [3122.0, 2355.0, 9361.0], [3122.0, 2232.0, 9542.0], [3120.0, 2367.0, 9362.0], [3120.0, 2332.0, 9391.0], [3120.0, 2024.0, 9715.0], [3119.0, 2624.0, 9041.0], [3119.0, 2575.0, 9069.0], [3119.0, 2533.0, 9180.0], [3119.0, 2332.0, 9494.0], [3118.0, 2144.0, 9657.0], [3116.0, 2501.0, 9214.0], [3116.0, 2378.0, 9350.0], [3113.0, 2640.0, 8982.0], [3111.0, 2448.0, 9331.0], [3111.0, 2359.0, 9410.0], [3108.0, 2552.0, 9109.0], [3108.0, 2513.0, 9232.0], [3108.0, 2185.0, 9607.0], [3107.0, 2145.0, 9650.0], [3105.0, 2214.0, 9628.0], [3102.0, 2555.0, 9102.0], [3102.0, 2368.0, 9450.0], [3100.0, 2641.0, 9005.0], [3100.0, 2034.0, 9755.0], [3099.0, 2579.0, 9060.0], [3098.0, 2766.0, 8823.0], [3098.0, 2675.0, 8962.0], [3098.0, 2564.0, 9089.0], [3098.0, 2283.0, 9513.0], [3097.0, 2477.0, 9270.0], [3093.0, 2106.0, 9705.0], [3092.0, 2222.0, 9575.0], [3090.0, 2563.0, 9093.0], [3088.0, 2382.0, 9348.0], [3087.0, 2608.0, 9065.0], [3087.0, 2386.0, 9416.0], [3087.0, 2300.0, 9500.0], [3086.0, 1995.0, 9810.0], [3084.0, 2545.0, 9146.0], [3084.0, 2283.0, 9524.0], [3082.0, 2652.0, 8997.0], [3082.0, 2551.0, 9126.0], [3081.0, 2419.0, 9375.0], [3077.0, 2398.0, 9406.0], [3075.0, 2233.0, 9540.0], [3073.0, 2271.0, 9530.0], [3072.0, 2469.0, 9281.0], [3072.0, 2399.0, 9417.0], [3072.0, 2294.0, 9512.0], [3071.0, 2656.0, 9044.0], [3071.0, 2579.0, 9067.0], [3071.0, 2565.0, 9183.0], [3071.0, 2454.0, 9310.0], [3070.0, 2371.0, 9507.0], [3069.0, 2571.0, 9163.0], [3069.0, 2460.0, 9290.0], [3068.0, 2002.0, 9761.0], [3065.0, 2535.0, 9208.0], [3065.0, 2450.0, 9349.0], [3064.0, 2490.0, 9239.0], [3063.0, 2454.0, 9324.0], [3063.0, 2280.0, 9540.0], [3062.0, 2623.0, 9106.0], [3061.0, 2260.0, 9573.0], [3060.0, 2498.0, 9286.0], [3060.0, 2426.0, 9391.0], [3060.0, 2123.0, 9675.0], [3058.0, 2504.0, 9266.0], [3056.0, 2474.0, 9345.0], [3054.0, 2239.0, 9574.0], [3054.0, 1963.0, 9816.0], [3053.0, 1998.0, 9763.0], [3052.0, 2306.0, 9533.0], [3052.0, 2039.0, 9869.0], [3051.0, 2541.0, 9199.0], [3051.0, 2409.0, 9405.0], [3049.0, 2381.0, 9465.0], [3049.0, 2238.0, 9580.0], [3048.0, 2440.0, 9378.0], [3047.0, 2534.0, 9211.0], [3046.0, 2585.0, 9174.0], [3045.0, 2503.0, 9305.0], [3045.0, 2264.0, 9623.0], [3043.0, 2706.0, 8962.0], [3043.0, 2462.0, 9347.0], [3042.0, 2304.0, 9568.0], [3042.0, 2118.0, 9706.0], [3041.0, 2635.0, 9126.0], [3041.0, 2389.0, 9429.0], [3040.0, 2235.0, 9631.0], [3040.0, 2086.0, 9722.0], [3038.0, 2436.0, 9395.0], [3038.0, 2339.0, 9541.0], [3038.0, 2181.0, 9673.0], [3037.0, 2595.0, 9153.0], [3037.0, 2467.0, 9375.0], [3037.0, 2395.0, 9428.0], [3034.0, 2600.0, 9156.0], [3033.0, 2389.0, 9483.0], [3033.0, 2316.0, 9612.0], [3033.0, 2184.0, 9661.0], [3032.0, 2542.0, 9231.0], [3032.0, 2434.0, 9415.0], [3031.0, 2517.0, 9252.0], [3031.0, 2250.0, 9646.0], [3030.0, 2576.0, 9202.0], [3030.0, 2542.0, 9244.0], [3030.0, 2220.0, 9665.0], [3028.0, 2437.0, 9419.0], [3028.0, 2181.0, 9686.0], [3027.0, 2142.0, 9687.0], [3026.0, 2676.0, 8993.0], [3025.0, 2389.0, 9524.0], [3024.0, 2504.0, 9317.0], [3023.0, 2171.0, 9692.0], [3023.0, 2124.0, 9766.0], [3023.0, 2109.0, 9770.0], [3022.0, 2240.0, 9668.0], [3021.0, 2486.0, 9319.0], [3021.0, 2475.0, 9334.0], [3020.0, 2610.0, 9176.0], [3020.0, 2007.0, 9875.0], [3019.0, 2560.0, 9203.0], [3019.0, 2475.0, 9395.0], [3019.0, 2260.0, 9666.0], [3018.0, 2326.0, 9542.0], [3018.0, 2196.0, 9708.0], [3017.0, 2451.0, 9408.0], [3016.0, 2615.0, 9143.0], [3016.0, 2488.0, 9333.0], [3015.0, 2424.0, 9428.0], [3013.0, 2742.0, 8938.0], [3013.0, 2515.0, 9301.0], [3012.0, 2455.0, 9398.0], [3011.0, 2554.0, 9251.0], [3011.0, 2456.0, 9428.0], [3011.0, 2155.0, 9739.0], [3010.0, 2659.0, 9034.0], [3010.0, 2577.0, 9205.0], [3010.0, 2403.0, 9443.0], [3010.0, 2331.0, 9543.0], [3009.0, 2516.0, 9253.0], [3008.0, 2582.0, 9181.0], [3007.0, 2639.0, 9139.0], [3007.0, 2522.0, 9297.0], [3007.0, 2319.0, 9553.0], [3006.0, 2535.0, 9309.0], [3006.0, 2272.0, 9614.0], [3005.0, 2277.0, 9615.0], [3004.0, 2660.0, 9127.0], [3001.0, 2407.0, 9455.0], [3000.0, 2612.0, 9188.0], [3000.0, 2378.0, 9530.0], [2999.0, 2566.0, 9214.0], [2999.0, 2440.0, 9429.0], [2998.0, 2617.0, 9177.0], [2998.0, 2503.0, 9348.0], [2997.0, 2622.0, 9236.0], [2997.0, 2409.0, 9458.0], [2996.0, 2457.0, 9397.0], [2996.0, 2349.0, 9541.0], [2996.0, 2113.0, 9820.0], [2995.0, 2644.0, 9160.0], [2995.0, 2290.0, 9656.0], [2994.0, 2564.0, 9314.0], [2992.0, 2486.0, 9353.0], [2990.0, 2325.0, 9553.0], [2990.0, 2228.0, 9685.0], [2989.0, 2719.0, 8987.0], [2989.0, 2499.0, 9378.0], [2986.0, 2664.0, 9079.0], [2986.0, 2466.0, 9397.0], [2986.0, 2203.0, 9690.0], [2985.0, 2393.0, 9505.0], [2984.0, 2428.0, 9496.0], [2984.0, 2328.0, 9624.0], [2984.0, 2132.0, 9817.0], [2982.0, 2202.0, 9747.0], [2982.0, 2136.0, 9751.0], [2981.0, 2311.0, 9632.0], [2981.0, 2253.0, 9734.0], [2980.0, 2632.0, 9197.0], [2980.0, 2521.0, 9324.0], [2977.0, 2550.0, 9348.0], [2977.0, 2473.0, 9429.0], [2977.0, 2265.0, 9677.0], [2977.0, 2021.0, 9922.0], [2976.0, 2764.0, 9018.0], [2976.0, 2397.0, 9500.0], [2974.0, 2432.0, 9438.0], [2973.0, 2605.0, 9250.0], [2973.0, 2430.0, 9468.0], [2973.0, 2295.0, 9659.0], [2973.0, 2269.0, 9675.0], [2972.0, 2344.0, 9543.0], [2972.0, 2330.0, 9650.0], [2971.0, 2393.0, 9569.0], [2970.0, 2345.0, 9573.0], [2970.0, 2333.0, 9596.0], [2970.0, 2210.0, 9758.0], [2970.0, 2147.0, 9774.0], [2969.0, 2216.0, 9750.0], [2968.0, 2482.0, 9383.0], [2968.0, 2286.0, 9686.0], [2967.0, 2541.0, 9361.0], [2967.0, 2364.0, 9580.0], [2967.0, 2359.0, 9601.0], [2966.0, 2217.0, 9779.0], [2965.0, 2518.0, 9368.0], [2965.0, 2416.0, 9512.0], [2965.0, 2397.0, 9528.0], [2963.0, 2441.0, 9451.0], [2963.0, 2405.0, 9587.0], [2963.0, 2336.0, 9628.0], [2961.0, 2461.0, 9446.0], [2961.0, 2341.0, 9607.0], [2961.0, 2129.0, 9871.0], [2960.0, 2615.0, 9260.0], [2960.0, 2021.0, 9924.0], [2959.0, 2663.0, 9106.0], [2958.0, 2565.0, 9291.0], [2955.0, 2579.0, 9270.0], [2954.0, 1971.0, 9942.0], [2951.0, 2444.0, 9451.0], [2950.0, 2479.0, 9442.0], [2950.0, 2449.0, 9453.0], [2950.0, 2255.0, 9763.0], [2949.0, 2628.0, 9201.0], [2949.0, 2287.0, 9721.0], [2948.0, 2559.0, 9365.0], [2948.0, 2432.0, 9478.0], [2948.0, 2431.0, 9539.0], [2948.0, 2212.0, 9812.0], [2947.0, 2565.0, 9401.0], [2946.0, 2683.0, 9143.0], [2946.0, 2440.0, 9516.0], [2945.0, 2573.0, 9300.0], [2944.0, 2023.0, 9911.0], [2943.0, 2447.0, 9472.0], [2941.0, 2070.0, 9888.0], [2941.0, 2069.0, 9915.0], [2939.0, 2340.0, 9629.0], [2937.0, 2707.0, 9073.0], [2937.0, 2154.0, 9815.0], [2936.0, 2295.0, 9668.0], [2935.0, 2458.0, 9447.0], [2935.0, 2367.0, 9637.0], [2934.0, 2436.0, 9519.0], [2934.0, 2351.0, 9667.0], [2933.0, 2505.0, 9481.0], [2933.0, 2410.0, 9547.0], [2931.0, 2511.0, 9461.0], [2931.0, 2285.0, 9737.0], [2929.0, 2266.0, 9743.0], [2927.0, 2573.0, 9321.0], [2926.0, 2596.0, 9310.0], [2925.0, 2597.0, 9340.0], [2924.0, 2301.0, 9697.0], [2924.0, 2188.0, 9854.0], [2923.0, 2548.0, 9415.0], [2922.0, 2691.0, 9184.0], [2922.0, 2518.0, 9422.0], [2921.0, 2581.0, 9341.0], [2921.0, 2441.0, 9522.0], [2920.0, 2698.0, 9187.0], [2920.0, 2015.0, 10001.0], [2919.0, 2385.0, 9616.0], [2918.0, 2596.0, 9368.0], [2918.0, 2455.0, 9522.0], [2917.0, 2167.0, 9871.0], [2916.0, 2318.0, 9686.0], [2916.0, 2294.0, 9725.0], [2914.0, 2458.0, 9484.0], [2914.0, 2444.0, 9600.0], [2914.0, 2321.0, 9693.0], [2913.0, 2150.0, 9909.0], [2911.0, 2041.0, 9930.0], [2910.0, 2062.0, 9929.0], [2908.0, 2086.0, 9984.0], [2907.0, 2607.0, 9263.0], [2906.0, 2627.0, 9265.0], [2906.0, 1976.0, 10056.0], [2905.0, 2460.0, 9518.0], [2904.0, 2175.0, 9958.0], [2903.0, 2474.0, 9485.0], [2902.0, 2463.0, 9505.0], [2902.0, 2382.0, 9618.0], [2901.0, 2538.0, 9464.0], [2901.0, 2254.0, 9811.0], [2900.0, 2723.0, 9123.0], [2900.0, 2607.0, 9309.0], [2900.0, 2463.0, 9542.0], [2900.0, 2181.0, 9872.0], [2900.0, 2007.0, 10006.0], [2898.0, 2462.0, 9579.0], [2897.0, 2472.0, 9505.0], [2896.0, 2255.0, 9790.0], [2895.0, 2613.0, 9291.0], [2895.0, 2258.0, 9755.0], [2895.0, 1931.0, 10060.0], [2894.0, 2482.0, 9529.0], [2892.0, 2500.0, 9484.0], [2892.0, 2294.0, 9728.0], [2892.0, 2197.0, 9813.0], [2891.0, 2300.0, 9700.0], [2891.0, 2288.0, 9784.0], [2888.0, 2388.0, 9640.0], [2886.0, 2392.0, 9626.0], [2886.0, 2316.0, 9739.0], [2885.0, 2769.0, 8907.0], [2884.0, 2352.0, 9660.0], [2882.0, 2550.0, 9474.0], [2882.0, 2324.0, 9750.0], [2881.0, 1996.0, 10015.0], [2879.0, 2403.0, 9603.0], [2878.0, 2182.0, 9865.0], [2877.0, 2644.0, 9266.0], [2877.0, 2189.0, 9845.0], [2877.0, 2085.0, 9989.0], [2876.0, 2481.0, 9538.0], [2873.0, 2563.0, 9450.0], [2873.0, 2380.0, 9658.0], [2873.0, 2292.0, 9753.0], [2873.0, 1993.0, 10026.0], [2871.0, 2348.0, 9684.0], [2871.0, 2199.0, 9851.0], [2869.0, 2494.0, 9535.0], [2869.0, 2243.0, 9832.0], [2867.0, 2582.0, 9376.0], [2867.0, 2411.0, 9602.0], [2866.0, 2583.0, 9406.0], [2866.0, 2335.0, 9767.0], [2865.0, 2586.0, 9397.0], [2865.0, 2448.0, 9604.0], [2865.0, 2386.0, 9657.0], [2863.0, 2511.0, 9475.0], [2863.0, 2449.0, 9580.0], [2863.0, 2359.0, 9666.0], [2863.0, 2189.0, 9853.0], [2862.0, 2398.0, 9615.0], [2862.0, 2394.0, 9626.0], [2861.0, 2340.0, 9693.0], [2861.0, 2337.0, 9720.0], [2861.0, 2036.0, 10034.0], [2859.0, 2617.0, 9321.0], [2859.0, 2282.0, 9847.0], [2859.0, 2229.0, 9878.0], [2857.0, 2354.0, 9696.0], [2856.0, 2404.0, 9660.0], [2855.0, 2471.0, 9566.0], [2854.0, 2498.0, 9500.0], [2854.0, 2497.0, 9513.0], [2853.0, 2402.0, 9676.0], [2853.0, 1956.0, 10073.0], [2851.0, 2480.0, 9540.0], [2851.0, 2427.0, 9611.0], [2851.0, 2418.0, 9622.0], [2850.0, 2534.0, 9487.0], [2850.0, 2343.0, 9716.0], [2849.0, 2696.0, 9200.0], [2849.0, 2605.0, 9358.0], [2849.0, 2420.0, 9618.0], [2849.0, 2366.0, 9714.0], [2848.0, 1927.0, 10091.0], [2847.0, 2612.0, 9361.0], [2847.0, 2199.0, 9900.0], [2846.0, 2506.0, 9538.0], [2845.0, 2476.0, 9559.0], [2845.0, 2422.0, 9619.0], [2845.0, 2269.0, 9855.0], [2844.0, 2510.0, 9524.0], [2843.0, 2601.0, 9377.0], [2843.0, 2458.0, 9589.0], [2843.0, 2090.0, 10016.0], [2842.0, 2572.0, 9495.0], [2842.0, 2420.0, 9636.0], [2841.0, 2583.0, 9407.0], [2840.0, 2434.0, 9606.0], [2839.0, 2486.0, 9567.0], [2839.0, 2387.0, 9688.0], [2837.0, 2431.0, 9639.0], [2836.0, 2216.0, 9890.0], [2834.0, 2379.0, 9702.0], [2834.0, 2300.0, 9768.0], [2834.0, 2093.0, 9968.0], [2833.0, 2526.0, 9528.0], [2833.0, 2476.0, 9583.0], [2833.0, 2447.0, 9607.0], [2833.0, 2117.0, 10026.0], [2833.0, 1984.0, 10047.0], [2831.0, 2196.0, 9915.0], [2829.0, 2510.0, 9529.0], [2828.0, 2585.0, 9488.0], [2828.0, 2412.0, 9652.0], [2828.0, 2344.0, 9759.0], [2827.0, 2517.0, 9532.0], [2827.0, 2388.0, 9721.0], [2827.0, 2303.0, 9771.0], [2827.0, 1931.0, 10100.0], [2826.0, 2236.0, 9892.0], [2825.0, 2139.0, 9978.0], [2824.0, 2512.0, 9552.0], [2824.0, 2401.0, 9679.0], [2824.0, 2189.0, 9924.0], [2823.0, 2652.0, 9306.0], [2823.0, 2567.0, 9505.0], [2823.0, 2404.0, 9664.0], [2823.0, 2371.0, 9732.0], [2823.0, 2020.0, 10074.0], [2822.0, 2425.0, 9712.0], [2822.0, 2310.0, 9839.0], [2822.0, 2256.0, 9935.0], [2822.0, 2187.0, 9976.0], [2821.0, 2551.0, 9536.0], [2821.0, 2466.0, 9611.0], [2821.0, 2449.0, 9618.0], [2820.0, 2312.0, 9794.0], [2818.0, 2452.0, 9651.0], [2817.0, 2061.0, 10069.0], [2814.0, 2473.0, 9628.0], [2813.0, 2598.0, 9454.0], [2812.0, 2603.0, 9491.0], [2811.0, 2605.0, 9457.0], [2810.0, 2352.0, 9779.0], [2809.0, 2624.0, 9336.0], [2808.0, 2623.0, 9441.0], [2808.0, 2485.0, 9617.0], [2806.0, 2432.0, 9677.0], [2804.0, 1898.0, 10122.0], [2803.0, 2029.0, 10078.0], [2803.0, 1944.0, 10168.0], [2802.0, 2692.0, 9379.0], [2802.0, 2581.0, 9506.0], [2802.0, 2356.0, 9765.0], [2802.0, 2067.0, 10042.0], [2801.0, 2582.0, 9536.0], [2801.0, 2182.0, 9983.0], [2800.0, 2457.0, 9651.0], [2800.0, 2405.0, 9727.0], [2800.0, 2263.0, 9861.0], [2800.0, 2052.0, 10080.0], [2800.0, 1987.0, 10096.0], [2799.0, 2533.0, 9611.0], [2798.0, 2408.0, 9726.0], [2797.0, 2315.0, 9819.0], [2797.0, 2266.0, 9878.0], [2796.0, 2446.0, 9653.0], [2796.0, 2141.0, 10054.0], [2796.0, 1966.0, 10210.0], [2794.0, 2428.0, 9693.0], [2794.0, 2324.0, 9831.0], [2792.0, 2740.0, 9236.0], [2792.0, 2290.0, 9845.0], [2791.0, 2630.0, 9393.0], [2791.0, 1993.0, 10149.0], [2790.0, 2747.0, 9239.0], [2790.0, 2622.0, 9450.0], [2790.0, 2089.0, 10079.0], [2789.0, 2374.0, 9773.0], [2788.0, 2377.0, 9744.0], [2787.0, 2633.0, 9386.0], [2787.0, 2150.0, 10035.0], [2786.0, 2198.0, 10025.0], [2785.0, 2298.0, 9861.0], [2785.0, 1996.0, 10105.0], [2783.0, 2441.0, 9655.0], [2783.0, 2379.0, 9745.0], [2783.0, 2332.0, 9788.0], [2782.0, 2477.0, 9627.0], [2782.0, 2289.0, 9867.0], [2781.0, 2723.0, 9288.0], [2781.0, 2360.0, 9795.0], [2780.0, 2724.0, 9318.0], [2780.0, 2473.0, 9673.0], [2780.0, 2433.0, 9708.0], [2780.0, 2376.0, 9762.0], [2780.0, 2369.0, 9790.0], [2779.0, 2383.0, 9772.0], [2778.0, 2675.0, 9393.0], [2778.0, 2510.0, 9625.0], [2777.0, 2565.0, 9550.0], [2777.0, 2447.0, 9716.0], [2777.0, 2413.0, 9752.0], [2777.0, 2284.0, 9875.0], [2775.0, 2419.0, 9732.0], [2773.0, 2626.0, 9394.0], [2771.0, 2343.0, 9820.0], [2771.0, 2319.0, 9862.0], [2770.0, 2772.0, 9035.0], [2767.0, 2283.0, 9884.0], [2765.0, 2583.0, 9545.0], [2765.0, 2331.0, 9831.0], [2765.0, 2273.0, 9891.0], [2764.0, 2347.0, 9817.0], [2763.0, 2201.0, 9941.0], [2762.0, 2441.0, 9728.0], [2761.0, 2399.0, 9759.0], [2761.0, 2372.0, 9779.0], [2761.0, 2218.0, 9964.0], [2761.0, 2142.0, 10036.0], [2761.0, 2051.0, 10134.0], [2760.0, 2389.0, 9812.0], [2758.0, 2535.0, 9561.0], [2758.0, 2220.0, 9936.0], [2757.0, 2138.0, 10095.0], [2756.0, 2392.0, 9761.0], [2754.0, 2406.0, 9764.0], [2751.0, 2351.0, 9832.0], [2751.0, 2266.0, 9983.0], [2749.0, 2541.0, 9623.0], [2749.0, 2404.0, 9768.0], [2749.0, 2059.0, 10117.0], [2748.0, 1930.0, 10258.0], [2747.0, 2327.0, 9873.0], [2747.0, 2272.0, 9897.0], [2746.0, 1983.0, 10169.0], [2744.0, 2284.0, 9907.0], [2743.0, 2511.0, 9668.0], [2743.0, 2464.0, 9698.0], [2741.0, 2636.0, 9486.0], [2741.0, 2470.0, 9678.0], [2739.0, 2643.0, 9397.0], [2738.0, 2461.0, 9744.0], [2738.0, 2390.0, 9800.0], [2738.0, 2333.0, 9839.0], [2737.0, 2085.0, 10133.0], [2736.0, 2485.0, 9720.0], [2736.0, 2145.0, 10046.0], [2735.0, 2228.0, 10001.0], [2734.0, 2037.0, 10147.0], [2733.0, 2274.0, 10003.0], [2732.0, 2346.0, 9833.0], [2731.0, 2472.0, 9721.0], [2731.0, 2022.0, 10176.0], [2729.0, 2522.0, 9686.0], [2729.0, 2385.0, 9824.0], [2728.0, 2283.0, 9936.0], [2728.0, 2067.0, 10230.0], [2727.0, 2608.0, 9516.0], [2727.0, 2351.0, 9847.0], [2726.0, 2573.0, 9563.0], [2726.0, 2458.0, 9745.0], [2725.0, 2561.0, 9616.0], [2725.0, 2115.0, 10098.0], [2724.0, 2156.0, 10064.0], [2724.0, 2148.0, 10069.0], [2724.0, 2073.0, 10144.0], [2722.0, 2368.0, 9854.0], [2721.0, 2411.0, 9761.0], [2720.0, 2676.0, 9559.0], [2720.0, 2237.0, 10043.0], [2716.0, 2421.0, 9797.0], [2716.0, 2142.0, 10097.0], [2714.0, 2360.0, 9899.0], [2713.0, 2207.0, 10054.0], [2712.0, 2371.0, 9827.0], [2712.0, 2288.0, 9932.0], [2712.0, 2178.0, 10059.0], [2711.0, 2403.0, 9814.0], [2710.0, 2587.0, 9565.0], [2709.0, 2704.0, 9411.0], [2709.0, 2528.0, 9632.0], [2709.0, 2511.0, 9724.0], [2709.0, 2175.0, 10092.0], [2708.0, 2569.0, 9605.0], [2706.0, 2418.0, 9850.0], [2706.0, 2292.0, 9908.0], [2704.0, 2441.0, 9746.0], [2704.0, 2428.0, 9754.0], [2703.0, 2464.0, 9736.0], [2702.0, 2305.0, 9996.0], [2701.0, 2435.0, 9832.0], [2701.0, 2094.0, 10132.0], [2701.0, 1977.0, 10261.0], [2699.0, 2244.0, 10011.0], [2698.0, 2311.0, 9910.0], [2696.0, 2321.0, 9926.0], [2692.0, 2496.0, 9774.0], [2691.0, 2610.0, 9574.0], [2689.0, 2500.0, 9757.0], [2688.0, 2570.0, 9584.0], [2688.0, 2285.0, 10008.0], [2688.0, 1932.0, 10306.0], [2687.0, 2543.0, 9663.0], [2687.0, 2247.0, 10037.0], [2686.0, 2082.0, 10154.0], [2685.0, 2333.0, 9901.0], [2685.0, 2178.0, 10153.0], [2683.0, 2010.0, 10271.0], [2679.0, 2724.0, 9457.0], [2679.0, 1879.0, 10332.0], [2676.0, 1893.0, 10320.0], [2674.0, 2325.0, 9913.0], [2671.0, 2293.0, 10008.0], [2671.0, 2220.0, 10098.0], [2670.0, 2399.0, 9863.0], [2667.0, 2084.0, 10205.0], [2666.0, 2241.0, 10055.0], [2665.0, 2355.0, 9919.0], [2665.0, 2347.0, 9953.0], [2664.0, 2366.0, 9873.0], [2663.0, 2545.0, 9680.0], [2662.0, 2457.0, 9781.0], [2660.0, 2581.0, 9691.0], [2658.0, 2088.0, 10184.0], [2657.0, 2627.0, 9577.0], [2655.0, 2285.0, 10040.0], [2654.0, 2118.0, 10194.0], [2654.0, 1955.0, 10286.0], [2653.0, 2518.0, 9723.0], [2652.0, 2531.0, 9712.0], [2652.0, 2474.0, 9845.0], [2650.0, 2626.0, 9632.0], [2650.0, 1903.0, 10397.0], [2649.0, 2369.0, 9890.0], [2649.0, 2307.0, 9957.0], [2644.0, 1940.0, 10288.0], [2643.0, 2663.0, 9598.0], [2642.0, 2363.0, 9909.0], [2642.0, 2158.0, 10197.0], [2641.0, 2410.0, 9878.0], [2640.0, 2029.0, 10262.0], [2639.0, 2227.0, 10069.0], [2637.0, 2185.0, 10163.0], [2635.0, 2502.0, 9750.0], [2635.0, 2347.0, 10002.0], [2635.0, 2228.0, 10110.0], [2634.0, 2378.0, 9955.0], [2632.0, 2242.0, 10047.0], [2632.0, 2021.0, 10294.0], [2623.0, 2087.0, 10289.0], [2622.0, 2446.0, 9847.0], [2620.0, 1858.0, 10482.0], [2618.0, 1961.0, 10297.0], [2617.0, 1906.0, 10350.0], [2616.0, 1947.0, 10456.0], [2615.0, 2289.0, 10016.0], [2615.0, 2092.0, 10206.0], [2613.0, 2420.0, 9857.0], [2612.0, 2028.0, 10295.0], [2606.0, 2637.0, 9686.0], [2605.0, 1963.0, 10375.0], [2604.0, 2229.0, 10120.0], [2603.0, 2242.0, 10049.0], [2601.0, 2295.0, 10063.0], [2597.0, 2400.0, 9899.0], [2597.0, 2262.0, 10067.0], [2596.0, 1975.0, 10315.0], [2595.0, 2428.0, 9877.0], [2595.0, 2087.0, 10307.0], [2594.0, 2192.0, 10197.0], [2594.0, 2096.0, 10248.0], [2592.0, 2386.0, 9951.0], [2589.0, 2446.0, 9879.0], [2589.0, 2396.0, 9918.0], [2589.0, 2100.0, 10227.0], [2588.0, 2490.0, 9777.0], [2588.0, 2354.0, 9989.0], [2587.0, 2017.0, 10357.0], [2586.0, 2470.0, 9849.0], [2586.0, 2310.0, 10078.0], [2586.0, 2237.0, 10140.0], [2585.0, 2121.0, 10246.0], [2583.0, 2416.0, 9934.0], [2581.0, 2434.0, 9880.0], [2581.0, 2030.0, 10367.0], [2580.0, 2118.0, 10267.0], [2577.0, 2246.0, 10084.0], [2577.0, 2244.0, 10092.0], [2577.0, 2119.0, 10341.0], [2577.0, 1969.0, 10405.0], [2574.0, 2394.0, 9971.0], [2573.0, 2200.0, 10180.0], [2569.0, 2135.0, 10282.0], [2565.0, 2276.0, 10172.0], [2564.0, 2459.0, 9870.0], [2562.0, 2317.0, 10012.0], [2561.0, 2357.0, 10011.0], [2561.0, 2244.0, 10210.0], [2557.0, 2144.0, 10221.0], [2549.0, 1830.0, 10571.0], [2545.0, 2358.0, 9976.0], [2543.0, 2425.0, 9964.0], [2539.0, 2393.0, 10002.0], [2530.0, 2167.0, 10238.0], [2529.0, 2077.0, 10354.0], [2529.0, 2065.0, 10365.0], [2526.0, 2298.0, 10121.0], [2524.0, 2183.0, 10235.0], [2524.0, 2041.0, 10428.0], [2513.0, 1957.0, 10443.0], [2509.0, 2178.0, 10274.0], [2508.0, 2166.0, 10297.0], [2507.0, 2224.0, 10220.0], [2505.0, 2178.0, 10285.0], [2499.0, 1999.0, 10488.0], [2493.0, 2556.0, 9703.0], [2492.0, 2246.0, 10182.0], [2490.0, 2089.0, 10402.0], [2481.0, 2111.0, 10354.0], [2475.0, 2498.0, 9783.0], [2469.0, 1910.0, 10593.0], [2458.0, 1922.0, 10546.0], [2457.0, 2150.0, 10345.0], [2457.0, 2067.0, 10424.0], [2452.0, 2123.0, 10359.0], [2439.0, 2194.0, 10292.0], [2432.0, 1943.0, 10543.0], [2371.0, 2313.0, 10098.0], [2362.0, 2195.0, 10439.0], [2358.0, 2044.0, 10548.0], [2357.0, 2046.0, 10503.0], [2340.0, 2344.0, 10091.0], [2254.0, 1986.0, 10551.0], [2197.0, 1925.0, 10617.0]]
