heur = true
LBS_limit = 3
preproc = 1
tight_root = 0
total_time = 559.21
NDP = 665
total_nodes = 23013
pruned_nodes = 11507
pruned_dominance_nodes = 1992
heur_time = 0.17
Y_N = Any[[575.0, 562.0, 2538.0], [566.0, 580.0, 2548.0], [561.0, 523.0, 2605.0], [560.0, 371.0, 2795.0], [559.0, 474.0, 2680.0], [557.0, 426.0, 2745.0], [554.0, 325.0, 2862.0], [553.0, 428.0, 2747.0], [552.0, 541.0, 2615.0], [550.0, 595.0, 2544.0], [547.0, 489.0, 2660.0], [547.0, 347.0, 2814.0], [546.0, 332.0, 2862.0], [545.0, 435.0, 2747.0], [545.0, 359.0, 2805.0], [543.0, 387.0, 2812.0], [541.0, 443.0, 2727.0], [541.0, 301.0, 2881.0], [539.0, 389.0, 2814.0], [539.0, 313.0, 2872.0], [535.0, 455.0, 2721.0], [533.0, 308.0, 2881.0], [531.0, 320.0, 2872.0], [530.0, 366.0, 2857.0], [527.0, 404.0, 2794.0], [527.0, 395.0, 2796.0], [527.0, 262.0, 2948.0], [524.0, 320.0, 2924.0], [523.0, 394.0, 2811.0], [523.0, 337.0, 2872.0], [521.0, 416.0, 2788.0], [521.0, 349.0, 2863.0], [521.0, 346.0, 2876.0], [520.0, 500.0, 2675.0], [518.0, 462.0, 2733.0], [516.0, 327.0, 2924.0], [515.0, 425.0, 2810.0], [515.0, 300.0, 2943.0], [510.0, 488.0, 2727.0], [510.0, 379.0, 2827.0], [510.0, 281.0, 2991.0], [509.0, 355.0, 2878.0], [508.0, 391.0, 2818.0], [507.0, 493.0, 2719.0], [507.0, 307.0, 2943.0], [506.0, 461.0, 2742.0], [506.0, 454.0, 2751.0], [505.0, 426.0, 2789.0], [505.0, 363.0, 2858.0], [504.0, 515.0, 2671.0], [504.0, 466.0, 2742.0], [504.0, 333.0, 2894.0], [503.0, 309.0, 2945.0], [501.0, 428.0, 2797.0], [500.0, 408.0, 2818.0], [499.0, 380.0, 2856.0], [498.0, 469.0, 2738.0], [498.0, 377.0, 2867.0], [496.0, 449.0, 2794.0], [496.0, 340.0, 2894.0], [495.0, 547.0, 2672.0], [495.0, 477.0, 2750.0], [495.0, 382.0, 2864.0], [494.0, 352.0, 2885.0], [493.0, 454.0, 2786.0], [493.0, 384.0, 2874.0], [492.0, 422.0, 2812.0], [491.0, 552.0, 2674.0], [491.0, 508.0, 2750.0], [491.0, 387.0, 2856.0], [491.0, 324.0, 2925.0], [490.0, 427.0, 2809.0], [490.0, 294.0, 2961.0], [489.0, 321.0, 2929.0], [488.0, 441.0, 2808.0], [488.0, 306.0, 2952.0], [487.0, 389.0, 2864.0], [487.0, 338.0, 2941.0], [486.0, 376.0, 2879.0], [486.0, 369.0, 2885.0], [486.0, 232.0, 3039.0], [485.0, 395.0, 2858.0], [485.0, 341.0, 2923.0], [484.0, 454.0, 2798.0], [484.0, 381.0, 2876.0], [483.0, 397.0, 2844.0], [482.0, 395.0, 2875.0], [482.0, 307.0, 2963.0], [481.0, 438.0, 2817.0], [481.0, 343.0, 2931.0], [479.0, 381.0, 2884.0], [479.0, 345.0, 2941.0], [479.0, 203.0, 3054.0], [478.0, 221.0, 3041.0], [477.0, 513.0, 2741.0], [477.0, 402.0, 2858.0], [477.0, 353.0, 2911.0], [476.0, 461.0, 2798.0], [476.0, 336.0, 2954.0], [476.0, 287.0, 2984.0], [476.0, 261.0, 3030.0], [475.0, 456.0, 2808.0], [475.0, 448.0, 2813.0], [475.0, 404.0, 2844.0], [475.0, 392.0, 2884.0], [475.0, 282.0, 2996.0], [474.0, 296.0, 2965.0], [473.0, 468.0, 2799.0], [473.0, 428.0, 2835.0], [473.0, 299.0, 3008.0], [472.0, 354.0, 2940.0], [472.0, 337.0, 2946.0], [472.0, 175.0, 3108.0], [471.0, 467.0, 2808.0], [471.0, 307.0, 2978.0], [470.0, 415.0, 2865.0], [470.0, 290.0, 3021.0], [469.0, 537.0, 2726.0], [469.0, 410.0, 2875.0], [469.0, 375.0, 2918.0], [468.0, 487.0, 2792.0], [468.0, 356.0, 2942.0], [468.0, 342.0, 2945.0], [468.0, 268.0, 3030.0], [468.0, 250.0, 3032.0], [467.0, 474.0, 2794.0], [467.0, 455.0, 2813.0], [467.0, 422.0, 2866.0], [467.0, 382.0, 2902.0], [465.0, 509.0, 2742.0], [465.0, 362.0, 2924.0], [465.0, 342.0, 2951.0], [464.0, 182.0, 3108.0], [463.0, 314.0, 2978.0], [462.0, 297.0, 3021.0], [461.0, 436.0, 2853.0], [461.0, 417.0, 2875.0], [461.0, 409.0, 2880.0], [461.0, 382.0, 2918.0], [460.0, 349.0, 2945.0], [460.0, 257.0, 3032.0], [459.0, 478.0, 2793.0], [459.0, 463.0, 2809.0], [459.0, 443.0, 2837.0], [459.0, 429.0, 2866.0], [459.0, 389.0, 2902.0], [459.0, 369.0, 2928.0], [459.0, 316.0, 2991.0], [459.0, 302.0, 2995.0], [458.0, 272.0, 3024.0], [458.0, 238.0, 3063.0], [457.0, 248.0, 3062.0], [455.0, 498.0, 2793.0], [455.0, 428.0, 2881.0], [455.0, 390.0, 2920.0], [455.0, 371.0, 2942.0], [455.0, 336.0, 2985.0], [454.0, 303.0, 3012.0], [454.0, 211.0, 3099.0], [453.0, 435.0, 2861.0], [453.0, 397.0, 2904.0], [453.0, 343.0, 2969.0], [453.0, 323.0, 2995.0], [452.0, 544.0, 2738.0], [452.0, 304.0, 2996.0], [452.0, 226.0, 3091.0], [450.0, 496.0, 2803.0], [450.0, 386.0, 2927.0], [449.0, 382.0, 2948.0], [449.0, 257.0, 3047.0], [449.0, 198.0, 3116.0], [448.0, 267.0, 3054.0], [447.0, 397.0, 2920.0], [447.0, 328.0, 2990.0], [447.0, 256.0, 3064.0], [446.0, 498.0, 2805.0], [446.0, 316.0, 3004.0], [446.0, 282.0, 3046.0], [445.0, 439.0, 2860.0], [445.0, 404.0, 2904.0], [445.0, 330.0, 2995.0], [445.0, 277.0, 3058.0], [444.0, 570.0, 2732.0], [444.0, 450.0, 2870.0], [444.0, 334.0, 2994.0], [443.0, 501.0, 2788.0], [443.0, 390.0, 2935.0], [443.0, 206.0, 3110.0], [442.0, 321.0, 3008.0], [442.0, 235.0, 3067.0], [441.0, 389.0, 2948.0], [441.0, 351.0, 2987.0], [441.0, 282.0, 3057.0], [439.0, 508.0, 2780.0], [438.0, 308.0, 3009.0], [437.0, 455.0, 2855.0], [437.0, 344.0, 3002.0], [436.0, 471.0, 2841.0], [436.0, 457.0, 2870.0], [436.0, 257.0, 3077.0], [435.0, 343.0, 3015.0], [434.0, 511.0, 2799.0], [434.0, 414.0, 2922.0], [434.0, 409.0, 2923.0], [433.0, 289.0, 3057.0], [432.0, 459.0, 2872.0], [432.0, 393.0, 2935.0], [431.0, 394.0, 2925.0], [431.0, 290.0, 3059.0], [430.0, 425.0, 2908.0], [429.0, 351.0, 3002.0], [429.0, 297.0, 3037.0], [428.0, 368.0, 2989.0], [428.0, 363.0, 2990.0], [428.0, 304.0, 3032.0], [428.0, 277.0, 3060.0], [428.0, 202.0, 3111.0], [427.0, 464.0, 2850.0], [427.0, 460.0, 2858.0], [427.0, 243.0, 3124.0], [426.0, 269.0, 3062.0], [425.0, 518.0, 2774.0], [425.0, 469.0, 2847.0], [425.0, 417.0, 2913.0], [425.0, 399.0, 2928.0], [425.0, 307.0, 3018.0], [425.0, 280.0, 3064.0], [424.0, 400.0, 2935.0], [424.0, 269.0, 3076.0], [423.0, 416.0, 2922.0], [423.0, 297.0, 3059.0], [422.0, 432.0, 2908.0], [421.0, 418.0, 2917.0], [421.0, 413.0, 2935.0], [421.0, 399.0, 2938.0], [421.0, 391.0, 2948.0], [421.0, 312.0, 3035.0], [421.0, 168.0, 3188.0], [420.0, 472.0, 2866.0], [420.0, 381.0, 2989.0], [420.0, 370.0, 2990.0], [419.0, 423.0, 2914.0], [419.0, 261.0, 3085.0], [418.0, 354.0, 3002.0], [418.0, 223.0, 3143.0], [417.0, 361.0, 3003.0], [417.0, 251.0, 3126.0], [416.0, 536.0, 2784.0], [416.0, 383.0, 2969.0], [416.0, 330.0, 3047.0], [415.0, 345.0, 3015.0], [415.0, 266.0, 3102.0], [415.0, 258.0, 3104.0], [414.0, 335.0, 3056.0], [414.0, 324.0, 3057.0], [413.0, 425.0, 2917.0], [413.0, 421.0, 2925.0], [412.0, 369.0, 2994.0], [412.0, 366.0, 2996.0], [412.0, 289.0, 3060.0], [411.0, 479.0, 2841.0], [411.0, 315.0, 3070.0], [410.0, 461.0, 2870.0], [410.0, 412.0, 2938.0], [410.0, 284.0, 3114.0], [409.0, 489.0, 2849.0], [409.0, 474.0, 2854.0], [409.0, 430.0, 2916.0], [409.0, 426.0, 2924.0], [408.0, 509.0, 2839.0], [408.0, 348.0, 3008.0], [408.0, 295.0, 3075.0], [408.0, 254.0, 3120.0], [407.0, 374.0, 3002.0], [407.0, 360.0, 3005.0], [407.0, 352.0, 3015.0], [407.0, 231.0, 3143.0], [407.0, 189.0, 3173.0], [407.0, 171.0, 3175.0], [406.0, 323.0, 3061.0], [405.0, 433.0, 2908.0], [405.0, 428.0, 2922.0], [405.0, 181.0, 3176.0], [404.0, 431.0, 2932.0], [404.0, 345.0, 3027.0], [403.0, 355.0, 3006.0], [403.0, 322.0, 3070.0], [402.0, 497.0, 2851.0], [402.0, 463.0, 2906.0], [402.0, 446.0, 2924.0], [402.0, 419.0, 2938.0], [402.0, 344.0, 3036.0], [402.0, 291.0, 3114.0], [401.0, 328.0, 3069.0], [401.0, 314.0, 3072.0], [401.0, 306.0, 3082.0], [401.0, 143.0, 3240.0], [400.0, 551.0, 2780.0], [400.0, 483.0, 2875.0], [400.0, 404.0, 2962.0], [399.0, 382.0, 2989.0], [398.0, 490.0, 2859.0], [398.0, 424.0, 2937.0], [398.0, 377.0, 2999.0], [398.0, 358.0, 3052.0], [398.0, 337.0, 3054.0], [398.0, 299.0, 3094.0], [398.0, 196.0, 3188.0], [397.0, 451.0, 2907.0], [397.0, 309.0, 3073.0], [397.0, 260.0, 3134.0], [397.0, 218.0, 3164.0], [396.0, 453.0, 2930.0], [396.0, 400.0, 2991.0], [395.0, 275.0, 3126.0], [394.0, 505.0, 2847.0], [394.0, 470.0, 2906.0], [394.0, 437.0, 2942.0], [394.0, 317.0, 3075.0], [393.0, 132.0, 3242.0], [392.0, 378.0, 3004.0], [392.0, 291.0, 3121.0], [391.0, 405.0, 2974.0], [390.0, 407.0, 2997.0], [390.0, 392.0, 2999.0], [390.0, 365.0, 3052.0], [390.0, 306.0, 3094.0], [390.0, 223.0, 3165.0], [389.0, 207.0, 3166.0], [389.0, 155.0, 3239.0], [388.0, 424.0, 2973.0], [388.0, 310.0, 3080.0], [387.0, 409.0, 2989.0], [387.0, 356.0, 3065.0], [387.0, 263.0, 3131.0], [386.0, 512.0, 2847.0], [385.0, 230.0, 3172.0], [384.0, 385.0, 3004.0], [384.0, 346.0, 3066.0], [384.0, 319.0, 3119.0], [384.0, 260.0, 3161.0], [383.0, 412.0, 2974.0], [383.0, 270.0, 3140.0], [382.0, 414.0, 2997.0], [382.0, 370.0, 3028.0], [382.0, 361.0, 3058.0], [381.0, 511.0, 2862.0], [381.0, 441.0, 2940.0], [381.0, 363.0, 3056.0], [381.0, 330.0, 3069.0], [381.0, 310.0, 3132.0], [381.0, 232.0, 3186.0], [380.0, 526.0, 2832.0], [380.0, 466.0, 2914.0], [380.0, 398.0, 3009.0], [379.0, 469.0, 2916.0], [379.0, 463.0, 2927.0], [379.0, 195.0, 3197.0], [379.0, 184.0, 3230.0], [378.0, 368.0, 3052.0], [378.0, 339.0, 3071.0], [377.0, 516.0, 2864.0], [377.0, 476.0, 2900.0], [376.0, 376.0, 3033.0], [376.0, 368.0, 3064.0], [376.0, 241.0, 3171.0], [375.0, 465.0, 2929.0], [374.0, 480.0, 2899.0], [373.0, 423.0, 2983.0], [373.0, 418.0, 2984.0], [373.0, 317.0, 3132.0], [373.0, 149.0, 3264.0], [372.0, 322.0, 3095.0], [371.0, 470.0, 2931.0], [371.0, 430.0, 2967.0], [371.0, 173.0, 3241.0], [370.0, 553.0, 2846.0], [370.0, 375.0, 3052.0], [370.0, 323.0, 3116.0], [369.0, 224.0, 3188.0], [368.0, 331.0, 3095.0], [368.0, 271.0, 3153.0], [367.0, 472.0, 2929.0], [367.0, 402.0, 3007.0], [367.0, 271.0, 3199.0], [366.0, 487.0, 2899.0], [366.0, 448.0, 2992.0], [365.0, 484.0, 2918.0], [365.0, 479.0, 2919.0], [364.0, 507.0, 2913.0], [364.0, 339.0, 3075.0], [364.0, 329.0, 3119.0], [363.0, 278.0, 3137.0], [363.0, 180.0, 3241.0], [362.0, 416.0, 2997.0], [362.0, 285.0, 3162.0], [361.0, 426.0, 2996.0], [361.0, 385.0, 3041.0], [361.0, 356.0, 3074.0], [361.0, 223.0, 3202.0], [360.0, 402.0, 3059.0], [360.0, 171.0, 3254.0], [359.0, 196.0, 3210.0], [358.0, 337.0, 3086.0], [358.0, 318.0, 3130.0], [357.0, 431.0, 2998.0], [356.0, 514.0, 2913.0], [356.0, 370.0, 3064.0], [356.0, 346.0, 3075.0], [356.0, 345.0, 3091.0], [356.0, 283.0, 3173.0], [356.0, 272.0, 3181.0], [355.0, 339.0, 3108.0], [354.0, 224.0, 3234.0], [354.0, 174.0, 3256.0], [353.0, 346.0, 3092.0], [353.0, 274.0, 3186.0], [352.0, 272.0, 3197.0], [351.0, 329.0, 3120.0], [350.0, 468.0, 2980.0], [350.0, 300.0, 3142.0], [350.0, 299.0, 3158.0], [349.0, 320.0, 3124.0], [348.0, 431.0, 2999.0], [348.0, 377.0, 3064.0], [347.0, 346.0, 3108.0], [346.0, 458.0, 2992.0], [346.0, 383.0, 3063.0], [346.0, 363.0, 3126.0], [346.0, 319.0, 3127.0], [346.0, 231.0, 3234.0], [346.0, 213.0, 3236.0], [345.0, 408.0, 3054.0], [345.0, 281.0, 3186.0], [343.0, 222.0, 3247.0], [343.0, 172.0, 3269.0], [343.0, 147.0, 3298.0], [342.0, 385.0, 3066.0], [342.0, 331.0, 3131.0], [342.0, 306.0, 3158.0], [342.0, 288.0, 3160.0], [341.0, 508.0, 2924.0], [341.0, 420.0, 3030.0], [341.0, 300.0, 3175.0], [340.0, 412.0, 3059.0], [340.0, 287.0, 3177.0], [337.0, 476.0, 2963.0], [336.0, 286.0, 3179.0], [336.0, 260.0, 3225.0], [335.0, 462.0, 2991.0], [335.0, 292.0, 3190.0], [335.0, 229.0, 3242.0], [335.0, 211.0, 3249.0], [334.0, 392.0, 3066.0], [334.0, 308.0, 3134.0], [334.0, 213.0, 3259.0], [334.0, 149.0, 3308.0], [333.0, 481.0, 2965.0], [333.0, 427.0, 3030.0], [333.0, 335.0, 3129.0], [333.0, 277.0, 3192.0], [333.0, 251.0, 3238.0], [333.0, 235.0, 3246.0], [332.0, 220.0, 3255.0], [332.0, 174.0, 3303.0], [331.0, 430.0, 3030.0], [331.0, 306.0, 3173.0], [330.0, 418.0, 3043.0], [330.0, 317.0, 3164.0], [329.0, 428.0, 3048.0], [329.0, 374.0, 3113.0], [329.0, 337.0, 3129.0], [329.0, 165.0, 3316.0], [328.0, 297.0, 3186.0], [327.0, 523.0, 2926.0], [327.0, 435.0, 3032.0], [327.0, 381.0, 3097.0], [327.0, 280.0, 3195.0], [326.0, 466.0, 2989.0], [326.0, 373.0, 3126.0], [326.0, 284.0, 3191.0], [326.0, 264.0, 3219.0], [326.0, 230.0, 3258.0], [325.0, 284.0, 3192.0], [325.0, 258.0, 3238.0], [325.0, 240.0, 3240.0], [324.0, 473.0, 2973.0], [324.0, 429.0, 3054.0], [324.0, 424.0, 3055.0], [324.0, 315.0, 3175.0], [323.0, 437.0, 3030.0], [323.0, 304.0, 3189.0], [323.0, 285.0, 3194.0], [322.0, 305.0, 3182.0], [321.0, 491.0, 2994.0], [321.0, 435.0, 3048.0], [321.0, 423.0, 3058.0], [321.0, 172.0, 3316.0], [320.0, 320.0, 3174.0], [320.0, 272.0, 3201.0], [320.0, 92.0, 3377.0], [319.0, 442.0, 3032.0], [319.0, 178.0, 3315.0], [318.0, 426.0, 3061.0], [318.0, 389.0, 3098.0], [318.0, 378.0, 3122.0], [318.0, 312.0, 3178.0], [318.0, 310.0, 3185.0], [318.0, 237.0, 3258.0], [317.0, 321.0, 3185.0], [317.0, 258.0, 3256.0], [316.0, 379.0, 3110.0], [315.0, 445.0, 3061.0], [315.0, 389.0, 3115.0], [315.0, 292.0, 3194.0], [315.0, 262.0, 3232.0], [315.0, 228.0, 3271.0], [315.0, 184.0, 3289.0], [314.0, 270.0, 3212.0], [313.0, 396.0, 3099.0], [313.0, 313.0, 3188.0], [312.0, 380.0, 3128.0], [312.0, 343.0, 3165.0], [312.0, 327.0, 3174.0], [312.0, 326.0, 3193.0], [311.0, 303.0, 3195.0], [311.0, 201.0, 3307.0], [310.0, 390.0, 3121.0], [310.0, 385.0, 3122.0], [310.0, 333.0, 3177.0], [309.0, 510.0, 2970.0], [309.0, 328.0, 3185.0], [309.0, 261.0, 3249.0], [309.0, 246.0, 3261.0], [309.0, 216.0, 3299.0], [308.0, 275.0, 3241.0], [308.0, 266.0, 3249.0], [307.0, 452.0, 3061.0], [307.0, 376.0, 3135.0], [307.0, 276.0, 3225.0], [306.0, 381.0, 3123.0], [306.0, 345.0, 3179.0], [306.0, 319.0, 3198.0], [306.0, 281.0, 3241.0], [305.0, 457.0, 3053.0], [305.0, 347.0, 3140.0], [305.0, 257.0, 3262.0], [304.0, 387.0, 3128.0], [304.0, 350.0, 3165.0], [304.0, 344.0, 3188.0], [303.0, 464.0, 3037.0], [303.0, 272.0, 3254.0], [303.0, 215.0, 3316.0], [302.0, 394.0, 3112.0], [302.0, 229.0, 3308.0], [301.0, 406.0, 3128.0], [300.0, 141.0, 3373.0], [299.0, 520.0, 2970.0], [299.0, 258.0, 3257.0], [298.0, 341.0, 3195.0], [298.0, 304.0, 3232.0], [297.0, 518.0, 2988.0], [297.0, 408.0, 3075.0], [297.0, 273.0, 3249.0], [297.0, 264.0, 3262.0], [295.0, 525.0, 2972.0], [295.0, 355.0, 3136.0], [295.0, 279.0, 3254.0], [294.0, 419.0, 3117.0], [294.0, 320.0, 3198.0], [294.0, 218.0, 3310.0], [293.0, 355.0, 3158.0], [293.0, 350.0, 3180.0], [292.0, 470.0, 3013.0], [292.0, 294.0, 3244.0], [292.0, 287.0, 3251.0], [292.0, 130.0, 3375.0], [291.0, 472.0, 3055.0], [289.0, 479.0, 3039.0], [289.0, 425.0, 3104.0], [289.0, 245.0, 3272.0], [289.0, 233.0, 3321.0], [288.0, 373.0, 3184.0], [286.0, 468.0, 3062.0], [285.0, 481.0, 3037.0], [285.0, 411.0, 3125.0], [284.0, 349.0, 3189.0], [284.0, 301.0, 3244.0], [284.0, 294.0, 3251.0], [284.0, 286.0, 3256.0], [281.0, 486.0, 3039.0], [281.0, 252.0, 3272.0], [280.0, 380.0, 3184.0], [280.0, 281.0, 3265.0], [279.0, 435.0, 3104.0], [277.0, 433.0, 3122.0], [277.0, 371.0, 3197.0], [277.0, 296.0, 3248.0], [275.0, 440.0, 3106.0], [275.0, 308.0, 3227.0], [275.0, 245.0, 3295.0], [275.0, 238.0, 3308.0], [275.0, 181.0, 3368.0], [274.0, 334.0, 3251.0], [274.0, 235.0, 3332.0], [272.0, 429.0, 3129.0], [271.0, 372.0, 3192.0], [271.0, 325.0, 3264.0], [271.0, 256.0, 3292.0], [269.0, 255.0, 3297.0], [267.0, 170.0, 3370.0], [266.0, 383.0, 3196.0], [266.0, 240.0, 3321.0], [265.0, 326.0, 3259.0], [263.0, 332.0, 3264.0], [261.0, 257.0, 3292.0], [261.0, 250.0, 3299.0], [260.0, 261.0, 3270.0], [258.0, 346.0, 3227.0], [256.0, 463.0, 3124.0], [254.0, 271.0, 3293.0], [254.0, 252.0, 3320.0], [253.0, 257.0, 3299.0], [252.0, 344.0, 3238.0], [250.0, 417.0, 3191.0], [250.0, 285.0, 3299.0], [247.0, 187.0, 3392.0], [246.0, 360.0, 3223.0], [246.0, 123.0, 3444.0], [245.0, 209.0, 3382.0], [244.0, 295.0, 3292.0], [244.0, 288.0, 3299.0], [243.0, 262.0, 3316.0], [242.0, 424.0, 3191.0], [240.0, 314.0, 3290.0], [239.0, 335.0, 3256.0], [238.0, 278.0, 3319.0], [237.0, 362.0, 3228.0], [236.0, 378.0, 3258.0], [233.0, 229.0, 3349.0], [232.0, 321.0, 3290.0], [229.0, 312.0, 3303.0], [229.0, 237.0, 3354.0], [223.0, 313.0, 3298.0], [221.0, 437.0, 3137.0], [220.0, 261.0, 3333.0], [218.0, 324.0, 3277.0], [218.0, 161.0, 3442.0], [217.0, 245.0, 3359.0], [216.0, 326.0, 3279.0], [214.0, 246.0, 3360.0], [212.0, 115.0, 3509.0], [209.0, 393.0, 3215.0], [209.0, 330.0, 3318.0], [208.0, 404.0, 3230.0], [208.0, 200.0, 3427.0], [200.0, 207.0, 3427.0], [198.0, 290.0, 3373.0], [194.0, 365.0, 3297.0], [190.0, 219.0, 3425.0], [188.0, 319.0, 3364.0], [171.0, 242.0, 3433.0], [165.0, 196.0, 3500.0], [161.0, 271.0, 3424.0], [136.0, 170.0, 3550.0]]
