heur = true
LBS_limit = 3
preproc = 1
tight_root = 0
total_time = 1800.02
NDP = 986
total_nodes = 46075
pruned_nodes = 23021
pruned_dominance_nodes = 10762
heur_time = 0.33
Y_N = Any[[1988.0, 1547.0, 11996.0], [1976.0, 1682.0, 11895.0], [1976.0, 1605.0, 11946.0], [1975.0, 1748.0, 11567.0], [1973.0, 1832.0, 11690.0], [1963.0, 1883.0, 11610.0], [1961.0, 1706.0, 11805.0], [1961.0, 1650.0, 11946.0], [1960.0, 2033.0, 11261.0], [1959.0, 1920.0, 11377.0], [1955.0, 1576.0, 11956.0], [1950.0, 1479.0, 12095.0], [1949.0, 1785.0, 11845.0], [1949.0, 1708.0, 11896.0], [1940.0, 1672.0, 11902.0], [1938.0, 2081.0, 11462.0], [1936.0, 1986.0, 11560.0], [1935.0, 1873.0, 11676.0], [1934.0, 1809.0, 11755.0], [1932.0, 1838.0, 11710.0], [1930.0, 1682.0, 11900.0], [1929.0, 1601.0, 11991.0], [1929.0, 1453.0, 12153.0], [1923.0, 1709.0, 11885.0], [1923.0, 1582.0, 12045.0], [1920.0, 1804.0, 11804.0], [1920.0, 1741.0, 11919.0], [1920.0, 1656.0, 11966.0], [1917.0, 1588.0, 12052.0], [1915.0, 1842.0, 11809.0], [1914.0, 1858.0, 11687.0], [1908.0, 1791.0, 11865.0], [1907.0, 1608.0, 12112.0], [1907.0, 1531.0, 12163.0], [1903.0, 1712.0, 11971.0], [1903.0, 1660.0, 12065.0], [1903.0, 1583.0, 12116.0], [1902.0, 2043.0, 11524.0], [1901.0, 1930.0, 11640.0], [1901.0, 1456.0, 12234.0], [1900.0, 2083.0, 11275.0], [1894.0, 1809.0, 11827.0], [1894.0, 1617.0, 12074.0], [1894.0, 1540.0, 12125.0], [1892.0, 1782.0, 11956.0], [1892.0, 1705.0, 12007.0], [1891.0, 1927.0, 11707.0], [1891.0, 1850.0, 11758.0], [1891.0, 1718.0, 12015.0], [1890.0, 1861.0, 11780.0], [1890.0, 1811.0, 11842.0], [1889.0, 1443.0, 12295.0], [1887.0, 1970.0, 11614.0], [1884.0, 1557.0, 12120.0], [1883.0, 1564.0, 12125.0], [1882.0, 1554.0, 12126.0], [1880.0, 2091.0, 11581.0], [1879.0, 1572.0, 12200.0], [1878.0, 1996.0, 11679.0], [1878.0, 1919.0, 11730.0], [1877.0, 1883.0, 11795.0], [1877.0, 1806.0, 11846.0], [1876.0, 1895.0, 11758.0], [1876.0, 1819.0, 11874.0], [1875.0, 1753.0, 12008.0], [1875.0, 1676.0, 12059.0], [1874.0, 1848.0, 11829.0], [1874.0, 1679.0, 12024.0], [1873.0, 2001.0, 11608.0], [1872.0, 1692.0, 12019.0], [1871.0, 1598.0, 12119.0], [1870.0, 1689.0, 12025.0], [1870.0, 1612.0, 12076.0], [1870.0, 1527.0, 12203.0], [1870.0, 1450.0, 12254.0], [1868.0, 1337.0, 12356.0], [1867.0, 1605.0, 12121.0], [1866.0, 1850.0, 11864.0], [1865.0, 1793.0, 11946.0], [1865.0, 1592.0, 12164.0], [1864.0, 2030.0, 11657.0], [1864.0, 1953.0, 11708.0], [1863.0, 1688.0, 12051.0], [1862.0, 1814.0, 11923.0], [1862.0, 1751.0, 12038.0], [1862.0, 1674.0, 12089.0], [1862.0, 1546.0, 12245.0], [1858.0, 2115.0, 11498.0], [1857.0, 1992.0, 11699.0], [1855.0, 1897.0, 11797.0], [1854.0, 1602.0, 12140.0], [1853.0, 1647.0, 12131.0], [1853.0, 1433.0, 12302.0], [1852.0, 1951.0, 11718.0], [1852.0, 1637.0, 12196.0], [1852.0, 1560.0, 12247.0], [1847.0, 1875.0, 11828.0], [1844.0, 1901.0, 11779.0], [1844.0, 1714.0, 12060.0], [1844.0, 1566.0, 12222.0], [1843.0, 1925.0, 11723.0], [1843.0, 1639.0, 12156.0], [1843.0, 1443.0, 12300.0], [1842.0, 2093.0, 11538.0], [1842.0, 1993.0, 11701.0], [1840.0, 1898.0, 11799.0], [1839.0, 1838.0, 11911.0], [1839.0, 1646.0, 12158.0], [1839.0, 1569.0, 12209.0], [1838.0, 1868.0, 11849.0], [1838.0, 1656.0, 12116.0], [1837.0, 2181.0, 11300.0], [1837.0, 1661.0, 12106.0], [1835.0, 1926.0, 11793.0], [1834.0, 1715.0, 12126.0], [1832.0, 1459.0, 12302.0], [1831.0, 1621.0, 12230.0], [1830.0, 1929.0, 11747.0], [1830.0, 1840.0, 11871.0], [1828.0, 1942.0, 11775.0], [1826.0, 2032.0, 11614.0], [1826.0, 1847.0, 11873.0], [1826.0, 1643.0, 12177.0], [1825.0, 1866.0, 11879.0], [1825.0, 1850.0, 11893.0], [1825.0, 1654.0, 12146.0], [1825.0, 1574.0, 12244.0], [1824.0, 1601.0, 12284.0], [1822.0, 1853.0, 11924.0], [1822.0, 1776.0, 11975.0], [1821.0, 1954.0, 11761.0], [1821.0, 1824.0, 11958.0], [1818.0, 2008.0, 11682.0], [1818.0, 1905.0, 11877.0], [1818.0, 1828.0, 11928.0], [1817.0, 1646.0, 12169.0], [1816.0, 1776.0, 11986.0], [1816.0, 1569.0, 12303.0], [1815.0, 2011.0, 11727.0], [1815.0, 1675.0, 12206.0], [1814.0, 2014.0, 11715.0], [1814.0, 1922.0, 11797.0], [1813.0, 1974.0, 11850.0], [1813.0, 1641.0, 12207.0], [1811.0, 1879.0, 11948.0], [1811.0, 1802.0, 11999.0], [1811.0, 1433.0, 12360.0], [1811.0, 1353.0, 12363.0], [1810.0, 1441.0, 12316.0], [1809.0, 1752.0, 12017.0], [1809.0, 1702.0, 12143.0], [1809.0, 1615.0, 12240.0], [1808.0, 1994.0, 11730.0], [1808.0, 1790.0, 12057.0], [1807.0, 1806.0, 11974.0], [1807.0, 1502.0, 12333.0], [1806.0, 2040.0, 11632.0], [1805.0, 1738.0, 12102.0], [1805.0, 1633.0, 12230.0], [1804.0, 1682.0, 12155.0], [1804.0, 1358.0, 12419.0], [1802.0, 1310.0, 12472.0], [1799.0, 2002.0, 11818.0], [1798.0, 1646.0, 12258.0], [1797.0, 1907.0, 11916.0], [1797.0, 1830.0, 11967.0], [1797.0, 1695.0, 12183.0], [1796.0, 1409.0, 12383.0], [1795.0, 1501.0, 12357.0], [1795.0, 1463.0, 12364.0], [1794.0, 1817.0, 12012.0], [1794.0, 1580.0, 12312.0], [1794.0, 1570.0, 12366.0], [1793.0, 1709.0, 12146.0], [1792.0, 1631.0, 12260.0], [1792.0, 1416.0, 12369.0], [1791.0, 2064.0, 11686.0], [1791.0, 1757.0, 12079.0], [1790.0, 2027.0, 11689.0], [1790.0, 1937.0, 11868.0], [1790.0, 1445.0, 12371.0], [1790.0, 1327.0, 12421.0], [1789.0, 1885.0, 11947.0], [1789.0, 1511.0, 12370.0], [1786.0, 1911.0, 11898.0], [1786.0, 1476.0, 12391.0], [1785.0, 1644.0, 12288.0], [1785.0, 1453.0, 12419.0], [1784.0, 2064.0, 11693.0], [1784.0, 1711.0, 12142.0], [1783.0, 1941.0, 11894.0], [1783.0, 1450.0, 12425.0], [1783.0, 1436.0, 12441.0], [1781.0, 1848.0, 12030.0], [1781.0, 1771.0, 12081.0], [1781.0, 1579.0, 12328.0], [1779.0, 2191.0, 11563.0], [1779.0, 1683.0, 12199.0], [1779.0, 1671.0, 12225.0], [1779.0, 1437.0, 12427.0], [1777.0, 1936.0, 11912.0], [1777.0, 1791.0, 12057.0], [1777.0, 1739.0, 12132.0], [1777.0, 1479.0, 12383.0], [1776.0, 1861.0, 11974.0], [1776.0, 1685.0, 12236.0], [1775.0, 1781.0, 12083.0], [1771.0, 1709.0, 12172.0], [1771.0, 1604.0, 12300.0], [1770.0, 1952.0, 11894.0], [1770.0, 1530.0, 12367.0], [1768.0, 2042.0, 11733.0], [1768.0, 1942.0, 11896.0], [1768.0, 1872.0, 12010.0], [1768.0, 1645.0, 12297.0], [1767.0, 1882.0, 12008.0], [1767.0, 1805.0, 12059.0], [1767.0, 1542.0, 12394.0], [1767.0, 1465.0, 12445.0], [1766.0, 1912.0, 11946.0], [1766.0, 1777.0, 12108.0], [1766.0, 1290.0, 12518.0], [1765.0, 1593.0, 12342.0], [1765.0, 1466.0, 12444.0], [1764.0, 1733.0, 12179.0], [1764.0, 1347.0, 12480.0], [1763.0, 2130.0, 11639.0], [1762.0, 1955.0, 11853.0], [1762.0, 1330.0, 12502.0], [1761.0, 1925.0, 11935.0], [1761.0, 1434.0, 12458.0], [1760.0, 1551.0, 12382.0], [1759.0, 1835.0, 12059.0], [1758.0, 1884.0, 11968.0], [1758.0, 1752.0, 12135.0], [1758.0, 1479.0, 12472.0], [1757.0, 2215.0, 11336.0], [1757.0, 1801.0, 12060.0], [1757.0, 1491.0, 12399.0], [1756.0, 2024.0, 11834.0], [1756.0, 1796.0, 12081.0], [1755.0, 1658.0, 12276.0], [1755.0, 1513.0, 12438.0], [1754.0, 1891.0, 11970.0], [1754.0, 1707.0, 12201.0], [1753.0, 1973.0, 11861.0], [1753.0, 1910.0, 11976.0], [1753.0, 1812.0, 12118.0], [1752.0, 2134.0, 11696.0], [1752.0, 1602.0, 12304.0], [1752.0, 1531.0, 12417.0], [1751.0, 1635.0, 12313.0], [1751.0, 1406.0, 12490.0], [1750.0, 1317.0, 12563.0], [1749.0, 1748.0, 12160.0], [1748.0, 1759.0, 12129.0], [1748.0, 1716.0, 12217.0], [1748.0, 1672.0, 12263.0], [1748.0, 1595.0, 12331.0], [1747.0, 1953.0, 11903.0], [1747.0, 1822.0, 12120.0], [1746.0, 2085.0, 11708.0], [1745.0, 1916.0, 11959.0], [1745.0, 1266.0, 12607.0], [1744.0, 1605.0, 12358.0], [1743.0, 1750.0, 12150.0], [1743.0, 1673.0, 12260.0], [1742.0, 1656.0, 12306.0], [1741.0, 1855.0, 12036.0], [1740.0, 1963.0, 11910.0], [1740.0, 1609.0, 12385.0], [1739.0, 1846.0, 12096.0], [1738.0, 1913.0, 11977.0], [1738.0, 1796.0, 12125.0], [1738.0, 1740.0, 12165.0], [1738.0, 1686.0, 12282.0], [1737.0, 1557.0, 12430.0], [1736.0, 1746.0, 12190.0], [1736.0, 1701.0, 12223.0], [1734.0, 2048.0, 11751.0], [1733.0, 2054.0, 11807.0], [1733.0, 2008.0, 11886.0], [1733.0, 1513.0, 12464.0], [1733.0, 1436.0, 12515.0], [1732.0, 1892.0, 11986.0], [1732.0, 1882.0, 12058.0], [1729.0, 2097.0, 11714.0], [1729.0, 1967.0, 11967.0], [1729.0, 1842.0, 12097.0], [1729.0, 1724.0, 12206.0], [1729.0, 1455.0, 12487.0], [1727.0, 2075.0, 11724.0], [1727.0, 1985.0, 11935.0], [1726.0, 2066.0, 11790.0], [1726.0, 1772.0, 12162.0], [1725.0, 2071.0, 11744.0], [1725.0, 1887.0, 11997.0], [1725.0, 1874.0, 12064.0], [1725.0, 1848.0, 12099.0], [1723.0, 1887.0, 12049.0], [1723.0, 1866.0, 12067.0], [1723.0, 1416.0, 12518.0], [1722.0, 1780.0, 12168.0], [1722.0, 1768.0, 12216.0], [1722.0, 1691.0, 12267.0], [1722.0, 1658.0, 12289.0], [1722.0, 1469.0, 12479.0], [1722.0, 1422.0, 12546.0], [1720.0, 1800.0, 12166.0], [1719.0, 1471.0, 12488.0], [1718.0, 2078.0, 11717.0], [1718.0, 1903.0, 11979.0], [1718.0, 1638.0, 12346.0], [1718.0, 1476.0, 12481.0], [1717.0, 1886.0, 12089.0], [1717.0, 1670.0, 12316.0], [1717.0, 1267.0, 12657.0], [1715.0, 1791.0, 12187.0], [1715.0, 1714.0, 12238.0], [1715.0, 1491.0, 12490.0], [1713.0, 1844.0, 12103.0], [1713.0, 1541.0, 12447.0], [1713.0, 1340.0, 12591.0], [1711.0, 2078.0, 11724.0], [1711.0, 1924.0, 12011.0], [1711.0, 1632.0, 12361.0], [1710.0, 1559.0, 12386.0], [1710.0, 1456.0, 12540.0], [1709.0, 2112.0, 11740.0], [1709.0, 1815.0, 12178.0], [1709.0, 1673.0, 12284.0], [1709.0, 1363.0, 12584.0], [1708.0, 1832.0, 12150.0], [1707.0, 1724.0, 12232.0], [1706.0, 1930.0, 11985.0], [1706.0, 1834.0, 12144.0], [1706.0, 1721.0, 12240.0], [1706.0, 1554.0, 12475.0], [1706.0, 1463.0, 12542.0], [1705.0, 2140.0, 11758.0], [1705.0, 1751.0, 12220.0], [1705.0, 1706.0, 12253.0], [1705.0, 1477.0, 12552.0], [1705.0, 1254.0, 12718.0], [1704.0, 1772.0, 12188.0], [1704.0, 1393.0, 12553.0], [1703.0, 1935.0, 12054.0], [1703.0, 1528.0, 12500.0], [1703.0, 1508.0, 12556.0], [1702.0, 2015.0, 11835.0], [1702.0, 1639.0, 12325.0], [1701.0, 1845.0, 12178.0], [1701.0, 1374.0, 12585.0], [1700.0, 1594.0, 12426.0], [1700.0, 1294.0, 12600.0], [1699.0, 1603.0, 12405.0], [1697.0, 2044.0, 11814.0], [1697.0, 1381.0, 12587.0], [1696.0, 1855.0, 12127.0], [1696.0, 1803.0, 12194.0], [1695.0, 1705.0, 12264.0], [1695.0, 1689.0, 12272.0], [1694.0, 2144.0, 11815.0], [1694.0, 1895.0, 12063.0], [1694.0, 1426.0, 12601.0], [1693.0, 2051.0, 11816.0], [1692.0, 1737.0, 12298.0], [1692.0, 1660.0, 12349.0], [1692.0, 1636.0, 12378.0], [1692.0, 1515.0, 12505.0], [1691.0, 1905.0, 12063.0], [1691.0, 1778.0, 12208.0], [1690.0, 2164.0, 11668.0], [1690.0, 1938.0, 11970.0], [1690.0, 1626.0, 12386.0], [1690.0, 1344.0, 12613.0], [1689.0, 1805.0, 12196.0], [1688.0, 1825.0, 12180.0], [1688.0, 1375.0, 12617.0], [1687.0, 1853.0, 12133.0], [1687.0, 1678.0, 12302.0], [1686.0, 1945.0, 12011.0], [1685.0, 1638.0, 12374.0], [1685.0, 1528.0, 12533.0], [1685.0, 1381.0, 12628.0], [1684.0, 2034.0, 11819.0], [1684.0, 1542.0, 12491.0], [1684.0, 1290.0, 12679.0], [1684.0, 1148.0, 12779.0], [1683.0, 2164.0, 11675.0], [1683.0, 1887.0, 12118.0], [1683.0, 1432.0, 12576.0], [1682.0, 1600.0, 12423.0], [1682.0, 1413.0, 12662.0], [1681.0, 1959.0, 11971.0], [1681.0, 1742.0, 12251.0], [1681.0, 1461.0, 12569.0], [1680.0, 1912.0, 12057.0], [1680.0, 1807.0, 12185.0], [1679.0, 1968.0, 11977.0], [1679.0, 1553.0, 12478.0], [1678.0, 2083.0, 11891.0], [1678.0, 1785.0, 12209.0], [1678.0, 1696.0, 12332.0], [1677.0, 1795.0, 12207.0], [1677.0, 1603.0, 12431.0], [1677.0, 1443.0, 12571.0], [1676.0, 1803.0, 12226.0], [1676.0, 1758.0, 12259.0], [1676.0, 1752.0, 12272.0], [1676.0, 1569.0, 12481.0], [1675.0, 1707.0, 12311.0], [1674.0, 1863.0, 12145.0], [1673.0, 1556.0, 12508.0], [1673.0, 1457.0, 12581.0], [1673.0, 1352.0, 12672.0], [1672.0, 2168.0, 11732.0], [1672.0, 2034.0, 11903.0], [1671.0, 1977.0, 11942.0], [1671.0, 1794.0, 12247.0], [1669.0, 1754.0, 12267.0], [1668.0, 1646.0, 12361.0], [1667.0, 1997.0, 11939.0], [1667.0, 1473.0, 12572.0], [1666.0, 1880.0, 12125.0], [1665.0, 1996.0, 11945.0], [1665.0, 1590.0, 12438.0], [1664.0, 1701.0, 12386.0], [1664.0, 1620.0, 12426.0], [1664.0, 1518.0, 12586.0], [1663.0, 1566.0, 12493.0], [1663.0, 1184.0, 12740.0], [1662.0, 2047.0, 11895.0], [1661.0, 1574.0, 12483.0], [1661.0, 1417.0, 12634.0], [1660.0, 1997.0, 11946.0], [1660.0, 1888.0, 12088.0], [1660.0, 1816.0, 12184.0], [1660.0, 1593.0, 12447.0], [1660.0, 1486.0, 12600.0], [1660.0, 1379.0, 12676.0], [1659.0, 1642.0, 12390.0], [1659.0, 1254.0, 12723.0], [1658.0, 1857.0, 12196.0], [1658.0, 1833.0, 12214.0], [1656.0, 2046.0, 11935.0], [1656.0, 1971.0, 12011.0], [1656.0, 1889.0, 12064.0], [1655.0, 1427.0, 12604.0], [1654.0, 1812.0, 12223.0], [1653.0, 1746.0, 12289.0], [1653.0, 1632.0, 12392.0], [1652.0, 2015.0, 11985.0], [1652.0, 1918.0, 12058.0], [1652.0, 1882.0, 12128.0], [1651.0, 2020.0, 11939.0], [1651.0, 1352.0, 12698.0], [1651.0, 1334.0, 12699.0], [1650.0, 1875.0, 12166.0], [1650.0, 1714.0, 12328.0], [1650.0, 1548.0, 12555.0], [1650.0, 1243.0, 12750.0], [1649.0, 2001.0, 12003.0], [1649.0, 1889.0, 12071.0], [1649.0, 1802.0, 12245.0], [1649.0, 1759.0, 12295.0], [1649.0, 1567.0, 12519.0], [1648.0, 1620.0, 12447.0], [1647.0, 1914.0, 12068.0], [1647.0, 1638.0, 12404.0], [1647.0, 1357.0, 12692.0], [1645.0, 1975.0, 12068.0], [1644.0, 1898.0, 12069.0], [1644.0, 1716.0, 12305.0], [1644.0, 1708.0, 12329.0], [1644.0, 1668.0, 12431.0], [1644.0, 1460.0, 12605.0], [1644.0, 1453.0, 12653.0], [1643.0, 1758.0, 12335.0], [1643.0, 1472.0, 12617.0], [1642.0, 1709.0, 12363.0], [1641.0, 1856.0, 12200.0], [1641.0, 1782.0, 12264.0], [1641.0, 1598.0, 12463.0], [1641.0, 1276.0, 12731.0], [1641.0, 1255.0, 12752.0], [1640.0, 1940.0, 12072.0], [1639.0, 1880.0, 12166.0], [1639.0, 1386.0, 12692.0], [1639.0, 1273.0, 12737.0], [1638.0, 1804.0, 12245.0], [1638.0, 1776.0, 12317.0], [1638.0, 1715.0, 12345.0], [1638.0, 1701.0, 12389.0], [1638.0, 1573.0, 12529.0], [1637.0, 1946.0, 12101.0], [1636.0, 1361.0, 12709.0], [1635.0, 2061.0, 11935.0], [1635.0, 1724.0, 12362.0], [1635.0, 1527.0, 12575.0], [1635.0, 1393.0, 12694.0], [1633.0, 1386.0, 12697.0], [1632.0, 1719.0, 12390.0], [1632.0, 1674.0, 12423.0], [1632.0, 1438.0, 12708.0], [1632.0, 1380.0, 12726.0], [1631.0, 1865.0, 12173.0], [1631.0, 1838.0, 12203.0], [1630.0, 1581.0, 12510.0], [1630.0, 1385.0, 12736.0], [1627.0, 1932.0, 12112.0], [1627.0, 1805.0, 12261.0], [1627.0, 1633.0, 12437.0], [1627.0, 1592.0, 12484.0], [1624.0, 1739.0, 12351.0], [1624.0, 1620.0, 12495.0], [1623.0, 1819.0, 12242.0], [1623.0, 1695.0, 12406.0], [1622.0, 1946.0, 12126.0], [1621.0, 1978.0, 12096.0], [1621.0, 1885.0, 12177.0], [1621.0, 1859.0, 12201.0], [1621.0, 1837.0, 12210.0], [1621.0, 1799.0, 12287.0], [1621.0, 1592.0, 12508.0], [1621.0, 1303.0, 12757.0], [1620.0, 2093.0, 11866.0], [1620.0, 1851.0, 12224.0], [1620.0, 1671.0, 12433.0], [1620.0, 1605.0, 12512.0], [1620.0, 1572.0, 12535.0], [1619.0, 1883.0, 12194.0], [1619.0, 1806.0, 12245.0], [1619.0, 1456.0, 12634.0], [1619.0, 1255.0, 12778.0], [1618.0, 1898.0, 12141.0], [1618.0, 1753.0, 12368.0], [1618.0, 1528.0, 12584.0], [1618.0, 1525.0, 12593.0], [1617.0, 1675.0, 12447.0], [1617.0, 1557.0, 12563.0], [1617.0, 1498.0, 12618.0], [1617.0, 1318.0, 12756.0], [1617.0, 1305.0, 12769.0], [1615.0, 1863.0, 12205.0], [1614.0, 1410.0, 12714.0], [1613.0, 1763.0, 12329.0], [1611.0, 1347.0, 12737.0], [1611.0, 1274.0, 12787.0], [1609.0, 1906.0, 12132.0], [1609.0, 1599.0, 12515.0], [1608.0, 1729.0, 12377.0], [1608.0, 1716.0, 12395.0], [1608.0, 1678.0, 12439.0], [1608.0, 1592.0, 12518.0], [1608.0, 1471.0, 12632.0], [1608.0, 1362.0, 12759.0], [1607.0, 1608.0, 12496.0], [1607.0, 1289.0, 12772.0], [1606.0, 1885.0, 12202.0], [1606.0, 1829.0, 12241.0], [1606.0, 1768.0, 12326.0], [1606.0, 1256.0, 12794.0], [1605.0, 2117.0, 11920.0], [1605.0, 1917.0, 12172.0], [1604.0, 1856.0, 12229.0], [1604.0, 1486.0, 12631.0], [1603.0, 1697.0, 12432.0], [1603.0, 1652.0, 12465.0], [1603.0, 1644.0, 12484.0], [1603.0, 1502.0, 12607.0], [1603.0, 1296.0, 12774.0], [1602.0, 1360.0, 12761.0], [1601.0, 1818.0, 12281.0], [1601.0, 1785.0, 12308.0], [1601.0, 1729.0, 12423.0], [1601.0, 1518.0, 12600.0], [1601.0, 1459.0, 12657.0], [1601.0, 1264.0, 12842.0], [1600.0, 1783.0, 12356.0], [1600.0, 1478.0, 12671.0], [1600.0, 1341.0, 12788.0], [1599.0, 2002.0, 12013.0], [1599.0, 1793.0, 12295.0], [1599.0, 1261.0, 12848.0], [1598.0, 2117.0, 11927.0], [1598.0, 1902.0, 12190.0], [1598.0, 1833.0, 12264.0], [1598.0, 1739.0, 12375.0], [1598.0, 1573.0, 12598.0], [1596.0, 1687.0, 12439.0], [1596.0, 1665.0, 12500.0], [1595.0, 1421.0, 12712.0], [1594.0, 1928.0, 12177.0], [1594.0, 1807.0, 12329.0], [1594.0, 1485.0, 12651.0], [1593.0, 1403.0, 12732.0], [1592.0, 1520.0, 12623.0], [1592.0, 1512.0, 12628.0], [1591.0, 1945.0, 12140.0], [1591.0, 1829.0, 12266.0], [1591.0, 1809.0, 12292.0], [1591.0, 1700.0, 12429.0], [1591.0, 1395.0, 12742.0], [1591.0, 1296.0, 12815.0], [1590.0, 1981.0, 12059.0], [1590.0, 1492.0, 12672.0], [1590.0, 1376.0, 12828.0], [1589.0, 1856.0, 12254.0], [1589.0, 1678.0, 12528.0], [1588.0, 1996.0, 12090.0], [1588.0, 1867.0, 12223.0], [1588.0, 1592.0, 12529.0], [1588.0, 1328.0, 12849.0], [1587.0, 1410.0, 12741.0], [1587.0, 1397.0, 12754.0], [1585.0, 1150.0, 12855.0], [1584.0, 1619.0, 12532.0], [1584.0, 1436.0, 12712.0], [1583.0, 1880.0, 12216.0], [1582.0, 1995.0, 12130.0], [1581.0, 1390.0, 12793.0], [1580.0, 2040.0, 12053.0], [1580.0, 1158.0, 12903.0], [1579.0, 1910.0, 12192.0], [1578.0, 1501.0, 12644.0], [1577.0, 1746.0, 12374.0], [1576.0, 2188.0, 11565.0], [1576.0, 1854.0, 12284.0], [1576.0, 1809.0, 12317.0], [1576.0, 1598.0, 12561.0], [1576.0, 1541.0, 12634.0], [1575.0, 1886.0, 12254.0], [1575.0, 1731.0, 12412.0], [1575.0, 1686.0, 12445.0], [1575.0, 1436.0, 12738.0], [1574.0, 2083.0, 11980.0], [1574.0, 1687.0, 12465.0], [1574.0, 1640.0, 12556.0], [1573.0, 1792.0, 12351.0], [1573.0, 1401.0, 12743.0], [1572.0, 1452.0, 12746.0], [1572.0, 1209.0, 12865.0], [1571.0, 1739.0, 12385.0], [1570.0, 1897.0, 12211.0], [1570.0, 1707.0, 12471.0], [1570.0, 1433.0, 12773.0], [1569.0, 1929.0, 12181.0], [1569.0, 1765.0, 12381.0], [1569.0, 1735.0, 12403.0], [1568.0, 1760.0, 12432.0], [1567.0, 1217.0, 12913.0], [1566.0, 1476.0, 12678.0], [1565.0, 1813.0, 12290.0], [1564.0, 1585.0, 12622.0], [1564.0, 1527.0, 12640.0], [1564.0, 1506.0, 12653.0], [1562.0, 1939.0, 12163.0], [1561.0, 1916.0, 12232.0], [1560.0, 1908.0, 12260.0], [1559.0, 1587.0, 12573.0], [1559.0, 1246.0, 12871.0], [1558.0, 1831.0, 12294.0], [1558.0, 1818.0, 12299.0], [1558.0, 1741.0, 12441.0], [1558.0, 1279.0, 12908.0], [1557.0, 1761.0, 12400.0], [1557.0, 1296.0, 12862.0], [1556.0, 1830.0, 12297.0], [1556.0, 1785.0, 12358.0], [1556.0, 1437.0, 12762.0], [1556.0, 1346.0, 12829.0], [1554.0, 1453.0, 12716.0], [1553.0, 1391.0, 12843.0], [1552.0, 1925.0, 12241.0], [1552.0, 1770.0, 12399.0], [1551.0, 1916.0, 12251.0], [1550.0, 1963.0, 12154.0], [1549.0, 1948.0, 12180.0], [1549.0, 1820.0, 12351.0], [1548.0, 1806.0, 12373.0], [1548.0, 1715.0, 12487.0], [1548.0, 1712.0, 12496.0], [1547.0, 1850.0, 12342.0], [1547.0, 1734.0, 12451.0], [1547.0, 1464.0, 12746.0], [1546.0, 1690.0, 12546.0], [1546.0, 1586.0, 12626.0], [1545.0, 1557.0, 12638.0], [1545.0, 1508.0, 12654.0], [1544.0, 1783.0, 12387.0], [1542.0, 1807.0, 12352.0], [1542.0, 1620.0, 12585.0], [1542.0, 1400.0, 12823.0], [1540.0, 1867.0, 12273.0], [1540.0, 1776.0, 12393.0], [1540.0, 1509.0, 12673.0], [1540.0, 1471.0, 12708.0], [1540.0, 1308.0, 12887.0], [1539.0, 1967.0, 12211.0], [1539.0, 1827.0, 12343.0], [1538.0, 1492.0, 12730.0], [1537.0, 1788.0, 12374.0], [1537.0, 1649.0, 12556.0], [1536.0, 1864.0, 12317.0], [1536.0, 1728.0, 12468.0], [1536.0, 1444.0, 12751.0], [1535.0, 1848.0, 12343.0], [1535.0, 1421.0, 12831.0], [1535.0, 1413.0, 12851.0], [1534.0, 1820.0, 12383.0], [1534.0, 1536.0, 12681.0], [1533.0, 1553.0, 12652.0], [1532.0, 1770.0, 12448.0], [1532.0, 1725.0, 12481.0], [1532.0, 1694.0, 12535.0], [1532.0, 1651.0, 12552.0], [1531.0, 1871.0, 12306.0], [1531.0, 1705.0, 12503.0], [1531.0, 1548.0, 12654.0], [1531.0, 1329.0, 12853.0], [1530.0, 2038.0, 12084.0], [1530.0, 1859.0, 12336.0], [1530.0, 1369.0, 12865.0], [1528.0, 1666.0, 12567.0], [1528.0, 1621.0, 12600.0], [1528.0, 1537.0, 12657.0], [1528.0, 1371.0, 12893.0], [1527.0, 1562.0, 12645.0], [1525.0, 1776.0, 12404.0], [1525.0, 1199.0, 12942.0], [1523.0, 1906.0, 12287.0], [1523.0, 1771.0, 12413.0], [1523.0, 1754.0, 12462.0], [1522.0, 1505.0, 12686.0], [1521.0, 1924.0, 12255.0], [1521.0, 1850.0, 12345.0], [1521.0, 1704.0, 12556.0], [1520.0, 1817.0, 12392.0], [1520.0, 1679.0, 12575.0], [1520.0, 1280.0, 12912.0], [1519.0, 1835.0, 12369.0], [1518.0, 1884.0, 12294.0], [1518.0, 1804.0, 12426.0], [1518.0, 1642.0, 12576.0], [1517.0, 1537.0, 12740.0], [1517.0, 1441.0, 12808.0], [1514.0, 1977.0, 12160.0], [1514.0, 1631.0, 12582.0], [1514.0, 1593.0, 12626.0], [1513.0, 1650.0, 12576.0], [1512.0, 1847.0, 12353.0], [1512.0, 1445.0, 12783.0], [1511.0, 1733.0, 12474.0], [1511.0, 1668.0, 12593.0], [1510.0, 1601.0, 12627.0], [1510.0, 1556.0, 12660.0], [1509.0, 1829.0, 12411.0], [1509.0, 1613.0, 12644.0], [1509.0, 1483.0, 12760.0], [1504.0, 1628.0, 12666.0], [1504.0, 1373.0, 12878.0], [1503.0, 1748.0, 12490.0], [1503.0, 1540.0, 12700.0], [1502.0, 1580.0, 12687.0], [1501.0, 1905.0, 12316.0], [1500.0, 1461.0, 12850.0], [1498.0, 1780.0, 12441.0], [1498.0, 1487.0, 12749.0], [1497.0, 1240.0, 12979.0], [1495.0, 1851.0, 12356.0], [1495.0, 1277.0, 12915.0], [1493.0, 1698.0, 12581.0], [1492.0, 1894.0, 12333.0], [1492.0, 1399.0, 12875.0], [1492.0, 1321.0, 12949.0], [1491.0, 2141.0, 11961.0], [1489.0, 1531.0, 12765.0], [1488.0, 1728.0, 12541.0], [1488.0, 1641.0, 12622.0], [1488.0, 1584.0, 12676.0], [1485.0, 1926.0, 12242.0], [1485.0, 1844.0, 12392.0], [1485.0, 1740.0, 12533.0], [1485.0, 1328.0, 12911.0], [1484.0, 1474.0, 12806.0], [1482.0, 1786.0, 12512.0], [1482.0, 1585.0, 12675.0], [1480.0, 1934.0, 12274.0], [1480.0, 1630.0, 12651.0], [1480.0, 1268.0, 13023.0], [1479.0, 1787.0, 12435.0], [1479.0, 1644.0, 12603.0], [1479.0, 1581.0, 12684.0], [1479.0, 1573.0, 12704.0], [1478.0, 1480.0, 12798.0], [1477.0, 1888.0, 12355.0], [1477.0, 1593.0, 12673.0], [1476.0, 1809.0, 12415.0], [1476.0, 1463.0, 12835.0], [1475.0, 1414.0, 12868.0], [1474.0, 1813.0, 12420.0], [1473.0, 1790.0, 12482.0], [1472.0, 1827.0, 12484.0], [1472.0, 1782.0, 12517.0], [1471.0, 1931.0, 12282.0], [1470.0, 1705.0, 12544.0], [1470.0, 1534.0, 12780.0], [1470.0, 1488.0, 12799.0], [1469.0, 2019.0, 12182.0], [1468.0, 1974.0, 12232.0], [1468.0, 1364.0, 12930.0], [1467.0, 1560.0, 12765.0], [1467.0, 1439.0, 12879.0], [1467.0, 1277.0, 12985.0], [1466.0, 1830.0, 12394.0], [1465.0, 1889.0, 12344.0], [1465.0, 1886.0, 12366.0], [1465.0, 1644.0, 12648.0], [1464.0, 1905.0, 12360.0], [1464.0, 1799.0, 12491.0], [1464.0, 1750.0, 12518.0], [1464.0, 1489.0, 12832.0], [1462.0, 1832.0, 12419.0], [1461.0, 1697.0, 12593.0], [1459.0, 1645.0, 12623.0], [1458.0, 1948.0, 12315.0], [1457.0, 1688.0, 12611.0], [1456.0, 1987.0, 12279.0], [1456.0, 1525.0, 12796.0], [1455.0, 1455.0, 12867.0], [1454.0, 1857.0, 12472.0], [1454.0, 1601.0, 12696.0], [1454.0, 1340.0, 12963.0], [1452.0, 1588.0, 12737.0], [1452.0, 1564.0, 12768.0], [1452.0, 1377.0, 12886.0], [1451.0, 1703.0, 12563.0], [1451.0, 1612.0, 12710.0], [1450.0, 1940.0, 12316.0], [1450.0, 1901.0, 12369.0], [1449.0, 1396.0, 12909.0], [1448.0, 1764.0, 12553.0], [1448.0, 1602.0, 12718.0], [1446.0, 1745.0, 12572.0], [1445.0, 1859.0, 12435.0], [1444.0, 1621.0, 12703.0], [1444.0, 1366.0, 12915.0], [1443.0, 1940.0, 12323.0], [1443.0, 1880.0, 12371.0], [1443.0, 1766.0, 12521.0], [1443.0, 1692.0, 12600.0], [1441.0, 2011.0, 12189.0], [1441.0, 1714.0, 12615.0], [1440.0, 1646.0, 12681.0], [1439.0, 1914.0, 12388.0], [1439.0, 1751.0, 12573.0], [1439.0, 1666.0, 12636.0], [1439.0, 1561.0, 12815.0], [1438.0, 1793.0, 12495.0], [1434.0, 2011.0, 12196.0], [1434.0, 1866.0, 12399.0], [1434.0, 1388.0, 12968.0], [1433.0, 1819.0, 12486.0], [1433.0, 1691.0, 12618.0], [1432.0, 1881.0, 12389.0], [1432.0, 1864.0, 12406.0], [1432.0, 1392.0, 12912.0], [1431.0, 1712.0, 12640.0], [1430.0, 1784.0, 12530.0], [1430.0, 1597.0, 12736.0], [1429.0, 1735.0, 12582.0], [1428.0, 1717.0, 12625.0], [1427.0, 1442.0, 12878.0], [1426.0, 1424.0, 12921.0], [1425.0, 1863.0, 12449.0], [1425.0, 1755.0, 12557.0], [1423.0, 1805.0, 12520.0], [1422.0, 1666.0, 12658.0], [1422.0, 1624.0, 12706.0], [1422.0, 1494.0, 12839.0], [1421.0, 1591.0, 12803.0], [1420.0, 1467.0, 12848.0], [1418.0, 1889.0, 12399.0], [1417.0, 1806.0, 12493.0], [1417.0, 1424.0, 12987.0], [1415.0, 1611.0, 12726.0], [1413.0, 1941.0, 12401.0], [1413.0, 1779.0, 12566.0], [1411.0, 1599.0, 12732.0], [1410.0, 1702.0, 12649.0], [1407.0, 1780.0, 12576.0], [1407.0, 1720.0, 12591.0], [1407.0, 1432.0, 12916.0], [1405.0, 1878.0, 12428.0], [1405.0, 1823.0, 12529.0], [1405.0, 1742.0, 12597.0], [1404.0, 1644.0, 12683.0], [1402.0, 1635.0, 12713.0], [1402.0, 1291.0, 13048.0], [1401.0, 1311.0, 12989.0], [1399.0, 1615.0, 12720.0], [1398.0, 1840.0, 12484.0], [1398.0, 1500.0, 12816.0], [1397.0, 1624.0, 12725.0], [1396.0, 1469.0, 12913.0], [1395.0, 1714.0, 12634.0], [1394.0, 1850.0, 12509.0], [1393.0, 1779.0, 12588.0], [1393.0, 1681.0, 12760.0], [1392.0, 1798.0, 12582.0], [1391.0, 1965.0, 12318.0], [1389.0, 1730.0, 12600.0], [1387.0, 1801.0, 12554.0], [1385.0, 1823.0, 12551.0], [1383.0, 1869.0, 12455.0], [1380.0, 1723.0, 12677.0], [1378.0, 1548.0, 12821.0], [1376.0, 1779.0, 12610.0], [1376.0, 1737.0, 12658.0], [1375.0, 1479.0, 12898.0], [1374.0, 1325.0, 12997.0], [1371.0, 1827.0, 12540.0], [1371.0, 1537.0, 12844.0], [1369.0, 1829.0, 12566.0], [1368.0, 1878.0, 12472.0], [1368.0, 1798.0, 12589.0], [1368.0, 1781.0, 12621.0], [1367.0, 1523.0, 12861.0], [1362.0, 1898.0, 12413.0], [1361.0, 1584.0, 12840.0], [1359.0, 1852.0, 12494.0], [1356.0, 1558.0, 12858.0], [1355.0, 2043.0, 12079.0], [1355.0, 1619.0, 12768.0], [1353.0, 1890.0, 12497.0], [1350.0, 1801.0, 12598.0], [1350.0, 1559.0, 12880.0], [1344.0, 1972.0, 12356.0], [1344.0, 1844.0, 12525.0], [1344.0, 1689.0, 12683.0], [1344.0, 1499.0, 12901.0], [1342.0, 1483.0, 12913.0], [1339.0, 1440.0, 12924.0], [1336.0, 1964.0, 12357.0], [1336.0, 1925.0, 12410.0], [1336.0, 1684.0, 12701.0], [1335.0, 1426.0, 12941.0], [1332.0, 1865.0, 12508.0], [1332.0, 1601.0, 12780.0], [1327.0, 2035.0, 12086.0], [1327.0, 1846.0, 12554.0], [1326.0, 1938.0, 12440.0], [1325.0, 1854.0, 12543.0], [1325.0, 1730.0, 12660.0], [1324.0, 1762.0, 12644.0], [1324.0, 1607.0, 12802.0], [1321.0, 1636.0, 12813.0], [1320.0, 1756.0, 12674.0], [1318.0, 1713.0, 12680.0], [1317.0, 1623.0, 12822.0], [1315.0, 1697.0, 12697.0], [1312.0, 1707.0, 12686.0], [1310.0, 1671.0, 12810.0], [1309.0, 1818.0, 12650.0], [1306.0, 1703.0, 12735.0], [1304.0, 1834.0, 12667.0], [1304.0, 1679.0, 12825.0], [1304.0, 1672.0, 12832.0], [1303.0, 1710.0, 12712.0], [1301.0, 1862.0, 12613.0], [1296.0, 1771.0, 12694.0], [1296.0, 1716.0, 12795.0], [1296.0, 1596.0, 12865.0], [1295.0, 1905.0, 12540.0], [1295.0, 1743.0, 12705.0], [1289.0, 1546.0, 12886.0], [1289.0, 1539.0, 12893.0], [1287.0, 1787.0, 12668.0], [1278.0, 1694.0, 12820.0], [1272.0, 1737.0, 12747.0], [1272.0, 1582.0, 12905.0], [1270.0, 1618.0, 12853.0], [1264.0, 1619.0, 12875.0], [1239.0, 1914.0, 12538.0], [1218.0, 1739.0, 12820.0]]
