heur = true
LBS_limit = 3
preproc = 1
tight_root = 0
total_time = 1800.0
NDP = 647
total_nodes = 87585
pruned_nodes = 43777
pruned_dominance_nodes = 15531
heur_time = 0.32
Y_N = Any[[6721.0, 4346.0, 3121.0], [6717.0, 4274.0, 3268.0], [6714.0, 4291.0, 3218.0], [6686.0, 4300.0, 3136.0], [6676.0, 4369.0, 3280.0], [6671.0, 4475.0, 3101.0], [6671.0, 4373.0, 3141.0], [6668.0, 4412.0, 3199.0], [6665.0, 4476.0, 3080.0], [6661.0, 4452.0, 3181.0], [6660.0, 4452.0, 3206.0], [6656.0, 4516.0, 3024.0], [6656.0, 4478.0, 3097.0], [6655.0, 4459.0, 3148.0], [6654.0, 4499.0, 3104.0], [6652.0, 4305.0, 3301.0], [6649.0, 4295.0, 3309.0], [6646.0, 4456.0, 3179.0], [6645.0, 4536.0, 2987.0], [6645.0, 4472.0, 3125.0], [6645.0, 4462.0, 3172.0], [6645.0, 4422.0, 3280.0], [6643.0, 4479.0, 3110.0], [6642.0, 4452.0, 3212.0], [6641.0, 4428.0, 3217.0], [6638.0, 4471.0, 3199.0], [6637.0, 4509.0, 3077.0], [6635.0, 4528.0, 3219.0], [6635.0, 4408.0, 3297.0], [6631.0, 4340.0, 3309.0], [6630.0, 4563.0, 3060.0], [6630.0, 4430.0, 3254.0], [6627.0, 4453.0, 3242.0], [6625.0, 4537.0, 3061.0], [6625.0, 4415.0, 3289.0], [6620.0, 4448.0, 3257.0], [6619.0, 4576.0, 3102.0], [6619.0, 4487.0, 3264.0], [6618.0, 4213.0, 3356.0], [6616.0, 4549.0, 3214.0], [6615.0, 4450.0, 3308.0], [6612.0, 4416.0, 3319.0], [6603.0, 4553.0, 3119.0], [6603.0, 4476.0, 3329.0], [6603.0, 4327.0, 3334.0], [6602.0, 4207.0, 3363.0], [6601.0, 4567.0, 3120.0], [6598.0, 4343.0, 3415.0], [6597.0, 4638.0, 3051.0], [6597.0, 4506.0, 3222.0], [6596.0, 4578.0, 3146.0], [6596.0, 4517.0, 3249.0], [6596.0, 4345.0, 3372.0], [6595.0, 4594.0, 3057.0], [6594.0, 4547.0, 3219.0], [6593.0, 4496.0, 3276.0], [6593.0, 4383.0, 3331.0], [6592.0, 4538.0, 3254.0], [6591.0, 4599.0, 3062.0], [6590.0, 4597.0, 3232.0], [6589.0, 4545.0, 3242.0], [6586.0, 4447.0, 3342.0], [6585.0, 4506.0, 3303.0], [6583.0, 4536.0, 3258.0], [6583.0, 4356.0, 3394.0], [6582.0, 4410.0, 3360.0], [6579.0, 4500.0, 3320.0], [6578.0, 4608.0, 3107.0], [6577.0, 4616.0, 3119.0], [6577.0, 4425.0, 3362.0], [6575.0, 4632.0, 3172.0], [6573.0, 4578.0, 3237.0], [6572.0, 4518.0, 3259.0], [6571.0, 4654.0, 3016.0], [6567.0, 4434.0, 3369.0], [6566.0, 4553.0, 3269.0], [6564.0, 4548.0, 3281.0], [6564.0, 4476.0, 3355.0], [6561.0, 4528.0, 3300.0], [6560.0, 4590.0, 3287.0], [6559.0, 4731.0, 2969.0], [6559.0, 4485.0, 3323.0], [6558.0, 4543.0, 3335.0], [6557.0, 4553.0, 3295.0], [6557.0, 4446.0, 3379.0], [6556.0, 4671.0, 3027.0], [6556.0, 4384.0, 3381.0], [6555.0, 4635.0, 3093.0], [6555.0, 4634.0, 3097.0], [6555.0, 4605.0, 3265.0], [6554.0, 4683.0, 3053.0], [6553.0, 4704.0, 2996.0], [6553.0, 4546.0, 3318.0], [6549.0, 4657.0, 3094.0], [6548.0, 4635.0, 3157.0], [6547.0, 4371.0, 3413.0], [6546.0, 4607.0, 3205.0], [6545.0, 4671.0, 3080.0], [6545.0, 4663.0, 3124.0], [6543.0, 4706.0, 3007.0], [6542.0, 4527.0, 3337.0], [6541.0, 4672.0, 3055.0], [6541.0, 4641.0, 3159.0], [6540.0, 4617.0, 3178.0], [6539.0, 4639.0, 3162.0], [6539.0, 4614.0, 3186.0], [6536.0, 4690.0, 3091.0], [6536.0, 4489.0, 3362.0], [6535.0, 4618.0, 3180.0], [6534.0, 4626.0, 3236.0], [6533.0, 4654.0, 3152.0], [6532.0, 4674.0, 3096.0], [6532.0, 4643.0, 3179.0], [6532.0, 4641.0, 3205.0], [6532.0, 4427.0, 3410.0], [6530.0, 4670.0, 3104.0], [6530.0, 4492.0, 3347.0], [6529.0, 4714.0, 3090.0], [6529.0, 4599.0, 3308.0], [6529.0, 4570.0, 3313.0], [6529.0, 4541.0, 3366.0], [6528.0, 4683.0, 3124.0], [6528.0, 4552.0, 3347.0], [6526.0, 4717.0, 3082.0], [6526.0, 4587.0, 3335.0], [6523.0, 4669.0, 3146.0], [6523.0, 4666.0, 3200.0], [6523.0, 4634.0, 3262.0], [6522.0, 4675.0, 3188.0], [6521.0, 4683.0, 3155.0], [6518.0, 4729.0, 3025.0], [6517.0, 4699.0, 3123.0], [6516.0, 4706.0, 3127.0], [6516.0, 4649.0, 3216.0], [6515.0, 4651.0, 3259.0], [6515.0, 4500.0, 3411.0], [6514.0, 4599.0, 3330.0], [6512.0, 4758.0, 2970.0], [6511.0, 4750.0, 3010.0], [6511.0, 4711.0, 3120.0], [6511.0, 4600.0, 3355.0], [6511.0, 4562.0, 3376.0], [6510.0, 4755.0, 3011.0], [6509.0, 4721.0, 3037.0], [6508.0, 4714.0, 3207.0], [6507.0, 4738.0, 3063.0], [6507.0, 4500.0, 3422.0], [6505.0, 4628.0, 3269.0], [6505.0, 4615.0, 3278.0], [6504.0, 4733.0, 3078.0], [6502.0, 4773.0, 2993.0], [6502.0, 4706.0, 3212.0], [6502.0, 4566.0, 3370.0], [6501.0, 4635.0, 3266.0], [6501.0, 4627.0, 3336.0], [6500.0, 4757.0, 3010.0], [6498.0, 4775.0, 2981.0], [6498.0, 4630.0, 3395.0], [6498.0, 4508.0, 3400.0], [6497.0, 4744.0, 3104.0], [6496.0, 4758.0, 2999.0], [6495.0, 4464.0, 3480.0], [6494.0, 4642.0, 3272.0], [6493.0, 4731.0, 3135.0], [6493.0, 4646.0, 3264.0], [6490.0, 4756.0, 3027.0], [6487.0, 4770.0, 3055.0], [6487.0, 4695.0, 3245.0], [6487.0, 4655.0, 3269.0], [6485.0, 4773.0, 3058.0], [6485.0, 4704.0, 3218.0], [6485.0, 4669.0, 3285.0], [6484.0, 4776.0, 2906.0], [6484.0, 4747.0, 3104.0], [6483.0, 4719.0, 3152.0], [6483.0, 4687.0, 3272.0], [6481.0, 4831.0, 2958.0], [6479.0, 4791.0, 3013.0], [6479.0, 4741.0, 3127.0], [6479.0, 4736.0, 3164.0], [6477.0, 4634.0, 3291.0], [6476.0, 4779.0, 3065.0], [6476.0, 4741.0, 3174.0], [6473.0, 4742.0, 3130.0], [6473.0, 4646.0, 3362.0], [6471.0, 4712.0, 3227.0], [6471.0, 4581.0, 3461.0], [6469.0, 4786.0, 3032.0], [6469.0, 4751.0, 3082.0], [6469.0, 4728.0, 3195.0], [6467.0, 4798.0, 3042.0], [6466.0, 4747.0, 3182.0], [6466.0, 4698.0, 3237.0], [6464.0, 4817.0, 2979.0], [6464.0, 4694.0, 3264.0], [6464.0, 4659.0, 3317.0], [6463.0, 4783.0, 3081.0], [6463.0, 4726.0, 3216.0], [6462.0, 4755.0, 3184.0], [6462.0, 4695.0, 3337.0], [6462.0, 4610.0, 3441.0], [6461.0, 4782.0, 3099.0], [6460.0, 4764.0, 3155.0], [6459.0, 4791.0, 3148.0], [6459.0, 4765.0, 3182.0], [6459.0, 4741.0, 3205.0], [6458.0, 4726.0, 3259.0], [6457.0, 4873.0, 2895.0], [6457.0, 4698.0, 3264.0], [6456.0, 4637.0, 3369.0], [6455.0, 4825.0, 3001.0], [6454.0, 4827.0, 3008.0], [6454.0, 4805.0, 3147.0], [6454.0, 4718.0, 3266.0], [6454.0, 4453.0, 3487.0], [6453.0, 4768.0, 3171.0], [6453.0, 4726.0, 3286.0], [6452.0, 4768.0, 3193.0], [6451.0, 4775.0, 3169.0], [6449.0, 4649.0, 3343.0], [6448.0, 4865.0, 3028.0], [6448.0, 4729.0, 3308.0], [6445.0, 4870.0, 3010.0], [6444.0, 4855.0, 3040.0], [6443.0, 4706.0, 3314.0], [6442.0, 4829.0, 3101.0], [6440.0, 4801.0, 3219.0], [6437.0, 4743.0, 3247.0], [6437.0, 4642.0, 3368.0], [6436.0, 4821.0, 3130.0], [6433.0, 4807.0, 3193.0], [6429.0, 4874.0, 3011.0], [6429.0, 4664.0, 3354.0], [6427.0, 4675.0, 3351.0], [6426.0, 4822.0, 3132.0], [6426.0, 4735.0, 3248.0], [6425.0, 4883.0, 2905.0], [6425.0, 4856.0, 3036.0], [6425.0, 4832.0, 3100.0], [6425.0, 4542.0, 3515.0], [6424.0, 4809.0, 3185.0], [6424.0, 4643.0, 3373.0], [6422.0, 4844.0, 3074.0], [6421.0, 4676.0, 3398.0], [6420.0, 4881.0, 2921.0], [6420.0, 4762.0, 3236.0], [6420.0, 4739.0, 3285.0], [6419.0, 4711.0, 3316.0], [6416.0, 4703.0, 3326.0], [6415.0, 4880.0, 2947.0], [6415.0, 4855.0, 3090.0], [6415.0, 4826.0, 3143.0], [6415.0, 4768.0, 3231.0], [6413.0, 4819.0, 3214.0], [6413.0, 4760.0, 3245.0], [6413.0, 4744.0, 3262.0], [6411.0, 4688.0, 3339.0], [6410.0, 4896.0, 2910.0], [6409.0, 4861.0, 3147.0], [6408.0, 4905.0, 2845.0], [6408.0, 4741.0, 3296.0], [6408.0, 4723.0, 3339.0], [6407.0, 4941.0, 2946.0], [6405.0, 4938.0, 2965.0], [6405.0, 4898.0, 3105.0], [6405.0, 4786.0, 3274.0], [6405.0, 4689.0, 3357.0], [6404.0, 4848.0, 3196.0], [6404.0, 4615.0, 3487.0], [6402.0, 4906.0, 3018.0], [6402.0, 4802.0, 3250.0], [6402.0, 4765.0, 3322.0], [6402.0, 4634.0, 3409.0], [6401.0, 4632.0, 3430.0], [6399.0, 4786.0, 3279.0], [6398.0, 4868.0, 3129.0], [6396.0, 4806.0, 3223.0], [6396.0, 4736.0, 3353.0], [6393.0, 4774.0, 3290.0], [6392.0, 4678.0, 3382.0], [6392.0, 4649.0, 3411.0], [6391.0, 4743.0, 3353.0], [6391.0, 4723.0, 3408.0], [6387.0, 4875.0, 3121.0], [6387.0, 4764.0, 3349.0], [6386.0, 4908.0, 3039.0], [6386.0, 4880.0, 3165.0], [6386.0, 4779.0, 3286.0], [6383.0, 4846.0, 3227.0], [6383.0, 4816.0, 3251.0], [6382.0, 4961.0, 2911.0], [6381.0, 4981.0, 2873.0], [6381.0, 4908.0, 3058.0], [6381.0, 4827.0, 3248.0], [6381.0, 4814.0, 3275.0], [6381.0, 4772.0, 3299.0], [6379.0, 4963.0, 2875.0], [6379.0, 4681.0, 3440.0], [6378.0, 4947.0, 2955.0], [6378.0, 4750.0, 3464.0], [6377.0, 4829.0, 3235.0], [6376.0, 4927.0, 3052.0], [6376.0, 4828.0, 3247.0], [6375.0, 4955.0, 2980.0], [6375.0, 4625.0, 3489.0], [6374.0, 4393.0, 3518.0], [6373.0, 4928.0, 3039.0], [6372.0, 4994.0, 2926.0], [6370.0, 4951.0, 2991.0], [6369.0, 4912.0, 3128.0], [6369.0, 4833.0, 3245.0], [6368.0, 4930.0, 3117.0], [6367.0, 4954.0, 3052.0], [6367.0, 4873.0, 3262.0], [6367.0, 4790.0, 3332.0], [6362.0, 4884.0, 3246.0], [6361.0, 5016.0, 2869.0], [6361.0, 4970.0, 2969.0], [6360.0, 4837.0, 3274.0], [6359.0, 4768.0, 3349.0], [6357.0, 4939.0, 3057.0], [6357.0, 4819.0, 3275.0], [6357.0, 4798.0, 3294.0], [6356.0, 4887.0, 3162.0], [6355.0, 4941.0, 3116.0], [6353.0, 4978.0, 3034.0], [6353.0, 4918.0, 3151.0], [6353.0, 4871.0, 3273.0], [6351.0, 4942.0, 3081.0], [6351.0, 4889.0, 3163.0], [6351.0, 4621.0, 3504.0], [6350.0, 4878.0, 3270.0], [6347.0, 4926.0, 3119.0], [6347.0, 4916.0, 3203.0], [6347.0, 4842.0, 3305.0], [6345.0, 4950.0, 3062.0], [6345.0, 4843.0, 3274.0], [6345.0, 4830.0, 3324.0], [6343.0, 4772.0, 3334.0], [6341.0, 5040.0, 2922.0], [6340.0, 4754.0, 3357.0], [6338.0, 4922.0, 3144.0], [6338.0, 4789.0, 3385.0], [6337.0, 4992.0, 2939.0], [6337.0, 4929.0, 3164.0], [6334.0, 4917.0, 3199.0], [6334.0, 4865.0, 3287.0], [6333.0, 4753.0, 3396.0], [6332.0, 4832.0, 3339.0], [6331.0, 4880.0, 3262.0], [6330.0, 5003.0, 3022.0], [6330.0, 5000.0, 3037.0], [6330.0, 4950.0, 3078.0], [6329.0, 5009.0, 2991.0], [6329.0, 4943.0, 3176.0], [6328.0, 4959.0, 3236.0], [6327.0, 4974.0, 3040.0], [6325.0, 4972.0, 3216.0], [6325.0, 4896.0, 3248.0], [6325.0, 4761.0, 3410.0], [6323.0, 5022.0, 2931.0], [6323.0, 4751.0, 3423.0], [6322.0, 4977.0, 3061.0], [6322.0, 4816.0, 3344.0], [6321.0, 4893.0, 3311.0], [6321.0, 4815.0, 3363.0], [6319.0, 5008.0, 3000.0], [6316.0, 4980.0, 3041.0], [6314.0, 4979.0, 3107.0], [6314.0, 4897.0, 3248.0], [6313.0, 4702.0, 3490.0], [6311.0, 4839.0, 3320.0], [6311.0, 4744.0, 3469.0], [6311.0, 4634.0, 3549.0], [6309.0, 5008.0, 3032.0], [6309.0, 4863.0, 3337.0], [6309.0, 4770.0, 3388.0], [6308.0, 4985.0, 3057.0], [6307.0, 4998.0, 3055.0], [6307.0, 4769.0, 3413.0], [6306.0, 4986.0, 3141.0], [6305.0, 4812.0, 3401.0], [6304.0, 5044.0, 3138.0], [6304.0, 4848.0, 3350.0], [6303.0, 4892.0, 3314.0], [6300.0, 5061.0, 2947.0], [6299.0, 4994.0, 3151.0], [6299.0, 4822.0, 3360.0], [6298.0, 5077.0, 2994.0], [6298.0, 4899.0, 3272.0], [6297.0, 4803.0, 3403.0], [6296.0, 4875.0, 3329.0], [6296.0, 4835.0, 3388.0], [6295.0, 5095.0, 2906.0], [6295.0, 4853.0, 3377.0], [6293.0, 4787.0, 3426.0], [6291.0, 5093.0, 2911.0], [6291.0, 4915.0, 3263.0], [6291.0, 4850.0, 3393.0], [6289.0, 5062.0, 3002.0], [6287.0, 4974.0, 3182.0], [6286.0, 4983.0, 3238.0], [6286.0, 4890.0, 3343.0], [6285.0, 5000.0, 3152.0], [6284.0, 4992.0, 3176.0], [6284.0, 4726.0, 3478.0], [6282.0, 5001.0, 3225.0], [6282.0, 4938.0, 3249.0], [6282.0, 4922.0, 3254.0], [6279.0, 4907.0, 3277.0], [6278.0, 4911.0, 3281.0], [6277.0, 4950.0, 3271.0], [6276.0, 5047.0, 3100.0], [6276.0, 4893.0, 3321.0], [6275.0, 5011.0, 3193.0], [6275.0, 4901.0, 3291.0], [6275.0, 4855.0, 3375.0], [6273.0, 4943.0, 3285.0], [6272.0, 5048.0, 3094.0], [6272.0, 4904.0, 3303.0], [6272.0, 4780.0, 3455.0], [6271.0, 4898.0, 3357.0], [6271.0, 4877.0, 3378.0], [6270.0, 4811.0, 3420.0], [6268.0, 5081.0, 3147.0], [6266.0, 4947.0, 3303.0], [6265.0, 4813.0, 3398.0], [6264.0, 4980.0, 3264.0], [6264.0, 4954.0, 3301.0], [6259.0, 5092.0, 2912.0], [6259.0, 4958.0, 3311.0], [6259.0, 4928.0, 3332.0], [6256.0, 4981.0, 3256.0], [6255.0, 5005.0, 3256.0], [6255.0, 4880.0, 3361.0], [6253.0, 4860.0, 3391.0], [6253.0, 4854.0, 3403.0], [6251.0, 5015.0, 3162.0], [6250.0, 5098.0, 2750.0], [6250.0, 4910.0, 3335.0], [6249.0, 5123.0, 2840.0], [6249.0, 4986.0, 3270.0], [6248.0, 5104.0, 3053.0], [6248.0, 4863.0, 3400.0], [6247.0, 4897.0, 3368.0], [6246.0, 4842.0, 3404.0], [6245.0, 4909.0, 3340.0], [6243.0, 5121.0, 2887.0], [6243.0, 4934.0, 3328.0], [6241.0, 5121.0, 3106.0], [6241.0, 4976.0, 3308.0], [6241.0, 4913.0, 3360.0], [6240.0, 5025.0, 3156.0], [6240.0, 4883.0, 3381.0], [6240.0, 4858.0, 3486.0], [6239.0, 5024.0, 3168.0], [6238.0, 5018.0, 3253.0], [6237.0, 5050.0, 3179.0], [6237.0, 5046.0, 3197.0], [6237.0, 5038.0, 3218.0], [6237.0, 4936.0, 3323.0], [6237.0, 4916.0, 3425.0], [6236.0, 5132.0, 2787.0], [6236.0, 5058.0, 3158.0], [6231.0, 5136.0, 2895.0], [6231.0, 4987.0, 3287.0], [6229.0, 5186.0, 2895.0], [6228.0, 5007.0, 3262.0], [6226.0, 5017.0, 3294.0], [6225.0, 4940.0, 3317.0], [6223.0, 5088.0, 3120.0], [6223.0, 5063.0, 3194.0], [6223.0, 5047.0, 3264.0], [6222.0, 4960.0, 3339.0], [6222.0, 4922.0, 3363.0], [6221.0, 5126.0, 3072.0], [6220.0, 5160.0, 2977.0], [6219.0, 4923.0, 3368.0], [6217.0, 5168.0, 3093.0], [6217.0, 4927.0, 3371.0], [6214.0, 4950.0, 3365.0], [6214.0, 4945.0, 3374.0], [6210.0, 5143.0, 3110.0], [6210.0, 5082.0, 3121.0], [6205.0, 5030.0, 3273.0], [6204.0, 5065.0, 3225.0], [6204.0, 4968.0, 3358.0], [6203.0, 4996.0, 3364.0], [6203.0, 4950.0, 3379.0], [6203.0, 4861.0, 3474.0], [6202.0, 5108.0, 3136.0], [6201.0, 5089.0, 3196.0], [6200.0, 5088.0, 3230.0], [6197.0, 5035.0, 3322.0], [6196.0, 5069.0, 3256.0], [6192.0, 5124.0, 3118.0], [6191.0, 5092.0, 3152.0], [6191.0, 5061.0, 3272.0], [6189.0, 5007.0, 3347.0], [6188.0, 5115.0, 3131.0], [6187.0, 5189.0, 3008.0], [6187.0, 5101.0, 3170.0], [6186.0, 5130.0, 3176.0], [6186.0, 5070.0, 3274.0], [6185.0, 5009.0, 3354.0], [6184.0, 4978.0, 3387.0], [6183.0, 5045.0, 3297.0], [6183.0, 4995.0, 3399.0], [6182.0, 4874.0, 3445.0], [6181.0, 5099.0, 3191.0], [6181.0, 4651.0, 3530.0], [6178.0, 5143.0, 3116.0], [6177.0, 5141.0, 3214.0], [6176.0, 5012.0, 3342.0], [6175.0, 5217.0, 3026.0], [6175.0, 5054.0, 3372.0], [6174.0, 5150.0, 3110.0], [6172.0, 5071.0, 3243.0], [6170.0, 5180.0, 3123.0], [6170.0, 5079.0, 3233.0], [6169.0, 5058.0, 3277.0], [6169.0, 4893.0, 3453.0], [6167.0, 5150.0, 3124.0], [6167.0, 5147.0, 3162.0], [6164.0, 4936.0, 3431.0], [6163.0, 5225.0, 2824.0], [6163.0, 5096.0, 3215.0], [6160.0, 5201.0, 3034.0], [6160.0, 5164.0, 3203.0], [6158.0, 5083.0, 3264.0], [6156.0, 5124.0, 3216.0], [6155.0, 5062.0, 3307.0], [6152.0, 5135.0, 3279.0], [6151.0, 5249.0, 3003.0], [6150.0, 5184.0, 3089.0], [6150.0, 5150.0, 3262.0], [6147.0, 5203.0, 3177.0], [6146.0, 5102.0, 3285.0], [6145.0, 5205.0, 3081.0], [6141.0, 4953.0, 3445.0], [6140.0, 5208.0, 3059.0], [6137.0, 4998.0, 3374.0], [6137.0, 4959.0, 3414.0], [6136.0, 5083.0, 3314.0], [6134.0, 5169.0, 3209.0], [6134.0, 5112.0, 3317.0], [6134.0, 4969.0, 3410.0], [6134.0, 4961.0, 3441.0], [6133.0, 5254.0, 2838.0], [6132.0, 4999.0, 3392.0], [6127.0, 5216.0, 3046.0], [6125.0, 5141.0, 3266.0], [6122.0, 5177.0, 3180.0], [6122.0, 5093.0, 3382.0], [6118.0, 5204.0, 3166.0], [6117.0, 5266.0, 3030.0], [6112.0, 5157.0, 3214.0], [6111.0, 5268.0, 2950.0], [6111.0, 5241.0, 3038.0], [6111.0, 5156.0, 3226.0], [6110.0, 5099.0, 3369.0], [6108.0, 5170.0, 3198.0], [6107.0, 5238.0, 3114.0], [6106.0, 5103.0, 3354.0], [6103.0, 5180.0, 3229.0], [6101.0, 5215.0, 3144.0], [6101.0, 5105.0, 3349.0], [6099.0, 5151.0, 3317.0], [6098.0, 5185.0, 3211.0], [6098.0, 4988.0, 3465.0], [6097.0, 5228.0, 3163.0], [6096.0, 5170.0, 3250.0], [6095.0, 5191.0, 3236.0], [6094.0, 5169.0, 3290.0], [6092.0, 5295.0, 2868.0], [6091.0, 5254.0, 3135.0], [6091.0, 5206.0, 3194.0], [6089.0, 5190.0, 3293.0], [6086.0, 5208.0, 3191.0], [6085.0, 5272.0, 2932.0], [6085.0, 5122.0, 3394.0], [6085.0, 5101.0, 3398.0], [6081.0, 5199.0, 3218.0], [6078.0, 5261.0, 3056.0], [6075.0, 5284.0, 3074.0], [6075.0, 5210.0, 3172.0], [6075.0, 5203.0, 3256.0], [6073.0, 5127.0, 3333.0], [6069.0, 5296.0, 2980.0], [6067.0, 5229.0, 3208.0], [6067.0, 5142.0, 3324.0], [6065.0, 5213.0, 3274.0], [6063.0, 5279.0, 3114.0], [6063.0, 5150.0, 3325.0], [6063.0, 5070.0, 3443.0], [6062.0, 5312.0, 2978.0], [6060.0, 4836.0, 3504.0], [6054.0, 5191.0, 3280.0], [6053.0, 5305.0, 3042.0], [6052.0, 5283.0, 3212.0], [6047.0, 5218.0, 3247.0], [6046.0, 5126.0, 3342.0], [6045.0, 5154.0, 3316.0], [6043.0, 5238.0, 3216.0], [6042.0, 5294.0, 3053.0], [6042.0, 5131.0, 3333.0], [6040.0, 5214.0, 3324.0], [6040.0, 5124.0, 3386.0], [6037.0, 5345.0, 3012.0], [6034.0, 5224.0, 3245.0], [6032.0, 5188.0, 3351.0], [6029.0, 5229.0, 3276.0], [6028.0, 5290.0, 3085.0], [6026.0, 5293.0, 3070.0], [6025.0, 5314.0, 3015.0], [6023.0, 5297.0, 3089.0], [6020.0, 5314.0, 3096.0], [6019.0, 5234.0, 3220.0], [6011.0, 5242.0, 3263.0], [6009.0, 5138.0, 3380.0], [6001.0, 5241.0, 3331.0], [6000.0, 5320.0, 3096.0], [5995.0, 5356.0, 2845.0], [5993.0, 5286.0, 3270.0], [5991.0, 5353.0, 3044.0], [5988.0, 5340.0, 3184.0], [5985.0, 5359.0, 3091.0], [5982.0, 5348.0, 3132.0], [5981.0, 5310.0, 3202.0], [5976.0, 5303.0, 3279.0], [5962.0, 5306.0, 3209.0], [5960.0, 5351.0, 3153.0], [5957.0, 5313.0, 3255.0], [5955.0, 5248.0, 3312.0], [5954.0, 5365.0, 3208.0], [5954.0, 5263.0, 3299.0], [5951.0, 5375.0, 3066.0], [5940.0, 5376.0, 3029.0], [5928.0, 5384.0, 3149.0], [5918.0, 5414.0, 3059.0], [5918.0, 5373.0, 3255.0], [5917.0, 5389.0, 3125.0], [5907.0, 5412.0, 3175.0], [5900.0, 5416.0, 3005.0], [5893.0, 5321.0, 3290.0], [5866.0, 5418.0, 3045.0], [5862.0, 5346.0, 3258.0]]
