heur = true
LBS_limit = 3
preproc = 1
tight_root = 0
total_time = 2.34
NDP = 100
total_nodes = 1205
pruned_nodes = 603
pruned_dominance_nodes = 29
heur_time = 0.12
Y_N = Any[[655.0, 339.0, 404.0], [634.0, 275.0, 479.0], [627.0, 383.0, 397.0], [625.0, 440.0, 327.0], [625.0, 392.0, 341.0], [616.0, 265.0, 512.0], [608.0, 210.0, 531.0], [606.0, 209.0, 586.0], [600.0, 395.0, 407.0], [597.0, 267.0, 507.0], [596.0, 351.0, 460.0], [594.0, 428.0, 406.0], [593.0, 364.0, 436.0], [591.0, 229.0, 588.0], [580.0, 347.0, 507.0], [579.0, 479.0, 320.0], [577.0, 230.0, 523.0], [574.0, 435.0, 399.0], [569.0, 427.0, 450.0], [568.0, 520.0, 354.0], [566.0, 429.0, 432.0], [566.0, 360.0, 454.0], [565.0, 480.0, 381.0], [565.0, 323.0, 517.0], [560.0, 385.0, 467.0], [559.0, 402.0, 489.0], [558.0, 276.0, 565.0], [557.0, 434.0, 411.0], [549.0, 297.0, 535.0], [545.0, 291.0, 556.0], [545.0, 248.0, 577.0], [544.0, 345.0, 508.0], [543.0, 420.0, 456.0], [542.0, 350.0, 535.0], [540.0, 431.0, 415.0], [539.0, 354.0, 509.0], [538.0, 463.0, 389.0], [538.0, 301.0, 561.0], [537.0, 398.0, 496.0], [537.0, 307.0, 561.0], [536.0, 472.0, 437.0], [535.0, 363.0, 498.0], [535.0, 254.0, 569.0], [534.0, 341.0, 559.0], [532.0, 434.0, 483.0], [530.0, 268.0, 579.0], [529.0, 400.0, 518.0], [528.0, 552.0, 338.0], [525.0, 478.0, 390.0], [525.0, 438.0, 470.0], [523.0, 386.0, 528.0], [523.0, 365.0, 541.0], [521.0, 323.0, 608.0], [520.0, 349.0, 563.0], [519.0, 335.0, 577.0], [516.0, 274.0, 632.0], [515.0, 388.0, 523.0], [515.0, 365.0, 552.0], [513.0, 414.0, 549.0], [509.0, 361.0, 583.0], [508.0, 470.0, 463.0], [508.0, 296.0, 625.0], [505.0, 348.0, 587.0], [504.0, 453.0, 481.0], [499.0, 424.0, 508.0], [498.0, 318.0, 661.0], [496.0, 207.0, 696.0], [493.0, 283.0, 680.0], [493.0, 246.0, 702.0], [489.0, 466.0, 466.0], [489.0, 378.0, 579.0], [489.0, 356.0, 593.0], [482.0, 340.0, 657.0], [481.0, 433.0, 503.0], [480.0, 395.0, 552.0], [479.0, 397.0, 558.0], [479.0, 382.0, 565.0], [478.0, 431.0, 519.0], [467.0, 352.0, 623.0], [464.0, 439.0, 526.0], [459.0, 501.0, 420.0], [454.0, 485.0, 423.0], [454.0, 364.0, 609.0], [450.0, 378.0, 588.0], [442.0, 255.0, 689.0], [439.0, 448.0, 519.0], [438.0, 253.0, 695.0], [437.0, 365.0, 627.0], [434.0, 290.0, 682.0], [425.0, 335.0, 685.0], [417.0, 384.0, 636.0], [413.0, 417.0, 573.0], [412.0, 329.0, 689.0], [409.0, 434.0, 587.0], [404.0, 374.0, 670.0], [397.0, 434.0, 632.0], [393.0, 384.0, 639.0], [380.0, 346.0, 738.0], [356.0, 385.0, 745.0], [338.0, 406.0, 659.0]]
