heur = true
LBS_limit = 3
preproc = 1
tight_root = 0
total_time = 1800.21
NDP = 1016
total_nodes = 44083
pruned_nodes = 22030
pruned_dominance_nodes = 8212
heur_time = 0.26
Y_N = Any[[2334.0, 1554.0, 6579.0], [2316.0, 1631.0, 6362.0], [2311.0, 1717.0, 6325.0], [2301.0, 1446.0, 6704.0], [2287.0, 1353.0, 6787.0], [2280.0, 1358.0, 6873.0], [2278.0, 1447.0, 6656.0], [2273.0, 1436.0, 6779.0], [2270.0, 1582.0, 6631.0], [2267.0, 1365.0, 6821.0], [2260.0, 1518.0, 6664.0], [2259.0, 1626.0, 6576.0], [2255.0, 1278.0, 6943.0], [2244.0, 1528.0, 6709.0], [2239.0, 1656.0, 6608.0], [2239.0, 1348.0, 6900.0], [2237.0, 1681.0, 6410.0], [2233.0, 1398.0, 6787.0], [2227.0, 1474.0, 6810.0], [2223.0, 1586.0, 6709.0], [2223.0, 1381.0, 6947.0], [2217.0, 1659.0, 6501.0], [2216.0, 1452.0, 6857.0], [2215.0, 1517.0, 6789.0], [2207.0, 1224.0, 7084.0], [2206.0, 1703.0, 6446.0], [2205.0, 1446.0, 6872.0], [2203.0, 1579.0, 6721.0], [2198.0, 1661.0, 6505.0], [2197.0, 1423.0, 6903.0], [2196.0, 1486.0, 6870.0], [2193.0, 1298.0, 6991.0], [2192.0, 1680.0, 6677.0], [2192.0, 1354.0, 7007.0], [2191.0, 1587.0, 6706.0], [2190.0, 1408.0, 6949.0], [2187.0, 1230.0, 7026.0], [2186.0, 1733.0, 6478.0], [2185.0, 1432.0, 6913.0], [2182.0, 1651.0, 6680.0], [2180.0, 1742.0, 6609.0], [2174.0, 1555.0, 6787.0], [2174.0, 1290.0, 7012.0], [2172.0, 1488.0, 6919.0], [2170.0, 1458.0, 6959.0], [2166.0, 1544.0, 6841.0], [2165.0, 1620.0, 6693.0], [2165.0, 1459.0, 6930.0], [2162.0, 1584.0, 6760.0], [2162.0, 1287.0, 7035.0], [2162.0, 1227.0, 7127.0], [2160.0, 1707.0, 6622.0], [2157.0, 1246.0, 7125.0], [2155.0, 1636.0, 6703.0], [2155.0, 1505.0, 6863.0], [2154.0, 1553.0, 6802.0], [2154.0, 1320.0, 7107.0], [2151.0, 1652.0, 6742.0], [2149.0, 1692.0, 6655.0], [2149.0, 1636.0, 6770.0], [2149.0, 1365.0, 7047.0], [2148.0, 1524.0, 6873.0], [2148.0, 1392.0, 6981.0], [2144.0, 1569.0, 6798.0], [2144.0, 1497.0, 6877.0], [2142.0, 1239.0, 7161.0], [2141.0, 1656.0, 6719.0], [2141.0, 1392.0, 7021.0], [2140.0, 1411.0, 6968.0], [2139.0, 1747.0, 6506.0], [2139.0, 1431.0, 7019.0], [2135.0, 1618.0, 6818.0], [2133.0, 1560.0, 6826.0], [2133.0, 1431.0, 7023.0], [2132.0, 1378.0, 7052.0], [2129.0, 1728.0, 6692.0], [2128.0, 1122.0, 7251.0], [2124.0, 1640.0, 6755.0], [2123.0, 1632.0, 6797.0], [2123.0, 1436.0, 7020.0], [2123.0, 1293.0, 7167.0], [2122.0, 1395.0, 7050.0], [2119.0, 1683.0, 6729.0], [2119.0, 1548.0, 6919.0], [2118.0, 1644.0, 6762.0], [2118.0, 1576.0, 6820.0], [2118.0, 1338.0, 7107.0], [2117.0, 1442.0, 7006.0], [2116.0, 1633.0, 6832.0], [2115.0, 1444.0, 6995.0], [2114.0, 1683.0, 6736.0], [2114.0, 1494.0, 6930.0], [2113.0, 1570.0, 6864.0], [2113.0, 1481.0, 6965.0], [2111.0, 1370.0, 7119.0], [2110.0, 1657.0, 6781.0], [2108.0, 1134.0, 7285.0], [2107.0, 1784.0, 6492.0], [2107.0, 1300.0, 7149.0], [2106.0, 1706.0, 6694.0], [2106.0, 1536.0, 6946.0], [2105.0, 1506.0, 6962.0], [2105.0, 1176.0, 7179.0], [2104.0, 1457.0, 7000.0], [2104.0, 1258.0, 7182.0], [2102.0, 1713.0, 6715.0], [2101.0, 1379.0, 7058.0], [2099.0, 1541.0, 6931.0], [2098.0, 1729.0, 6754.0], [2098.0, 1467.0, 6973.0], [2097.0, 1560.0, 6916.0], [2097.0, 1469.0, 6991.0], [2097.0, 1384.0, 7051.0], [2094.0, 1762.0, 6547.0], [2094.0, 1587.0, 6882.0], [2094.0, 1179.0, 7210.0], [2094.0, 1065.0, 7359.0], [2093.0, 1520.0, 6947.0], [2092.0, 1738.0, 6743.0], [2092.0, 1325.0, 7141.0], [2091.0, 1640.0, 6816.0], [2091.0, 1376.0, 7079.0], [2091.0, 1316.0, 7171.0], [2090.0, 1389.0, 7097.0], [2089.0, 1691.0, 6770.0], [2089.0, 1647.0, 6785.0], [2089.0, 1281.0, 7176.0], [2089.0, 1230.0, 7225.0], [2089.0, 1116.0, 7295.0], [2088.0, 1590.0, 6858.0], [2088.0, 1478.0, 6982.0], [2088.0, 1215.0, 7296.0], [2085.0, 1645.0, 6795.0], [2085.0, 1477.0, 7012.0], [2084.0, 1659.0, 6853.0], [2084.0, 1448.0, 7028.0], [2084.0, 1409.0, 7054.0], [2082.0, 1454.0, 7093.0], [2082.0, 1293.0, 7222.0], [2081.0, 1371.0, 7132.0], [2080.0, 1603.0, 6864.0], [2080.0, 1508.0, 7035.0], [2078.0, 1613.0, 6890.0], [2078.0, 1574.0, 6894.0], [2077.0, 1578.0, 6936.0], [2076.0, 1704.0, 6819.0], [2074.0, 1251.0, 7245.0], [2074.0, 1077.0, 7393.0], [2073.0, 1657.0, 6868.0], [2070.0, 1624.0, 6884.0], [2070.0, 1517.0, 6997.0], [2069.0, 1296.0, 7185.0], [2068.0, 1785.0, 6544.0], [2068.0, 1742.0, 6682.0], [2068.0, 1474.0, 7063.0], [2067.0, 1663.0, 6832.0], [2067.0, 1636.0, 6879.0], [2066.0, 1760.0, 6599.0], [2064.0, 1385.0, 7109.0], [2064.0, 1362.0, 7152.0], [2064.0, 1195.0, 7309.0], [2062.0, 1744.0, 6713.0], [2061.0, 1760.0, 6606.0], [2061.0, 1705.0, 6819.0], [2061.0, 1689.0, 6822.0], [2061.0, 1361.0, 7181.0], [2061.0, 1320.0, 7219.0], [2061.0, 1255.0, 7225.0], [2060.0, 1769.0, 6730.0], [2060.0, 1462.0, 7083.0], [2060.0, 1399.0, 7117.0], [2059.0, 1415.0, 7123.0], [2058.0, 1546.0, 6970.0], [2057.0, 1186.0, 7359.0], [2055.0, 1559.0, 7016.0], [2055.0, 1441.0, 7103.0], [2054.0, 1582.0, 6908.0], [2054.0, 1326.0, 7195.0], [2053.0, 1451.0, 7129.0], [2052.0, 1583.0, 6974.0], [2051.0, 1743.0, 6782.0], [2051.0, 1288.0, 7300.0], [2047.0, 1619.0, 6921.0], [2046.0, 1373.0, 7163.0], [2045.0, 1598.0, 6980.0], [2045.0, 1204.0, 7318.0], [2044.0, 1831.0, 6500.0], [2044.0, 1374.0, 7186.0], [2044.0, 1213.0, 7306.0], [2044.0, 1207.0, 7343.0], [2043.0, 1823.0, 6523.0], [2043.0, 1487.0, 7063.0], [2043.0, 1380.0, 7212.0], [2041.0, 1724.0, 6826.0], [2041.0, 1560.0, 7012.0], [2039.0, 1421.0, 7164.0], [2037.0, 1618.0, 6929.0], [2036.0, 1617.0, 6936.0], [2035.0, 1286.0, 7310.0], [2034.0, 1690.0, 6842.0], [2034.0, 1635.0, 6888.0], [2033.0, 1412.0, 7171.0], [2032.0, 1793.0, 6758.0], [2032.0, 1455.0, 7122.0], [2030.0, 1668.0, 6849.0], [2030.0, 1614.0, 7017.0], [2030.0, 1090.0, 7433.0], [2029.0, 1522.0, 7036.0], [2029.0, 1487.0, 7083.0], [2028.0, 1156.0, 7365.0], [2027.0, 1440.0, 7131.0], [2026.0, 1752.0, 6785.0], [2026.0, 1646.0, 6882.0], [2026.0, 1640.0, 6885.0], [2026.0, 1490.0, 7064.0], [2025.0, 1690.0, 6902.0], [2024.0, 1655.0, 6948.0], [2024.0, 1446.0, 7156.0], [2023.0, 1536.0, 7051.0], [2023.0, 1154.0, 7403.0], [2023.0, 1081.0, 7483.0], [2022.0, 1082.0, 7449.0], [2020.0, 1710.0, 6858.0], [2019.0, 1398.0, 7180.0], [2018.0, 1763.0, 6779.0], [2018.0, 1457.0, 7090.0], [2017.0, 1819.0, 6550.0], [2017.0, 1274.0, 7319.0], [2016.0, 1548.0, 7019.0], [2016.0, 1185.0, 7364.0], [2015.0, 1302.0, 7253.0], [2015.0, 1083.0, 7469.0], [2014.0, 1326.0, 7214.0], [2014.0, 1249.0, 7333.0], [2014.0, 1199.0, 7396.0], [2013.0, 1355.0, 7232.0], [2012.0, 1319.0, 7259.0], [2011.0, 1462.0, 7121.0], [2011.0, 1409.0, 7174.0], [2010.0, 1505.0, 7071.0], [2010.0, 1102.0, 7467.0], [2009.0, 1821.0, 6583.0], [2009.0, 1755.0, 6813.0], [2009.0, 1321.0, 7251.0], [2008.0, 1839.0, 6714.0], [2008.0, 1630.0, 6949.0], [2008.0, 1517.0, 7096.0], [2007.0, 1831.0, 6737.0], [2006.0, 1376.0, 7222.0], [2005.0, 1322.0, 7268.0], [2005.0, 1222.0, 7360.0], [2004.0, 1405.0, 7197.0], [2004.0, 1346.0, 7233.0], [2004.0, 1229.0, 7385.0], [2004.0, 1162.0, 7406.0], [2003.0, 1659.0, 6918.0], [2000.0, 1729.0, 6865.0], [2000.0, 1362.0, 7266.0], [1999.0, 1303.0, 7369.0], [1998.0, 1454.0, 7129.0], [1996.0, 1434.0, 7158.0], [1996.0, 1407.0, 7205.0], [1996.0, 1304.0, 7348.0], [1996.0, 1033.0, 7541.0], [1995.0, 1566.0, 7025.0], [1995.0, 1390.0, 7209.0], [1994.0, 1633.0, 6970.0], [1994.0, 1311.0, 7306.0], [1993.0, 1454.0, 7134.0], [1993.0, 1439.0, 7203.0], [1993.0, 1404.0, 7221.0], [1993.0, 1206.0, 7386.0], [1993.0, 1138.0, 7432.0], [1992.0, 1560.0, 7087.0], [1992.0, 1372.0, 7250.0], [1991.0, 1421.0, 7208.0], [1991.0, 1084.0, 7477.0], [1989.0, 1320.0, 7278.0], [1989.0, 1138.0, 7442.0], [1989.0, 1024.0, 7591.0], [1988.0, 1379.0, 7236.0], [1987.0, 1669.0, 6904.0], [1987.0, 1443.0, 7158.0], [1987.0, 1229.0, 7399.0], [1985.0, 1454.0, 7152.0], [1985.0, 1234.0, 7394.0], [1984.0, 1342.0, 7325.0], [1983.0, 1661.0, 6912.0], [1982.0, 1644.0, 6964.0], [1982.0, 1494.0, 7115.0], [1981.0, 1827.0, 6764.0], [1981.0, 1570.0, 7036.0], [1981.0, 1129.0, 7456.0], [1981.0, 1086.0, 7485.0], [1980.0, 1662.0, 6920.0], [1980.0, 1562.0, 7059.0], [1979.0, 1532.0, 7134.0], [1979.0, 1460.0, 7156.0], [1979.0, 1194.0, 7469.0], [1978.0, 1669.0, 6995.0], [1978.0, 1276.0, 7371.0], [1977.0, 1695.0, 6906.0], [1977.0, 1597.0, 7025.0], [1976.0, 1477.0, 7136.0], [1976.0, 1465.0, 7147.0], [1976.0, 1045.0, 7575.0], [1974.0, 1681.0, 6907.0], [1974.0, 1351.0, 7292.0], [1973.0, 1829.0, 6797.0], [1973.0, 1570.0, 7093.0], [1972.0, 1515.0, 7137.0], [1972.0, 1458.0, 7217.0], [1972.0, 1361.0, 7318.0], [1971.0, 1127.0, 7496.0], [1969.0, 1475.0, 7157.0], [1969.0, 1182.0, 7493.0], [1965.0, 1334.0, 7335.0], [1965.0, 1284.0, 7410.0], [1963.0, 1625.0, 7031.0], [1963.0, 1592.0, 7044.0], [1963.0, 1422.0, 7271.0], [1963.0, 1365.0, 7320.0], [1962.0, 1471.0, 7178.0], [1962.0, 1387.0, 7300.0], [1961.0, 1491.0, 7142.0], [1961.0, 1446.0, 7234.0], [1961.0, 1214.0, 7420.0], [1960.0, 1481.0, 7204.0], [1959.0, 1657.0, 7003.0], [1959.0, 1587.0, 7046.0], [1959.0, 1499.0, 7138.0], [1958.0, 1672.0, 6927.0], [1958.0, 1579.0, 7069.0], [1957.0, 1667.0, 7029.0], [1957.0, 1616.0, 7032.0], [1956.0, 1695.0, 6930.0], [1956.0, 1530.0, 7168.0], [1956.0, 1423.0, 7239.0], [1956.0, 1330.0, 7343.0], [1956.0, 1056.0, 7557.0], [1955.0, 1892.0, 6714.0], [1955.0, 1594.0, 7077.0], [1955.0, 1134.0, 7512.0], [1954.0, 1739.0, 6872.0], [1954.0, 1714.0, 6907.0], [1954.0, 1215.0, 7440.0], [1952.0, 1428.0, 7270.0], [1950.0, 1261.0, 7447.0], [1949.0, 1749.0, 6851.0], [1949.0, 1524.0, 7206.0], [1947.0, 1711.0, 6965.0], [1947.0, 1496.0, 7210.0], [1947.0, 1282.0, 7444.0], [1946.0, 1487.0, 7226.0], [1945.0, 1532.0, 7147.0], [1945.0, 1183.0, 7494.0], [1945.0, 1089.0, 7593.0], [1944.0, 1172.0, 7513.0], [1943.0, 1741.0, 6888.0], [1943.0, 1338.0, 7377.0], [1943.0, 1203.0, 7467.0], [1942.0, 1719.0, 6896.0], [1942.0, 1379.0, 7324.0], [1942.0, 1104.0, 7529.0], [1941.0, 1732.0, 6940.0], [1941.0, 1439.0, 7246.0], [1941.0, 1229.0, 7458.0], [1940.0, 1551.0, 7099.0], [1940.0, 1431.0, 7269.0], [1940.0, 1124.0, 7519.0], [1940.0, 1064.0, 7611.0], [1939.0, 1831.0, 6768.0], [1937.0, 1405.0, 7296.0], [1937.0, 1380.0, 7345.0], [1937.0, 1029.0, 7647.0], [1936.0, 1557.0, 7096.0], [1936.0, 1389.0, 7357.0], [1935.0, 1568.0, 7121.0], [1935.0, 1418.0, 7285.0], [1935.0, 1300.0, 7403.0], [1935.0, 1105.0, 7549.0], [1934.0, 1833.0, 6722.0], [1933.0, 1586.0, 7127.0], [1933.0, 1413.0, 7315.0], [1933.0, 1123.0, 7576.0], [1932.0, 1556.0, 7143.0], [1931.0, 1448.0, 7227.0], [1931.0, 1201.0, 7514.0], [1930.0, 1587.0, 7078.0], [1930.0, 1030.0, 7667.0], [1928.0, 1877.0, 6737.0], [1928.0, 1526.0, 7199.0], [1926.0, 1626.0, 7067.0], [1925.0, 1746.0, 6865.0], [1925.0, 1353.0, 7383.0], [1925.0, 1227.0, 7468.0], [1924.0, 1587.0, 7100.0], [1924.0, 1050.0, 7631.0], [1923.0, 1681.0, 7015.0], [1923.0, 1601.0, 7088.0], [1923.0, 1440.0, 7235.0], [1922.0, 1563.0, 7133.0], [1922.0, 1502.0, 7225.0], [1922.0, 1217.0, 7475.0], [1920.0, 1528.0, 7188.0], [1919.0, 1900.0, 6786.0], [1919.0, 1787.0, 6844.0], [1919.0, 1741.0, 6929.0], [1919.0, 1599.0, 7117.0], [1919.0, 1592.0, 7149.0], [1919.0, 1579.0, 7151.0], [1918.0, 1722.0, 6979.0], [1918.0, 1176.0, 7520.0], [1917.0, 1051.0, 7651.0], [1916.0, 1672.0, 7068.0], [1916.0, 1289.0, 7404.0], [1916.0, 1173.0, 7554.0], [1915.0, 1495.0, 7239.0], [1915.0, 1117.0, 7583.0], [1914.0, 1419.0, 7300.0], [1914.0, 1242.0, 7512.0], [1913.0, 1743.0, 6960.0], [1913.0, 1505.0, 7265.0], [1912.0, 1358.0, 7400.0], [1912.0, 1197.0, 7520.0], [1911.0, 1692.0, 7024.0], [1911.0, 1032.0, 7701.0], [1910.0, 1754.0, 6907.0], [1910.0, 1606.0, 7093.0], [1910.0, 1175.0, 7529.0], [1910.0, 1042.0, 7701.0], [1909.0, 1397.0, 7363.0], [1909.0, 1302.0, 7416.0], [1909.0, 1215.0, 7531.0], [1908.0, 1250.0, 7498.0], [1907.0, 1789.0, 6818.0], [1907.0, 1635.0, 7074.0], [1907.0, 1539.0, 7203.0], [1907.0, 1425.0, 7285.0], [1907.0, 1365.0, 7420.0], [1906.0, 1276.0, 7471.0], [1906.0, 1067.0, 7627.0], [1905.0, 1694.0, 7024.0], [1905.0, 1541.0, 7167.0], [1904.0, 1225.0, 7528.0], [1903.0, 1605.0, 7104.0], [1903.0, 1177.0, 7534.0], [1901.0, 1427.0, 7316.0], [1900.0, 1623.0, 7105.0], [1900.0, 1575.0, 7164.0], [1900.0, 1142.0, 7586.0], [1898.0, 1491.0, 7289.0], [1898.0, 1402.0, 7332.0], [1898.0, 1240.0, 7522.0], [1898.0, 1190.0, 7534.0], [1897.0, 1298.0, 7439.0], [1897.0, 1294.0, 7503.0], [1896.0, 1309.0, 7432.0], [1893.0, 1413.0, 7348.0], [1892.0, 1775.0, 6894.0], [1892.0, 1631.0, 7108.0], [1892.0, 1326.0, 7443.0], [1892.0, 1153.0, 7580.0], [1891.0, 1435.0, 7290.0], [1890.0, 1634.0, 7139.0], [1890.0, 1436.0, 7301.0], [1890.0, 1371.0, 7394.0], [1889.0, 1593.0, 7159.0], [1889.0, 1453.0, 7291.0], [1888.0, 1571.0, 7198.0], [1888.0, 1387.0, 7373.0], [1887.0, 1713.0, 6994.0], [1887.0, 1689.0, 7041.0], [1887.0, 1682.0, 7050.0], [1887.0, 1082.0, 7701.0], [1886.0, 1514.0, 7245.0], [1886.0, 1225.0, 7529.0], [1885.0, 1495.0, 7275.0], [1885.0, 1438.0, 7343.0], [1884.0, 1812.0, 6897.0], [1884.0, 1777.0, 6927.0], [1884.0, 1185.0, 7539.0], [1884.0, 1160.0, 7597.0], [1883.0, 1541.0, 7232.0], [1883.0, 1520.0, 7244.0], [1882.0, 1704.0, 7055.0], [1882.0, 1259.0, 7518.0], [1880.0, 1723.0, 6985.0], [1880.0, 1640.0, 7114.0], [1880.0, 1478.0, 7292.0], [1880.0, 1205.0, 7554.0], [1880.0, 1162.0, 7560.0], [1879.0, 1110.0, 7657.0], [1878.0, 1642.0, 7078.0], [1877.0, 1186.0, 7559.0], [1877.0, 1153.0, 7608.0], [1876.0, 1755.0, 6939.0], [1876.0, 1502.0, 7283.0], [1876.0, 1122.0, 7654.0], [1875.0, 1406.0, 7359.0], [1875.0, 1298.0, 7463.0], [1874.0, 1496.0, 7287.0], [1873.0, 1559.0, 7235.0], [1872.0, 1277.0, 7531.0], [1871.0, 1439.0, 7305.0], [1871.0, 1435.0, 7358.0], [1871.0, 1210.0, 7571.0], [1870.0, 1757.0, 6970.0], [1869.0, 1794.0, 6996.0], [1868.0, 1444.0, 7300.0], [1867.0, 1516.0, 7289.0], [1867.0, 1343.0, 7442.0], [1867.0, 1305.0, 7467.0], [1866.0, 1577.0, 7177.0], [1865.0, 1720.0, 7001.0], [1865.0, 1577.0, 7200.0], [1865.0, 1172.0, 7666.0], [1864.0, 1394.0, 7375.0], [1864.0, 1194.0, 7593.0], [1864.0, 1174.0, 7628.0], [1863.0, 1579.0, 7164.0], [1863.0, 1235.0, 7540.0], [1862.0, 1458.0, 7309.0], [1862.0, 1369.0, 7436.0], [1861.0, 1934.0, 6650.0], [1861.0, 1856.0, 6789.0], [1861.0, 1672.0, 7082.0], [1861.0, 1313.0, 7526.0], [1861.0, 1203.0, 7589.0], [1860.0, 1820.0, 6830.0], [1860.0, 1359.0, 7469.0], [1860.0, 1224.0, 7558.0], [1859.0, 1037.0, 7757.0], [1858.0, 1663.0, 7086.0], [1857.0, 1611.0, 7180.0], [1857.0, 1597.0, 7206.0], [1857.0, 1383.0, 7427.0], [1857.0, 1181.0, 7604.0], [1857.0, 1095.0, 7687.0], [1856.0, 1673.0, 7066.0], [1854.0, 1616.0, 7215.0], [1854.0, 1559.0, 7255.0], [1853.0, 1218.0, 7608.0], [1852.0, 1473.0, 7301.0], [1852.0, 1242.0, 7552.0], [1851.0, 1531.0, 7279.0], [1851.0, 1407.0, 7372.0], [1850.0, 1755.0, 7054.0], [1850.0, 1364.0, 7442.0], [1849.0, 1679.0, 7095.0], [1849.0, 1481.0, 7297.0], [1849.0, 1476.0, 7334.0], [1849.0, 1110.0, 7706.0], [1848.0, 1621.0, 7172.0], [1848.0, 1466.0, 7368.0], [1847.0, 1487.0, 7321.0], [1847.0, 1399.0, 7377.0], [1847.0, 1398.0, 7385.0], [1846.0, 1657.0, 7105.0], [1846.0, 1628.0, 7148.0], [1845.0, 1873.0, 6846.0], [1845.0, 1269.0, 7542.0], [1845.0, 1029.0, 7827.0], [1844.0, 1648.0, 7186.0], [1844.0, 1386.0, 7435.0], [1843.0, 1110.0, 7720.0], [1842.0, 1691.0, 7074.0], [1842.0, 1650.0, 7150.0], [1842.0, 1183.0, 7661.0], [1841.0, 1038.0, 7729.0], [1840.0, 1569.0, 7233.0], [1840.0, 1483.0, 7342.0], [1838.0, 1395.0, 7451.0], [1838.0, 1387.0, 7483.0], [1838.0, 1248.0, 7544.0], [1837.0, 1251.0, 7545.0], [1836.0, 1659.0, 7180.0], [1836.0, 1524.0, 7289.0], [1835.0, 1702.0, 7082.0], [1835.0, 1234.0, 7557.0], [1834.0, 1512.0, 7309.0], [1834.0, 1116.0, 7694.0], [1833.0, 1298.0, 7528.0], [1833.0, 1230.0, 7586.0], [1833.0, 1129.0, 7714.0], [1832.0, 1050.0, 7811.0], [1831.0, 1268.0, 7558.0], [1831.0, 1240.0, 7570.0], [1830.0, 1848.0, 6916.0], [1830.0, 1396.0, 7408.0], [1830.0, 1253.0, 7579.0], [1829.0, 1728.0, 7073.0], [1829.0, 1534.0, 7264.0], [1829.0, 1504.0, 7349.0], [1829.0, 1196.0, 7654.0], [1828.0, 1679.0, 7096.0], [1828.0, 1450.0, 7369.0], [1828.0, 1430.0, 7421.0], [1828.0, 1155.0, 7704.0], [1828.0, 942.0, 7909.0], [1827.0, 1422.0, 7444.0], [1827.0, 1085.0, 7737.0], [1826.0, 1822.0, 6943.0], [1826.0, 1158.0, 7678.0], [1825.0, 1313.0, 7571.0], [1824.0, 1883.0, 6841.0], [1824.0, 1224.0, 7622.0], [1824.0, 1060.0, 7746.0], [1823.0, 1506.0, 7380.0], [1822.0, 1440.0, 7390.0], [1822.0, 1352.0, 7493.0], [1821.0, 1550.0, 7270.0], [1820.0, 1693.0, 7098.0], [1820.0, 1508.0, 7316.0], [1820.0, 1448.0, 7427.0], [1819.0, 1813.0, 7038.0], [1819.0, 1687.0, 7119.0], [1819.0, 1092.0, 7732.0], [1818.0, 1525.0, 7291.0], [1817.0, 1666.0, 7140.0], [1817.0, 1646.0, 7230.0], [1816.0, 1522.0, 7303.0], [1816.0, 1515.0, 7311.0], [1816.0, 1341.0, 7498.0], [1816.0, 1130.0, 7744.0], [1815.0, 1459.0, 7384.0], [1814.0, 1541.0, 7291.0], [1813.0, 1677.0, 7152.0], [1813.0, 1589.0, 7253.0], [1813.0, 1084.0, 7765.0], [1812.0, 1577.0, 7285.0], [1812.0, 1549.0, 7338.0], [1811.0, 1611.0, 7238.0], [1809.0, 1330.0, 7535.0], [1809.0, 1251.0, 7597.0], [1808.0, 1689.0, 7134.0], [1808.0, 1630.0, 7262.0], [1807.0, 1483.0, 7415.0], [1806.0, 1891.0, 6961.0], [1806.0, 1354.0, 7493.0], [1806.0, 1183.0, 7724.0], [1805.0, 1715.0, 7076.0], [1805.0, 1661.0, 7187.0], [1805.0, 1326.0, 7552.0], [1803.0, 1576.0, 7293.0], [1803.0, 1200.0, 7630.0], [1801.0, 1262.0, 7591.0], [1800.0, 1709.0, 7099.0], [1797.0, 1279.0, 7587.0], [1797.0, 1110.0, 7779.0], [1796.0, 1687.0, 7141.0], [1796.0, 1586.0, 7290.0], [1796.0, 1451.0, 7424.0], [1796.0, 1443.0, 7432.0], [1794.0, 1202.0, 7651.0], [1793.0, 1504.0, 7386.0], [1793.0, 1243.0, 7598.0], [1791.0, 1725.0, 7198.0], [1791.0, 1346.0, 7503.0], [1790.0, 1407.0, 7460.0], [1789.0, 1314.0, 7565.0], [1788.0, 1656.0, 7241.0], [1788.0, 1336.0, 7538.0], [1787.0, 1342.0, 7511.0], [1786.0, 1742.0, 7083.0], [1786.0, 1227.0, 7599.0], [1785.0, 1790.0, 7044.0], [1785.0, 1558.0, 7342.0], [1785.0, 975.0, 7857.0], [1784.0, 1196.0, 7663.0], [1783.0, 1408.0, 7495.0], [1783.0, 1376.0, 7502.0], [1780.0, 1423.0, 7443.0], [1780.0, 1241.0, 7620.0], [1779.0, 1622.0, 7283.0], [1779.0, 1562.0, 7336.0], [1778.0, 1491.0, 7404.0], [1776.0, 1207.0, 7657.0], [1776.0, 1054.0, 7793.0], [1775.0, 1592.0, 7297.0], [1775.0, 1587.0, 7346.0], [1775.0, 1409.0, 7453.0], [1774.0, 1673.0, 7225.0], [1774.0, 1308.0, 7581.0], [1774.0, 1024.0, 7833.0], [1773.0, 1269.0, 7593.0], [1772.0, 1318.0, 7567.0], [1772.0, 1052.0, 7839.0], [1770.0, 1324.0, 7628.0], [1770.0, 1168.0, 7737.0], [1769.0, 1426.0, 7460.0], [1769.0, 1411.0, 7484.0], [1769.0, 1199.0, 7677.0], [1768.0, 1146.0, 7768.0], [1768.0, 1058.0, 7825.0], [1768.0, 1011.0, 7883.0], [1766.0, 1764.0, 7131.0], [1766.0, 1526.0, 7358.0], [1766.0, 1487.0, 7414.0], [1766.0, 1108.0, 7784.0], [1764.0, 1825.0, 7058.0], [1763.0, 1905.0, 6971.0], [1763.0, 1344.0, 7557.0], [1762.0, 1624.0, 7273.0], [1762.0, 1227.0, 7658.0], [1761.0, 1736.0, 7151.0], [1761.0, 1462.0, 7422.0], [1760.0, 1738.0, 7134.0], [1760.0, 1352.0, 7591.0], [1760.0, 1261.0, 7637.0], [1759.0, 1202.0, 7682.0], [1759.0, 1073.0, 7823.0], [1758.0, 1774.0, 7068.0], [1758.0, 1517.0, 7359.0], [1758.0, 1460.0, 7449.0], [1757.0, 1940.0, 6896.0], [1757.0, 1639.0, 7293.0], [1756.0, 1246.0, 7660.0], [1755.0, 1355.0, 7551.0], [1753.0, 1527.0, 7354.0], [1752.0, 1755.0, 7185.0], [1752.0, 1438.0, 7468.0], [1751.0, 1544.0, 7351.0], [1750.0, 1414.0, 7471.0], [1750.0, 1398.0, 7506.0], [1749.0, 994.0, 7946.0], [1748.0, 1850.0, 7003.0], [1748.0, 1683.0, 7246.0], [1748.0, 1503.0, 7403.0], [1748.0, 1499.0, 7428.0], [1748.0, 1389.0, 7532.0], [1748.0, 1219.0, 7694.0], [1747.0, 1844.0, 7025.0], [1747.0, 1719.0, 7207.0], [1747.0, 1187.0, 7696.0], [1746.0, 1523.0, 7369.0], [1746.0, 1439.0, 7451.0], [1744.0, 1505.0, 7411.0], [1744.0, 1111.0, 7792.0], [1743.0, 1456.0, 7464.0], [1743.0, 1407.0, 7525.0], [1743.0, 1208.0, 7709.0], [1742.0, 1512.0, 7408.0], [1742.0, 1485.0, 7455.0], [1742.0, 1238.0, 7725.0], [1742.0, 1219.0, 7727.0], [1741.0, 1390.0, 7549.0], [1740.0, 1510.0, 7422.0], [1739.0, 1491.0, 7493.0], [1739.0, 1043.0, 7868.0], [1738.0, 1247.0, 7640.0], [1738.0, 1123.0, 7769.0], [1734.0, 1520.0, 7404.0], [1734.0, 1328.0, 7697.0], [1734.0, 1152.0, 7760.0], [1734.0, 1047.0, 7890.0], [1733.0, 1762.0, 7150.0], [1733.0, 1556.0, 7347.0], [1733.0, 1165.0, 7780.0], [1732.0, 1502.0, 7429.0], [1731.0, 1687.0, 7235.0], [1731.0, 1640.0, 7254.0], [1730.0, 1591.0, 7320.0], [1730.0, 1182.0, 7730.0], [1729.0, 1558.0, 7355.0], [1729.0, 1524.0, 7379.0], [1728.0, 1191.0, 7770.0], [1727.0, 1395.0, 7535.0], [1726.0, 1639.0, 7348.0], [1726.0, 1194.0, 7744.0], [1725.0, 1560.0, 7350.0], [1725.0, 1539.0, 7421.0], [1725.0, 1374.0, 7552.0], [1725.0, 1372.0, 7559.0], [1724.0, 1096.0, 7812.0], [1723.0, 1576.0, 7397.0], [1723.0, 1540.0, 7420.0], [1723.0, 1512.0, 7444.0], [1722.0, 1571.0, 7420.0], [1721.0, 1838.0, 7053.0], [1721.0, 1784.0, 7157.0], [1720.0, 1450.0, 7511.0], [1719.0, 1128.0, 7798.0], [1718.0, 1135.0, 7803.0], [1715.0, 1655.0, 7322.0], [1715.0, 1648.0, 7331.0], [1715.0, 1135.0, 7823.0], [1714.0, 1502.0, 7486.0], [1714.0, 1369.0, 7562.0], [1714.0, 1364.0, 7609.0], [1714.0, 1331.0, 7616.0], [1713.0, 1840.0, 7086.0], [1713.0, 1660.0, 7250.0], [1713.0, 1179.0, 7772.0], [1713.0, 1120.0, 7831.0], [1712.0, 1374.0, 7582.0], [1712.0, 1097.0, 7840.0], [1711.0, 1425.0, 7558.0], [1711.0, 1277.0, 7701.0], [1711.0, 1029.0, 7932.0], [1710.0, 1506.0, 7447.0], [1710.0, 1501.0, 7496.0], [1708.0, 1688.0, 7228.0], [1707.0, 1177.0, 7807.0], [1707.0, 988.0, 8019.0], [1706.0, 1721.0, 7243.0], [1706.0, 1219.0, 7790.0], [1706.0, 1131.0, 7847.0], [1706.0, 1062.0, 7851.0], [1705.0, 1077.0, 7856.0], [1704.0, 1228.0, 7748.0], [1702.0, 1523.0, 7459.0], [1702.0, 1450.0, 7559.0], [1701.0, 1397.0, 7608.0], [1700.0, 1658.0, 7257.0], [1699.0, 1145.0, 7825.0], [1698.0, 1343.0, 7616.0], [1697.0, 1533.0, 7432.0], [1697.0, 1090.0, 7896.0], [1696.0, 1331.0, 7685.0], [1696.0, 1143.0, 7845.0], [1695.0, 1576.0, 7440.0], [1694.0, 1245.0, 7711.0], [1693.0, 1489.0, 7501.0], [1693.0, 1104.0, 7872.0], [1693.0, 1037.0, 7900.0], [1691.0, 1264.0, 7774.0], [1690.0, 1823.0, 7138.0], [1690.0, 1539.0, 7495.0], [1690.0, 1119.0, 7860.0], [1689.0, 1300.0, 7698.0], [1689.0, 1023.0, 7993.0], [1687.0, 1669.0, 7335.0], [1687.0, 1114.0, 7910.0], [1686.0, 1786.0, 7165.0], [1686.0, 1649.0, 7401.0], [1686.0, 1490.0, 7508.0], [1686.0, 1481.0, 7521.0], [1685.0, 1792.0, 7229.0], [1685.0, 1432.0, 7560.0], [1684.0, 1181.0, 7797.0], [1683.0, 1404.0, 7593.0], [1683.0, 1373.0, 7636.0], [1682.0, 1504.0, 7504.0], [1681.0, 1546.0, 7503.0], [1681.0, 1208.0, 7807.0], [1680.0, 1423.0, 7573.0], [1680.0, 1268.0, 7717.0], [1680.0, 1233.0, 7801.0], [1679.0, 1438.0, 7588.0], [1677.0, 1278.0, 7708.0], [1675.0, 1815.0, 7185.0], [1675.0, 1429.0, 7645.0], [1672.0, 1611.0, 7417.0], [1672.0, 1270.0, 7713.0], [1672.0, 1195.0, 7818.0], [1670.0, 1331.0, 7742.0], [1669.0, 951.0, 8063.0], [1668.0, 1510.0, 7504.0], [1667.0, 1579.0, 7434.0], [1667.0, 1557.0, 7448.0], [1665.0, 1472.0, 7533.0], [1664.0, 1451.0, 7554.0], [1664.0, 1450.0, 7597.0], [1661.0, 1688.0, 7334.0], [1661.0, 1140.0, 7884.0], [1660.0, 1831.0, 7162.0], [1660.0, 1495.0, 7540.0], [1659.0, 1911.0, 7075.0], [1658.0, 1765.0, 7230.0], [1658.0, 1709.0, 7249.0], [1658.0, 1490.0, 7547.0], [1657.0, 1709.0, 7288.0], [1657.0, 1333.0, 7676.0], [1657.0, 1139.0, 7898.0], [1656.0, 1606.0, 7427.0], [1653.0, 1404.0, 7678.0], [1653.0, 1358.0, 7711.0], [1652.0, 1637.0, 7428.0], [1652.0, 1212.0, 7866.0], [1652.0, 1097.0, 7967.0], [1651.0, 1570.0, 7449.0], [1651.0, 1214.0, 7818.0], [1649.0, 1774.0, 7305.0], [1649.0, 1587.0, 7465.0], [1649.0, 1030.0, 8012.0], [1648.0, 1166.0, 7898.0], [1647.0, 1456.0, 7552.0], [1644.0, 1720.0, 7336.0], [1644.0, 1509.0, 7507.0], [1643.0, 1520.0, 7523.0], [1643.0, 1288.0, 7762.0], [1643.0, 1043.0, 8020.0], [1642.0, 1472.0, 7559.0], [1641.0, 1049.0, 7977.0], [1637.0, 1595.0, 7467.0], [1637.0, 1265.0, 7789.0], [1637.0, 1109.0, 7953.0], [1635.0, 1608.0, 7446.0], [1634.0, 1075.0, 7996.0], [1633.0, 1548.0, 7485.0], [1633.0, 1454.0, 7564.0], [1633.0, 1449.0, 7613.0], [1631.0, 1539.0, 7524.0], [1629.0, 1792.0, 7250.0], [1629.0, 1461.0, 7601.0], [1627.0, 1693.0, 7339.0], [1627.0, 1236.0, 7824.0], [1626.0, 1547.0, 7494.0], [1625.0, 1453.0, 7645.0], [1624.0, 1593.0, 7468.0], [1624.0, 1115.0, 7904.0], [1622.0, 1645.0, 7452.0], [1621.0, 1563.0, 7551.0], [1621.0, 1487.0, 7564.0], [1620.0, 1706.0, 7379.0], [1620.0, 1296.0, 7762.0], [1620.0, 1222.0, 7848.0], [1617.0, 1464.0, 7576.0], [1614.0, 1507.0, 7553.0], [1614.0, 1463.0, 7588.0], [1611.0, 1216.0, 7865.0], [1610.0, 1334.0, 7718.0], [1609.0, 1513.0, 7562.0], [1609.0, 1475.0, 7570.0], [1607.0, 1286.0, 7766.0], [1607.0, 1108.0, 7963.0], [1607.0, 1024.0, 8085.0], [1606.0, 1507.0, 7600.0], [1606.0, 1267.0, 7794.0], [1605.0, 1581.0, 7474.0], [1605.0, 1418.0, 7670.0], [1604.0, 1381.0, 7706.0], [1604.0, 1338.0, 7718.0], [1603.0, 1592.0, 7497.0], [1603.0, 1355.0, 7714.0], [1600.0, 1386.0, 7683.0], [1599.0, 1271.0, 7811.0], [1598.0, 1518.0, 7594.0], [1597.0, 1403.0, 7712.0], [1597.0, 1287.0, 7763.0], [1596.0, 1456.0, 7661.0], [1594.0, 1390.0, 7737.0], [1593.0, 1235.0, 7838.0], [1592.0, 1337.0, 7789.0], [1592.0, 1258.0, 7823.0], [1590.0, 1766.0, 7343.0], [1590.0, 1500.0, 7643.0], [1590.0, 1341.0, 7748.0], [1589.0, 1643.0, 7471.0], [1589.0, 1295.0, 7791.0], [1588.0, 1007.0, 8148.0], [1587.0, 1521.0, 7575.0], [1587.0, 1150.0, 7976.0], [1586.0, 1570.0, 7568.0], [1586.0, 1368.0, 7749.0], [1583.0, 1675.0, 7439.0], [1581.0, 1438.0, 7664.0], [1580.0, 1580.0, 7522.0], [1579.0, 1378.0, 7739.0], [1578.0, 1476.0, 7657.0], [1578.0, 1361.0, 7751.0], [1578.0, 1229.0, 7844.0], [1574.0, 1445.0, 7689.0], [1573.0, 1646.0, 7472.0], [1573.0, 1181.0, 7904.0], [1570.0, 1359.0, 7770.0], [1570.0, 1264.0, 7830.0], [1567.0, 1576.0, 7560.0], [1565.0, 1328.0, 7823.0], [1564.0, 1684.0, 7463.0], [1563.0, 1524.0, 7623.0], [1556.0, 1262.0, 7905.0], [1555.0, 1639.0, 7545.0], [1552.0, 1557.0, 7580.0], [1552.0, 1284.0, 7826.0], [1548.0, 1403.0, 7736.0], [1548.0, 1401.0, 7762.0], [1547.0, 1280.0, 7836.0], [1546.0, 1704.0, 7459.0], [1544.0, 1511.0, 7668.0], [1543.0, 1654.0, 7496.0], [1543.0, 1293.0, 7862.0], [1540.0, 1445.0, 7720.0], [1539.0, 1494.0, 7728.0], [1538.0, 1227.0, 7939.0], [1528.0, 1449.0, 7759.0], [1527.0, 1303.0, 7914.0], [1523.0, 1599.0, 7546.0], [1523.0, 1334.0, 7800.0], [1521.0, 1459.0, 7749.0], [1520.0, 1372.0, 7793.0], [1519.0, 1470.0, 7736.0], [1517.0, 1569.0, 7655.0], [1516.0, 1317.0, 7919.0], [1515.0, 1357.0, 7830.0], [1498.0, 1354.0, 7837.0], [1497.0, 1711.0, 7451.0], [1496.0, 1392.0, 7787.0], [1493.0, 1228.0, 7934.0], [1489.0, 1589.0, 7583.0], [1489.0, 1352.0, 7847.0], [1484.0, 1627.0, 7564.0], [1484.0, 1532.0, 7753.0], [1474.0, 1456.0, 7788.0], [1469.0, 1579.0, 7606.0], [1468.0, 1362.0, 7861.0], [1464.0, 1408.0, 7806.0], [1463.0, 1355.0, 7885.0], [1439.0, 1413.0, 7867.0], [1435.0, 1369.0, 7923.0], [1431.0, 1276.0, 7970.0], [1421.0, 1429.0, 7881.0], [1407.0, 1473.0, 7758.0], [1324.0, 1442.0, 7812.0], [1324.0, 1272.0, 8080.0]]
