heur = true
LBS_limit = 3
preproc = 1
tight_root = 0
total_time = 1800.08
NDP = 1043
total_nodes = 39175
pruned_nodes = 19573
pruned_dominance_nodes = 7470
heur_time = 0.29
Y_N = Any[[1657.0, 1264.0, 7311.0], [1651.0, 1313.0, 7561.0], [1640.0, 1230.0, 7642.0], [1628.0, 1307.0, 7577.0], [1622.0, 1356.0, 7685.0], [1589.0, 1395.0, 7516.0], [1587.0, 1164.0, 7774.0], [1584.0, 1180.0, 7765.0], [1578.0, 1299.0, 7759.0], [1577.0, 1399.0, 7495.0], [1576.0, 1081.0, 7855.0], [1573.0, 1347.0, 7709.0], [1567.0, 1317.0, 7721.0], [1567.0, 1216.0, 7840.0], [1566.0, 1306.0, 7808.0], [1565.0, 1222.0, 7928.0], [1561.0, 1351.0, 7688.0], [1554.0, 1139.0, 8009.0], [1549.0, 1342.0, 7741.0], [1545.0, 1259.0, 7880.0], [1536.0, 1265.0, 7910.0], [1534.0, 1176.0, 7961.0], [1528.0, 1346.0, 7804.0], [1525.0, 1163.0, 8005.0], [1522.0, 1360.0, 7531.0], [1516.0, 1381.0, 7714.0], [1516.0, 1302.0, 7862.0], [1516.0, 1213.0, 7952.0], [1514.0, 1080.0, 8086.0], [1511.0, 1166.0, 7963.0], [1510.0, 1183.0, 7964.0], [1505.0, 1294.0, 7865.0], [1504.0, 1385.0, 7693.0], [1504.0, 1383.0, 7745.0], [1504.0, 1240.0, 7931.0], [1503.0, 1304.0, 7883.0], [1501.0, 961.0, 8106.0], [1499.0, 1100.0, 8045.0], [1496.0, 1206.0, 7987.0], [1492.0, 1208.0, 7984.0], [1491.0, 1308.0, 7862.0], [1490.0, 878.0, 8187.0], [1489.0, 1209.0, 8003.0], [1487.0, 1256.0, 7934.0], [1487.0, 1239.0, 7946.0], [1486.0, 1301.0, 7932.0], [1481.0, 1125.0, 8065.0], [1481.0, 1110.0, 8093.0], [1478.0, 1126.0, 8084.0], [1477.0, 1206.0, 8036.0], [1475.0, 1218.0, 8013.0], [1472.0, 1428.0, 7735.0], [1472.0, 1245.0, 7936.0], [1472.0, 1004.0, 8230.0], [1470.0, 1027.0, 8174.0], [1469.0, 1131.0, 8044.0], [1468.0, 1047.0, 8164.0], [1466.0, 1123.0, 8117.0], [1463.0, 1295.0, 7948.0], [1460.0, 1252.0, 7985.0], [1459.0, 1168.0, 8105.0], [1457.0, 1344.0, 7914.0], [1457.0, 1234.0, 8029.0], [1457.0, 1065.0, 8126.0], [1457.0, 964.0, 8245.0], [1456.0, 1301.0, 7963.0], [1453.0, 1278.0, 7997.0], [1450.0, 819.0, 8264.0], [1448.0, 1249.0, 8018.0], [1448.0, 1085.0, 8186.0], [1447.0, 1169.0, 8048.0], [1447.0, 1100.0, 8131.0], [1442.0, 1255.0, 8029.0], [1442.0, 1214.0, 8056.0], [1441.0, 1347.0, 7754.0], [1441.0, 1241.0, 8037.0], [1439.0, 1090.0, 8146.0], [1437.0, 1295.0, 7968.0], [1432.0, 945.0, 8307.0], [1431.0, 1369.0, 7801.0], [1431.0, 1189.0, 8069.0], [1430.0, 1251.0, 8055.0], [1429.0, 1326.0, 7936.0], [1429.0, 1245.0, 8058.0], [1428.0, 988.0, 8241.0], [1426.0, 1160.0, 8143.0], [1424.0, 1383.0, 7887.0], [1423.0, 1375.0, 7902.0], [1423.0, 1090.0, 8159.0], [1423.0, 995.0, 8254.0], [1422.0, 1152.0, 8145.0], [1419.0, 1168.0, 8136.0], [1419.0, 1109.0, 8182.0], [1419.0, 1038.0, 8188.0], [1419.0, 1022.0, 8270.0], [1418.0, 1292.0, 7970.0], [1417.0, 1389.0, 7771.0], [1417.0, 905.0, 8322.0], [1416.0, 1195.0, 8059.0], [1415.0, 1281.0, 7983.0], [1414.0, 1164.0, 8164.0], [1413.0, 1287.0, 7988.0], [1412.0, 1387.0, 7866.0], [1412.0, 1082.0, 8199.0], [1411.0, 1069.0, 8226.0], [1409.0, 1194.0, 8063.0], [1408.0, 1335.0, 7938.0], [1408.0, 1026.0, 8263.0], [1407.0, 1093.0, 8202.0], [1406.0, 1197.0, 8095.0], [1405.0, 1282.0, 7999.0], [1404.0, 1015.0, 8284.0], [1403.0, 1203.0, 8099.0], [1402.0, 1305.0, 7950.0], [1402.0, 1204.0, 8069.0], [1401.0, 1294.0, 8037.0], [1401.0, 1184.0, 8152.0], [1401.0, 1071.0, 8253.0], [1400.0, 1210.0, 8157.0], [1400.0, 1100.0, 8272.0], [1399.0, 1414.0, 7791.0], [1397.0, 1228.0, 8120.0], [1396.0, 1339.0, 7917.0], [1396.0, 1152.0, 8165.0], [1396.0, 991.0, 8305.0], [1395.0, 907.0, 8425.0], [1392.0, 1232.0, 8061.0], [1392.0, 1149.0, 8216.0], [1390.0, 988.0, 8334.0], [1389.0, 1127.0, 8238.0], [1389.0, 1017.0, 8353.0], [1386.0, 1337.0, 7960.0], [1385.0, 1061.0, 8321.0], [1384.0, 1107.0, 8280.0], [1384.0, 824.0, 8506.0], [1383.0, 1243.0, 8096.0], [1380.0, 1329.0, 7973.0], [1380.0, 1310.0, 8004.0], [1380.0, 1247.0, 8109.0], [1380.0, 1166.0, 8180.0], [1380.0, 1137.0, 8224.0], [1379.0, 1261.0, 8061.0], [1379.0, 1226.0, 8124.0], [1373.0, 1327.0, 7989.0], [1373.0, 1024.0, 8361.0], [1372.0, 1186.0, 8168.0], [1371.0, 1275.0, 8072.0], [1371.0, 1143.0, 8254.0], [1369.0, 1344.0, 7923.0], [1369.0, 1338.0, 7947.0], [1369.0, 1285.0, 8067.0], [1369.0, 1239.0, 8112.0], [1369.0, 1164.0, 8190.0], [1368.0, 1331.0, 8004.0], [1368.0, 1185.0, 8178.0], [1367.0, 1349.0, 7967.0], [1367.0, 1325.0, 8025.0], [1367.0, 1249.0, 8130.0], [1367.0, 1187.0, 8222.0], [1366.0, 1304.0, 8033.0], [1366.0, 950.0, 8407.0], [1365.0, 1250.0, 8078.0], [1364.0, 1144.0, 8232.0], [1363.0, 1334.0, 8033.0], [1362.0, 1291.0, 8082.0], [1360.0, 1273.0, 8129.0], [1360.0, 1041.0, 8349.0], [1359.0, 1207.0, 8172.0], [1357.0, 1344.0, 7978.0], [1355.0, 1194.0, 8225.0], [1355.0, 1158.0, 8226.0], [1355.0, 1150.0, 8262.0], [1355.0, 848.0, 8502.0], [1354.0, 1274.0, 8084.0], [1354.0, 1177.0, 8251.0], [1352.0, 1360.0, 7981.0], [1352.0, 1090.0, 8293.0], [1351.0, 1369.0, 7943.0], [1351.0, 1201.0, 8181.0], [1351.0, 1091.0, 8296.0], [1351.0, 910.0, 8422.0], [1349.0, 1230.0, 8144.0], [1349.0, 1063.0, 8338.0], [1349.0, 958.0, 8430.0], [1349.0, 875.0, 8439.0], [1347.0, 1280.0, 8105.0], [1347.0, 982.0, 8434.0], [1345.0, 1154.0, 8252.0], [1345.0, 1002.0, 8398.0], [1344.0, 1233.0, 8138.0], [1344.0, 765.0, 8583.0], [1343.0, 1154.0, 8283.0], [1340.0, 1282.0, 8094.0], [1340.0, 1196.0, 8212.0], [1339.0, 1373.0, 7922.0], [1339.0, 1371.0, 7974.0], [1339.0, 1228.0, 8160.0], [1339.0, 1096.0, 8357.0], [1338.0, 1354.0, 8010.0], [1338.0, 1292.0, 8112.0], [1338.0, 1283.0, 8114.0], [1338.0, 1182.0, 8227.0], [1337.0, 1319.0, 8059.0], [1337.0, 1233.0, 8173.0], [1336.0, 1376.0, 7994.0], [1336.0, 1263.0, 8135.0], [1336.0, 949.0, 8477.0], [1335.0, 1394.0, 7957.0], [1335.0, 1262.0, 8149.0], [1335.0, 1231.0, 8177.0], [1335.0, 1098.0, 8304.0], [1334.0, 1162.0, 8274.0], [1333.0, 1204.0, 8210.0], [1327.0, 1128.0, 8299.0], [1327.0, 1067.0, 8361.0], [1326.0, 1296.0, 8091.0], [1326.0, 1227.0, 8213.0], [1326.0, 1201.0, 8251.0], [1326.0, 891.0, 8484.0], [1325.0, 866.0, 8558.0], [1324.0, 1274.0, 8156.0], [1321.0, 1247.0, 8166.0], [1321.0, 1161.0, 8288.0], [1321.0, 1010.0, 8373.0], [1320.0, 1246.0, 8210.0], [1320.0, 1106.0, 8320.0], [1320.0, 1084.0, 8372.0], [1319.0, 1130.0, 8315.0], [1318.0, 1103.0, 8364.0], [1317.0, 1139.0, 8309.0], [1317.0, 989.0, 8400.0], [1316.0, 988.0, 8437.0], [1315.0, 1052.0, 8411.0], [1314.0, 1324.0, 8083.0], [1313.0, 1311.0, 8093.0], [1313.0, 1004.0, 8428.0], [1312.0, 1194.0, 8265.0], [1312.0, 1110.0, 8359.0], [1312.0, 1084.0, 8380.0], [1312.0, 1021.0, 8429.0], [1312.0, 898.0, 8487.0], [1311.0, 1212.0, 8216.0], [1309.0, 1274.0, 8161.0], [1309.0, 1165.0, 8309.0], [1309.0, 1040.0, 8459.0], [1308.0, 1116.0, 8321.0], [1307.0, 1416.0, 7964.0], [1307.0, 1347.0, 8086.0], [1307.0, 1284.0, 8156.0], [1307.0, 923.0, 8511.0], [1306.0, 1373.0, 8013.0], [1306.0, 1140.0, 8325.0], [1305.0, 905.0, 8518.0], [1304.0, 1223.0, 8252.0], [1304.0, 1166.0, 8294.0], [1304.0, 969.0, 8492.0], [1303.0, 1139.0, 8372.0], [1303.0, 926.0, 8542.0], [1302.0, 1170.0, 8273.0], [1301.0, 1294.0, 8101.0], [1301.0, 1240.0, 8215.0], [1301.0, 1001.0, 8461.0], [1301.0, 938.0, 8510.0], [1299.0, 1296.0, 8123.0], [1298.0, 1395.0, 7985.0], [1297.0, 1188.0, 8291.0], [1296.0, 1304.0, 8110.0], [1296.0, 1091.0, 8388.0], [1294.0, 1217.0, 8260.0], [1294.0, 1046.0, 8449.0], [1293.0, 813.0, 8570.0], [1292.0, 1292.0, 8158.0], [1292.0, 1056.0, 8453.0], [1291.0, 1289.0, 8192.0], [1291.0, 1236.0, 8226.0], [1291.0, 1179.0, 8307.0], [1291.0, 897.0, 8546.0], [1291.0, 889.0, 8582.0], [1290.0, 1178.0, 8313.0], [1288.0, 1331.0, 8146.0], [1288.0, 1266.0, 8226.0], [1287.0, 1223.0, 8275.0], [1287.0, 940.0, 8501.0], [1287.0, 932.0, 8516.0], [1286.0, 1095.0, 8393.0], [1286.0, 960.0, 8575.0], [1285.0, 1254.0, 8230.0], [1285.0, 1008.0, 8469.0], [1284.0, 1097.0, 8391.0], [1283.0, 1176.0, 8324.0], [1283.0, 1153.0, 8341.0], [1283.0, 1064.0, 8411.0], [1283.0, 963.0, 8530.0], [1282.0, 1233.0, 8237.0], [1282.0, 978.0, 8475.0], [1280.0, 825.0, 8589.0], [1279.0, 1206.0, 8277.0], [1279.0, 1181.0, 8300.0], [1279.0, 1069.0, 8427.0], [1279.0, 893.0, 8603.0], [1278.0, 1167.0, 8340.0], [1278.0, 1097.0, 8420.0], [1278.0, 1053.0, 8457.0], [1277.0, 1202.0, 8285.0], [1277.0, 1130.0, 8386.0], [1276.0, 1335.0, 8125.0], [1275.0, 1365.0, 8016.0], [1275.0, 1204.0, 8288.0], [1275.0, 1186.0, 8315.0], [1275.0, 993.0, 8488.0], [1274.0, 1290.0, 8159.0], [1274.0, 1182.0, 8354.0], [1272.0, 1283.0, 8197.0], [1271.0, 1157.0, 8362.0], [1271.0, 1007.0, 8482.0], [1271.0, 969.0, 8509.0], [1270.0, 1305.0, 8159.0], [1270.0, 885.0, 8629.0], [1269.0, 1016.0, 8497.0], [1269.0, 981.0, 8536.0], [1268.0, 1086.0, 8476.0], [1267.0, 1099.0, 8436.0], [1267.0, 1014.0, 8501.0], [1267.0, 970.0, 8538.0], [1266.0, 1223.0, 8292.0], [1266.0, 1195.0, 8318.0], [1265.0, 1112.0, 8397.0], [1264.0, 1314.0, 8165.0], [1263.0, 1362.0, 8050.0], [1263.0, 1231.0, 8244.0], [1263.0, 1215.0, 8307.0], [1263.0, 1190.0, 8336.0], [1263.0, 1028.0, 8498.0], [1262.0, 1162.0, 8372.0], [1261.0, 1333.0, 8131.0], [1261.0, 1302.0, 8179.0], [1261.0, 1038.0, 8487.0], [1260.0, 1268.0, 8198.0], [1260.0, 1194.0, 8342.0], [1260.0, 1129.0, 8411.0], [1259.0, 1094.0, 8467.0], [1259.0, 966.0, 8542.0], [1259.0, 903.0, 8591.0], [1259.0, 802.0, 8710.0], [1258.0, 1328.0, 8165.0], [1258.0, 1274.0, 8206.0], [1258.0, 1250.0, 8259.0], [1258.0, 1136.0, 8403.0], [1258.0, 1079.0, 8477.0], [1257.0, 1320.0, 8180.0], [1256.0, 1299.0, 8188.0], [1256.0, 1057.0, 8480.0], [1256.0, 845.0, 8640.0], [1255.0, 1138.0, 8391.0], [1254.0, 1359.0, 8054.0], [1254.0, 1245.0, 8268.0], [1254.0, 1219.0, 8306.0], [1254.0, 987.0, 8526.0], [1253.0, 1270.0, 8224.0], [1253.0, 1198.0, 8321.0], [1252.0, 1377.0, 8000.0], [1252.0, 1139.0, 8389.0], [1251.0, 1297.0, 8209.0], [1251.0, 1285.0, 8218.0], [1251.0, 1228.0, 8284.0], [1251.0, 1159.0, 8406.0], [1251.0, 1133.0, 8444.0], [1249.0, 1303.0, 8182.0], [1249.0, 853.0, 8633.0], [1248.0, 1266.0, 8227.0], [1247.0, 1208.0, 8322.0], [1247.0, 1198.0, 8351.0], [1247.0, 1034.0, 8519.0], [1246.0, 1332.0, 8144.0], [1245.0, 932.0, 8582.0], [1244.0, 1274.0, 8220.0], [1244.0, 1064.0, 8483.0], [1244.0, 849.0, 8661.0], [1243.0, 1410.0, 8006.0], [1243.0, 1264.0, 8250.0], [1243.0, 1035.0, 8557.0], [1243.0, 904.0, 8607.0], [1242.0, 921.0, 8593.0], [1241.0, 1385.0, 8040.0], [1241.0, 1172.0, 8373.0], [1241.0, 928.0, 8611.0], [1240.0, 1251.0, 8300.0], [1240.0, 1220.0, 8348.0], [1239.0, 1334.0, 8142.0], [1239.0, 1303.0, 8190.0], [1239.0, 1104.0, 8448.0], [1239.0, 893.0, 8628.0], [1238.0, 907.0, 8622.0], [1236.0, 949.0, 8597.0], [1234.0, 1097.0, 8502.0], [1233.0, 1365.0, 8134.0], [1233.0, 981.0, 8564.0], [1232.0, 1216.0, 8349.0], [1231.0, 1297.0, 8226.0], [1231.0, 1282.0, 8247.0], [1231.0, 1006.0, 8561.0], [1230.0, 1291.0, 8247.0], [1230.0, 1154.0, 8426.0], [1230.0, 895.0, 8654.0], [1230.0, 849.0, 8679.0], [1230.0, 826.0, 8706.0], [1229.0, 1229.0, 8315.0], [1229.0, 1191.0, 8372.0], [1229.0, 1160.0, 8420.0], [1228.0, 1233.0, 8308.0], [1225.0, 866.0, 8678.0], [1224.0, 1260.0, 8268.0], [1223.0, 1038.0, 8509.0], [1222.0, 1404.0, 8044.0], [1222.0, 1068.0, 8506.0], [1222.0, 867.0, 8683.0], [1222.0, 834.0, 8713.0], [1222.0, 699.0, 8753.0], [1221.0, 1256.0, 8311.0], [1221.0, 1230.0, 8349.0], [1221.0, 1199.0, 8397.0], [1221.0, 911.0, 8623.0], [1220.0, 1049.0, 8550.0], [1219.0, 976.0, 8567.0], [1219.0, 892.0, 8661.0], [1219.0, 812.0, 8735.0], [1219.0, 743.0, 8787.0], [1218.0, 1231.0, 8325.0], [1216.0, 1340.0, 8163.0], [1215.0, 1317.0, 8202.0], [1215.0, 1110.0, 8506.0], [1215.0, 1059.0, 8511.0], [1214.0, 963.0, 8654.0], [1214.0, 920.0, 8664.0], [1214.0, 792.0, 8777.0], [1213.0, 1149.0, 8433.0], [1213.0, 1132.0, 8462.0], [1213.0, 982.0, 8578.0], [1210.0, 921.0, 8674.0], [1208.0, 1332.0, 8189.0], [1208.0, 1144.0, 8454.0], [1208.0, 968.0, 8620.0], [1207.0, 1272.0, 8267.0], [1207.0, 1165.0, 8430.0], [1207.0, 992.0, 8579.0], [1207.0, 896.0, 8682.0], [1206.0, 1263.0, 8301.0], [1206.0, 1002.0, 8578.0], [1205.0, 1133.0, 8465.0], [1204.0, 1194.0, 8407.0], [1204.0, 1080.0, 8518.0], [1204.0, 825.0, 8796.0], [1203.0, 1319.0, 8233.0], [1203.0, 1161.0, 8468.0], [1203.0, 1111.0, 8486.0], [1203.0, 1081.0, 8510.0], [1203.0, 873.0, 8690.0], [1203.0, 709.0, 8858.0], [1202.0, 1062.0, 8579.0], [1201.0, 1267.0, 8318.0], [1201.0, 948.0, 8655.0], [1200.0, 1201.0, 8359.0], [1199.0, 1342.0, 8216.0], [1199.0, 1231.0, 8360.0], [1198.0, 1170.0, 8448.0], [1198.0, 1006.0, 8616.0], [1198.0, 927.0, 8672.0], [1197.0, 1352.0, 8155.0], [1197.0, 1279.0, 8311.0], [1197.0, 1238.0, 8340.0], [1197.0, 1117.0, 8473.0], [1197.0, 1085.0, 8549.0], [1197.0, 838.0, 8711.0], [1196.0, 1089.0, 8555.0], [1196.0, 876.0, 8702.0], [1196.0, 872.0, 8703.0], [1195.0, 1202.0, 8398.0], [1195.0, 1171.0, 8446.0], [1195.0, 998.0, 8631.0], [1195.0, 881.0, 8689.0], [1194.0, 1357.0, 8173.0], [1194.0, 1218.0, 8407.0], [1194.0, 965.0, 8635.0], [1192.0, 1240.0, 8336.0], [1192.0, 1121.0, 8480.0], [1192.0, 796.0, 8800.0], [1191.0, 1244.0, 8349.0], [1191.0, 877.0, 8711.0], [1190.0, 1114.0, 8482.0], [1190.0, 1094.0, 8521.0], [1190.0, 1072.0, 8569.0], [1190.0, 1033.0, 8583.0], [1189.0, 1280.0, 8278.0], [1189.0, 1114.0, 8494.0], [1189.0, 886.0, 8692.0], [1189.0, 785.0, 8811.0], [1188.0, 1122.0, 8529.0], [1188.0, 931.0, 8659.0], [1188.0, 895.0, 8712.0], [1187.0, 881.0, 8718.0], [1186.0, 1166.0, 8462.0], [1186.0, 1002.0, 8630.0], [1185.0, 1281.0, 8304.0], [1185.0, 1207.0, 8411.0], [1185.0, 1073.0, 8557.0], [1185.0, 879.0, 8722.0], [1185.0, 835.0, 8759.0], [1184.0, 941.0, 8682.0], [1183.0, 1074.0, 8556.0], [1182.0, 1287.0, 8251.0], [1182.0, 905.0, 8687.0], [1181.0, 1137.0, 8479.0], [1181.0, 982.0, 8672.0], [1179.0, 1302.0, 8245.0], [1179.0, 1143.0, 8488.0], [1178.0, 1178.0, 8416.0], [1177.0, 1262.0, 8335.0], [1177.0, 1007.0, 8590.0], [1176.0, 1290.0, 8259.0], [1176.0, 1179.0, 8414.0], [1176.0, 1093.0, 8533.0], [1175.0, 1012.0, 8606.0], [1174.0, 1177.0, 8423.0], [1174.0, 922.0, 8701.0], [1174.0, 861.0, 8741.0], [1173.0, 1245.0, 8376.0], [1173.0, 1022.0, 8595.0], [1173.0, 955.0, 8697.0], [1173.0, 858.0, 8763.0], [1173.0, 839.0, 8780.0], [1172.0, 1240.0, 8383.0], [1172.0, 1228.0, 8392.0], [1172.0, 1187.0, 8450.0], [1172.0, 1159.0, 8484.0], [1172.0, 889.0, 8726.0], [1171.0, 1364.0, 8223.0], [1171.0, 1264.0, 8337.0], [1171.0, 1076.0, 8563.0], [1171.0, 911.0, 8712.0], [1170.0, 1063.0, 8585.0], [1170.0, 1037.0, 8606.0], [1170.0, 1021.0, 8613.0], [1170.0, 899.0, 8753.0], [1169.0, 1377.0, 8150.0], [1169.0, 1339.0, 8235.0], [1169.0, 1306.0, 8254.0], [1169.0, 1132.0, 8496.0], [1167.0, 1286.0, 8275.0], [1167.0, 1192.0, 8439.0], [1167.0, 1113.0, 8534.0], [1166.0, 933.0, 8701.0], [1165.0, 1140.0, 8524.0], [1165.0, 1095.0, 8536.0], [1164.0, 1017.0, 8642.0], [1162.0, 1163.0, 8474.0], [1162.0, 919.0, 8703.0], [1161.0, 1083.0, 8558.0], [1161.0, 904.0, 8713.0], [1159.0, 1145.0, 8490.0], [1159.0, 913.0, 8736.0], [1158.0, 1250.0, 8352.0], [1158.0, 1219.0, 8434.0], [1158.0, 1141.0, 8496.0], [1158.0, 1023.0, 8637.0], [1157.0, 1160.0, 8494.0], [1157.0, 974.0, 8675.0], [1157.0, 939.0, 8714.0], [1157.0, 938.0, 8717.0], [1156.0, 1043.0, 8592.0], [1156.0, 788.0, 8870.0], [1155.0, 1294.0, 8265.0], [1155.0, 1117.0, 8555.0], [1155.0, 1081.0, 8598.0], [1155.0, 984.0, 8664.0], [1154.0, 1291.0, 8270.0], [1154.0, 1142.0, 8501.0], [1154.0, 958.0, 8680.0], [1152.0, 1033.0, 8612.0], [1152.0, 1025.0, 8654.0], [1151.0, 846.0, 8785.0], [1150.0, 1248.0, 8357.0], [1150.0, 1161.0, 8481.0], [1150.0, 859.0, 8755.0], [1149.0, 1227.0, 8425.0], [1149.0, 1168.0, 8475.0], [1149.0, 1154.0, 8510.0], [1149.0, 1085.0, 8582.0], [1149.0, 871.0, 8782.0], [1148.0, 1269.0, 8361.0], [1148.0, 998.0, 8664.0], [1147.0, 1322.0, 8243.0], [1147.0, 915.0, 8743.0], [1146.0, 1270.0, 8327.0], [1146.0, 1143.0, 8543.0], [1146.0, 860.0, 8793.0], [1146.0, 812.0, 8797.0], [1145.0, 1293.0, 8324.0], [1145.0, 1109.0, 8557.0], [1145.0, 979.0, 8679.0], [1144.0, 1179.0, 8452.0], [1144.0, 1098.0, 8560.0], [1142.0, 1096.0, 8562.0], [1142.0, 1091.0, 8579.0], [1141.0, 1361.0, 8242.0], [1141.0, 1292.0, 8364.0], [1141.0, 949.0, 8710.0], [1141.0, 792.0, 8839.0], [1140.0, 1188.0, 8449.0], [1140.0, 1085.0, 8603.0], [1140.0, 933.0, 8727.0], [1139.0, 1313.0, 8275.0], [1139.0, 1229.0, 8401.0], [1139.0, 1035.0, 8635.0], [1139.0, 850.0, 8806.0], [1138.0, 1307.0, 8296.0], [1138.0, 1170.0, 8510.0], [1137.0, 1160.0, 8516.0], [1137.0, 1087.0, 8589.0], [1137.0, 922.0, 8738.0], [1136.0, 1187.0, 8477.0], [1136.0, 1104.0, 8572.0], [1136.0, 1042.0, 8625.0], [1136.0, 1032.0, 8639.0], [1135.0, 1237.0, 8429.0], [1135.0, 1114.0, 8582.0], [1134.0, 1000.0, 8658.0], [1134.0, 909.0, 8768.0], [1134.0, 745.0, 8936.0], [1133.0, 1168.0, 8515.0], [1133.0, 982.0, 8684.0], [1132.0, 1146.0, 8551.0], [1132.0, 982.0, 8719.0], [1132.0, 923.0, 8756.0], [1132.0, 828.0, 8875.0], [1130.0, 1147.0, 8524.0], [1130.0, 1098.0, 8586.0], [1130.0, 1065.0, 8658.0], [1129.0, 1242.0, 8395.0], [1129.0, 951.0, 8734.0], [1128.0, 1326.0, 8249.0], [1128.0, 1253.0, 8374.0], [1128.0, 1105.0, 8614.0], [1128.0, 1005.0, 8672.0], [1127.0, 1259.0, 8388.0], [1126.0, 1224.0, 8461.0], [1126.0, 1186.0, 8486.0], [1126.0, 1006.0, 8659.0], [1126.0, 885.0, 8775.0], [1125.0, 1115.0, 8572.0], [1124.0, 879.0, 8781.0], [1124.0, 875.0, 8782.0], [1123.0, 1248.0, 8403.0], [1123.0, 985.0, 8701.0], [1123.0, 962.0, 8738.0], [1121.0, 1240.0, 8428.0], [1121.0, 1204.0, 8463.0], [1121.0, 1168.0, 8525.0], [1121.0, 1156.0, 8534.0], [1121.0, 1092.0, 8624.0], [1121.0, 995.0, 8690.0], [1120.0, 1188.0, 8466.0], [1120.0, 1014.0, 8661.0], [1120.0, 799.0, 8879.0], [1119.0, 1211.0, 8471.0], [1119.0, 1182.0, 8487.0], [1119.0, 869.0, 8783.0], [1118.0, 1307.0, 8313.0], [1118.0, 1241.0, 8410.0], [1118.0, 1174.0, 8496.0], [1118.0, 1149.0, 8548.0], [1118.0, 1036.0, 8680.0], [1118.0, 935.0, 8742.0], [1117.0, 988.0, 8711.0], [1117.0, 889.0, 8771.0], [1117.0, 876.0, 8799.0], [1117.0, 788.0, 8890.0], [1116.0, 1325.0, 8259.0], [1116.0, 1255.0, 8398.0], [1116.0, 1176.0, 8542.0], [1116.0, 1126.0, 8559.0], [1116.0, 1003.0, 8682.0], [1116.0, 871.0, 8837.0], [1116.0, 729.0, 8947.0], [1115.0, 1108.0, 8585.0], [1115.0, 904.0, 8795.0], [1114.0, 1251.0, 8440.0], [1114.0, 1188.0, 8488.0], [1114.0, 1108.0, 8620.0], [1113.0, 1118.0, 8574.0], [1113.0, 994.0, 8696.0], [1113.0, 991.0, 8699.0], [1113.0, 975.0, 8764.0], [1112.0, 1205.0, 8492.0], [1111.0, 1110.0, 8584.0], [1111.0, 1077.0, 8635.0], [1110.0, 1182.0, 8508.0], [1107.0, 1358.0, 8265.0], [1106.0, 1116.0, 8576.0], [1106.0, 905.0, 8792.0], [1105.0, 1333.0, 8299.0], [1105.0, 1190.0, 8542.0], [1105.0, 1024.0, 8708.0], [1104.0, 1119.0, 8573.0], [1104.0, 1112.0, 8610.0], [1104.0, 867.0, 8851.0], [1103.0, 1074.0, 8638.0], [1103.0, 876.0, 8801.0], [1102.0, 1191.0, 8518.0], [1102.0, 1056.0, 8677.0], [1102.0, 993.0, 8726.0], [1102.0, 925.0, 8780.0], [1102.0, 892.0, 8845.0], [1101.0, 1124.0, 8562.0], [1101.0, 834.0, 8856.0], [1101.0, 752.0, 8908.0], [1100.0, 1269.0, 8384.0], [1100.0, 1162.0, 8563.0], [1100.0, 910.0, 8785.0], [1099.0, 1277.0, 8395.0], [1099.0, 1079.0, 8642.0], [1099.0, 979.0, 8761.0], [1099.0, 914.0, 8791.0], [1098.0, 766.0, 8893.0], [1095.0, 1212.0, 8477.0], [1095.0, 1081.0, 8626.0], [1095.0, 1037.0, 8687.0], [1094.0, 1213.0, 8476.0], [1094.0, 1131.0, 8568.0], [1094.0, 1117.0, 8598.0], [1093.0, 713.0, 8995.0], [1092.0, 1195.0, 8537.0], [1092.0, 1126.0, 8580.0], [1091.0, 950.0, 8778.0], [1091.0, 820.0, 8918.0], [1090.0, 1057.0, 8666.0], [1090.0, 947.0, 8800.0], [1089.0, 833.0, 8876.0], [1088.0, 1233.0, 8456.0], [1088.0, 1154.0, 8600.0], [1088.0, 1031.0, 8693.0], [1088.0, 1016.0, 8721.0], [1088.0, 764.0, 8974.0], [1087.0, 1322.0, 8328.0], [1087.0, 1281.0, 8374.0], [1087.0, 916.0, 8815.0], [1086.0, 1352.0, 8303.0], [1086.0, 1273.0, 8447.0], [1085.0, 1206.0, 8480.0], [1084.0, 1293.0, 8364.0], [1084.0, 1018.0, 8746.0], [1084.0, 985.0, 8751.0], [1083.0, 1215.0, 8479.0], [1082.0, 1047.0, 8702.0], [1082.0, 882.0, 8863.0], [1081.0, 1118.0, 8609.0], [1080.0, 1128.0, 8604.0], [1080.0, 1119.0, 8646.0], [1080.0, 1049.0, 8748.0], [1079.0, 839.0, 8875.0], [1078.0, 977.0, 8770.0], [1077.0, 1355.0, 8284.0], [1077.0, 769.0, 8931.0], [1076.0, 1213.0, 8481.0], [1076.0, 780.0, 8933.0], [1075.0, 918.0, 8822.0], [1074.0, 1054.0, 8714.0], [1073.0, 1207.0, 8514.0], [1073.0, 1071.0, 8692.0], [1073.0, 902.0, 8832.0], [1073.0, 724.0, 8989.0], [1072.0, 1279.0, 8380.0], [1071.0, 1231.0, 8471.0], [1071.0, 959.0, 8777.0], [1070.0, 993.0, 8764.0], [1069.0, 1213.0, 8532.0], [1069.0, 1167.0, 8604.0], [1068.0, 1020.0, 8752.0], [1068.0, 926.0, 8817.0], [1068.0, 882.0, 8874.0], [1067.0, 842.0, 8878.0], [1066.0, 952.0, 8779.0], [1065.0, 1097.0, 8672.0], [1065.0, 949.0, 8814.0], [1065.0, 915.0, 8828.0], [1064.0, 1215.0, 8505.0], [1064.0, 950.0, 8820.0], [1064.0, 856.0, 8885.0], [1063.0, 1189.0, 8564.0], [1063.0, 1136.0, 8629.0], [1063.0, 1108.0, 8665.0], [1063.0, 896.0, 8835.0], [1062.0, 1218.0, 8503.0], [1062.0, 1079.0, 8693.0], [1062.0, 963.0, 8781.0], [1061.0, 1222.0, 8528.0], [1060.0, 1281.0, 8404.0], [1060.0, 1144.0, 8607.0], [1060.0, 1086.0, 8679.0], [1060.0, 985.0, 8798.0], [1060.0, 857.0, 8926.0], [1060.0, 824.0, 8931.0], [1060.0, 818.0, 8940.0], [1058.0, 1205.0, 8546.0], [1058.0, 906.0, 8834.0], [1058.0, 712.0, 8999.0], [1057.0, 900.0, 8836.0], [1057.0, 799.0, 8955.0], [1056.0, 1349.0, 8322.0], [1055.0, 1324.0, 8416.0], [1055.0, 1206.0, 8558.0], [1055.0, 1175.0, 8606.0], [1052.0, 865.0, 8879.0], [1050.0, 1225.0, 8509.0], [1050.0, 1146.0, 8653.0], [1050.0, 990.0, 8786.0], [1049.0, 741.0, 9012.0], [1048.0, 1235.0, 8458.0], [1047.0, 911.0, 8836.0], [1046.0, 1076.0, 8721.0], [1046.0, 921.0, 8828.0], [1046.0, 908.0, 8858.0], [1045.0, 1043.0, 8751.0], [1044.0, 1151.0, 8619.0], [1043.0, 1093.0, 8694.0], [1042.0, 1235.0, 8474.0], [1042.0, 1111.0, 8699.0], [1041.0, 1212.0, 8541.0], [1041.0, 997.0, 8775.0], [1040.0, 957.0, 8823.0], [1039.0, 936.0, 8853.0], [1039.0, 925.0, 8856.0], [1037.0, 1161.0, 8613.0], [1037.0, 1002.0, 8782.0], [1037.0, 970.0, 8803.0], [1036.0, 1080.0, 8704.0], [1035.0, 1233.0, 8478.0], [1035.0, 1194.0, 8577.0], [1035.0, 1183.0, 8614.0], [1035.0, 748.0, 8992.0], [1033.0, 1229.0, 8490.0], [1033.0, 1014.0, 8755.0], [1033.0, 1007.0, 8769.0], [1033.0, 886.0, 8873.0], [1032.0, 1226.0, 8500.0], [1031.0, 1164.0, 8622.0], [1031.0, 867.0, 8913.0], [1029.0, 1014.0, 8766.0], [1029.0, 874.0, 8904.0], [1029.0, 834.0, 8931.0], [1029.0, 755.0, 8987.0], [1028.0, 1302.0, 8451.0], [1028.0, 1158.0, 8642.0], [1028.0, 842.0, 8943.0], [1027.0, 984.0, 8807.0], [1026.0, 1056.0, 8755.0], [1025.0, 909.0, 8903.0], [1024.0, 917.0, 8860.0], [1023.0, 1236.0, 8481.0], [1023.0, 1018.0, 8782.0], [1022.0, 1267.0, 8489.0], [1022.0, 945.0, 8835.0], [1021.0, 958.0, 8814.0], [1021.0, 861.0, 8916.0], [1020.0, 1178.0, 8622.0], [1020.0, 1068.0, 8725.0], [1020.0, 990.0, 8799.0], [1020.0, 784.0, 9000.0], [1020.0, 711.0, 9053.0], [1019.0, 1197.0, 8622.0], [1019.0, 953.0, 8857.0], [1018.0, 950.0, 8879.0], [1017.0, 1224.0, 8545.0], [1017.0, 836.0, 8955.0], [1015.0, 1140.0, 8656.0], [1015.0, 1127.0, 8690.0], [1015.0, 1057.0, 8759.0], [1015.0, 1023.0, 8771.0], [1015.0, 969.0, 8816.0], [1015.0, 764.0, 9036.0], [1013.0, 1202.0, 8588.0], [1013.0, 1000.0, 8793.0], [1012.0, 1213.0, 8567.0], [1011.0, 1000.0, 8805.0], [1010.0, 957.0, 8827.0], [1008.0, 955.0, 8867.0], [1008.0, 918.0, 8885.0], [1008.0, 872.0, 8913.0], [1007.0, 1217.0, 8553.0], [1007.0, 1058.0, 8741.0], [1007.0, 1035.0, 8804.0], [1006.0, 1148.0, 8647.0], [1005.0, 1057.0, 8801.0], [1005.0, 963.0, 8826.0], [1005.0, 936.0, 8882.0], [1004.0, 859.0, 8966.0], [1003.0, 1251.0, 8532.0], [1003.0, 1142.0, 8680.0], [1002.0, 1087.0, 8702.0], [1002.0, 977.0, 8826.0], [1001.0, 1261.0, 8527.0], [1000.0, 965.0, 8834.0], [1000.0, 917.0, 8892.0], [999.0, 1078.0, 8741.0], [999.0, 962.0, 8856.0], [998.0, 1096.0, 8731.0], [998.0, 787.0, 9000.0], [997.0, 1107.0, 8710.0], [996.0, 1153.0, 8660.0], [996.0, 982.0, 8820.0], [995.0, 1037.0, 8828.0], [995.0, 835.0, 8968.0], [994.0, 788.0, 9000.0], [993.0, 965.0, 8850.0], [991.0, 1130.0, 8702.0], [991.0, 979.0, 8836.0], [991.0, 972.0, 8850.0], [990.0, 1089.0, 8737.0], [990.0, 974.0, 8840.0], [988.0, 1208.0, 8584.0], [988.0, 821.0, 9019.0], [987.0, 839.0, 8985.0], [986.0, 1140.0, 8695.0], [986.0, 885.0, 8973.0], [985.0, 1224.0, 8595.0], [985.0, 1173.0, 8658.0], [984.0, 1191.0, 8625.0], [984.0, 1155.0, 8684.0], [984.0, 1122.0, 8756.0], [984.0, 959.0, 8885.0], [983.0, 1133.0, 8699.0], [983.0, 1008.0, 8832.0], [983.0, 874.0, 8984.0], [982.0, 1310.0, 8472.0], [982.0, 1070.0, 8763.0], [982.0, 886.0, 8918.0], [982.0, 815.0, 9041.0], [981.0, 1144.0, 8696.0], [981.0, 1136.0, 8699.0], [979.0, 1172.0, 8670.0], [979.0, 938.0, 8900.0], [979.0, 907.0, 8922.0], [977.0, 1132.0, 8750.0], [977.0, 961.0, 8869.0], [977.0, 921.0, 8908.0], [976.0, 1210.0, 8608.0], [976.0, 1086.0, 8773.0], [976.0, 1031.0, 8842.0], [976.0, 901.0, 8942.0], [975.0, 928.0, 8941.0], [974.0, 913.0, 8979.0], [971.0, 1090.0, 8759.0], [971.0, 845.0, 8988.0], [970.0, 1312.0, 8496.0], [970.0, 786.0, 9045.0], [969.0, 947.0, 8895.0], [967.0, 1204.0, 8615.0], [967.0, 775.0, 9056.0], [965.0, 1134.0, 8733.0], [965.0, 963.0, 8893.0], [964.0, 989.0, 8855.0], [963.0, 978.0, 8870.0], [961.0, 1064.0, 8801.0], [961.0, 980.0, 8916.0], [956.0, 1212.0, 8655.0], [956.0, 1034.0, 8834.0], [956.0, 845.0, 9017.0], [950.0, 1182.0, 8657.0], [950.0, 1098.0, 8772.0], [950.0, 1041.0, 8863.0], [949.0, 951.0, 8920.0], [948.0, 1106.0, 8765.0], [947.0, 1003.0, 8890.0], [946.0, 1183.0, 8678.0], [946.0, 988.0, 8928.0], [945.0, 1068.0, 8792.0], [945.0, 881.0, 8988.0], [943.0, 928.0, 8949.0], [942.0, 1193.0, 8698.0], [937.0, 903.0, 8981.0], [937.0, 872.0, 9003.0], [936.0, 1255.0, 8584.0], [936.0, 948.0, 8957.0], [935.0, 834.0, 9033.0], [934.0, 1185.0, 8702.0], [933.0, 1062.0, 8803.0], [933.0, 893.0, 9022.0], [931.0, 1077.0, 8821.0], [931.0, 1054.0, 8867.0], [930.0, 1115.0, 8770.0], [930.0, 1015.0, 8923.0], [929.0, 901.0, 8999.0], [925.0, 1065.0, 8837.0], [923.0, 1109.0, 8791.0], [923.0, 1065.0, 8868.0], [921.0, 1218.0, 8637.0], [920.0, 1085.0, 8861.0], [920.0, 936.0, 8977.0], [918.0, 716.0, 9074.0], [917.0, 738.0, 9155.0], [916.0, 1015.0, 8929.0], [915.0, 955.0, 8939.0], [907.0, 916.0, 9001.0], [906.0, 1027.0, 8875.0], [905.0, 1133.0, 8785.0], [905.0, 968.0, 8971.0], [904.0, 986.0, 8933.0], [903.0, 1159.0, 8708.0], [903.0, 846.0, 9069.0], [902.0, 786.0, 9079.0], [900.0, 1212.0, 8675.0], [900.0, 1128.0, 8790.0], [898.0, 1241.0, 8659.0], [891.0, 1161.0, 8732.0], [891.0, 817.0, 9073.0], [889.0, 872.0, 9064.0], [888.0, 813.0, 9121.0], [887.0, 866.0, 9080.0], [886.0, 1112.0, 8834.0], [885.0, 802.0, 9132.0], [884.0, 1154.0, 8752.0], [884.0, 899.0, 9030.0], [874.0, 920.0, 8988.0], [873.0, 943.0, 8974.0], [873.0, 773.0, 9136.0], [872.0, 914.0, 9004.0], [871.0, 767.0, 9152.0], [866.0, 1155.0, 8763.0], [861.0, 945.0, 8998.0], [860.0, 1056.0, 8872.0], [855.0, 1163.0, 8803.0], [855.0, 899.0, 9037.0], [848.0, 772.0, 9236.0], [843.0, 901.0, 9061.0], [842.0, 994.0, 8943.0], [833.0, 1075.0, 8882.0], [833.0, 820.0, 9160.0], [832.0, 673.0, 9308.0], [826.0, 999.0, 8960.0], [824.0, 950.0, 9006.0], [822.0, 1106.0, 8876.0], [822.0, 851.0, 9154.0], [789.0, 794.0, 9228.0], [750.0, 793.0, 9251.0]]
