heur = true
LBS_limit = 3
preproc = 1
tight_root = 0
total_time = 1800.06
NDP = 862
total_nodes = 52423
pruned_nodes = 26194
pruned_dominance_nodes = 11695
heur_time = 0.31
Y_N = Any[[3318.0, 2306.0, 9871.0], [3292.0, 2283.0, 9921.0], [3285.0, 1998.0, 10086.0], [3280.0, 2183.0, 10049.0], [3275.0, 2217.0, 9949.0], [3270.0, 2028.0, 10194.0], [3269.0, 2159.0, 10113.0], [3264.0, 2344.0, 9928.0], [3262.0, 2200.0, 10076.0], [3261.0, 2219.0, 10062.0], [3260.0, 2415.0, 9699.0], [3259.0, 2467.0, 9770.0], [3252.0, 2477.0, 9746.0], [3248.0, 2270.0, 10004.0], [3245.0, 2389.0, 9926.0], [3243.0, 2300.0, 10063.0], [3240.0, 2131.0, 10191.0], [3233.0, 2444.0, 9820.0], [3233.0, 2336.0, 10064.0], [3228.0, 2552.0, 9685.0], [3227.0, 2273.0, 10073.0], [3223.0, 2448.0, 9778.0], [3221.0, 2413.0, 9887.0], [3220.0, 2501.0, 9768.0], [3220.0, 1989.0, 10356.0], [3217.0, 2417.0, 9830.0], [3217.0, 2066.0, 10244.0], [3215.0, 2171.0, 10138.0], [3211.0, 2432.0, 9841.0], [3210.0, 2480.0, 9804.0], [3209.0, 2463.0, 9874.0], [3208.0, 2309.0, 10073.0], [3208.0, 2174.0, 10177.0], [3206.0, 2519.0, 9728.0], [3206.0, 2243.0, 10086.0], [3204.0, 2150.0, 10235.0], [3203.0, 2494.0, 9888.0], [3203.0, 2370.0, 10017.0], [3202.0, 2380.0, 9961.0], [3202.0, 2221.0, 10116.0], [3201.0, 2350.0, 10036.0], [3200.0, 2236.0, 10109.0], [3199.0, 2190.0, 10134.0], [3199.0, 2147.0, 10245.0], [3198.0, 2345.0, 10074.0], [3197.0, 2406.0, 9931.0], [3196.0, 2390.0, 9953.0], [3193.0, 2530.0, 9889.0], [3193.0, 1990.0, 10432.0], [3189.0, 2431.0, 9903.0], [3189.0, 2167.0, 10215.0], [3187.0, 2265.0, 10084.0], [3186.0, 2550.0, 9825.0], [3185.0, 2262.0, 10165.0], [3184.0, 2337.0, 10091.0], [3182.0, 2317.0, 10110.0], [3179.0, 2148.0, 10238.0], [3179.0, 2074.0, 10309.0], [3177.0, 2151.0, 10311.0], [3176.0, 2436.0, 9903.0], [3176.0, 1836.0, 10538.0], [3175.0, 2394.0, 9952.0], [3175.0, 2044.0, 10315.0], [3173.0, 2441.0, 9932.0], [3173.0, 2193.0, 10194.0], [3172.0, 1895.0, 10451.0], [3170.0, 2216.0, 10167.0], [3170.0, 2205.0, 10197.0], [3169.0, 2077.0, 10379.0], [3168.0, 2434.0, 9972.0], [3166.0, 2290.0, 10120.0], [3166.0, 2177.0, 10235.0], [3165.0, 2191.0, 10224.0], [3164.0, 2262.0, 10194.0], [3164.0, 2138.0, 10323.0], [3162.0, 2384.0, 10049.0], [3162.0, 2118.0, 10342.0], [3161.0, 2388.0, 10070.0], [3161.0, 2233.0, 10200.0], [3160.0, 1997.0, 10417.0], [3160.0, 1857.0, 10607.0], [3159.0, 2113.0, 10380.0], [3159.0, 2006.0, 10403.0], [3158.0, 2344.0, 10075.0], [3155.0, 2409.0, 9989.0], [3155.0, 2042.0, 10422.0], [3154.0, 2298.0, 10195.0], [3153.0, 2238.0, 10258.0], [3153.0, 2166.0, 10316.0], [3151.0, 2146.0, 10335.0], [3150.0, 2564.0, 9673.0], [3149.0, 2333.0, 10099.0], [3148.0, 2327.0, 10126.0], [3148.0, 2299.0, 10202.0], [3148.0, 2178.0, 10313.0], [3148.0, 1980.0, 10484.0], [3148.0, 1906.0, 10519.0], [3147.0, 2581.0, 9783.0], [3146.0, 2416.0, 10005.0], [3146.0, 2279.0, 10221.0], [3144.0, 2518.0, 9914.0], [3144.0, 2018.0, 10486.0], [3143.0, 2274.0, 10259.0], [3143.0, 2210.0, 10274.0], [3142.0, 2458.0, 9920.0], [3142.0, 2326.0, 10189.0], [3141.0, 2411.0, 10024.0], [3140.0, 2444.0, 9937.0], [3138.0, 2459.0, 9926.0], [3138.0, 2214.0, 10314.0], [3137.0, 2154.0, 10377.0], [3136.0, 2221.0, 10283.0], [3136.0, 2078.0, 10435.0], [3135.0, 2359.0, 10122.0], [3134.0, 2363.0, 10143.0], [3134.0, 2231.0, 10278.0], [3133.0, 2246.0, 10275.0], [3132.0, 2339.0, 10192.0], [3131.0, 2602.0, 9529.0], [3130.0, 2217.0, 10295.0], [3129.0, 2465.0, 9930.0], [3128.0, 2434.0, 10033.0], [3127.0, 2190.0, 10378.0], [3126.0, 2402.0, 10061.0], [3126.0, 2242.0, 10308.0], [3124.0, 2210.0, 10336.0], [3122.0, 2375.0, 10193.0], [3120.0, 2655.0, 9700.0], [3120.0, 2051.0, 10445.0], [3120.0, 1927.0, 10520.0], [3119.0, 2275.0, 10241.0], [3118.0, 2594.0, 9785.0], [3118.0, 2084.0, 10381.0], [3117.0, 2445.0, 9998.0], [3116.0, 2301.0, 10271.0], [3116.0, 2021.0, 10467.0], [3116.0, 1882.0, 10535.0], [3115.0, 1990.0, 10564.0], [3113.0, 2469.0, 9968.0], [3112.0, 1996.0, 10507.0], [3108.0, 2501.0, 9974.0], [3108.0, 2126.0, 10455.0], [3105.0, 2542.0, 9919.0], [3105.0, 2460.0, 10003.0], [3105.0, 2404.0, 10053.0], [3104.0, 2213.0, 10322.0], [3104.0, 2068.0, 10501.0], [3104.0, 1948.0, 10589.0], [3103.0, 2407.0, 10043.0], [3103.0, 2404.0, 10099.0], [3102.0, 2132.0, 10446.0], [3099.0, 2133.0, 10404.0], [3098.0, 2412.0, 10072.0], [3097.0, 2563.0, 9860.0], [3097.0, 2311.0, 10234.0], [3096.0, 2591.0, 9796.0], [3096.0, 2451.0, 10014.0], [3095.0, 2157.0, 10435.0], [3095.0, 1848.0, 10729.0], [3094.0, 2104.0, 10502.0], [3093.0, 2440.0, 10100.0], [3093.0, 2327.0, 10216.0], [3093.0, 1919.0, 10610.0], [3091.0, 2392.0, 10134.0], [3090.0, 2342.0, 10250.0], [3089.0, 2515.0, 9929.0], [3088.0, 1984.0, 10620.0], [3087.0, 2628.0, 9729.0], [3087.0, 2577.0, 9904.0], [3086.0, 2460.0, 10036.0], [3084.0, 2538.0, 9934.0], [3084.0, 2016.0, 10569.0], [3083.0, 2314.0, 10256.0], [3083.0, 2168.0, 10446.0], [3082.0, 2469.0, 10027.0], [3081.0, 2241.0, 10355.0], [3078.0, 2020.0, 10621.0], [3077.0, 2069.0, 10577.0], [3076.0, 2368.0, 10233.0], [3075.0, 1920.0, 10667.0], [3074.0, 2407.0, 10174.0], [3074.0, 1957.0, 10638.0], [3072.0, 2281.0, 10277.0], [3072.0, 2145.0, 10499.0], [3071.0, 2445.0, 10042.0], [3071.0, 2305.0, 10260.0], [3070.0, 2201.0, 10415.0], [3068.0, 2181.0, 10434.0], [3067.0, 2403.0, 10207.0], [3067.0, 2278.0, 10283.0], [3067.0, 2256.0, 10334.0], [3067.0, 2152.0, 10466.0], [3066.0, 2478.0, 10003.0], [3066.0, 2097.0, 10570.0], [3065.0, 2507.0, 9939.0], [3065.0, 2280.0, 10292.0], [3063.0, 2227.0, 10383.0], [3063.0, 1928.0, 10698.0], [3062.0, 2463.0, 10098.0], [3062.0, 2273.0, 10319.0], [3062.0, 2181.0, 10500.0], [3060.0, 2521.0, 10003.0], [3060.0, 2436.0, 10140.0], [3060.0, 1931.0, 10656.0], [3059.0, 2502.0, 10010.0], [3059.0, 2202.0, 10409.0], [3056.0, 1697.0, 10802.0], [3055.0, 2214.0, 10433.0], [3055.0, 1778.0, 10832.0], [3054.0, 2253.0, 10338.0], [3050.0, 2070.0, 10580.0], [3049.0, 2287.0, 10354.0], [3049.0, 2228.0, 10366.0], [3048.0, 2145.0, 10526.0], [3047.0, 2249.0, 10418.0], [3046.0, 2543.0, 9905.0], [3046.0, 2189.0, 10438.0], [3045.0, 2738.0, 9649.0], [3045.0, 2105.0, 10529.0], [3045.0, 1829.0, 10775.0], [3044.0, 2320.0, 10274.0], [3044.0, 1952.0, 10725.0], [3044.0, 1936.0, 10752.0], [3043.0, 2492.0, 10026.0], [3043.0, 2196.0, 10452.0], [3043.0, 1786.0, 10863.0], [3041.0, 2608.0, 9805.0], [3041.0, 2374.0, 10253.0], [3039.0, 2254.0, 10385.0], [3039.0, 2209.0, 10444.0], [3039.0, 2137.0, 10540.0], [3038.0, 2346.0, 10278.0], [3037.0, 2612.0, 9913.0], [3034.0, 2169.0, 10501.0], [3033.0, 2333.0, 10313.0], [3033.0, 2027.0, 10589.0], [3032.0, 2056.0, 10608.0], [3032.0, 2001.0, 10637.0], [3032.0, 1985.0, 10664.0], [3031.0, 2625.0, 9888.0], [3031.0, 2547.0, 9974.0], [3029.0, 2412.0, 10154.0], [3029.0, 2371.0, 10265.0], [3028.0, 2113.0, 10604.0], [3027.0, 1947.0, 10742.0], [3025.0, 2571.0, 9967.0], [3025.0, 2468.0, 10056.0], [3025.0, 2321.0, 10370.0], [3023.0, 2054.0, 10617.0], [3020.0, 2560.0, 10013.0], [3020.0, 2471.0, 10039.0], [3020.0, 2225.0, 10454.0], [3019.0, 2572.0, 10026.0], [3019.0, 2489.0, 10028.0], [3019.0, 2181.0, 10520.0], [3018.0, 2349.0, 10302.0], [3015.0, 2229.0, 10429.0], [3015.0, 2084.0, 10660.0], [3014.0, 2505.0, 10078.0], [3014.0, 2473.0, 10102.0], [3014.0, 1996.0, 10677.0], [3014.0, 1973.0, 10691.0], [3014.0, 1934.0, 10754.0], [3012.0, 2113.0, 10621.0], [3012.0, 1914.0, 10773.0], [3011.0, 2699.0, 9832.0], [3008.0, 2658.0, 9861.0], [3008.0, 2017.0, 10724.0], [3007.0, 2431.0, 10159.0], [3007.0, 2267.0, 10373.0], [3006.0, 2372.0, 10264.0], [3005.0, 2452.0, 10130.0], [3004.0, 2430.0, 10252.0], [3004.0, 1880.0, 10785.0], [3003.0, 1885.0, 10792.0], [3002.0, 2445.0, 10143.0], [3002.0, 2163.0, 10526.0], [3002.0, 2066.0, 10664.0], [3001.0, 2277.0, 10407.0], [3001.0, 2218.0, 10514.0], [3000.0, 2550.0, 10046.0], [2999.0, 2284.0, 10375.0], [2999.0, 2232.0, 10523.0], [2999.0, 2085.0, 10682.0], [2998.0, 2095.0, 10633.0], [2997.0, 2372.0, 10281.0], [2997.0, 1915.0, 10755.0], [2996.0, 2605.0, 9999.0], [2996.0, 2158.0, 10531.0], [2995.0, 2615.0, 9951.0], [2995.0, 2502.0, 10103.0], [2995.0, 2254.0, 10412.0], [2994.0, 2437.0, 10170.0], [2994.0, 2363.0, 10326.0], [2992.0, 2301.0, 10389.0], [2992.0, 1933.0, 10843.0], [2991.0, 2374.0, 10301.0], [2991.0, 2134.0, 10586.0], [2991.0, 1970.0, 10726.0], [2988.0, 1796.0, 10904.0], [2987.0, 2487.0, 10115.0], [2987.0, 2295.0, 10417.0], [2987.0, 2118.0, 10658.0], [2985.0, 2513.0, 10057.0], [2985.0, 2129.0, 10596.0], [2984.0, 2466.0, 10165.0], [2984.0, 2271.0, 10422.0], [2983.0, 2113.0, 10671.0], [2982.0, 2459.0, 10193.0], [2982.0, 2239.0, 10434.0], [2981.0, 2677.0, 9841.0], [2979.0, 2280.0, 10465.0], [2979.0, 2143.0, 10587.0], [2979.0, 1943.0, 10847.0], [2977.0, 2021.0, 10694.0], [2976.0, 2386.0, 10277.0], [2976.0, 2094.0, 10722.0], [2975.0, 2434.0, 10253.0], [2975.0, 2334.0, 10344.0], [2975.0, 2302.0, 10388.0], [2975.0, 2131.0, 10605.0], [2974.0, 2509.0, 10080.0], [2974.0, 2239.0, 10466.0], [2973.0, 2532.0, 10117.0], [2973.0, 2467.0, 10177.0], [2973.0, 2162.0, 10536.0], [2972.0, 2487.0, 10150.0], [2972.0, 2309.0, 10393.0], [2972.0, 1957.0, 10783.0], [2971.0, 2315.0, 10372.0], [2971.0, 2168.0, 10539.0], [2971.0, 1992.0, 10751.0], [2970.0, 2424.0, 10290.0], [2970.0, 2378.0, 10292.0], [2970.0, 2297.0, 10430.0], [2970.0, 2047.0, 10739.0], [2968.0, 2170.0, 10539.0], [2967.0, 2296.0, 10433.0], [2967.0, 2007.0, 10742.0], [2967.0, 1830.0, 10871.0], [2966.0, 2463.0, 10212.0], [2966.0, 2349.0, 10342.0], [2966.0, 2325.0, 10380.0], [2965.0, 2198.0, 10558.0], [2965.0, 1987.0, 10761.0], [2964.0, 2440.0, 10287.0], [2964.0, 2374.0, 10302.0], [2963.0, 2301.0, 10412.0], [2962.0, 2373.0, 10309.0], [2962.0, 1824.0, 10875.0], [2961.0, 2533.0, 10080.0], [2961.0, 2007.0, 10752.0], [2961.0, 1686.0, 10937.0], [2960.0, 2309.0, 10398.0], [2960.0, 2291.0, 10436.0], [2959.0, 2442.0, 10219.0], [2959.0, 2303.0, 10410.0], [2959.0, 2038.0, 10752.0], [2958.0, 2155.0, 10585.0], [2958.0, 2052.0, 10751.0], [2957.0, 2448.0, 10236.0], [2955.0, 2549.0, 10076.0], [2955.0, 2153.0, 10630.0], [2954.0, 2384.0, 10320.0], [2953.0, 2340.0, 10400.0], [2953.0, 1743.0, 10972.0], [2952.0, 2500.0, 10133.0], [2952.0, 2156.0, 10559.0], [2952.0, 1907.0, 10848.0], [2951.0, 2264.0, 10504.0], [2951.0, 2168.0, 10621.0], [2950.0, 1957.0, 10815.0], [2949.0, 2148.0, 10640.0], [2949.0, 1998.0, 10770.0], [2949.0, 1981.0, 10779.0], [2948.0, 2485.0, 10209.0], [2948.0, 2063.0, 10723.0], [2947.0, 2638.0, 9876.0], [2947.0, 2388.0, 10310.0], [2947.0, 2159.0, 10629.0], [2947.0, 2007.0, 10843.0], [2946.0, 2293.0, 10449.0], [2946.0, 2191.0, 10563.0], [2945.0, 1923.0, 10871.0], [2944.0, 2287.0, 10463.0], [2944.0, 2205.0, 10533.0], [2942.0, 2660.0, 10005.0], [2942.0, 2344.0, 10444.0], [2942.0, 2178.0, 10578.0], [2942.0, 1798.0, 10927.0], [2941.0, 2468.0, 10236.0], [2941.0, 2029.0, 10813.0], [2941.0, 1827.0, 10943.0], [2940.0, 1698.0, 11001.0], [2939.0, 2346.0, 10398.0], [2939.0, 2235.0, 10516.0], [2939.0, 1843.0, 10951.0], [2938.0, 2264.0, 10544.0], [2938.0, 1890.0, 10886.0], [2937.0, 2300.0, 10486.0], [2937.0, 2075.0, 10735.0], [2937.0, 1918.0, 10878.0], [2935.0, 2357.0, 10337.0], [2935.0, 2185.0, 10570.0], [2934.0, 2377.0, 10356.0], [2934.0, 2184.0, 10605.0], [2934.0, 1853.0, 10891.0], [2933.0, 2450.0, 10240.0], [2933.0, 2412.0, 10384.0], [2932.0, 2594.0, 10019.0], [2932.0, 1659.0, 11013.0], [2931.0, 2554.0, 10143.0], [2931.0, 2134.0, 10701.0], [2931.0, 1852.0, 10916.0], [2931.0, 1724.0, 11014.0], [2930.0, 2505.0, 10177.0], [2930.0, 2442.0, 10242.0], [2929.0, 1924.0, 10893.0], [2929.0, 1908.0, 10920.0], [2928.0, 2269.0, 10489.0], [2928.0, 2207.0, 10564.0], [2928.0, 2165.0, 10653.0], [2927.0, 2164.0, 10657.0], [2927.0, 2050.0, 10807.0], [2927.0, 1865.0, 11008.0], [2926.0, 2576.0, 10124.0], [2923.0, 2419.0, 10302.0], [2920.0, 2178.0, 10655.0], [2920.0, 2164.0, 10704.0], [2920.0, 2093.0, 10729.0], [2920.0, 1997.0, 10846.0], [2920.0, 1576.0, 11036.0], [2919.0, 2482.0, 10237.0], [2919.0, 1936.0, 10861.0], [2919.0, 1707.0, 11081.0], [2918.0, 1977.0, 10865.0], [2917.0, 2414.0, 10360.0], [2916.0, 2180.0, 10685.0], [2916.0, 2140.0, 10721.0], [2914.0, 2507.0, 10153.0], [2914.0, 2303.0, 10467.0], [2913.0, 2357.0, 10429.0], [2913.0, 2276.0, 10514.0], [2910.0, 2368.0, 10432.0], [2910.0, 2311.0, 10460.0], [2910.0, 1927.0, 10892.0], [2909.0, 2440.0, 10300.0], [2909.0, 2424.0, 10338.0], [2909.0, 2388.0, 10405.0], [2908.0, 2312.0, 10501.0], [2908.0, 2247.0, 10552.0], [2908.0, 2017.0, 10829.0], [2907.0, 2292.0, 10506.0], [2907.0, 2213.0, 10590.0], [2907.0, 1782.0, 11046.0], [2906.0, 1946.0, 10922.0], [2904.0, 1592.0, 11144.0], [2903.0, 2266.0, 10522.0], [2903.0, 2221.0, 10568.0], [2903.0, 1868.0, 10960.0], [2903.0, 1826.0, 11097.0], [2902.0, 2306.0, 10503.0], [2900.0, 2516.0, 10162.0], [2900.0, 2358.0, 10442.0], [2899.0, 2021.0, 10828.0], [2898.0, 2098.0, 10750.0], [2897.0, 1994.0, 10878.0], [2896.0, 2515.0, 10210.0], [2896.0, 2038.0, 10850.0], [2895.0, 2072.0, 10764.0], [2894.0, 2438.0, 10318.0], [2894.0, 2104.0, 10744.0], [2894.0, 2003.0, 10861.0], [2894.0, 1924.0, 10928.0], [2894.0, 1844.0, 11019.0], [2893.0, 2233.0, 10570.0], [2893.0, 2215.0, 10594.0], [2893.0, 2088.0, 10804.0], [2892.0, 2226.0, 10608.0], [2891.0, 1654.0, 11117.0], [2890.0, 2430.0, 10333.0], [2889.0, 2450.0, 10271.0], [2889.0, 2333.0, 10464.0], [2889.0, 1916.0, 10937.0], [2887.0, 2382.0, 10447.0], [2887.0, 2268.0, 10535.0], [2887.0, 2205.0, 10628.0], [2887.0, 2100.0, 10771.0], [2886.0, 2689.0, 9968.0], [2886.0, 2246.0, 10579.0], [2885.0, 2629.0, 10012.0], [2885.0, 2234.0, 10592.0], [2885.0, 2009.0, 10910.0], [2885.0, 1657.0, 11192.0], [2884.0, 2132.0, 10757.0], [2883.0, 1934.0, 10933.0], [2882.0, 2390.0, 10443.0], [2882.0, 1871.0, 11009.0], [2881.0, 2174.0, 10690.0], [2880.0, 2325.0, 10495.0], [2879.0, 1958.0, 10951.0], [2878.0, 2599.0, 10049.0], [2878.0, 2325.0, 10497.0], [2878.0, 2147.0, 10724.0], [2877.0, 2213.0, 10655.0], [2877.0, 1846.0, 11054.0], [2876.0, 2346.0, 10449.0], [2876.0, 2326.0, 10493.0], [2876.0, 2298.0, 10517.0], [2876.0, 2185.0, 10687.0], [2875.0, 2425.0, 10392.0], [2875.0, 2074.0, 10832.0], [2875.0, 1764.0, 11115.0], [2874.0, 2459.0, 10294.0], [2874.0, 2230.0, 10604.0], [2872.0, 2499.0, 10216.0], [2872.0, 2345.0, 10461.0], [2872.0, 2254.0, 10546.0], [2871.0, 2334.0, 10471.0], [2871.0, 2275.0, 10590.0], [2871.0, 2261.0, 10650.0], [2871.0, 2133.0, 10744.0], [2870.0, 2342.0, 10490.0], [2870.0, 2314.0, 10514.0], [2869.0, 2278.0, 10532.0], [2867.0, 1712.0, 11149.0], [2866.0, 2019.0, 10894.0], [2865.0, 1867.0, 11075.0], [2864.0, 1753.0, 11127.0], [2863.0, 2217.0, 10675.0], [2863.0, 2075.0, 10858.0], [2863.0, 1998.0, 10917.0], [2863.0, 1834.0, 11102.0], [2862.0, 2515.0, 10316.0], [2862.0, 1924.0, 10961.0], [2861.0, 2393.0, 10414.0], [2859.0, 1941.0, 10967.0], [2859.0, 1925.0, 10994.0], [2858.0, 2349.0, 10478.0], [2857.0, 2332.0, 10493.0], [2857.0, 2277.0, 10575.0], [2857.0, 2237.0, 10682.0], [2857.0, 1889.0, 11018.0], [2856.0, 2415.0, 10425.0], [2856.0, 1459.0, 11320.0], [2855.0, 2283.0, 10557.0], [2854.0, 2591.0, 10094.0], [2854.0, 2294.0, 10531.0], [2852.0, 2180.0, 10751.0], [2851.0, 2359.0, 10496.0], [2850.0, 2003.0, 10915.0], [2849.0, 2114.0, 10812.0], [2849.0, 2028.0, 10954.0], [2849.0, 1953.0, 10956.0], [2848.0, 2217.0, 10693.0], [2847.0, 2161.0, 10755.0], [2846.0, 2212.0, 10696.0], [2846.0, 2085.0, 10840.0], [2846.0, 1839.0, 11104.0], [2845.0, 2537.0, 10194.0], [2844.0, 2327.0, 10603.0], [2844.0, 2138.0, 10771.0], [2844.0, 1795.0, 11174.0], [2843.0, 2333.0, 10499.0], [2843.0, 1872.0, 11096.0], [2842.0, 1950.0, 11055.0], [2841.0, 2375.0, 10453.0], [2840.0, 1962.0, 10969.0], [2839.0, 2207.0, 10712.0], [2838.0, 1688.0, 11189.0], [2838.0, 1672.0, 11216.0], [2837.0, 2230.0, 10732.0], [2837.0, 2066.0, 10863.0], [2837.0, 1822.0, 11117.0], [2837.0, 1621.0, 11257.0], [2836.0, 1986.0, 10993.0], [2835.0, 2192.0, 10736.0], [2835.0, 2033.0, 10894.0], [2834.0, 2417.0, 10401.0], [2834.0, 2186.0, 10796.0], [2833.0, 2114.0, 10835.0], [2832.0, 2350.0, 10502.0], [2831.0, 2336.0, 10532.0], [2829.0, 2436.0, 10357.0], [2829.0, 2067.0, 10891.0], [2828.0, 2327.0, 10626.0], [2828.0, 2147.0, 10820.0], [2828.0, 2086.0, 10842.0], [2827.0, 1953.0, 11006.0], [2826.0, 2259.0, 10659.0], [2826.0, 2066.0, 10907.0], [2825.0, 2078.0, 10879.0], [2825.0, 2007.0, 10956.0], [2824.0, 1683.0, 11230.0], [2823.0, 1938.0, 11069.0], [2823.0, 1604.0, 11335.0], [2822.0, 2628.0, 10160.0], [2822.0, 1768.0, 11211.0], [2821.0, 2009.0, 10976.0], [2820.0, 2088.0, 10866.0], [2819.0, 2387.0, 10448.0], [2818.0, 2151.0, 10860.0], [2816.0, 1907.0, 11090.0], [2815.0, 2378.0, 10540.0], [2815.0, 2273.0, 10681.0], [2815.0, 1819.0, 11132.0], [2812.0, 2421.0, 10400.0], [2810.0, 1666.0, 11308.0], [2807.0, 2397.0, 10538.0], [2807.0, 1968.0, 11011.0], [2805.0, 1738.0, 11226.0], [2804.0, 2021.0, 10961.0], [2804.0, 1862.0, 11119.0], [2804.0, 1773.0, 11222.0], [2802.0, 2249.0, 10691.0], [2800.0, 2360.0, 10542.0], [2799.0, 2195.0, 10763.0], [2798.0, 2050.0, 10917.0], [2797.0, 1976.0, 11045.0], [2795.0, 1954.0, 11102.0], [2793.0, 2342.0, 10557.0], [2793.0, 2284.0, 10650.0], [2793.0, 2032.0, 10918.0], [2791.0, 2096.0, 10882.0], [2791.0, 1896.0, 11121.0], [2791.0, 1877.0, 11164.0], [2790.0, 2034.0, 10960.0], [2789.0, 2557.0, 10204.0], [2789.0, 1899.0, 11105.0], [2788.0, 2383.0, 10582.0], [2788.0, 2291.0, 10671.0], [2788.0, 1687.0, 11262.0], [2788.0, 1671.0, 11289.0], [2787.0, 2076.0, 10893.0], [2786.0, 2080.0, 10899.0], [2785.0, 2234.0, 10693.0], [2785.0, 1736.0, 11315.0], [2784.0, 2201.0, 10771.0], [2783.0, 1534.0, 11438.0], [2782.0, 2036.0, 10965.0], [2781.0, 2386.0, 10541.0], [2781.0, 1748.0, 11227.0], [2780.0, 2304.0, 10665.0], [2778.0, 2255.0, 10738.0], [2778.0, 2164.0, 10855.0], [2777.0, 2487.0, 10342.0], [2777.0, 2084.0, 10944.0], [2776.0, 2309.0, 10661.0], [2774.0, 2444.0, 10415.0], [2774.0, 2195.0, 10839.0], [2773.0, 2377.0, 10646.0], [2773.0, 2059.0, 10971.0], [2773.0, 1794.0, 11198.0], [2772.0, 2015.0, 11010.0], [2771.0, 2258.0, 10697.0], [2771.0, 1851.0, 11166.0], [2769.0, 2261.0, 10696.0], [2769.0, 1897.0, 11194.0], [2768.0, 2024.0, 10988.0], [2767.0, 1695.0, 11317.0], [2765.0, 2208.0, 10750.0], [2763.0, 2384.0, 10564.0], [2763.0, 2262.0, 10705.0], [2762.0, 1925.0, 11107.0], [2761.0, 2017.0, 11005.0], [2760.0, 2095.0, 10888.0], [2759.0, 2232.0, 10742.0], [2758.0, 2211.0, 10770.0], [2758.0, 1986.0, 11031.0], [2757.0, 2315.0, 10661.0], [2757.0, 1901.0, 11125.0], [2756.0, 2426.0, 10454.0], [2756.0, 1809.0, 11196.0], [2755.0, 2308.0, 10679.0], [2755.0, 2280.0, 10703.0], [2755.0, 2039.0, 10998.0], [2755.0, 1800.0, 11199.0], [2754.0, 1616.0, 11357.0], [2753.0, 2247.0, 10748.0], [2753.0, 1939.0, 11103.0], [2752.0, 2150.0, 10893.0], [2751.0, 2578.0, 10161.0], [2751.0, 2210.0, 10775.0], [2750.0, 2110.0, 10946.0], [2748.0, 1848.0, 11245.0], [2747.0, 2221.0, 10841.0], [2747.0, 2110.0, 10949.0], [2747.0, 2084.0, 10963.0], [2745.0, 2333.0, 10671.0], [2744.0, 1969.0, 11109.0], [2743.0, 2132.0, 10935.0], [2742.0, 1888.0, 11196.0], [2741.0, 2280.0, 10730.0], [2740.0, 2525.0, 10321.0], [2737.0, 1979.0, 11078.0], [2734.0, 1899.0, 11163.0], [2733.0, 1956.0, 11169.0], [2731.0, 2481.0, 10355.0], [2731.0, 1785.0, 11304.0], [2730.0, 1985.0, 11034.0], [2729.0, 1992.0, 11034.0], [2729.0, 1537.0, 11407.0], [2728.0, 2095.0, 10952.0], [2728.0, 2031.0, 11053.0], [2728.0, 2027.0, 11134.0], [2727.0, 1552.0, 11368.0], [2726.0, 2169.0, 10870.0], [2726.0, 2049.0, 11075.0], [2725.0, 2271.0, 10749.0], [2725.0, 2243.0, 10773.0], [2725.0, 2069.0, 10998.0], [2724.0, 1695.0, 11337.0], [2723.0, 2240.0, 10815.0], [2721.0, 2180.0, 10860.0], [2721.0, 1716.0, 11375.0], [2721.0, 1700.0, 11402.0], [2720.0, 1864.0, 11278.0], [2720.0, 1684.0, 11408.0], [2718.0, 2114.0, 10938.0], [2717.0, 2117.0, 11048.0], [2717.0, 2038.0, 11091.0], [2714.0, 2234.0, 10825.0], [2713.0, 1869.0, 11206.0], [2713.0, 1798.0, 11334.0], [2712.0, 1947.0, 11172.0], [2708.0, 2245.0, 10811.0], [2708.0, 2141.0, 10904.0], [2707.0, 1699.0, 11453.0], [2705.0, 2341.0, 10739.0], [2705.0, 2154.0, 10878.0], [2704.0, 2205.0, 10871.0], [2704.0, 1845.0, 11287.0], [2702.0, 2208.0, 10848.0], [2699.0, 2075.0, 11077.0], [2697.0, 1959.0, 11213.0], [2695.0, 1884.0, 11292.0], [2693.0, 2516.0, 10413.0], [2692.0, 1995.0, 11187.0], [2691.0, 2198.0, 10915.0], [2691.0, 1715.0, 11407.0], [2690.0, 1906.0, 11221.0], [2690.0, 1890.0, 11248.0], [2689.0, 2401.0, 10530.0], [2689.0, 2037.0, 11120.0], [2688.0, 2201.0, 10882.0], [2688.0, 2182.0, 10955.0], [2688.0, 1814.0, 11313.0], [2686.0, 2428.0, 10520.0], [2682.0, 2040.0, 11079.0], [2679.0, 2282.0, 10742.0], [2679.0, 2262.0, 10758.0], [2675.0, 2441.0, 10559.0], [2674.0, 2479.0, 10455.0], [2671.0, 1850.0, 11307.0], [2671.0, 1718.0, 11350.0], [2670.0, 2254.0, 10818.0], [2668.0, 1752.0, 11422.0], [2668.0, 1736.0, 11449.0], [2664.0, 2123.0, 10968.0], [2663.0, 1566.0, 11474.0], [2662.0, 2242.0, 10838.0], [2662.0, 2214.0, 10862.0], [2658.0, 2273.0, 10758.0], [2658.0, 1866.0, 11345.0], [2655.0, 1906.0, 11228.0], [2655.0, 1892.0, 11236.0], [2654.0, 2062.0, 11084.0], [2652.0, 1913.0, 11301.0], [2651.0, 2273.0, 10771.0], [2647.0, 1877.0, 11302.0], [2644.0, 1849.0, 11423.0], [2639.0, 2204.0, 10892.0], [2638.0, 2268.0, 10783.0], [2637.0, 2291.0, 10753.0], [2636.0, 2514.0, 10513.0], [2635.0, 2221.0, 10842.0], [2635.0, 1998.0, 11185.0], [2634.0, 2124.0, 10960.0], [2633.0, 1673.0, 11474.0], [2633.0, 1657.0, 11501.0], [2632.0, 2085.0, 11050.0], [2632.0, 1887.0, 11303.0], [2628.0, 2010.0, 11154.0], [2628.0, 1929.0, 11228.0], [2628.0, 1669.0, 11478.0], [2627.0, 2257.0, 10814.0], [2623.0, 2050.0, 11120.0], [2620.0, 2430.0, 10632.0], [2620.0, 1939.0, 11221.0], [2620.0, 1729.0, 11459.0], [2615.0, 2350.0, 10666.0], [2613.0, 1632.0, 11525.0], [2613.0, 1616.0, 11552.0], [2612.0, 1780.0, 11428.0], [2611.0, 1999.0, 11156.0], [2608.0, 2110.0, 11051.0], [2605.0, 2212.0, 10869.0], [2604.0, 2142.0, 10961.0], [2603.0, 2193.0, 10985.0], [2603.0, 2097.0, 11053.0], [2602.0, 2125.0, 11035.0], [2601.0, 1537.0, 11608.0], [2600.0, 2282.0, 10756.0], [2600.0, 1701.0, 11484.0], [2598.0, 1928.0, 11259.0], [2596.0, 2209.0, 10891.0], [2594.0, 1710.0, 11470.0], [2592.0, 2051.0, 11137.0], [2591.0, 2135.0, 11062.0], [2591.0, 2024.0, 11214.0], [2590.0, 2297.0, 10806.0], [2590.0, 1888.0, 11346.0], [2589.0, 2260.0, 10851.0], [2587.0, 2300.0, 10793.0], [2585.0, 2463.0, 10524.0], [2585.0, 2150.0, 11046.0], [2585.0, 1978.0, 11243.0], [2582.0, 2089.0, 11138.0], [2581.0, 2243.0, 10876.0], [2581.0, 1953.0, 11270.0], [2577.0, 2206.0, 10959.0], [2576.0, 2156.0, 11021.0], [2574.0, 2213.0, 10925.0], [2574.0, 1669.0, 11521.0], [2570.0, 2031.0, 11162.0], [2565.0, 2159.0, 10995.0], [2564.0, 1766.0, 11479.0], [2561.0, 1880.0, 11362.0], [2560.0, 2356.0, 10750.0], [2560.0, 2231.0, 10970.0], [2560.0, 1964.0, 11287.0], [2554.0, 2039.0, 11200.0], [2550.0, 1782.0, 11495.0], [2548.0, 2320.0, 10803.0], [2548.0, 2095.0, 11115.0], [2547.0, 2283.0, 10848.0], [2544.0, 1688.0, 11615.0], [2542.0, 1698.0, 11507.0], [2539.0, 2242.0, 10970.0], [2539.0, 1860.0, 11387.0], [2534.0, 1943.0, 11374.0], [2533.0, 2098.0, 11121.0], [2528.0, 1849.0, 11494.0], [2527.0, 1698.0, 11535.0], [2520.0, 2208.0, 11009.0], [2513.0, 2349.0, 10848.0], [2511.0, 2162.0, 11064.0], [2508.0, 2525.0, 10616.0], [2504.0, 2124.0, 11128.0], [2485.0, 1948.0, 11325.0], [2482.0, 2260.0, 10881.0], [2480.0, 1982.0, 11297.0], [2478.0, 2231.0, 11006.0], [2475.0, 2199.0, 11042.0], [2475.0, 2058.0, 11205.0], [2472.0, 2269.0, 10950.0], [2472.0, 2086.0, 11180.0], [2466.0, 1851.0, 11561.0], [2465.0, 2165.0, 11103.0], [2457.0, 2015.0, 11266.0], [2455.0, 2186.0, 11048.0], [2434.0, 1782.0, 11566.0]]
