heur = true
LBS_limit = 3
preproc = 1
tight_root = 0
total_time = 2.05
NDP = 81
total_nodes = 1071
pruned_nodes = 536
pruned_dominance_nodes = 25
heur_time = 0.13
Y_N = Any[[439.0, 253.0, 890.0], [423.0, 314.0, 844.0], [415.0, 209.0, 946.0], [412.0, 331.0, 753.0], [407.0, 228.0, 915.0], [405.0, 177.0, 1016.0], [398.0, 339.0, 767.0], [397.0, 256.0, 955.0], [390.0, 151.0, 1020.0], [389.0, 232.0, 967.0], [387.0, 356.0, 816.0], [387.0, 320.0, 880.0], [379.0, 202.0, 1030.0], [378.0, 157.0, 1089.0], [375.0, 211.0, 990.0], [372.0, 264.0, 919.0], [372.0, 263.0, 955.0], [370.0, 213.0, 1004.0], [369.0, 331.0, 885.0], [369.0, 222.0, 1020.0], [361.0, 313.0, 945.0], [360.0, 163.0, 1087.0], [359.0, 250.0, 999.0], [354.0, 238.0, 1024.0], [349.0, 204.0, 1055.0], [343.0, 244.0, 1002.0], [343.0, 213.0, 1073.0], [342.0, 265.0, 980.0], [337.0, 205.0, 1095.0], [335.0, 329.0, 921.0], [335.0, 249.0, 1008.0], [329.0, 332.0, 964.0], [327.0, 253.0, 1011.0], [326.0, 236.0, 1051.0], [325.0, 219.0, 1071.0], [324.0, 290.0, 976.0], [324.0, 240.0, 1049.0], [318.0, 349.0, 873.0], [314.0, 306.0, 968.0], [314.0, 240.0, 1059.0], [309.0, 160.0, 1118.0], [309.0, 140.0, 1134.0], [303.0, 323.0, 1017.0], [303.0, 203.0, 1131.0], [301.0, 255.0, 1064.0], [300.0, 248.0, 1073.0], [297.0, 315.0, 1039.0], [297.0, 131.0, 1202.0], [295.0, 236.0, 1086.0], [294.0, 191.0, 1153.0], [292.0, 273.0, 1059.0], [289.0, 210.0, 1141.0], [288.0, 230.0, 1156.0], [283.0, 251.0, 1066.0], [273.0, 150.0, 1157.0], [271.0, 239.0, 1087.0], [271.0, 154.0, 1223.0], [270.0, 173.0, 1197.0], [266.0, 295.0, 1041.0], [265.0, 186.0, 1167.0], [263.0, 233.0, 1162.0], [262.0, 246.0, 1132.0], [262.0, 167.0, 1206.0], [260.0, 292.0, 1070.0], [254.0, 246.0, 1145.0], [253.0, 129.0, 1257.0], [253.0, 114.0, 1268.0], [252.0, 250.0, 1071.0], [245.0, 208.0, 1196.0], [243.0, 210.0, 1200.0], [230.0, 267.0, 1153.0], [228.0, 161.0, 1253.0], [225.0, 227.0, 1206.0], [224.0, 221.0, 1228.0], [222.0, 236.0, 1190.0], [210.0, 173.0, 1265.0], [210.0, 137.0, 1331.0], [199.0, 243.0, 1182.0], [193.0, 217.0, 1237.0], [159.0, 144.0, 1298.0], [144.0, 207.0, 1257.0]]
