heur = true
LBS_limit = 3
preproc = 1
tight_root = 0
total_time = 1800.04
NDP = 794
total_nodes = 67589
pruned_nodes = 33778
pruned_dominance_nodes = 12694
heur_time = 0.32
Y_N = Any[[6162.0, 5039.0, 3325.0], [6144.0, 4993.0, 3449.0], [6122.0, 4747.0, 3548.0], [6116.0, 5140.0, 3366.0], [6116.0, 5046.0, 3372.0], [6110.0, 5058.0, 3460.0], [6110.0, 4986.0, 3483.0], [6106.0, 5216.0, 3279.0], [6100.0, 5190.0, 3316.0], [6092.0, 5120.0, 3368.0], [6090.0, 5010.0, 3542.0], [6086.0, 5160.0, 3434.0], [6084.0, 5258.0, 3272.0], [6083.0, 5132.0, 3470.0], [6076.0, 5012.0, 3563.0], [6074.0, 5214.0, 3303.0], [6070.0, 5110.0, 3484.0], [6066.0, 5151.0, 3455.0], [6059.0, 5170.0, 3327.0], [6059.0, 5161.0, 3366.0], [6059.0, 5151.0, 3473.0], [6056.0, 5168.0, 3360.0], [6054.0, 5265.0, 3347.0], [6053.0, 4989.0, 3590.0], [6052.0, 5345.0, 3288.0], [6051.0, 5185.0, 3379.0], [6049.0, 5186.0, 3393.0], [6047.0, 5220.0, 3384.0], [6045.0, 5185.0, 3453.0], [6040.0, 5309.0, 3337.0], [6038.0, 5222.0, 3359.0], [6037.0, 5134.0, 3480.0], [6036.0, 5249.0, 3475.0], [6036.0, 5203.0, 3544.0], [6033.0, 5064.0, 3592.0], [6029.0, 5362.0, 3226.0], [6026.0, 5279.0, 3482.0], [6023.0, 5319.0, 3292.0], [6019.0, 5333.0, 3301.0], [6019.0, 5324.0, 3320.0], [6018.0, 5175.0, 3553.0], [6014.0, 5307.0, 3385.0], [6011.0, 5155.0, 3625.0], [6009.0, 5319.0, 3386.0], [6008.0, 5231.0, 3537.0], [6007.0, 5313.0, 3417.0], [6006.0, 5320.0, 3349.0], [6005.0, 5405.0, 3213.0], [6004.0, 5333.0, 3330.0], [6003.0, 5368.0, 3258.0], [5998.0, 5171.0, 3578.0], [5997.0, 5233.0, 3575.0], [5995.0, 5215.0, 3601.0], [5994.0, 5386.0, 3214.0], [5993.0, 5390.0, 3267.0], [5993.0, 5271.0, 3547.0], [5992.0, 5317.0, 3392.0], [5992.0, 5295.0, 3450.0], [5991.0, 5398.0, 3256.0], [5991.0, 5276.0, 3581.0], [5990.0, 5385.0, 3278.0], [5989.0, 5315.0, 3399.0], [5988.0, 5359.0, 3340.0], [5978.0, 5323.0, 3466.0], [5978.0, 5167.0, 3614.0], [5977.0, 5384.0, 3342.0], [5977.0, 5355.0, 3343.0], [5976.0, 5388.0, 3296.0], [5976.0, 5285.0, 3507.0], [5974.0, 5334.0, 3379.0], [5974.0, 5287.0, 3487.0], [5973.0, 5427.0, 3285.0], [5973.0, 5251.0, 3587.0], [5973.0, 5180.0, 3707.0], [5972.0, 5402.0, 3296.0], [5972.0, 5347.0, 3430.0], [5971.0, 5288.0, 3483.0], [5970.0, 5299.0, 3527.0], [5969.0, 5311.0, 3507.0], [5966.0, 5367.0, 3353.0], [5966.0, 5306.0, 3553.0], [5964.0, 5376.0, 3343.0], [5964.0, 5317.0, 3523.0], [5962.0, 5410.0, 3365.0], [5961.0, 5442.0, 3251.0], [5961.0, 5369.0, 3417.0], [5959.0, 5486.0, 3245.0], [5959.0, 5444.0, 3272.0], [5957.0, 5224.0, 3675.0], [5956.0, 5347.0, 3497.0], [5954.0, 5260.0, 3601.0], [5952.0, 5403.0, 3385.0], [5950.0, 5374.0, 3387.0], [5950.0, 5324.0, 3571.0], [5949.0, 5359.0, 3447.0], [5948.0, 5267.0, 3585.0], [5948.0, 5264.0, 3615.0], [5948.0, 5246.0, 3660.0], [5946.0, 5363.0, 3472.0], [5945.0, 5374.0, 3433.0], [5944.0, 5422.0, 3353.0], [5943.0, 5439.0, 3274.0], [5943.0, 5434.0, 3327.0], [5943.0, 5381.0, 3446.0], [5942.0, 5335.0, 3546.0], [5942.0, 5333.0, 3592.0], [5942.0, 5253.0, 3638.0], [5940.0, 5340.0, 3581.0], [5939.0, 5286.0, 3635.0], [5937.0, 5409.0, 3434.0], [5937.0, 5219.0, 3720.0], [5935.0, 5454.0, 3319.0], [5932.0, 5410.0, 3406.0], [5932.0, 5345.0, 3519.0], [5932.0, 5227.0, 3708.0], [5930.0, 5427.0, 3344.0], [5928.0, 5427.0, 3352.0], [5928.0, 5311.0, 3603.0], [5926.0, 5369.0, 3455.0], [5925.0, 5357.0, 3499.0], [5924.0, 5375.0, 3454.0], [5924.0, 5193.0, 3793.0], [5923.0, 5458.0, 3350.0], [5923.0, 5445.0, 3481.0], [5922.0, 5349.0, 3501.0], [5922.0, 5348.0, 3510.0], [5920.0, 5345.0, 3530.0], [5918.0, 5468.0, 3386.0], [5918.0, 5391.0, 3482.0], [5918.0, 5362.0, 3551.0], [5916.0, 5491.0, 3180.0], [5916.0, 5490.0, 3225.0], [5915.0, 5314.0, 3649.0], [5914.0, 5479.0, 3323.0], [5914.0, 5397.0, 3518.0], [5914.0, 5337.0, 3664.0], [5914.0, 5304.0, 3666.0], [5913.0, 5298.0, 3670.0], [5911.0, 5515.0, 3252.0], [5911.0, 5451.0, 3440.0], [5911.0, 5390.0, 3528.0], [5910.0, 5243.0, 3681.0], [5909.0, 5488.0, 3360.0], [5908.0, 5269.0, 3675.0], [5908.0, 5214.0, 3769.0], [5907.0, 5286.0, 3679.0], [5905.0, 5553.0, 3229.0], [5902.0, 5284.0, 3711.0], [5902.0, 5224.0, 3712.0], [5901.0, 5543.0, 3246.0], [5899.0, 5557.0, 3334.0], [5899.0, 5421.0, 3514.0], [5898.0, 5446.0, 3445.0], [5898.0, 5350.0, 3622.0], [5898.0, 5292.0, 3733.0], [5896.0, 5460.0, 3428.0], [5895.0, 5367.0, 3570.0], [5894.0, 5592.0, 3217.0], [5894.0, 5389.0, 3535.0], [5893.0, 5421.0, 3560.0], [5893.0, 5333.0, 3666.0], [5893.0, 5314.0, 3670.0], [5892.0, 5464.0, 3397.0], [5892.0, 5194.0, 3782.0], [5890.0, 5461.0, 3471.0], [5889.0, 5527.0, 3348.0], [5889.0, 5367.0, 3639.0], [5888.0, 5573.0, 3257.0], [5888.0, 5383.0, 3562.0], [5887.0, 5497.0, 3456.0], [5886.0, 5295.0, 3673.0], [5885.0, 5215.0, 3779.0], [5882.0, 5500.0, 3458.0], [5882.0, 5301.0, 3779.0], [5881.0, 5467.0, 3558.0], [5880.0, 5402.0, 3590.0], [5879.0, 5329.0, 3752.0], [5877.0, 5506.0, 3455.0], [5875.0, 5407.0, 3562.0], [5874.0, 5632.0, 3086.0], [5873.0, 5371.0, 3620.0], [5873.0, 5344.0, 3688.0], [5872.0, 5533.0, 3335.0], [5870.0, 5523.0, 3370.0], [5870.0, 5400.0, 3646.0], [5869.0, 5474.0, 3461.0], [5868.0, 5570.0, 3260.0], [5865.0, 5418.0, 3588.0], [5865.0, 5259.0, 3817.0], [5864.0, 5593.0, 3176.0], [5864.0, 5533.0, 3348.0], [5864.0, 5206.0, 3850.0], [5863.0, 5588.0, 3321.0], [5862.0, 5638.0, 3122.0], [5862.0, 5487.0, 3490.0], [5862.0, 5416.0, 3596.0], [5861.0, 5559.0, 3327.0], [5860.0, 5342.0, 3709.0], [5859.0, 5368.0, 3672.0], [5857.0, 5642.0, 3106.0], [5857.0, 5408.0, 3598.0], [5855.0, 5594.0, 3176.0], [5853.0, 5589.0, 3277.0], [5853.0, 5516.0, 3375.0], [5852.0, 5603.0, 3252.0], [5852.0, 5522.0, 3378.0], [5850.0, 5372.0, 3658.0], [5849.0, 5591.0, 3299.0], [5849.0, 5532.0, 3358.0], [5849.0, 5525.0, 3363.0], [5848.0, 5657.0, 3186.0], [5848.0, 5475.0, 3523.0], [5848.0, 5332.0, 3712.0], [5847.0, 5558.0, 3332.0], [5847.0, 5507.0, 3454.0], [5847.0, 5434.0, 3589.0], [5847.0, 5354.0, 3701.0], [5846.0, 5529.0, 3387.0], [5846.0, 5486.0, 3498.0], [5846.0, 5418.0, 3653.0], [5846.0, 5345.0, 3703.0], [5845.0, 5580.0, 3327.0], [5845.0, 5557.0, 3389.0], [5845.0, 5464.0, 3576.0], [5845.0, 5428.0, 3654.0], [5844.0, 5541.0, 3398.0], [5842.0, 5557.0, 3392.0], [5842.0, 5524.0, 3412.0], [5842.0, 5424.0, 3656.0], [5840.0, 5587.0, 3324.0], [5840.0, 5390.0, 3716.0], [5839.0, 5605.0, 3188.0], [5839.0, 5594.0, 3254.0], [5838.0, 5629.0, 3197.0], [5838.0, 5576.0, 3334.0], [5837.0, 5493.0, 3491.0], [5836.0, 5622.0, 3226.0], [5836.0, 5585.0, 3350.0], [5836.0, 5492.0, 3515.0], [5836.0, 5335.0, 3729.0], [5836.0, 5262.0, 3793.0], [5835.0, 5554.0, 3421.0], [5834.0, 5643.0, 3233.0], [5834.0, 5612.0, 3263.0], [5834.0, 5312.0, 3820.0], [5833.0, 5630.0, 3240.0], [5833.0, 5466.0, 3624.0], [5832.0, 5531.0, 3432.0], [5831.0, 5512.0, 3512.0], [5831.0, 5414.0, 3679.0], [5830.0, 5581.0, 3361.0], [5830.0, 5471.0, 3568.0], [5829.0, 5476.0, 3535.0], [5828.0, 5581.0, 3408.0], [5828.0, 5499.0, 3571.0], [5826.0, 5627.0, 3251.0], [5825.0, 5675.0, 3116.0], [5825.0, 5601.0, 3283.0], [5825.0, 5535.0, 3473.0], [5823.0, 5442.0, 3644.0], [5822.0, 5654.0, 3273.0], [5822.0, 5599.0, 3345.0], [5822.0, 5513.0, 3505.0], [5822.0, 5488.0, 3631.0], [5821.0, 5349.0, 3717.0], [5820.0, 5595.0, 3366.0], [5819.0, 5561.0, 3413.0], [5819.0, 5518.0, 3479.0], [5818.0, 5690.0, 3129.0], [5817.0, 5588.0, 3438.0], [5817.0, 5576.0, 3484.0], [5816.0, 5602.0, 3274.0], [5812.0, 5729.0, 3114.0], [5812.0, 5517.0, 3485.0], [5812.0, 5496.0, 3589.0], [5812.0, 5465.0, 3676.0], [5812.0, 5342.0, 3774.0], [5810.0, 5646.0, 3276.0], [5810.0, 5643.0, 3292.0], [5810.0, 5508.0, 3530.0], [5810.0, 5386.0, 3717.0], [5809.0, 5640.0, 3296.0], [5809.0, 5596.0, 3381.0], [5809.0, 5356.0, 3796.0], [5808.0, 5523.0, 3492.0], [5808.0, 5495.0, 3650.0], [5808.0, 5417.0, 3681.0], [5807.0, 5624.0, 3373.0], [5806.0, 5644.0, 3303.0], [5806.0, 5514.0, 3499.0], [5804.0, 5600.0, 3427.0], [5804.0, 5531.0, 3523.0], [5803.0, 5625.0, 3372.0], [5803.0, 5526.0, 3549.0], [5803.0, 5392.0, 3736.0], [5802.0, 5671.0, 3264.0], [5802.0, 5606.0, 3378.0], [5800.0, 5533.0, 3487.0], [5800.0, 5496.0, 3596.0], [5799.0, 5570.0, 3485.0], [5799.0, 5534.0, 3573.0], [5799.0, 5392.0, 3761.0], [5798.0, 5611.0, 3385.0], [5798.0, 5539.0, 3489.0], [5798.0, 5409.0, 3752.0], [5798.0, 5388.0, 3809.0], [5797.0, 5682.0, 3155.0], [5797.0, 5674.0, 3158.0], [5797.0, 5510.0, 3604.0], [5796.0, 5637.0, 3321.0], [5795.0, 5697.0, 3201.0], [5795.0, 5684.0, 3205.0], [5795.0, 5596.0, 3440.0], [5795.0, 5563.0, 3555.0], [5794.0, 5692.0, 3203.0], [5793.0, 5712.0, 3122.0], [5793.0, 5647.0, 3300.0], [5793.0, 5549.0, 3583.0], [5792.0, 5698.0, 3151.0], [5792.0, 5684.0, 3224.0], [5792.0, 5505.0, 3625.0], [5792.0, 5426.0, 3778.0], [5791.0, 5637.0, 3335.0], [5790.0, 5726.0, 3154.0], [5790.0, 5700.0, 3324.0], [5790.0, 5473.0, 3684.0], [5790.0, 5361.0, 3848.0], [5789.0, 5652.0, 3364.0], [5789.0, 5547.0, 3618.0], [5788.0, 5738.0, 3039.0], [5788.0, 5649.0, 3368.0], [5788.0, 5579.0, 3444.0], [5785.0, 5468.0, 3697.0], [5784.0, 5672.0, 3339.0], [5784.0, 5623.0, 3397.0], [5784.0, 5580.0, 3452.0], [5781.0, 5637.0, 3396.0], [5781.0, 5610.0, 3403.0], [5781.0, 5603.0, 3421.0], [5781.0, 5602.0, 3448.0], [5779.0, 5578.0, 3528.0], [5779.0, 5568.0, 3549.0], [5779.0, 5490.0, 3737.0], [5777.0, 5269.0, 3859.0], [5776.0, 5703.0, 3175.0], [5774.0, 5760.0, 3143.0], [5774.0, 5657.0, 3340.0], [5774.0, 5653.0, 3370.0], [5774.0, 5605.0, 3429.0], [5774.0, 5579.0, 3464.0], [5774.0, 5413.0, 3800.0], [5773.0, 5592.0, 3463.0], [5772.0, 5641.0, 3375.0], [5772.0, 5615.0, 3407.0], [5772.0, 5585.0, 3478.0], [5771.0, 5474.0, 3792.0], [5770.0, 5631.0, 3408.0], [5770.0, 5494.0, 3680.0], [5768.0, 5607.0, 3432.0], [5768.0, 5606.0, 3476.0], [5768.0, 5290.0, 3896.0], [5767.0, 5618.0, 3492.0], [5766.0, 5648.0, 3491.0], [5765.0, 5579.0, 3507.0], [5764.0, 5689.0, 3349.0], [5763.0, 5567.0, 3564.0], [5763.0, 5558.0, 3630.0], [5763.0, 5519.0, 3662.0], [5762.0, 5709.0, 3180.0], [5760.0, 5712.0, 3275.0], [5760.0, 5567.0, 3576.0], [5759.0, 5654.0, 3393.0], [5759.0, 5599.0, 3548.0], [5758.0, 5666.0, 3440.0], [5756.0, 5802.0, 3039.0], [5756.0, 5670.0, 3383.0], [5755.0, 5733.0, 3148.0], [5755.0, 5690.0, 3347.0], [5755.0, 5607.0, 3496.0], [5755.0, 5520.0, 3659.0], [5754.0, 5741.0, 3196.0], [5753.0, 5693.0, 3339.0], [5752.0, 5704.0, 3289.0], [5752.0, 5683.0, 3380.0], [5752.0, 5573.0, 3629.0], [5750.0, 5762.0, 3100.0], [5749.0, 5653.0, 3472.0], [5748.0, 5696.0, 3332.0], [5748.0, 5678.0, 3409.0], [5748.0, 5576.0, 3567.0], [5748.0, 5497.0, 3702.0], [5747.0, 5817.0, 3027.0], [5747.0, 5769.0, 3136.0], [5747.0, 5746.0, 3158.0], [5747.0, 5702.0, 3303.0], [5747.0, 5650.0, 3524.0], [5746.0, 5753.0, 3159.0], [5746.0, 5718.0, 3239.0], [5746.0, 5507.0, 3664.0], [5746.0, 5467.0, 3828.0], [5745.0, 5748.0, 3222.0], [5744.0, 5723.0, 3309.0], [5743.0, 5727.0, 3241.0], [5741.0, 5682.0, 3390.0], [5741.0, 5532.0, 3632.0], [5739.0, 5756.0, 3268.0], [5739.0, 5703.0, 3453.0], [5739.0, 5493.0, 3704.0], [5738.0, 5761.0, 3185.0], [5737.0, 5846.0, 3008.0], [5737.0, 5803.0, 3082.0], [5736.0, 5785.0, 3132.0], [5736.0, 5725.0, 3286.0], [5736.0, 5639.0, 3536.0], [5735.0, 5707.0, 3319.0], [5735.0, 5599.0, 3561.0], [5735.0, 5581.0, 3566.0], [5735.0, 5506.0, 3671.0], [5734.0, 5522.0, 3661.0], [5733.0, 5787.0, 3109.0], [5733.0, 5713.0, 3348.0], [5733.0, 5704.0, 3382.0], [5733.0, 5646.0, 3545.0], [5732.0, 5671.0, 3496.0], [5731.0, 5581.0, 3606.0], [5729.0, 5818.0, 3106.0], [5729.0, 5778.0, 3176.0], [5729.0, 5537.0, 3669.0], [5728.0, 5731.0, 3349.0], [5727.0, 5796.0, 3199.0], [5727.0, 5640.0, 3573.0], [5727.0, 5635.0, 3629.0], [5726.0, 5707.0, 3367.0], [5726.0, 5706.0, 3378.0], [5725.0, 5788.0, 3212.0], [5724.0, 5588.0, 3636.0], [5723.0, 5809.0, 3110.0], [5723.0, 5658.0, 3512.0], [5722.0, 5739.0, 3303.0], [5722.0, 5728.0, 3375.0], [5722.0, 5521.0, 3686.0], [5721.0, 5839.0, 3103.0], [5721.0, 5733.0, 3336.0], [5721.0, 5547.0, 3652.0], [5720.0, 5694.0, 3462.0], [5717.0, 5746.0, 3374.0], [5717.0, 5528.0, 3698.0], [5716.0, 5697.0, 3475.0], [5715.0, 5671.0, 3532.0], [5715.0, 5615.0, 3672.0], [5714.0, 5726.0, 3428.0], [5714.0, 5695.0, 3498.0], [5713.0, 5749.0, 3294.0], [5712.0, 5767.0, 3225.0], [5712.0, 5545.0, 3709.0], [5711.0, 5766.0, 3242.0], [5711.0, 5731.0, 3431.0], [5710.0, 5787.0, 3243.0], [5710.0, 5572.0, 3691.0], [5709.0, 5715.0, 3486.0], [5709.0, 5690.0, 3538.0], [5709.0, 5598.0, 3706.0], [5707.0, 5808.0, 3145.0], [5707.0, 5630.0, 3651.0], [5704.0, 5814.0, 3123.0], [5704.0, 5804.0, 3181.0], [5704.0, 5765.0, 3250.0], [5704.0, 5758.0, 3270.0], [5704.0, 5506.0, 3759.0], [5703.0, 5564.0, 3738.0], [5703.0, 5555.0, 3759.0], [5703.0, 5523.0, 3806.0], [5702.0, 5821.0, 3125.0], [5702.0, 5777.0, 3245.0], [5702.0, 5756.0, 3353.0], [5702.0, 5733.0, 3389.0], [5701.0, 5823.0, 3104.0], [5701.0, 5797.0, 3264.0], [5701.0, 5781.0, 3266.0], [5700.0, 5809.0, 3157.0], [5700.0, 5669.0, 3559.0], [5699.0, 5763.0, 3283.0], [5699.0, 5757.0, 3302.0], [5699.0, 5691.0, 3560.0], [5698.0, 5780.0, 3267.0], [5698.0, 5775.0, 3351.0], [5697.0, 5604.0, 3703.0], [5695.0, 5747.0, 3377.0], [5694.0, 5756.0, 3405.0], [5693.0, 5835.0, 3165.0], [5693.0, 5804.0, 3242.0], [5693.0, 5785.0, 3281.0], [5693.0, 5705.0, 3499.0], [5692.0, 5864.0, 3070.0], [5690.0, 5818.0, 3224.0], [5689.0, 5778.0, 3289.0], [5688.0, 5741.0, 3425.0], [5687.0, 5821.0, 3184.0], [5686.0, 5762.0, 3398.0], [5686.0, 5756.0, 3409.0], [5686.0, 5722.0, 3466.0], [5685.0, 5737.0, 3439.0], [5684.0, 5813.0, 3265.0], [5684.0, 5784.0, 3360.0], [5683.0, 5833.0, 3208.0], [5683.0, 5653.0, 3593.0], [5683.0, 5426.0, 3863.0], [5682.0, 5791.0, 3314.0], [5682.0, 5662.0, 3568.0], [5681.0, 5727.0, 3445.0], [5680.0, 5799.0, 3276.0], [5680.0, 5773.0, 3365.0], [5680.0, 5748.0, 3419.0], [5680.0, 5737.0, 3454.0], [5680.0, 5710.0, 3514.0], [5680.0, 5643.0, 3604.0], [5679.0, 5757.0, 3410.0], [5678.0, 5847.0, 3177.0], [5677.0, 5479.0, 3811.0], [5676.0, 5849.0, 3087.0], [5676.0, 5845.0, 3184.0], [5676.0, 5811.0, 3277.0], [5676.0, 5794.0, 3333.0], [5675.0, 5866.0, 3060.0], [5674.0, 5890.0, 3125.0], [5673.0, 5852.0, 3144.0], [5673.0, 5802.0, 3307.0], [5673.0, 5652.0, 3618.0], [5672.0, 5766.0, 3428.0], [5671.0, 5817.0, 3225.0], [5671.0, 5807.0, 3287.0], [5669.0, 5902.0, 3053.0], [5669.0, 5722.0, 3472.0], [5669.0, 5644.0, 3635.0], [5668.0, 5805.0, 3311.0], [5667.0, 5776.0, 3423.0], [5666.0, 5757.0, 3461.0], [5666.0, 5660.0, 3638.0], [5665.0, 5900.0, 3116.0], [5665.0, 5652.0, 3667.0], [5664.0, 5854.0, 3142.0], [5664.0, 5675.0, 3568.0], [5662.0, 5832.0, 3212.0], [5662.0, 5797.0, 3334.0], [5661.0, 5809.0, 3331.0], [5661.0, 5666.0, 3574.0], [5659.0, 5860.0, 3209.0], [5659.0, 5849.0, 3220.0], [5659.0, 5826.0, 3235.0], [5659.0, 5695.0, 3681.0], [5658.0, 5851.0, 3263.0], [5658.0, 5731.0, 3471.0], [5658.0, 5723.0, 3571.0], [5657.0, 5808.0, 3340.0], [5655.0, 5831.0, 3286.0], [5655.0, 5826.0, 3375.0], [5655.0, 5556.0, 3795.0], [5653.0, 5903.0, 3140.0], [5653.0, 5879.0, 3172.0], [5653.0, 5869.0, 3215.0], [5653.0, 5741.0, 3466.0], [5653.0, 5730.0, 3486.0], [5652.0, 5746.0, 3516.0], [5651.0, 5776.0, 3459.0], [5650.0, 5832.0, 3292.0], [5650.0, 5788.0, 3445.0], [5650.0, 5754.0, 3493.0], [5648.0, 5588.0, 3728.0], [5646.0, 5876.0, 3244.0], [5645.0, 5882.0, 3301.0], [5645.0, 5869.0, 3314.0], [5645.0, 5760.0, 3577.0], [5645.0, 5700.0, 3626.0], [5645.0, 5633.0, 3708.0], [5643.0, 5821.0, 3397.0], [5642.0, 5774.0, 3471.0], [5642.0, 5609.0, 3731.0], [5640.0, 5843.0, 3408.0], [5639.0, 5939.0, 3068.0], [5639.0, 5795.0, 3429.0], [5638.0, 5772.0, 3499.0], [5637.0, 5884.0, 3153.0], [5637.0, 5602.0, 3771.0], [5636.0, 5513.0, 3841.0], [5635.0, 5850.0, 3336.0], [5635.0, 5428.0, 3870.0], [5634.0, 5924.0, 3112.0], [5634.0, 5884.0, 3263.0], [5634.0, 5805.0, 3431.0], [5634.0, 5705.0, 3604.0], [5632.0, 5603.0, 3746.0], [5630.0, 5893.0, 3199.0], [5628.0, 5915.0, 3128.0], [5628.0, 5901.0, 3220.0], [5628.0, 5718.0, 3579.0], [5625.0, 5891.0, 3239.0], [5625.0, 5857.0, 3340.0], [5625.0, 5777.0, 3486.0], [5622.0, 5927.0, 3082.0], [5621.0, 5799.0, 3464.0], [5620.0, 5924.0, 3264.0], [5620.0, 5876.0, 3316.0], [5620.0, 5722.0, 3621.0], [5620.0, 5650.0, 3690.0], [5619.0, 5870.0, 3337.0], [5619.0, 5825.0, 3419.0], [5618.0, 5938.0, 3138.0], [5618.0, 5846.0, 3365.0], [5618.0, 5771.0, 3528.0], [5618.0, 5726.0, 3612.0], [5618.0, 5650.0, 3700.0], [5616.0, 5776.0, 3618.0], [5616.0, 5636.0, 3751.0], [5615.0, 5790.0, 3478.0], [5613.0, 5873.0, 3361.0], [5613.0, 5832.0, 3409.0], [5613.0, 5809.0, 3468.0], [5612.0, 5824.0, 3428.0], [5612.0, 5796.0, 3492.0], [5610.0, 5893.0, 3310.0], [5609.0, 5856.0, 3364.0], [5608.0, 5929.0, 3198.0], [5605.0, 5889.0, 3329.0], [5604.0, 5870.0, 3421.0], [5604.0, 5793.0, 3546.0], [5604.0, 5676.0, 3710.0], [5603.0, 5955.0, 3166.0], [5603.0, 5898.0, 3278.0], [5603.0, 5682.0, 3787.0], [5601.0, 5878.0, 3344.0], [5600.0, 5820.0, 3453.0], [5600.0, 5722.0, 3663.0], [5598.0, 5963.0, 3076.0], [5597.0, 6004.0, 3088.0], [5596.0, 5926.0, 3201.0], [5595.0, 5978.0, 3106.0], [5594.0, 5976.0, 3115.0], [5594.0, 5951.0, 3200.0], [5594.0, 5891.0, 3317.0], [5593.0, 5938.0, 3231.0], [5592.0, 5808.0, 3495.0], [5592.0, 5724.0, 3629.0], [5591.0, 5921.0, 3298.0], [5591.0, 5845.0, 3429.0], [5590.0, 5888.0, 3361.0], [5590.0, 5881.0, 3401.0], [5590.0, 5731.0, 3643.0], [5589.0, 5961.0, 3124.0], [5589.0, 5789.0, 3552.0], [5584.0, 5804.0, 3502.0], [5582.0, 5817.0, 3489.0], [5581.0, 5971.0, 3137.0], [5581.0, 5942.0, 3208.0], [5581.0, 5846.0, 3423.0], [5579.0, 5799.0, 3512.0], [5577.0, 5983.0, 3093.0], [5577.0, 5973.0, 3137.0], [5576.0, 5881.0, 3411.0], [5576.0, 5820.0, 3506.0], [5576.0, 5761.0, 3620.0], [5575.0, 6013.0, 3025.0], [5575.0, 5927.0, 3232.0], [5573.0, 5801.0, 3528.0], [5571.0, 5965.0, 3144.0], [5571.0, 5955.0, 3178.0], [5569.0, 5807.0, 3513.0], [5568.0, 5976.0, 3198.0], [5567.0, 5807.0, 3534.0], [5566.0, 6004.0, 3184.0], [5566.0, 5921.0, 3312.0], [5566.0, 5905.0, 3341.0], [5565.0, 5974.0, 3265.0], [5565.0, 5809.0, 3578.0], [5564.0, 5920.0, 3314.0], [5563.0, 5958.0, 3276.0], [5563.0, 5922.0, 3316.0], [5562.0, 5885.0, 3374.0], [5559.0, 5826.0, 3460.0], [5557.0, 5873.0, 3446.0], [5557.0, 5700.0, 3713.0], [5556.0, 5845.0, 3456.0], [5556.0, 5768.0, 3638.0], [5555.0, 5936.0, 3324.0], [5554.0, 5982.0, 3215.0], [5554.0, 5821.0, 3600.0], [5552.0, 5933.0, 3343.0], [5552.0, 5846.0, 3537.0], [5551.0, 5705.0, 3717.0], [5547.0, 6017.0, 3051.0], [5547.0, 5803.0, 3601.0], [5546.0, 5922.0, 3368.0], [5546.0, 5857.0, 3451.0], [5544.0, 5977.0, 3221.0], [5541.0, 5848.0, 3477.0], [5538.0, 5855.0, 3501.0], [5538.0, 5850.0, 3552.0], [5537.0, 6003.0, 3196.0], [5537.0, 5933.0, 3353.0], [5536.0, 5788.0, 3627.0], [5534.0, 6032.0, 3010.0], [5534.0, 5717.0, 3730.0], [5533.0, 5955.0, 3289.0], [5531.0, 5945.0, 3309.0], [5531.0, 5870.0, 3465.0], [5530.0, 6053.0, 3159.0], [5530.0, 5893.0, 3392.0], [5529.0, 5881.0, 3419.0], [5529.0, 5795.0, 3602.0], [5529.0, 5754.0, 3692.0], [5528.0, 5982.0, 3223.0], [5528.0, 5919.0, 3387.0], [5527.0, 5941.0, 3350.0], [5527.0, 5936.0, 3413.0], [5526.0, 5775.0, 3649.0], [5523.0, 5896.0, 3419.0], [5522.0, 5986.0, 3209.0], [5520.0, 5975.0, 3236.0], [5517.0, 5984.0, 3221.0], [5517.0, 5947.0, 3294.0], [5517.0, 5858.0, 3504.0], [5516.0, 5949.0, 3314.0], [5516.0, 5760.0, 3674.0], [5516.0, 5718.0, 3736.0], [5514.0, 5999.0, 3239.0], [5513.0, 5718.0, 3739.0], [5511.0, 5968.0, 3362.0], [5511.0, 5887.0, 3432.0], [5511.0, 5857.0, 3546.0], [5509.0, 6015.0, 3186.0], [5506.0, 5885.0, 3493.0], [5504.0, 6020.0, 3248.0], [5501.0, 6081.0, 3119.0], [5501.0, 6048.0, 3202.0], [5501.0, 5981.0, 3294.0], [5500.0, 5910.0, 3437.0], [5500.0, 5784.0, 3658.0], [5499.0, 6061.0, 3213.0], [5498.0, 5948.0, 3388.0], [5497.0, 6029.0, 3250.0], [5496.0, 5890.0, 3484.0], [5495.0, 6011.0, 3292.0], [5495.0, 6005.0, 3307.0], [5495.0, 5975.0, 3335.0], [5491.0, 6110.0, 3117.0], [5491.0, 5969.0, 3341.0], [5490.0, 6125.0, 3068.0], [5490.0, 6012.0, 3329.0], [5490.0, 5900.0, 3449.0], [5483.0, 5790.0, 3608.0], [5482.0, 5902.0, 3473.0], [5482.0, 5719.0, 3696.0], [5475.0, 5754.0, 3742.0], [5473.0, 6094.0, 3184.0], [5471.0, 5877.0, 3503.0], [5469.0, 5878.0, 3554.0], [5469.0, 5813.0, 3666.0], [5468.0, 5910.0, 3491.0], [5464.0, 5972.0, 3421.0], [5464.0, 5842.0, 3612.0], [5463.0, 5933.0, 3444.0], [5462.0, 6038.0, 3332.0], [5460.0, 5849.0, 3652.0], [5456.0, 5765.0, 3705.0], [5451.0, 5881.0, 3519.0], [5447.0, 6065.0, 3205.0], [5439.0, 5812.0, 3754.0], [5435.0, 6155.0, 3192.0], [5435.0, 6041.0, 3308.0], [5435.0, 5910.0, 3527.0], [5434.0, 5870.0, 3586.0], [5432.0, 5935.0, 3456.0], [5430.0, 6073.0, 3210.0], [5429.0, 5989.0, 3368.0], [5428.0, 5853.0, 3591.0], [5421.0, 5886.0, 3538.0], [5420.0, 5940.0, 3454.0], [5417.0, 5984.0, 3472.0], [5413.0, 6017.0, 3363.0], [5408.0, 5940.0, 3500.0], [5407.0, 6017.0, 3400.0], [5406.0, 6162.0, 3122.0], [5398.0, 6192.0, 3081.0], [5389.0, 5879.0, 3644.0], [5381.0, 6021.0, 3418.0], [5381.0, 6011.0, 3429.0], [5378.0, 6072.0, 3238.0], [5376.0, 5895.0, 3553.0], [5374.0, 5835.0, 3703.0], [5373.0, 5965.0, 3490.0], [5367.0, 5924.0, 3519.0], [5348.0, 5885.0, 3718.0], [5337.0, 5917.0, 3576.0], [5309.0, 5904.0, 3587.0], [5308.0, 6048.0, 3288.0]]
