heur = true
LBS_limit = 3
preproc = 1
tight_root = 0
total_time = 2.16
NDP = 63
total_nodes = 1193
pruned_nodes = 597
pruned_dominance_nodes = 53
heur_time = 0.16
Y_N = Any[[746.0, 320.0, 216.0], [741.0, 323.0, 226.0], [739.0, 346.0, 225.0], [727.0, 358.0, 265.0], [719.0, 363.0, 261.0], [716.0, 337.0, 283.0], [715.0, 360.0, 272.0], [715.0, 330.0, 302.0], [714.0, 331.0, 287.0], [710.0, 420.0, 214.0], [708.0, 365.0, 262.0], [706.0, 370.0, 266.0], [702.0, 387.0, 215.0], [701.0, 409.0, 237.0], [699.0, 388.0, 265.0], [699.0, 373.0, 266.0], [699.0, 361.0, 280.0], [693.0, 416.0, 246.0], [690.0, 382.0, 289.0], [687.0, 397.0, 276.0], [687.0, 350.0, 298.0], [686.0, 419.0, 253.0], [685.0, 431.0, 178.0], [682.0, 421.0, 257.0], [682.0, 407.0, 300.0], [681.0, 444.0, 220.0], [679.0, 427.0, 244.0], [670.0, 444.0, 223.0], [670.0, 437.0, 240.0], [670.0, 370.0, 314.0], [667.0, 462.0, 214.0], [666.0, 454.0, 231.0], [665.0, 421.0, 285.0], [664.0, 433.0, 259.0], [664.0, 429.0, 262.0], [663.0, 463.0, 206.0], [662.0, 460.0, 225.0], [662.0, 415.0, 318.0], [660.0, 486.0, 208.0], [656.0, 472.0, 212.0], [653.0, 473.0, 263.0], [652.0, 447.0, 287.0], [643.0, 457.0, 273.0], [634.0, 488.0, 179.0], [634.0, 448.0, 292.0], [631.0, 486.0, 224.0], [630.0, 500.0, 199.0], [622.0, 484.0, 254.0], [621.0, 504.0, 199.0], [620.0, 490.0, 255.0], [619.0, 531.0, 156.0], [606.0, 478.0, 321.0], [604.0, 510.0, 234.0], [603.0, 488.0, 268.0], [596.0, 489.0, 278.0], [594.0, 529.0, 195.0], [584.0, 541.0, 272.0], [580.0, 550.0, 136.0], [579.0, 499.0, 291.0], [563.0, 576.0, 145.0], [560.0, 496.0, 306.0], [549.0, 550.0, 210.0], [541.0, 555.0, 155.0]]
