heur = true
LBS_limit = 3
preproc = 1
tight_root = 0
total_time = 1800.07
NDP = 808
total_nodes = 66953
pruned_nodes = 33460
pruned_dominance_nodes = 16066
heur_time = 0.35
Y_N = Any[[2478.0, 1574.0, 11589.0], [2474.0, 1588.0, 11373.0], [2468.0, 1565.0, 11628.0], [2464.0, 1620.0, 11303.0], [2461.0, 1639.0, 11573.0], [2458.0, 1601.0, 11624.0], [2447.0, 1685.0, 11287.0], [2444.0, 1647.0, 11338.0], [2443.0, 1605.0, 11596.0], [2435.0, 1511.0, 11685.0], [2434.0, 1689.0, 11272.0], [2430.0, 1703.0, 10910.0], [2424.0, 1648.0, 11562.0], [2422.0, 1562.0, 11739.0], [2421.0, 1639.0, 11613.0], [2420.0, 1662.0, 11346.0], [2418.0, 1576.0, 11669.0], [2417.0, 1754.0, 11256.0], [2417.0, 1653.0, 11543.0], [2407.0, 1713.0, 11546.0], [2407.0, 1551.0, 11751.0], [2404.0, 1675.0, 11597.0], [2397.0, 1766.0, 11298.0], [2396.0, 1610.0, 11686.0], [2396.0, 1461.0, 11859.0], [2393.0, 1572.0, 11737.0], [2391.0, 1473.0, 11870.0], [2387.0, 1725.0, 11588.0], [2387.0, 1545.0, 11762.0], [2376.0, 1632.0, 11722.0], [2376.0, 1622.0, 11728.0], [2376.0, 1405.0, 11887.0], [2372.0, 1646.0, 11652.0], [2369.0, 1525.0, 11826.0], [2367.0, 1652.0, 11642.0], [2364.0, 1488.0, 11847.0], [2363.0, 1578.0, 11814.0], [2363.0, 1456.0, 11941.0], [2359.0, 1492.0, 11886.0], [2359.0, 1452.0, 11985.0], [2358.0, 1591.0, 11743.0], [2355.0, 1516.0, 11833.0], [2355.0, 1466.0, 11915.0], [2353.0, 1647.0, 11713.0], [2352.0, 1658.0, 11694.0], [2352.0, 1590.0, 11810.0], [2351.0, 1665.0, 11688.0], [2349.0, 1751.0, 11384.0], [2349.0, 1552.0, 11861.0], [2348.0, 1627.0, 11739.0], [2342.0, 1517.0, 11969.0], [2340.0, 1659.0, 11689.0], [2339.0, 1710.0, 11674.0], [2339.0, 1479.0, 12020.0], [2337.0, 1621.0, 11740.0], [2336.0, 1802.0, 11584.0], [2334.0, 1491.0, 12031.0], [2333.0, 1664.0, 11702.0], [2332.0, 1633.0, 11751.0], [2331.0, 1677.0, 11730.0], [2326.0, 1761.0, 11728.0], [2324.0, 1605.0, 11865.0], [2322.0, 1352.0, 12071.0], [2319.0, 1254.0, 12131.0], [2318.0, 1551.0, 11915.0], [2317.0, 1622.0, 11818.0], [2316.0, 1389.0, 12081.0], [2313.0, 1636.0, 11748.0], [2310.0, 1821.0, 11612.0], [2310.0, 1512.0, 11978.0], [2304.0, 1643.0, 11780.0], [2303.0, 1250.0, 12207.0], [2300.0, 1687.0, 11802.0], [2300.0, 1386.0, 12088.0], [2299.0, 1503.0, 11988.0], [2299.0, 1454.0, 12065.0], [2298.0, 1534.0, 11994.0], [2298.0, 1377.0, 12092.0], [2297.0, 1649.0, 11853.0], [2297.0, 1459.0, 12054.0], [2296.0, 1538.0, 11989.0], [2296.0, 1416.0, 12116.0], [2294.0, 1584.0, 11867.0], [2292.0, 1640.0, 11857.0], [2291.0, 1694.0, 11834.0], [2290.0, 1770.0, 11667.0], [2288.0, 1222.0, 12219.0], [2286.0, 1418.0, 12086.0], [2285.0, 1458.0, 12074.0], [2282.0, 1594.0, 11878.0], [2282.0, 1555.0, 11924.0], [2282.0, 1424.0, 12107.0], [2279.0, 1276.0, 12179.0], [2278.0, 1496.0, 11999.0], [2276.0, 1700.0, 11741.0], [2276.0, 1682.0, 11863.0], [2276.0, 1310.0, 12150.0], [2274.0, 1830.0, 11405.0], [2273.0, 1541.0, 12010.0], [2273.0, 1394.0, 12144.0], [2271.0, 1706.0, 11774.0], [2271.0, 1566.0, 11956.0], [2271.0, 1131.0, 12270.0], [2270.0, 1494.0, 12028.0], [2270.0, 1464.0, 12063.0], [2269.0, 1321.0, 12233.0], [2268.0, 1658.0, 11866.0], [2266.0, 1283.0, 12284.0], [2265.0, 1620.0, 11908.0], [2265.0, 1547.0, 11958.0], [2263.0, 1403.0, 12139.0], [2262.0, 1582.0, 11959.0], [2262.0, 1458.0, 12138.0], [2262.0, 1336.0, 12265.0], [2261.0, 1295.0, 12295.0], [2260.0, 1742.0, 11747.0], [2258.0, 1513.0, 12022.0], [2258.0, 1490.0, 12075.0], [2258.0, 1350.0, 12195.0], [2256.0, 1572.0, 12012.0], [2253.0, 1525.0, 12030.0], [2253.0, 1370.0, 12201.0], [2253.0, 1360.0, 12207.0], [2251.0, 1593.0, 11991.0], [2249.0, 1618.0, 11918.0], [2249.0, 1501.0, 12037.0], [2248.0, 1375.0, 12151.0], [2246.0, 1854.0, 11452.0], [2246.0, 1417.0, 12152.0], [2245.0, 1215.0, 12298.0], [2244.0, 1598.0, 11950.0], [2244.0, 1532.0, 12033.0], [2242.0, 1677.0, 11894.0], [2239.0, 1385.0, 12162.0], [2238.0, 1391.0, 12214.0], [2238.0, 1200.0, 12353.0], [2233.0, 1346.0, 12263.0], [2232.0, 1534.0, 12026.0], [2232.0, 1371.0, 12227.0], [2231.0, 1610.0, 11926.0], [2230.0, 1661.0, 11911.0], [2229.0, 1396.0, 12173.0], [2229.0, 1321.0, 12273.0], [2228.0, 1536.0, 12026.0], [2228.0, 1502.0, 12108.0], [2227.0, 1753.0, 11821.0], [2227.0, 1394.0, 12220.0], [2227.0, 1229.0, 12315.0], [2226.0, 1444.0, 12187.0], [2225.0, 1519.0, 12065.0], [2224.0, 1615.0, 11939.0], [2222.0, 1626.0, 11949.0], [2222.0, 1419.0, 12230.0], [2221.0, 1627.0, 11975.0], [2221.0, 1183.0, 12373.0], [2220.0, 1633.0, 11916.0], [2220.0, 1066.0, 12428.0], [2218.0, 1531.0, 12041.0], [2218.0, 1418.0, 12249.0], [2213.0, 1766.0, 11669.0], [2213.0, 1454.0, 12201.0], [2210.0, 1863.0, 11099.0], [2210.0, 1688.0, 11946.0], [2210.0, 1224.0, 12419.0], [2209.0, 1535.0, 12087.0], [2209.0, 1502.0, 12152.0], [2208.0, 1773.0, 11768.0], [2208.0, 1575.0, 11996.0], [2207.0, 1689.0, 11847.0], [2205.0, 1679.0, 11950.0], [2205.0, 1434.0, 12230.0], [2205.0, 1328.0, 12281.0], [2205.0, 1263.0, 12332.0], [2204.0, 1509.0, 12108.0], [2204.0, 1140.0, 12487.0], [2202.0, 1560.0, 12034.0], [2201.0, 1772.0, 11849.0], [2199.0, 1517.0, 12137.0], [2199.0, 1381.0, 12261.0], [2199.0, 1282.0, 12307.0], [2198.0, 1349.0, 12334.0], [2197.0, 1724.0, 11905.0], [2196.0, 1540.0, 12040.0], [2196.0, 1470.0, 12155.0], [2196.0, 1460.0, 12161.0], [2195.0, 1196.0, 12431.0], [2194.0, 1150.0, 12456.0], [2192.0, 1833.0, 11506.0], [2192.0, 1364.0, 12336.0], [2189.0, 1451.0, 12207.0], [2189.0, 1326.0, 12387.0], [2189.0, 1112.0, 12499.0], [2188.0, 1585.0, 11995.0], [2187.0, 1622.0, 12010.0], [2187.0, 1445.0, 12217.0], [2187.0, 1420.0, 12237.0], [2186.0, 1649.0, 11951.0], [2186.0, 1577.0, 12011.0], [2186.0, 1545.0, 12036.0], [2185.0, 1523.0, 12099.0], [2185.0, 1421.0, 12274.0], [2184.0, 1614.0, 12020.0], [2184.0, 1596.0, 12039.0], [2184.0, 1466.0, 12202.0], [2184.0, 1456.0, 12208.0], [2184.0, 1426.0, 12268.0], [2184.0, 1338.0, 12398.0], [2182.0, 1461.0, 12212.0], [2181.0, 1784.0, 11789.0], [2181.0, 1524.0, 12097.0], [2180.0, 1582.0, 12046.0], [2180.0, 1570.0, 12059.0], [2180.0, 1523.0, 12105.0], [2179.0, 1373.0, 12326.0], [2177.0, 1674.0, 11956.0], [2177.0, 1473.0, 12223.0], [2176.0, 1608.0, 12095.0], [2174.0, 1552.0, 12129.0], [2173.0, 1108.0, 12575.0], [2171.0, 1505.0, 12147.0], [2170.0, 1333.0, 12402.0], [2169.0, 1481.0, 12158.0], [2168.0, 1612.0, 12030.0], [2168.0, 1480.0, 12183.0], [2168.0, 1398.0, 12282.0], [2167.0, 1651.0, 11978.0], [2167.0, 1317.0, 12422.0], [2166.0, 1111.0, 12514.0], [2164.0, 1345.0, 12338.0], [2162.0, 1483.0, 12183.0], [2162.0, 1404.0, 12328.0], [2161.0, 1633.0, 11985.0], [2161.0, 1243.0, 12456.0], [2160.0, 1668.0, 11979.0], [2160.0, 1609.0, 12081.0], [2160.0, 1492.0, 12174.0], [2160.0, 1444.0, 12224.0], [2160.0, 1359.0, 12345.0], [2159.0, 1435.0, 12239.0], [2159.0, 1347.0, 12348.0], [2158.0, 1435.0, 12249.0], [2157.0, 1627.0, 12012.0], [2156.0, 1620.0, 12035.0], [2156.0, 1389.0, 12332.0], [2154.0, 1200.0, 12472.0], [2153.0, 1666.0, 11980.0], [2153.0, 1494.0, 12170.0], [2151.0, 1693.0, 11984.0], [2151.0, 1570.0, 12127.0], [2150.0, 1534.0, 12169.0], [2149.0, 1454.0, 12224.0], [2148.0, 1395.0, 12357.0], [2148.0, 1385.0, 12363.0], [2147.0, 1496.0, 12220.0], [2147.0, 1349.0, 12408.0], [2143.0, 1509.0, 12208.0], [2143.0, 1447.0, 12252.0], [2143.0, 1431.0, 12315.0], [2142.0, 1596.0, 12101.0], [2142.0, 1487.0, 12224.0], [2141.0, 1363.0, 12364.0], [2140.0, 1499.0, 12230.0], [2140.0, 1470.0, 12251.0], [2139.0, 1645.0, 11988.0], [2139.0, 1449.0, 12317.0], [2139.0, 1345.0, 12439.0], [2138.0, 1196.0, 12548.0], [2137.0, 1805.0, 11835.0], [2137.0, 969.0, 12589.0], [2136.0, 1542.0, 12139.0], [2135.0, 1539.0, 12156.0], [2135.0, 1483.0, 12270.0], [2133.0, 1261.0, 12507.0], [2132.0, 1495.0, 12261.0], [2131.0, 1642.0, 12039.0], [2131.0, 1434.0, 12318.0], [2129.0, 1541.0, 12151.0], [2127.0, 1271.0, 12469.0], [2126.0, 1656.0, 11985.0], [2126.0, 1529.0, 12230.0], [2126.0, 1377.0, 12385.0], [2124.0, 1421.0, 12329.0], [2123.0, 1705.0, 11941.0], [2123.0, 1618.0, 12042.0], [2123.0, 1485.0, 12263.0], [2123.0, 1418.0, 12388.0], [2123.0, 1168.0, 12560.0], [2120.0, 1728.0, 11940.0], [2119.0, 1487.0, 12263.0], [2119.0, 1457.0, 12287.0], [2118.0, 1505.0, 12233.0], [2117.0, 1343.0, 12440.0], [2115.0, 1284.0, 12474.0], [2113.0, 1593.0, 12126.0], [2113.0, 1367.0, 12401.0], [2111.0, 1230.0, 12532.0], [2108.0, 1431.0, 12326.0], [2107.0, 1560.0, 12133.0], [2107.0, 1536.0, 12160.0], [2106.0, 1614.0, 12087.0], [2103.0, 1543.0, 12137.0], [2103.0, 1466.0, 12312.0], [2102.0, 1540.0, 12183.0], [2101.0, 1814.0, 11628.0], [2101.0, 1617.0, 12085.0], [2101.0, 1440.0, 12358.0], [2101.0, 1297.0, 12480.0], [2100.0, 1100.0, 12619.0], [2099.0, 1637.0, 12049.0], [2099.0, 1526.0, 12233.0], [2098.0, 1640.0, 12084.0], [2098.0, 1550.0, 12176.0], [2098.0, 968.0, 12641.0], [2096.0, 1264.0, 12523.0], [2095.0, 1548.0, 12197.0], [2095.0, 1278.0, 12531.0], [2095.0, 1232.0, 12534.0], [2095.0, 982.0, 12684.0], [2094.0, 1379.0, 12400.0], [2092.0, 1524.0, 12261.0], [2091.0, 1462.0, 12359.0], [2089.0, 1483.0, 12294.0], [2089.0, 1377.0, 12450.0], [2088.0, 1689.0, 12015.0], [2088.0, 1326.0, 12451.0], [2088.0, 1209.0, 12557.0], [2087.0, 1726.0, 11970.0], [2087.0, 1573.0, 12213.0], [2087.0, 1406.0, 12448.0], [2086.0, 1497.0, 12314.0], [2085.0, 1588.0, 12132.0], [2084.0, 1432.0, 12409.0], [2084.0, 1314.0, 12464.0], [2083.0, 1599.0, 12121.0], [2083.0, 1533.0, 12227.0], [2081.0, 1621.0, 12151.0], [2081.0, 1272.0, 12595.0], [2080.0, 1743.0, 11878.0], [2080.0, 1326.0, 12452.0], [2078.0, 1652.0, 12024.0], [2078.0, 1293.0, 12511.0], [2077.0, 1362.0, 12451.0], [2077.0, 1310.0, 12472.0], [2076.0, 1298.0, 12534.0], [2073.0, 1567.0, 12277.0], [2072.0, 1473.0, 12316.0], [2072.0, 1438.0, 12394.0], [2071.0, 1442.0, 12368.0], [2071.0, 1332.0, 12452.0], [2070.0, 1649.0, 12075.0], [2069.0, 1661.0, 12117.0], [2068.0, 1353.0, 12486.0], [2067.0, 1158.0, 12658.0], [2066.0, 1601.0, 12159.0], [2066.0, 1113.0, 12659.0], [2064.0, 1059.0, 12666.0], [2062.0, 1501.0, 12387.0], [2062.0, 1326.0, 12543.0], [2060.0, 1443.0, 12394.0], [2060.0, 1366.0, 12504.0], [2059.0, 1006.0, 12686.0], [2057.0, 1303.0, 12585.0], [2056.0, 1417.0, 12455.0], [2055.0, 1391.0, 12514.0], [2054.0, 1450.0, 12400.0], [2053.0, 1457.0, 12396.0], [2052.0, 1584.0, 12222.0], [2052.0, 1130.0, 12670.0], [2051.0, 1592.0, 12224.0], [2051.0, 1582.0, 12289.0], [2051.0, 1449.0, 12411.0], [2048.0, 1344.0, 12548.0], [2048.0, 1135.0, 12730.0], [2047.0, 1513.0, 12300.0], [2047.0, 1473.0, 12399.0], [2047.0, 1316.0, 12565.0], [2046.0, 1426.0, 12485.0], [2045.0, 1315.0, 12569.0], [2044.0, 1175.0, 12653.0], [2043.0, 1356.0, 12559.0], [2042.0, 1282.0, 12587.0], [2041.0, 1538.0, 12299.0], [2040.0, 1750.0, 11892.0], [2040.0, 1286.0, 12594.0], [2039.0, 1627.0, 12140.0], [2038.0, 1327.0, 12577.0], [2037.0, 1430.0, 12429.0], [2037.0, 1291.0, 12622.0], [2037.0, 1159.0, 12690.0], [2037.0, 1026.0, 12744.0], [2034.0, 1275.0, 12642.0], [2033.0, 1670.0, 12056.0], [2031.0, 1598.0, 12168.0], [2030.0, 1042.0, 12814.0], [2029.0, 1534.0, 12346.0], [2029.0, 1287.0, 12653.0], [2027.0, 1532.0, 12363.0], [2026.0, 1447.0, 12423.0], [2025.0, 1428.0, 12455.0], [2025.0, 1385.0, 12543.0], [2023.0, 1045.0, 12753.0], [2022.0, 1475.0, 12393.0], [2021.0, 1598.0, 12223.0], [2021.0, 1557.0, 12312.0], [2020.0, 1372.0, 12565.0], [2020.0, 1235.0, 12665.0], [2018.0, 1374.0, 12547.0], [2017.0, 1607.0, 12222.0], [2017.0, 1461.0, 12418.0], [2017.0, 1445.0, 12456.0], [2016.0, 1573.0, 12291.0], [2015.0, 1528.0, 12410.0], [2015.0, 1289.0, 12683.0], [2015.0, 1206.0, 12689.0], [2014.0, 1656.0, 12178.0], [2014.0, 860.0, 12837.0], [2013.0, 1477.0, 12433.0], [2012.0, 1273.0, 12703.0], [2012.0, 1260.0, 12704.0], [2011.0, 1316.0, 12597.0], [2010.0, 1549.0, 12360.0], [2009.0, 1458.0, 12446.0], [2009.0, 1391.0, 12582.0], [2009.0, 1244.0, 12724.0], [2008.0, 1459.0, 12457.0], [2008.0, 1248.0, 12713.0], [2007.0, 1285.0, 12714.0], [2006.0, 1330.0, 12650.0], [2006.0, 1109.0, 12734.0], [2005.0, 1617.0, 12196.0], [2004.0, 1462.0, 12435.0], [2003.0, 1106.0, 12774.0], [2002.0, 1434.0, 12477.0], [2001.0, 1467.0, 12470.0], [2001.0, 1359.0, 12584.0], [2000.0, 1399.0, 12502.0], [1999.0, 1341.0, 12637.0], [1998.0, 1716.0, 12062.0], [1998.0, 1438.0, 12484.0], [1998.0, 1320.0, 12685.0], [1997.0, 1590.0, 12272.0], [1996.0, 1406.0, 12530.0], [1996.0, 1346.0, 12596.0], [1995.0, 1130.0, 12787.0], [1994.0, 1668.0, 12118.0], [1993.0, 1614.0, 12210.0], [1993.0, 1491.0, 12420.0], [1993.0, 1463.0, 12501.0], [1988.0, 1183.0, 12745.0], [1987.0, 1461.0, 12534.0], [1986.0, 1416.0, 12535.0], [1984.0, 1301.0, 12720.0], [1981.0, 1495.0, 12429.0], [1980.0, 1671.0, 12092.0], [1980.0, 1276.0, 12730.0], [1980.0, 1102.0, 12799.0], [1979.0, 1457.0, 12565.0], [1977.0, 1369.0, 12623.0], [1976.0, 1628.0, 12206.0], [1976.0, 1547.0, 12415.0], [1976.0, 1502.0, 12462.0], [1974.0, 1484.0, 12464.0], [1973.0, 1387.0, 12601.0], [1972.0, 1583.0, 12289.0], [1972.0, 1572.0, 12388.0], [1966.0, 1366.0, 12638.0], [1964.0, 1577.0, 12313.0], [1963.0, 1329.0, 12697.0], [1963.0, 1212.0, 12839.0], [1962.0, 1363.0, 12648.0], [1961.0, 1534.0, 12426.0], [1961.0, 1519.0, 12427.0], [1958.0, 1303.0, 12705.0], [1958.0, 1224.0, 12850.0], [1957.0, 1465.0, 12504.0], [1955.0, 1227.0, 12772.0], [1954.0, 1498.0, 12464.0], [1953.0, 1640.0, 12208.0], [1951.0, 1404.0, 12582.0], [1951.0, 1388.0, 12598.0], [1950.0, 1468.0, 12486.0], [1950.0, 1345.0, 12690.0], [1949.0, 1490.0, 12526.0], [1946.0, 1590.0, 12339.0], [1946.0, 1320.0, 12700.0], [1946.0, 1253.0, 12761.0], [1945.0, 1461.0, 12551.0], [1944.0, 1613.0, 12242.0], [1944.0, 1414.0, 12593.0], [1944.0, 1408.0, 12633.0], [1943.0, 1516.0, 12439.0], [1939.0, 1536.0, 12479.0], [1939.0, 1469.0, 12561.0], [1939.0, 1431.0, 12571.0], [1938.0, 1249.0, 12792.0], [1938.0, 1230.0, 12793.0], [1936.0, 1318.0, 12717.0], [1935.0, 1504.0, 12486.0], [1934.0, 1615.0, 12230.0], [1933.0, 1420.0, 12631.0], [1933.0, 1325.0, 12716.0], [1931.0, 1254.0, 12737.0], [1929.0, 1380.0, 12645.0], [1929.0, 1363.0, 12658.0], [1928.0, 1375.0, 12655.0], [1927.0, 1505.0, 12538.0], [1927.0, 1445.0, 12595.0], [1927.0, 1372.0, 12660.0], [1922.0, 1349.0, 12734.0], [1922.0, 1267.0, 12813.0], [1922.0, 1024.0, 12857.0], [1921.0, 1463.0, 12597.0], [1921.0, 979.0, 12858.0], [1919.0, 1065.0, 12893.0], [1918.0, 1295.0, 12757.0], [1917.0, 1394.0, 12675.0], [1917.0, 1278.0, 12764.0], [1916.0, 1454.0, 12601.0], [1914.0, 1050.0, 12938.0], [1913.0, 1459.0, 12628.0], [1909.0, 1390.0, 12706.0], [1908.0, 1396.0, 12693.0], [1907.0, 1399.0, 12636.0], [1907.0, 1075.0, 12867.0], [1906.0, 1480.0, 12556.0], [1905.0, 1481.0, 12568.0], [1905.0, 1308.0, 12735.0], [1904.0, 1414.0, 12652.0], [1904.0, 1306.0, 12738.0], [1904.0, 1276.0, 12773.0], [1901.0, 1661.0, 12119.0], [1900.0, 936.0, 13001.0], [1897.0, 1313.0, 12776.0], [1895.0, 1398.0, 12681.0], [1894.0, 1297.0, 12796.0], [1893.0, 1292.0, 12813.0], [1893.0, 1288.0, 12816.0], [1891.0, 1073.0, 12873.0], [1889.0, 1400.0, 12682.0], [1888.0, 1364.0, 12716.0], [1888.0, 1279.0, 12820.0], [1886.0, 1483.0, 12548.0], [1885.0, 1314.0, 12831.0], [1885.0, 908.0, 13013.0], [1884.0, 1327.0, 12784.0], [1884.0, 1232.0, 12850.0], [1883.0, 1158.0, 12862.0], [1883.0, 1133.0, 12883.0], [1882.0, 1486.0, 12580.0], [1882.0, 1452.0, 12652.0], [1882.0, 1193.0, 12873.0], [1881.0, 1407.0, 12653.0], [1880.0, 1333.0, 12748.0], [1879.0, 1338.0, 12757.0], [1879.0, 1332.0, 12760.0], [1879.0, 1138.0, 12911.0], [1876.0, 1253.0, 12841.0], [1874.0, 1344.0, 12771.0], [1874.0, 1243.0, 12934.0], [1872.0, 1439.0, 12656.0], [1872.0, 1329.0, 12779.0], [1871.0, 1328.0, 12791.0], [1867.0, 1514.0, 12486.0], [1867.0, 1424.0, 12664.0], [1867.0, 1357.0, 12722.0], [1866.0, 1400.0, 12689.0], [1866.0, 1258.0, 12867.0], [1865.0, 1388.0, 12713.0], [1864.0, 1514.0, 12514.0], [1863.0, 1467.0, 12608.0], [1863.0, 1401.0, 12693.0], [1862.0, 1544.0, 12421.0], [1861.0, 1489.0, 12617.0], [1861.0, 1356.0, 12739.0], [1859.0, 1353.0, 12753.0], [1858.0, 1393.0, 12701.0], [1858.0, 972.0, 12973.0], [1857.0, 1521.0, 12572.0], [1857.0, 1411.0, 12668.0], [1857.0, 1384.0, 12744.0], [1856.0, 1626.0, 12281.0], [1856.0, 1438.0, 12673.0], [1853.0, 1340.0, 12777.0], [1852.0, 1425.0, 12711.0], [1852.0, 1346.0, 12768.0], [1850.0, 996.0, 12986.0], [1849.0, 1585.0, 12362.0], [1849.0, 1357.0, 12794.0], [1849.0, 1336.0, 12796.0], [1847.0, 1232.0, 12954.0], [1846.0, 1461.0, 12629.0], [1845.0, 1336.0, 12808.0], [1845.0, 1261.0, 12913.0], [1843.0, 1382.0, 12758.0], [1839.0, 1368.0, 12769.0], [1839.0, 1316.0, 12822.0], [1839.0, 1246.0, 12917.0], [1838.0, 1286.0, 12897.0], [1837.0, 1526.0, 12501.0], [1836.0, 1492.0, 12596.0], [1836.0, 1300.0, 12842.0], [1834.0, 1490.0, 12629.0], [1834.0, 1480.0, 12636.0], [1834.0, 1467.0, 12676.0], [1834.0, 1402.0, 12762.0], [1832.0, 1183.0, 12965.0], [1831.0, 1364.0, 12800.0], [1831.0, 1242.0, 12948.0], [1830.0, 1446.0, 12690.0], [1828.0, 1048.0, 12987.0], [1824.0, 1598.0, 12370.0], [1824.0, 1373.0, 12773.0], [1822.0, 1443.0, 12710.0], [1820.0, 1585.0, 12430.0], [1820.0, 1320.0, 12811.0], [1820.0, 1315.0, 12864.0], [1819.0, 1374.0, 12774.0], [1818.0, 1403.0, 12724.0], [1817.0, 1538.0, 12448.0], [1817.0, 1505.0, 12576.0], [1816.0, 1538.0, 12552.0], [1815.0, 1392.0, 12810.0], [1814.0, 1551.0, 12435.0], [1814.0, 1403.0, 12761.0], [1813.0, 1326.0, 12851.0], [1812.0, 1566.0, 12436.0], [1811.0, 1410.0, 12752.0], [1811.0, 1372.0, 12813.0], [1809.0, 1394.0, 12765.0], [1807.0, 1493.0, 12617.0], [1807.0, 1415.0, 12722.0], [1807.0, 1258.0, 12920.0], [1806.0, 966.0, 12992.0], [1805.0, 1236.0, 12976.0], [1804.0, 1298.0, 12904.0], [1803.0, 1368.0, 12844.0], [1803.0, 1073.0, 13017.0], [1802.0, 1133.0, 12992.0], [1798.0, 1141.0, 13059.0], [1797.0, 1398.0, 12781.0], [1794.0, 1526.0, 12554.0], [1794.0, 1403.0, 12792.0], [1793.0, 1447.0, 12707.0], [1793.0, 1194.0, 12989.0], [1792.0, 1659.0, 12121.0], [1792.0, 1545.0, 12512.0], [1791.0, 1443.0, 12714.0], [1790.0, 1412.0, 12726.0], [1784.0, 1491.0, 12638.0], [1783.0, 1320.0, 12875.0], [1782.0, 1450.0, 12735.0], [1782.0, 1408.0, 12757.0], [1781.0, 1519.0, 12619.0], [1781.0, 1404.0, 12817.0], [1780.0, 1229.0, 12987.0], [1779.0, 1476.0, 12659.0], [1779.0, 1453.0, 12688.0], [1779.0, 1412.0, 12773.0], [1778.0, 1317.0, 12911.0], [1778.0, 1166.0, 13001.0], [1775.0, 1147.0, 13039.0], [1774.0, 1340.0, 12846.0], [1774.0, 1307.0, 12926.0], [1774.0, 931.0, 13092.0], [1773.0, 1420.0, 12741.0], [1773.0, 1240.0, 12954.0], [1771.0, 1321.0, 12930.0], [1769.0, 1259.0, 12960.0], [1768.0, 1404.0, 12825.0], [1767.0, 1422.0, 12747.0], [1766.0, 1334.0, 12860.0], [1765.0, 1416.0, 12772.0], [1765.0, 1366.0, 12863.0], [1765.0, 1236.0, 12985.0], [1764.0, 1335.0, 12903.0], [1763.0, 1145.0, 13047.0], [1761.0, 1297.0, 12941.0], [1760.0, 1351.0, 12870.0], [1760.0, 1250.0, 13033.0], [1758.0, 1478.0, 12683.0], [1753.0, 1376.0, 12837.0], [1752.0, 1265.0, 12966.0], [1752.0, 1192.0, 13038.0], [1746.0, 1434.0, 12747.0], [1746.0, 1407.0, 12823.0], [1746.0, 1227.0, 13044.0], [1744.0, 1345.0, 12879.0], [1744.0, 1125.0, 13132.0], [1742.0, 1315.0, 12951.0], [1742.0, 1257.0, 13000.0], [1741.0, 1448.0, 12790.0], [1741.0, 1430.0, 12809.0], [1740.0, 1259.0, 13028.0], [1739.0, 1346.0, 12871.0], [1738.0, 1380.0, 12873.0], [1737.0, 1462.0, 12699.0], [1736.0, 1564.0, 12483.0], [1735.0, 1312.0, 12953.0], [1735.0, 1268.0, 12987.0], [1734.0, 1359.0, 12887.0], [1733.0, 1444.0, 12821.0], [1732.0, 1532.0, 12554.0], [1729.0, 1333.0, 12908.0], [1727.0, 1309.0, 12976.0], [1725.0, 1323.0, 12921.0], [1725.0, 1231.0, 13040.0], [1724.0, 1228.0, 13061.0], [1721.0, 1263.0, 13017.0], [1721.0, 1184.0, 13162.0], [1719.0, 1305.0, 13007.0], [1719.0, 1216.0, 13064.0], [1718.0, 1407.0, 12854.0], [1717.0, 1459.0, 12724.0], [1713.0, 1398.0, 12858.0], [1710.0, 1403.0, 12885.0], [1708.0, 1485.0, 12720.0], [1708.0, 1462.0, 12767.0], [1708.0, 1192.0, 13065.0], [1704.0, 1415.0, 12889.0], [1703.0, 1517.0, 12673.0], [1703.0, 1262.0, 13027.0], [1702.0, 1349.0, 12930.0], [1699.0, 1485.0, 12744.0], [1699.0, 1278.0, 13029.0], [1699.0, 1139.0, 13189.0], [1694.0, 1310.0, 12955.0], [1694.0, 1173.0, 13182.0], [1693.0, 1321.0, 12983.0], [1690.0, 1326.0, 13010.0], [1689.0, 1387.0, 12901.0], [1688.0, 1489.0, 12685.0], [1688.0, 1262.0, 13055.0], [1685.0, 1317.0, 13014.0], [1682.0, 1350.0, 12902.0], [1682.0, 1341.0, 12943.0], [1682.0, 1202.0, 13093.0], [1679.0, 1231.0, 13067.0], [1674.0, 1198.0, 13124.0], [1672.0, 1391.0, 12928.0], [1670.0, 1427.0, 12896.0], [1669.0, 1252.0, 13066.0], [1668.0, 1328.0, 12989.0], [1665.0, 1428.0, 12856.0], [1663.0, 1446.0, 12803.0], [1660.0, 1324.0, 13020.0], [1659.0, 1122.0, 13197.0], [1658.0, 1276.0, 13084.0], [1655.0, 1399.0, 12908.0], [1655.0, 1357.0, 12939.0], [1653.0, 1227.0, 13096.0], [1645.0, 1354.0, 12942.0], [1641.0, 1215.0, 13117.0], [1640.0, 1341.0, 13002.0], [1640.0, 1247.0, 13145.0], [1635.0, 1235.0, 13148.0], [1633.0, 1262.0, 13108.0], [1630.0, 1049.0, 13201.0], [1625.0, 1472.0, 12760.0], [1620.0, 1345.0, 12967.0], [1618.0, 1120.0, 13223.0], [1617.0, 1353.0, 13058.0], [1617.0, 1300.0, 13066.0], [1606.0, 1253.0, 13127.0], [1605.0, 1278.0, 13074.0], [1602.0, 1207.0, 13199.0], [1601.0, 1172.0, 13241.0], [1599.0, 1293.0, 13086.0], [1595.0, 1302.0, 13085.0], [1594.0, 1363.0, 12941.0], [1592.0, 1394.0, 12957.0], [1587.0, 1426.0, 12910.0], [1586.0, 1144.0, 13253.0], [1584.0, 1265.0, 13098.0], [1579.0, 1266.0, 13108.0], [1577.0, 1257.0, 13118.0], [1575.0, 1360.0, 12968.0], [1572.0, 1398.0, 12922.0], [1572.0, 1185.0, 13233.0], [1571.0, 1123.0, 13299.0], [1569.0, 1375.0, 12980.0], [1568.0, 1250.0, 13134.0], [1565.0, 1348.0, 13082.0], [1565.0, 1305.0, 13093.0], [1564.0, 1445.0, 12835.0], [1562.0, 1310.0, 13120.0], [1559.0, 1133.0, 13273.0], [1554.0, 1250.0, 13151.0], [1554.0, 1216.0, 13182.0], [1554.0, 1186.0, 13203.0], [1550.0, 1320.0, 13094.0], [1543.0, 1434.0, 12882.0], [1541.0, 1163.0, 13326.0], [1535.0, 1387.0, 12987.0], [1530.0, 1251.0, 13174.0], [1515.0, 1269.0, 13217.0], [1512.0, 1231.0, 13255.0], [1500.0, 1241.0, 13229.0], [1497.0, 1341.0, 13137.0], [1494.0, 1166.0, 13256.0], [1491.0, 1166.0, 13267.0], [1490.0, 1180.0, 13345.0], [1482.0, 1313.0, 13149.0], [1482.0, 1176.0, 13376.0], [1475.0, 1290.0, 13164.0], [1469.0, 1207.0, 13301.0], [1457.0, 1217.0, 13275.0], [1427.0, 1343.0, 13119.0], [1406.0, 1123.0, 13417.0]]
