heur = true
LBS_limit = 3
preproc = 1
tight_root = 0
total_time = 2.14
NDP = 100
total_nodes = 1167
pruned_nodes = 584
pruned_dominance_nodes = 60
heur_time = 0.15
Y_N = Any[[329.0, 228.0, 968.0], [327.0, 231.0, 912.0], [308.0, 262.0, 962.0], [308.0, 225.0, 996.0], [307.0, 222.0, 1006.0], [306.0, 265.0, 906.0], [302.0, 151.0, 1094.0], [301.0, 225.0, 1033.0], [300.0, 154.0, 1038.0], [300.0, 153.0, 1092.0], [299.0, 150.0, 1102.0], [298.0, 156.0, 1036.0], [287.0, 259.0, 990.0], [286.0, 283.0, 881.0], [284.0, 286.0, 957.0], [281.0, 189.0, 1086.0], [280.0, 186.0, 1096.0], [278.0, 147.0, 1130.0], [273.0, 193.0, 1108.0], [267.0, 291.0, 916.0], [264.0, 134.0, 1155.0], [262.0, 251.0, 1043.0], [261.0, 283.0, 987.0], [260.0, 223.0, 1080.0], [258.0, 223.0, 1082.0], [254.0, 179.0, 1139.0], [253.0, 211.0, 1083.0], [251.0, 111.0, 1220.0], [248.0, 152.0, 1171.0], [247.0, 242.0, 1053.0], [245.0, 312.0, 967.0], [244.0, 225.0, 1100.0], [243.0, 168.0, 1149.0], [242.0, 171.0, 1141.0], [239.0, 170.0, 1149.0], [237.0, 240.0, 1063.0], [237.0, 135.0, 1177.0], [236.0, 177.0, 1155.0], [234.0, 247.0, 1077.0], [234.0, 219.0, 1118.0], [234.0, 102.0, 1224.0], [231.0, 201.0, 1136.0], [228.0, 257.0, 1036.0], [228.0, 133.0, 1217.0], [226.0, 290.0, 1047.0], [226.0, 135.0, 1215.0], [225.0, 160.0, 1165.0], [220.0, 206.0, 1143.0], [220.0, 120.0, 1246.0], [218.0, 218.0, 1143.0], [218.0, 167.0, 1177.0], [217.0, 192.0, 1146.0], [217.0, 88.0, 1261.0], [216.0, 169.0, 1171.0], [215.0, 138.0, 1218.0], [211.0, 165.0, 1189.0], [210.0, 198.0, 1164.0], [210.0, 126.0, 1219.0], [208.0, 159.0, 1230.0], [205.0, 251.0, 1110.0], [205.0, 172.0, 1201.0], [202.0, 126.0, 1260.0], [201.0, 221.0, 1126.0], [201.0, 134.0, 1239.0], [199.0, 254.0, 1137.0], [197.0, 203.0, 1165.0], [197.0, 179.0, 1206.0], [193.0, 189.0, 1204.0], [191.0, 152.0, 1238.0], [191.0, 131.0, 1267.0], [187.0, 161.0, 1225.0], [186.0, 63.0, 1342.0], [183.0, 162.0, 1254.0], [183.0, 104.0, 1293.0], [181.0, 87.0, 1323.0], [179.0, 221.0, 1146.0], [178.0, 218.0, 1156.0], [170.0, 179.0, 1261.0], [169.0, 185.0, 1240.0], [166.0, 130.0, 1291.0], [157.0, 53.0, 1357.0], [155.0, 86.0, 1368.0], [154.0, 269.0, 1094.0], [146.0, 197.0, 1190.0], [144.0, 200.0, 1266.0], [141.0, 157.0, 1270.0], [136.0, 138.0, 1277.0], [135.0, 118.0, 1294.0], [133.0, 230.0, 1157.0], [129.0, 230.0, 1240.0], [127.0, 233.0, 1184.0], [127.0, 91.0, 1323.0], [119.0, 72.0, 1398.0], [105.0, 226.0, 1276.0], [101.0, 96.0, 1413.0], [99.0, 163.0, 1343.0], [97.0, 164.0, 1287.0], [91.0, 127.0, 1404.0], [83.0, 65.0, 1415.0], [63.0, 97.0, 1473.0]]
