heur = true
LBS_limit = 3
preproc = 1
tight_root = 0
total_time = 28.57
NDP = 29
total_nodes = 16451
pruned_nodes = 8226
pruned_dominance_nodes = 7329
heur_time = 0.13
Y_N = Any[[4062.0, 2303.0], [3992.0, 2340.0], [3987.0, 2405.0], [3986.0, 2458.0], [3951.0, 2523.0], [3921.0, 2524.0], [3909.0, 2585.0], [3879.0, 2586.0], [3865.0, 2608.0], [3852.0, 2651.0], [3816.0, 2670.0], [3765.0, 2690.0], [3756.0, 2697.0], [3750.0, 2703.0], [3740.0, 2748.0], [3726.0, 2755.0], [3698.0, 2788.0], [3678.0, 2813.0], [3644.0, 2824.0], [3641.0, 2846.0], [3627.0, 2861.0], [3592.0, 2900.0], [3574.0, 2902.0], [3491.0, 2923.0], [3462.0, 2935.0], [3448.0, 2950.0], [3415.0, 2957.0], [3356.0, 3003.0], [3267.0, 3032.0]]
