heur = true
LBS_limit = 3
preproc = 1
tight_root = 0
total_time = 1291.62
NDP = 89
total_nodes = 736113
pruned_nodes = 368057
pruned_dominance_nodes = 352817
heur_time = 0.14
Y_N = Any[[4841.0, 2675.0], [4836.0, 2749.0], [4826.0, 2779.0], [4801.0, 2798.0], [4790.0, 2816.0], [4786.0, 2823.0], [4781.0, 2849.0], [4776.0, 2879.0], [4774.0, 2880.0], [4770.0, 2924.0], [4742.0, 2961.0], [4739.0, 2964.0], [4724.0, 2985.0], [4722.0, 2992.0], [4721.0, 3006.0], [4717.0, 3044.0], [4695.0, 3087.0], [4666.0, 3113.0], [4664.0, 3114.0], [4663.0, 3165.0], [4653.0, 3195.0], [4644.0, 3216.0], [4639.0, 3237.0], [4612.0, 3240.0], [4603.0, 3245.0], [4600.0, 3275.0], [4593.0, 3305.0], [4582.0, 3313.0], [4578.0, 3319.0], [4572.0, 3358.0], [4553.0, 3360.0], [4550.0, 3361.0], [4547.0, 3372.0], [4544.0, 3418.0], [4533.0, 3431.0], [4498.0, 3442.0], [4496.0, 3477.0], [4490.0, 3487.0], [4481.0, 3504.0], [4478.0, 3506.0], [4456.0, 3538.0], [4453.0, 3544.0], [4444.0, 3556.0], [4442.0, 3565.0], [4437.0, 3591.0], [4421.0, 3615.0], [4380.0, 3621.0], [4376.0, 3650.0], [4373.0, 3652.0], [4372.0, 3682.0], [4341.0, 3704.0], [4333.0, 3720.0], [4324.0, 3739.0], [4320.0, 3750.0], [4271.0, 3753.0], [4270.0, 3762.0], [4262.0, 3777.0], [4256.0, 3789.0], [4245.0, 3811.0], [4235.0, 3818.0], [4218.0, 3831.0], [4203.0, 3845.0], [4185.0, 3850.0], [4182.0, 3859.0], [4181.0, 3863.0], [4179.0, 3870.0], [4166.0, 3871.0], [4158.0, 3880.0], [4143.0, 3896.0], [4128.0, 3931.0], [4106.0, 3944.0], [4102.0, 3953.0], [4071.0, 3960.0], [4052.0, 3972.0], [4047.0, 3973.0], [4045.0, 4008.0], [4012.0, 4010.0], [3999.0, 4047.0], [3964.0, 4061.0], [3952.0, 4075.0], [3929.0, 4083.0], [3913.0, 4101.0], [3874.0, 4122.0], [3872.0, 4139.0], [3851.0, 4144.0], [3847.0, 4146.0], [3829.0, 4155.0], [3817.0, 4170.0], [3749.0, 4204.0]]
