heur = true
LBS_limit = 3
preproc = 1
tight_root = 0
total_time = 100.49
NDP = 68
total_nodes = 66149
pruned_nodes = 33075
pruned_dominance_nodes = 30324
heur_time = 0.13
Y_N = Any[[2988.0, 1679.0], [2973.0, 1811.0], [2964.0, 1889.0], [2958.0, 1900.0], [2945.0, 1947.0], [2936.0, 1981.0], [2924.0, 1982.0], [2923.0, 2030.0], [2922.0, 2043.0], [2909.0, 2050.0], [2907.0, 2113.0], [2878.0, 2147.0], [2853.0, 2151.0], [2852.0, 2209.0], [2837.0, 2223.0], [2825.0, 2229.0], [2822.0, 2241.0], [2819.0, 2251.0], [2812.0, 2255.0], [2803.0, 2263.0], [2802.0, 2284.0], [2780.0, 2291.0], [2779.0, 2297.0], [2773.0, 2301.0], [2770.0, 2304.0], [2767.0, 2339.0], [2765.0, 2358.0], [2743.0, 2362.0], [2738.0, 2377.0], [2710.0, 2382.0], [2706.0, 2392.0], [2705.0, 2420.0], [2695.0, 2421.0], [2686.0, 2429.0], [2679.0, 2436.0], [2674.0, 2444.0], [2661.0, 2459.0], [2660.0, 2473.0], [2649.0, 2489.0], [2642.0, 2492.0], [2639.0, 2508.0], [2634.0, 2509.0], [2627.0, 2523.0], [2621.0, 2526.0], [2619.0, 2529.0], [2608.0, 2532.0], [2604.0, 2537.0], [2587.0, 2545.0], [2579.0, 2555.0], [2574.0, 2574.0], [2567.0, 2580.0], [2554.0, 2587.0], [2551.0, 2593.0], [2538.0, 2619.0], [2536.0, 2622.0], [2517.0, 2627.0], [2495.0, 2628.0], [2494.0, 2634.0], [2478.0, 2636.0], [2474.0, 2648.0], [2452.0, 2657.0], [2447.0, 2679.0], [2415.0, 2699.0], [2389.0, 2702.0], [2369.0, 2726.0], [2353.0, 2737.0], [2326.0, 2749.0], [2296.0, 2754.0]]
