heur = true
LBS_limit = 3
preproc = 1
tight_root = 0
total_time = 117.13
NDP = 75
total_nodes = 78713
pruned_nodes = 39357
pruned_dominance_nodes = 33800
heur_time = 0.11
Y_N = Any[[2844.0, 1989.0], [2840.0, 2009.0], [2834.0, 2107.0], [2807.0, 2156.0], [2797.0, 2166.0], [2789.0, 2185.0], [2784.0, 2190.0], [2783.0, 2192.0], [2778.0, 2211.0], [2766.0, 2217.0], [2752.0, 2219.0], [2751.0, 2220.0], [2750.0, 2261.0], [2745.0, 2290.0], [2729.0, 2301.0], [2715.0, 2304.0], [2710.0, 2313.0], [2705.0, 2329.0], [2704.0, 2334.0], [2700.0, 2336.0], [2694.0, 2361.0], [2685.0, 2385.0], [2676.0, 2391.0], [2670.0, 2393.0], [2666.0, 2403.0], [2661.0, 2414.0], [2649.0, 2428.0], [2639.0, 2440.0], [2635.0, 2446.0], [2631.0, 2451.0], [2630.0, 2460.0], [2628.0, 2469.0], [2617.0, 2476.0], [2616.0, 2481.0], [2607.0, 2494.0], [2602.0, 2496.0], [2593.0, 2513.0], [2591.0, 2525.0], [2588.0, 2532.0], [2587.0, 2541.0], [2576.0, 2560.0], [2566.0, 2562.0], [2558.0, 2576.0], [2550.0, 2610.0], [2541.0, 2616.0], [2515.0, 2629.0], [2502.0, 2638.0], [2500.0, 2649.0], [2497.0, 2652.0], [2496.0, 2685.0], [2479.0, 2687.0], [2458.0, 2699.0], [2454.0, 2706.0], [2446.0, 2765.0], [2407.0, 2766.0], [2400.0, 2775.0], [2395.0, 2788.0], [2386.0, 2799.0], [2381.0, 2801.0], [2378.0, 2815.0], [2366.0, 2830.0], [2354.0, 2841.0], [2350.0, 2854.0], [2339.0, 2861.0], [2329.0, 2868.0], [2321.0, 2870.0], [2308.0, 2879.0], [2294.0, 2894.0], [2261.0, 2926.0], [2251.0, 2931.0], [2237.0, 2933.0], [2229.0, 2948.0], [2189.0, 2972.0], [2188.0, 3002.0], [2153.0, 3057.0]]
