heur = false
LBS_limit = 3
preproc = 0
tight_root = 0
total_time = 1800.09
NDP = 823
total_nodes = 65361
pruned_nodes = 32663
pruned_dominance_nodes = 18099
heur_time = 0.0
Y_N = Any[[3396.0, 2411.0, 8625.0], [3393.0, 2391.0, 8870.0], [3375.0, 2553.0, 8127.0], [3372.0, 2533.0, 8512.0], [3340.0, 2359.0, 8946.0], [3333.0, 2534.0, 8774.0], [3330.0, 2514.0, 8879.0], [3328.0, 2540.0, 8573.0], [3325.0, 2520.0, 8818.0], [3313.0, 2249.0, 9167.0], [3312.0, 2676.0, 8416.0], [3312.0, 2356.0, 9059.0], [3309.0, 2656.0, 8661.0], [3307.0, 2682.0, 8075.0], [3306.0, 2586.0, 8754.0], [3306.0, 2252.0, 9143.0], [3304.0, 2662.0, 8460.0], [3303.0, 2367.0, 9014.0], [3302.0, 2421.0, 8909.0], [3300.0, 2347.0, 9119.0], [3292.0, 2391.0, 8949.0], [3285.0, 2728.0, 8396.0], [3285.0, 2166.0, 9185.0], [3279.0, 2489.0, 8901.0], [3279.0, 2476.0, 8975.0], [3277.0, 2482.0, 8955.0], [3273.0, 2373.0, 9149.0], [3265.0, 2460.0, 9049.0], [3258.0, 2618.0, 8757.0], [3258.0, 2182.0, 9201.0], [3256.0, 2624.0, 8737.0], [3256.0, 2296.0, 9231.0], [3255.0, 2384.0, 9092.0], [3253.0, 2411.0, 9102.0], [3252.0, 2499.0, 8963.0], [3251.0, 2431.0, 9056.0], [3251.0, 2424.0, 9104.0], [3250.0, 2519.0, 8917.0], [3250.0, 2391.0, 9207.0], [3249.0, 2479.0, 9068.0], [3246.0, 2526.0, 8985.0], [3244.0, 2602.0, 8831.0], [3244.0, 2178.0, 9257.0], [3240.0, 2490.0, 9023.0], [3238.0, 2119.0, 9380.0], [3235.0, 2128.0, 9343.0], [3234.0, 2427.0, 9114.0], [3232.0, 2214.0, 9356.0], [3230.0, 2566.0, 8886.0], [3228.0, 2398.0, 9158.0], [3226.0, 2110.0, 9440.0], [3225.0, 2668.0, 8767.0], [3225.0, 2378.0, 9263.0], [3224.0, 2311.0, 9291.0], [3222.0, 2249.0, 9382.0], [3219.0, 2632.0, 8805.0], [3216.0, 2612.0, 8910.0], [3214.0, 2543.0, 8974.0], [3213.0, 2542.0, 9003.0], [3212.0, 2619.0, 8820.0], [3211.0, 2618.0, 8849.0], [3211.0, 2331.0, 9328.0], [3208.0, 2202.0, 9447.0], [3207.0, 2429.0, 9131.0], [3205.0, 2449.0, 9085.0], [3204.0, 2409.0, 9236.0], [3203.0, 2527.0, 9055.0], [3203.0, 2433.0, 9115.0], [3203.0, 2426.0, 9184.0], [3198.0, 2558.0, 8988.0], [3198.0, 2027.0, 9458.0], [3197.0, 2430.0, 9132.0], [3197.0, 2359.0, 9283.0], [3196.0, 2447.0, 9144.0], [3193.0, 2685.0, 8756.0], [3192.0, 2684.0, 8785.0], [3190.0, 2446.0, 9221.0], [3189.0, 2767.0, 8144.0], [3189.0, 2452.0, 9123.0], [3188.0, 2289.0, 9333.0], [3187.0, 2317.0, 9340.0], [3186.0, 2432.0, 9228.0], [3185.0, 2475.0, 9172.0], [3179.0, 2593.0, 8949.0], [3176.0, 2154.0, 9528.0], [3175.0, 2242.0, 9389.0], [3173.0, 2356.0, 9309.0], [3173.0, 2282.0, 9363.0], [3171.0, 2527.0, 9060.0], [3171.0, 2289.0, 9353.0], [3170.0, 2227.0, 9428.0], [3169.0, 2477.0, 9130.0], [3169.0, 2325.0, 9362.0], [3167.0, 2480.0, 9082.0], [3166.0, 2575.0, 8977.0], [3166.0, 2440.0, 9233.0], [3165.0, 2574.0, 9006.0], [3164.0, 2581.0, 9020.0], [3164.0, 2506.0, 9081.0], [3164.0, 2460.0, 9187.0], [3164.0, 2420.0, 9239.0], [3164.0, 2410.0, 9271.0], [3164.0, 2285.0, 9377.0], [3163.0, 2256.0, 9392.0], [3162.0, 2498.0, 9090.0], [3161.0, 2166.0, 9455.0], [3160.0, 2207.0, 9561.0], [3158.0, 2735.0, 8591.0], [3157.0, 2294.0, 9399.0], [3154.0, 2465.0, 9197.0], [3153.0, 2482.0, 9094.0], [3152.0, 2498.0, 9091.0], [3152.0, 2483.0, 9170.0], [3152.0, 2360.0, 9300.0], [3151.0, 2558.0, 9080.0], [3151.0, 2526.0, 9118.0], [3151.0, 2229.0, 9488.0], [3150.0, 2669.0, 8842.0], [3150.0, 2656.0, 8874.0], [3150.0, 2489.0, 9150.0], [3150.0, 2261.0, 9404.0], [3147.0, 2241.0, 9509.0], [3146.0, 2615.0, 8912.0], [3145.0, 2486.0, 9175.0], [3143.0, 2611.0, 8993.0], [3143.0, 2595.0, 9017.0], [3143.0, 2445.0, 9274.0], [3142.0, 2367.0, 9351.0], [3141.0, 2485.0, 9234.0], [3141.0, 2289.0, 9425.0], [3138.0, 2356.0, 9353.0], [3137.0, 2522.0, 9135.0], [3137.0, 2396.0, 9302.0], [3136.0, 2490.0, 9152.0], [3135.0, 2388.0, 9311.0], [3135.0, 2327.0, 9368.0], [3134.0, 2299.0, 9440.0], [3133.0, 2465.0, 9258.0], [3133.0, 2400.0, 9292.0], [3132.0, 2624.0, 9016.0], [3132.0, 2513.0, 9143.0], [3131.0, 2625.0, 8952.0], [3129.0, 2798.0, 8516.0], [3129.0, 2707.0, 8655.0], [3129.0, 2631.0, 8932.0], [3128.0, 2381.0, 9318.0], [3128.0, 2336.0, 9357.0], [3128.0, 2307.0, 9445.0], [3127.0, 2238.0, 9520.0], [3125.0, 2311.0, 9439.0], [3124.0, 2416.0, 9339.0], [3123.0, 2546.0, 9095.0], [3122.0, 2355.0, 9361.0], [3122.0, 2232.0, 9542.0], [3121.0, 2087.0, 9562.0], [3120.0, 2516.0, 9143.0], [3120.0, 2367.0, 9362.0], [3120.0, 2332.0, 9391.0], [3120.0, 2250.0, 9490.0], [3120.0, 2024.0, 9715.0], [3119.0, 2624.0, 9041.0], [3119.0, 2575.0, 9069.0], [3119.0, 2533.0, 9180.0], [3117.0, 2468.0, 9248.0], [3117.0, 2116.0, 9603.0], [3116.0, 2501.0, 9214.0], [3116.0, 2378.0, 9350.0], [3111.0, 2655.0, 8925.0], [3111.0, 2343.0, 9401.0], [3108.0, 2552.0, 9109.0], [3108.0, 2513.0, 9232.0], [3108.0, 2353.0, 9372.0], [3108.0, 2273.0, 9474.0], [3108.0, 2185.0, 9607.0], [3107.0, 2316.0, 9412.0], [3106.0, 2360.0, 9413.0], [3102.0, 2688.0, 8877.0], [3102.0, 2368.0, 9450.0], [3102.0, 2269.0, 9524.0], [3100.0, 2641.0, 9005.0], [3099.0, 2579.0, 9060.0], [3099.0, 2553.0, 9100.0], [3098.0, 2766.0, 8823.0], [3098.0, 2675.0, 8962.0], [3098.0, 2564.0, 9089.0], [3098.0, 2201.0, 9562.0], [3097.0, 2477.0, 9270.0], [3095.0, 2236.0, 9529.0], [3094.0, 2193.0, 9583.0], [3092.0, 2437.0, 9285.0], [3091.0, 2222.0, 9554.0], [3090.0, 2563.0, 9093.0], [3090.0, 2446.0, 9309.0], [3090.0, 2322.0, 9463.0], [3089.0, 2139.0, 9615.0], [3088.0, 2382.0, 9348.0], [3087.0, 2694.0, 8891.0], [3087.0, 2608.0, 9065.0], [3087.0, 2308.0, 9477.0], [3087.0, 2300.0, 9500.0], [3085.0, 2386.0, 9388.0], [3085.0, 2105.0, 9634.0], [3084.0, 2545.0, 9146.0], [3082.0, 2652.0, 8997.0], [3082.0, 2551.0, 9126.0], [3081.0, 2421.0, 9327.0], [3080.0, 2067.0, 9644.0], [3075.0, 2233.0, 9540.0], [3074.0, 2387.0, 9364.0], [3073.0, 2409.0, 9354.0], [3072.0, 2469.0, 9281.0], [3072.0, 2411.0, 9359.0], [3072.0, 2399.0, 9417.0], [3072.0, 2194.0, 9576.0], [3071.0, 2656.0, 9044.0], [3071.0, 2579.0, 9067.0], [3071.0, 2565.0, 9183.0], [3071.0, 2454.0, 9310.0], [3071.0, 2275.0, 9514.0], [3069.0, 2571.0, 9163.0], [3069.0, 2460.0, 9290.0], [3068.0, 2002.0, 9761.0], [3065.0, 2450.0, 9349.0], [3065.0, 2243.0, 9584.0], [3063.0, 2323.0, 9461.0], [3063.0, 2279.0, 9533.0], [3062.0, 2572.0, 9082.0], [3061.0, 2260.0, 9573.0], [3061.0, 2149.0, 9615.0], [3060.0, 2498.0, 9286.0], [3060.0, 2426.0, 9391.0], [3058.0, 2210.0, 9589.0], [3056.0, 2474.0, 9345.0], [3056.0, 2060.0, 9692.0], [3054.0, 2350.0, 9499.0], [3054.0, 1963.0, 9816.0], [3053.0, 2509.0, 9257.0], [3051.0, 2541.0, 9199.0], [3051.0, 2210.0, 9608.0], [3051.0, 2039.0, 9708.0], [3050.0, 2596.0, 9092.0], [3049.0, 2381.0, 9465.0], [3049.0, 2192.0, 9686.0], [3048.0, 2602.0, 9072.0], [3047.0, 2534.0, 9211.0], [3046.0, 2585.0, 9174.0], [3046.0, 2329.0, 9505.0], [3043.0, 2706.0, 8962.0], [3043.0, 2462.0, 9347.0], [3043.0, 2240.0, 9602.0], [3042.0, 2118.0, 9706.0], [3041.0, 2389.0, 9429.0], [3040.0, 2547.0, 9194.0], [3040.0, 2418.0, 9421.0], [3040.0, 2235.0, 9631.0], [3039.0, 2332.0, 9503.0], [3038.0, 2436.0, 9395.0], [3038.0, 2339.0, 9513.0], [3038.0, 2266.0, 9552.0], [3037.0, 2595.0, 9153.0], [3037.0, 2467.0, 9375.0], [3035.0, 2499.0, 9285.0], [3035.0, 2256.0, 9590.0], [3035.0, 2121.0, 9738.0], [3034.0, 2600.0, 9156.0], [3033.0, 2316.0, 9612.0], [3032.0, 2542.0, 9231.0], [3031.0, 2517.0, 9252.0], [3030.0, 2576.0, 9202.0], [3030.0, 2145.0, 9734.0], [3029.0, 2354.0, 9503.0], [3028.0, 2487.0, 9294.0], [3028.0, 2088.0, 9743.0], [3026.0, 2676.0, 8993.0], [3024.0, 2504.0, 9317.0], [3022.0, 2400.0, 9435.0], [3021.0, 1966.0, 9769.0], [3020.0, 2623.0, 9058.0], [3020.0, 2610.0, 9176.0], [3020.0, 2007.0, 9875.0], [3019.0, 2560.0, 9203.0], [3019.0, 2475.0, 9395.0], [3018.0, 2380.0, 9466.0], [3017.0, 2451.0, 9408.0], [3016.0, 2626.0, 9062.0], [3016.0, 2615.0, 9143.0], [3016.0, 2262.0, 9620.0], [3015.0, 2424.0, 9428.0], [3014.0, 2388.0, 9439.0], [3014.0, 2322.0, 9527.0], [3013.0, 2742.0, 8938.0], [3013.0, 2515.0, 9301.0], [3011.0, 2554.0, 9251.0], [3010.0, 2659.0, 9034.0], [3010.0, 2577.0, 9205.0], [3009.0, 2516.0, 9253.0], [3008.0, 2582.0, 9181.0], [3008.0, 2389.0, 9506.0], [3007.0, 2639.0, 9139.0], [3007.0, 2522.0, 9297.0], [3006.0, 2535.0, 9309.0], [3005.0, 2180.0, 9695.0], [3004.0, 2660.0, 9127.0], [3004.0, 2337.0, 9523.0], [3001.0, 2407.0, 9455.0], [3001.0, 2377.0, 9515.0], [3000.0, 2612.0, 9188.0], [3000.0, 2378.0, 9530.0], [3000.0, 2194.0, 9670.0], [2999.0, 2566.0, 9214.0], [2999.0, 2440.0, 9429.0], [2998.0, 2617.0, 9177.0], [2998.0, 2503.0, 9348.0], [2998.0, 2248.0, 9635.0], [2998.0, 2236.0, 9647.0], [2996.0, 2593.0, 9190.0], [2996.0, 2457.0, 9397.0], [2996.0, 2349.0, 9541.0], [2995.0, 2644.0, 9160.0], [2995.0, 2290.0, 9656.0], [2995.0, 2072.0, 9757.0], [2994.0, 2564.0, 9314.0], [2992.0, 2486.0, 9353.0], [2991.0, 2077.0, 9776.0], [2990.0, 2228.0, 9685.0], [2989.0, 2719.0, 8987.0], [2989.0, 2499.0, 9378.0], [2987.0, 2187.0, 9705.0], [2986.0, 2664.0, 9079.0], [2984.0, 2608.0, 9198.0], [2983.0, 2241.0, 9677.0], [2983.0, 2080.0, 9781.0], [2982.0, 2202.0, 9747.0], [2981.0, 2311.0, 9632.0], [2980.0, 2446.0, 9411.0], [2980.0, 2411.0, 9430.0], [2980.0, 2404.0, 9478.0], [2980.0, 2127.0, 9757.0], [2977.0, 2550.0, 9348.0], [2977.0, 2387.0, 9507.0], [2977.0, 2114.0, 9794.0], [2974.0, 2581.0, 9235.0], [2974.0, 2432.0, 9438.0], [2973.0, 2295.0, 9659.0], [2972.0, 2344.0, 9543.0], [2972.0, 2330.0, 9650.0], [2971.0, 2393.0, 9569.0], [2971.0, 2230.0, 9728.0], [2970.0, 2333.0, 9596.0], [2970.0, 2174.0, 9750.0], [2969.0, 2449.0, 9428.0], [2969.0, 2416.0, 9454.0], [2968.0, 2482.0, 9383.0], [2968.0, 2286.0, 9686.0], [2967.0, 2541.0, 9361.0], [2967.0, 2364.0, 9580.0], [2967.0, 2359.0, 9601.0], [2966.0, 2429.0, 9457.0], [2966.0, 2241.0, 9697.0], [2965.0, 2588.0, 9205.0], [2965.0, 2583.0, 9207.0], [2965.0, 2416.0, 9512.0], [2965.0, 2397.0, 9528.0], [2963.0, 2441.0, 9451.0], [2963.0, 2336.0, 9628.0], [2961.0, 2461.0, 9446.0], [2960.0, 2615.0, 9260.0], [2959.0, 2663.0, 9106.0], [2959.0, 2194.0, 9752.0], [2958.0, 2565.0, 9291.0], [2956.0, 2147.0, 9771.0], [2955.0, 2579.0, 9270.0], [2955.0, 2468.0, 9397.0], [2953.0, 2723.0, 9017.0], [2952.0, 2462.0, 9399.0], [2952.0, 2371.0, 9575.0], [2951.0, 2444.0, 9451.0], [2950.0, 2479.0, 9442.0], [2950.0, 2449.0, 9453.0], [2950.0, 2207.0, 9740.0], [2949.0, 2628.0, 9201.0], [2949.0, 2265.0, 9721.0], [2949.0, 2221.0, 9740.0], [2948.0, 2432.0, 9478.0], [2948.0, 2431.0, 9539.0], [2947.0, 2078.0, 9831.0], [2946.0, 2683.0, 9143.0], [2945.0, 2573.0, 9300.0], [2945.0, 2495.0, 9395.0], [2944.0, 2146.0, 9791.0], [2944.0, 2023.0, 9911.0], [2943.0, 2524.0, 9375.0], [2942.0, 2435.0, 9472.0], [2938.0, 2113.0, 9828.0], [2937.0, 2707.0, 9073.0], [2937.0, 2395.0, 9547.0], [2937.0, 2266.0, 9698.0], [2937.0, 2154.0, 9815.0], [2936.0, 2397.0, 9541.0], [2936.0, 2219.0, 9759.0], [2936.0, 2068.0, 9839.0], [2935.0, 2433.0, 9515.0], [2935.0, 2049.0, 9869.0], [2934.0, 2436.0, 9519.0], [2934.0, 2351.0, 9667.0], [2933.0, 2505.0, 9481.0], [2933.0, 2410.0, 9547.0], [2931.0, 2511.0, 9461.0], [2931.0, 2060.0, 9926.0], [2929.0, 2266.0, 9743.0], [2927.0, 2573.0, 9321.0], [2927.0, 2187.0, 9761.0], [2926.0, 2272.0, 9704.0], [2925.0, 2221.0, 9753.0], [2924.0, 2301.0, 9697.0], [2922.0, 2691.0, 9184.0], [2922.0, 2518.0, 9422.0], [2921.0, 2581.0, 9341.0], [2921.0, 2441.0, 9522.0], [2920.0, 2698.0, 9187.0], [2919.0, 2191.0, 9775.0], [2918.0, 2596.0, 9368.0], [2918.0, 2398.0, 9563.0], [2918.0, 2361.0, 9637.0], [2916.0, 2318.0, 9686.0], [2916.0, 2294.0, 9725.0], [2915.0, 2155.0, 9808.0], [2915.0, 2071.0, 9894.0], [2914.0, 2458.0, 9484.0], [2914.0, 2419.0, 9543.0], [2914.0, 2321.0, 9693.0], [2914.0, 2172.0, 9796.0], [2913.0, 2367.0, 9576.0], [2913.0, 2225.0, 9760.0], [2913.0, 2195.0, 9775.0], [2913.0, 2150.0, 9909.0], [2911.0, 2383.0, 9599.0], [2910.0, 2229.0, 9762.0], [2908.0, 2403.0, 9563.0], [2906.0, 2627.0, 9265.0], [2906.0, 2216.0, 9775.0], [2906.0, 2053.0, 9991.0], [2905.0, 2460.0, 9518.0], [2904.0, 2178.0, 9809.0], [2903.0, 2474.0, 9485.0], [2902.0, 2463.0, 9505.0], [2902.0, 2382.0, 9618.0], [2901.0, 2538.0, 9464.0], [2900.0, 2723.0, 9123.0], [2900.0, 2463.0, 9542.0], [2900.0, 2388.0, 9598.0], [2900.0, 2269.0, 9727.0], [2898.0, 2102.0, 9948.0], [2897.0, 2184.0, 9813.0], [2896.0, 2255.0, 9790.0], [2896.0, 2158.0, 9894.0], [2895.0, 2613.0, 9291.0], [2895.0, 2421.0, 9569.0], [2894.0, 2482.0, 9529.0], [2894.0, 2203.0, 9792.0], [2892.0, 2558.0, 9383.0], [2892.0, 2294.0, 9728.0], [2891.0, 2427.0, 9543.0], [2891.0, 2300.0, 9700.0], [2891.0, 2288.0, 9784.0], [2890.0, 2441.0, 9574.0], [2888.0, 2447.0, 9554.0], [2888.0, 2389.0, 9576.0], [2888.0, 2388.0, 9640.0], [2886.0, 2106.0, 9927.0], [2885.0, 2769.0, 8907.0], [2885.0, 2185.0, 9889.0], [2884.0, 2352.0, 9660.0], [2883.0, 2310.0, 9707.0], [2883.0, 2211.0, 9806.0], [2882.0, 2550.0, 9474.0], [2881.0, 2308.0, 9739.0], [2879.0, 2371.0, 9673.0], [2878.0, 2334.0, 9683.0], [2878.0, 2190.0, 9846.0], [2877.0, 2644.0, 9266.0], [2877.0, 1998.0, 10005.0], [2876.0, 2316.0, 9707.0], [2873.0, 2563.0, 9450.0], [2873.0, 2292.0, 9753.0], [2872.0, 2022.0, 10001.0], [2871.0, 2447.0, 9555.0], [2871.0, 2348.0, 9684.0], [2869.0, 2316.0, 9780.0], [2868.0, 2412.0, 9588.0], [2868.0, 2408.0, 9599.0], [2867.0, 2414.0, 9586.0], [2867.0, 2411.0, 9602.0], [2867.0, 2392.0, 9615.0], [2866.0, 2373.0, 9645.0], [2865.0, 2586.0, 9397.0], [2865.0, 2451.0, 9577.0], [2865.0, 2448.0, 9604.0], [2865.0, 2386.0, 9657.0], [2863.0, 2511.0, 9475.0], [2863.0, 2449.0, 9580.0], [2863.0, 2189.0, 9853.0], [2862.0, 2461.0, 9544.0], [2862.0, 2398.0, 9615.0], [2862.0, 2321.0, 9731.0], [2861.0, 2340.0, 9693.0], [2861.0, 2337.0, 9720.0], [2860.0, 2227.0, 9805.0], [2859.0, 2617.0, 9321.0], [2859.0, 2229.0, 9878.0], [2859.0, 2107.0, 9920.0], [2857.0, 2354.0, 9696.0], [2856.0, 2492.0, 9520.0], [2855.0, 2148.0, 9912.0], [2854.0, 2498.0, 9500.0], [2854.0, 2251.0, 9796.0], [2854.0, 2247.0, 9813.0], [2854.0, 2121.0, 9916.0], [2853.0, 2402.0, 9676.0], [2852.0, 2138.0, 9933.0], [2852.0, 2012.0, 10057.0], [2851.0, 2480.0, 9540.0], [2851.0, 2427.0, 9611.0], [2851.0, 2418.0, 9622.0], [2851.0, 2126.0, 9950.0], [2850.0, 2534.0, 9487.0], [2850.0, 2343.0, 9716.0], [2849.0, 2696.0, 9200.0], [2849.0, 2605.0, 9358.0], [2849.0, 2420.0, 9618.0], [2849.0, 2252.0, 9806.0], [2849.0, 2076.0, 9957.0], [2848.0, 2458.0, 9562.0], [2848.0, 2067.0, 9975.0], [2848.0, 1927.0, 10091.0], [2847.0, 2612.0, 9361.0], [2847.0, 2366.0, 9678.0], [2847.0, 2199.0, 9900.0], [2847.0, 2015.0, 10066.0], [2845.0, 2476.0, 9559.0], [2845.0, 2422.0, 9619.0], [2845.0, 2269.0, 9855.0], [2844.0, 2510.0, 9524.0], [2844.0, 2045.0, 10013.0], [2843.0, 2601.0, 9377.0], [2843.0, 2458.0, 9589.0], [2842.0, 2420.0, 9636.0], [2842.0, 2348.0, 9708.0], [2841.0, 2583.0, 9407.0], [2839.0, 2486.0, 9567.0], [2839.0, 2387.0, 9688.0], [2834.0, 2379.0, 9702.0], [2834.0, 2093.0, 9968.0], [2833.0, 2476.0, 9583.0], [2833.0, 2117.0, 10026.0], [2832.0, 2151.0, 9939.0], [2831.0, 2428.0, 9638.0], [2831.0, 2196.0, 9915.0], [2829.0, 2510.0, 9529.0], [2828.0, 2585.0, 9488.0], [2827.0, 2517.0, 9532.0], [2827.0, 2388.0, 9721.0], [2824.0, 2189.0, 9924.0], [2823.0, 2652.0, 9306.0], [2823.0, 2567.0, 9505.0], [2823.0, 2404.0, 9664.0], [2823.0, 2371.0, 9732.0], [2822.0, 2455.0, 9606.0], [2822.0, 2310.0, 9839.0], [2822.0, 2187.0, 9976.0], [2821.0, 2466.0, 9611.0], [2820.0, 2312.0, 9794.0], [2817.0, 2061.0, 10069.0], [2814.0, 2473.0, 9628.0], [2813.0, 2598.0, 9454.0], [2813.0, 2330.0, 9758.0], [2812.0, 2408.0, 9640.0], [2811.0, 2605.0, 9457.0], [2810.0, 2352.0, 9779.0], [2809.0, 2410.0, 9658.0], [2808.0, 2623.0, 9441.0], [2808.0, 2485.0, 9617.0], [2808.0, 2419.0, 9667.0], [2806.0, 2432.0, 9677.0], [2805.0, 2537.0, 9513.0], [2804.0, 2523.0, 9531.0], [2804.0, 2320.0, 9788.0], [2804.0, 2211.0, 9896.0], [2803.0, 2403.0, 9727.0], [2803.0, 2240.0, 9886.0], [2803.0, 2029.0, 10078.0], [2803.0, 1944.0, 10168.0], [2802.0, 2424.0, 9691.0], [2802.0, 2356.0, 9765.0], [2800.0, 2052.0, 10080.0], [2797.0, 2266.0, 9878.0], [2797.0, 1945.0, 10091.0], [2796.0, 2279.0, 9846.0], [2796.0, 2141.0, 10054.0], [2795.0, 2151.0, 9983.0], [2794.0, 2324.0, 9831.0], [2792.0, 2740.0, 9236.0], [2792.0, 2290.0, 9845.0], [2792.0, 2220.0, 9891.0], [2791.0, 2630.0, 9393.0], [2791.0, 2515.0, 9547.0], [2790.0, 2747.0, 9239.0], [2789.0, 2551.0, 9507.0], [2789.0, 2514.0, 9558.0], [2789.0, 2508.0, 9568.0], [2789.0, 2374.0, 9773.0], [2787.0, 2633.0, 9386.0], [2787.0, 2499.0, 9591.0], [2785.0, 2298.0, 9861.0], [2785.0, 1996.0, 10105.0], [2784.0, 2232.0, 9914.0], [2784.0, 1982.0, 10106.0], [2783.0, 2441.0, 9655.0], [2783.0, 2379.0, 9745.0], [2783.0, 2332.0, 9788.0], [2782.0, 2289.0, 9867.0], [2781.0, 2360.0, 9795.0], [2778.0, 2510.0, 9625.0], [2777.0, 2447.0, 9716.0], [2777.0, 2413.0, 9752.0], [2777.0, 2284.0, 9875.0], [2777.0, 2249.0, 9911.0], [2771.0, 2332.0, 9813.0], [2771.0, 2319.0, 9862.0], [2770.0, 2772.0, 9035.0], [2768.0, 2081.0, 10067.0], [2767.0, 2533.0, 9515.0], [2765.0, 2559.0, 9534.0], [2762.0, 2441.0, 9728.0], [2761.0, 2399.0, 9759.0], [2761.0, 2218.0, 9964.0], [2761.0, 2142.0, 10036.0], [2761.0, 1912.0, 10178.0], [2760.0, 2389.0, 9812.0], [2759.0, 2524.0, 9577.0], [2758.0, 2535.0, 9561.0], [2758.0, 2171.0, 9992.0], [2758.0, 1993.0, 10122.0], [2757.0, 2163.0, 10003.0], [2756.0, 1916.0, 10237.0], [2754.0, 2449.0, 9646.0], [2753.0, 1970.0, 10143.0], [2752.0, 2039.0, 10089.0], [2751.0, 2110.0, 10060.0], [2750.0, 2344.0, 9816.0], [2749.0, 2059.0, 10117.0], [2748.0, 2469.0, 9634.0], [2748.0, 2219.0, 9951.0], [2748.0, 2017.0, 10127.0], [2748.0, 1996.0, 10140.0], [2748.0, 1930.0, 10258.0], [2746.0, 2554.0, 9544.0], [2746.0, 2148.0, 10035.0], [2745.0, 2254.0, 9933.0], [2744.0, 2284.0, 9907.0], [2743.0, 2511.0, 9668.0], [2743.0, 2464.0, 9698.0], [2743.0, 2021.0, 10186.0], [2741.0, 2636.0, 9486.0], [2741.0, 2470.0, 9678.0], [2735.0, 2228.0, 10001.0], [2735.0, 2107.0, 10075.0], [2733.0, 2274.0, 10003.0], [2732.0, 2346.0, 9833.0], [2729.0, 2385.0, 9824.0], [2729.0, 2070.0, 10123.0], [2728.0, 2320.0, 9854.0], [2728.0, 2152.0, 10005.0], [2728.0, 1963.0, 10203.0], [2727.0, 2351.0, 9847.0], [2727.0, 2062.0, 10156.0], [2726.0, 2390.0, 9766.0], [2722.0, 2368.0, 9854.0], [2722.0, 2182.0, 10005.0], [2721.0, 2411.0, 9761.0], [2720.0, 2493.0, 9672.0], [2718.0, 2127.0, 10078.0], [2717.0, 2058.0, 10168.0], [2716.0, 2421.0, 9797.0], [2715.0, 2139.0, 10091.0], [2714.0, 2546.0, 9615.0], [2714.0, 2360.0, 9899.0], [2714.0, 2159.0, 10029.0], [2714.0, 2084.0, 10120.0], [2711.0, 2403.0, 9814.0], [2709.0, 2528.0, 9632.0], [2708.0, 2175.0, 10069.0], [2707.0, 2427.0, 9738.0], [2707.0, 2197.0, 10028.0], [2706.0, 2292.0, 9908.0], [2705.0, 2066.0, 10217.0], [2704.0, 2441.0, 9746.0], [2704.0, 2428.0, 9754.0], [2703.0, 2157.0, 10078.0], [2702.0, 2559.0, 9566.0], [2701.0, 2434.0, 9763.0], [2701.0, 2094.0, 10132.0], [2701.0, 1849.0, 10271.0], [2700.0, 2684.0, 9244.0], [2700.0, 2509.0, 9722.0], [2699.0, 2559.0, 9581.0], [2698.0, 2634.0, 9540.0], [2697.0, 2566.0, 9584.0], [2696.0, 2321.0, 9926.0], [2694.0, 2522.0, 9644.0], [2694.0, 2446.0, 9744.0], [2694.0, 2296.0, 9952.0], [2692.0, 2390.0, 9827.0], [2691.0, 2285.0, 9957.0], [2689.0, 2234.0, 10004.0], [2688.0, 2007.0, 10276.0], [2688.0, 1932.0, 10306.0], [2686.0, 2132.0, 10094.0], [2684.0, 2402.0, 9815.0], [2683.0, 2010.0, 10271.0], [2682.0, 2193.0, 10043.0], [2681.0, 2423.0, 9773.0], [2679.0, 1879.0, 10332.0], [2675.0, 2382.0, 9848.0], [2673.0, 2665.0, 9254.0], [2673.0, 2656.0, 9266.0], [2671.0, 2672.0, 9257.0], [2671.0, 1848.0, 10370.0], [2666.0, 2241.0, 10055.0], [2665.0, 2355.0, 9919.0], [2665.0, 2347.0, 9953.0], [2664.0, 2471.0, 9752.0], [2664.0, 2366.0, 9873.0], [2663.0, 2472.0, 9771.0], [2659.0, 2557.0, 9620.0], [2657.0, 2682.0, 9298.0], [2657.0, 2102.0, 10141.0], [2654.0, 2118.0, 10194.0], [2652.0, 2130.0, 10111.0], [2650.0, 2197.0, 10068.0], [2649.0, 2177.0, 10114.0], [2648.0, 2559.0, 9677.0], [2647.0, 2155.0, 10176.0], [2646.0, 2278.0, 9975.0], [2646.0, 2176.0, 10140.0], [2645.0, 2280.0, 9994.0], [2645.0, 2246.0, 10030.0], [2644.0, 2301.0, 9958.0], [2642.0, 2275.0, 10025.0], [2642.0, 2183.0, 10090.0], [2637.0, 2185.0, 10163.0], [2635.0, 2228.0, 10110.0], [2634.0, 2098.0, 10212.0], [2633.0, 1940.0, 10310.0], [2632.0, 2021.0, 10294.0], [2630.0, 2283.0, 9982.0], [2629.0, 2472.0, 9795.0], [2626.0, 2361.0, 9874.0], [2625.0, 2309.0, 9957.0], [2624.0, 2395.0, 9851.0], [2623.0, 2422.0, 9813.0], [2623.0, 2087.0, 10289.0], [2618.0, 1961.0, 10297.0], [2615.0, 2377.0, 9866.0], [2615.0, 2289.0, 10016.0], [2613.0, 2380.0, 9870.0], [2613.0, 2377.0, 9902.0], [2609.0, 1753.0, 10413.0], [2605.0, 2375.0, 9922.0], [2604.0, 2307.0, 9965.0], [2602.0, 2308.0, 9964.0], [2602.0, 2298.0, 9971.0], [2601.0, 2314.0, 9970.0], [2601.0, 2279.0, 10056.0], [2598.0, 2324.0, 9992.0], [2597.0, 2400.0, 9899.0], [2597.0, 2262.0, 10067.0], [2595.0, 2428.0, 9877.0], [2589.0, 2100.0, 10227.0], [2588.0, 2334.0, 9992.0], [2586.0, 2470.0, 9849.0], [2586.0, 2237.0, 10140.0], [2585.0, 2121.0, 10246.0], [2583.0, 2416.0, 9934.0], [2581.0, 2434.0, 9880.0], [2577.0, 2246.0, 10084.0], [2577.0, 2244.0, 10092.0], [2576.0, 2311.0, 9998.0], [2576.0, 2187.0, 10171.0], [2574.0, 2394.0, 9971.0], [2574.0, 2125.0, 10186.0], [2569.0, 2340.0, 9973.0], [2568.0, 2020.0, 10323.0], [2565.0, 2135.0, 10261.0], [2564.0, 2245.0, 10121.0], [2558.0, 2029.0, 10354.0], [2557.0, 2189.0, 10150.0], [2557.0, 2144.0, 10221.0], [2555.0, 2054.0, 10297.0], [2554.0, 1826.0, 10372.0], [2550.0, 2057.0, 10299.0], [2549.0, 1830.0, 10571.0], [2534.0, 2074.0, 10333.0], [2533.0, 2296.0, 10002.0], [2529.0, 2065.0, 10365.0], [2513.0, 1957.0, 10443.0], [2510.0, 2108.0, 10303.0], [2507.0, 2224.0, 10220.0], [2506.0, 2475.0, 9747.0], [2492.0, 2098.0, 10315.0], [2490.0, 2044.0, 10390.0], [2483.0, 2122.0, 10294.0], [2482.0, 2143.0, 10258.0], [2478.0, 2247.0, 10164.0], [2478.0, 2091.0, 10333.0], [2462.0, 2009.0, 10420.0], [2450.0, 2166.0, 10251.0], [2447.0, 2293.0, 10004.0], [2439.0, 2194.0, 10292.0], [2425.0, 2293.0, 10061.0], [2371.0, 2313.0, 10098.0], [2307.0, 2027.0, 10430.0], [2247.0, 2085.0, 10378.0]]
