heur = false
LBS_limit = 3
preproc = 0
tight_root = 0
total_time = 1800.08
NDP = 959
total_nodes = 42397
pruned_nodes = 21185
pruned_dominance_nodes = 11529
heur_time = 0.0
Y_N = Any[[2077.0, 2007.0, 6234.0], [2065.0, 2041.0, 6062.0], [2055.0, 2028.0, 6081.0], [2043.0, 2062.0, 5769.0], [2040.0, 2081.0, 5771.0], [2022.0, 2038.0, 6135.0], [2015.0, 1921.0, 6241.0], [2011.0, 2042.0, 6150.0], [2010.0, 2072.0, 5823.0], [2006.0, 2098.0, 6068.0], [2003.0, 2001.0, 6307.0], [1992.0, 1736.0, 6496.0], [1988.0, 2055.0, 6292.0], [1988.0, 1971.0, 6308.0], [1978.0, 1895.0, 6451.0], [1978.0, 1786.0, 6453.0], [1977.0, 1892.0, 6512.0], [1976.0, 2089.0, 6120.0], [1973.0, 2138.0, 5768.0], [1970.0, 1753.0, 6539.0], [1969.0, 1940.0, 6427.0], [1966.0, 2076.0, 6139.0], [1966.0, 2060.0, 6186.0], [1965.0, 1926.0, 6480.0], [1960.0, 2104.0, 5837.0], [1957.0, 2020.0, 6353.0], [1957.0, 1851.0, 6590.0], [1955.0, 1913.0, 6499.0], [1954.0, 2110.0, 5827.0], [1953.0, 1876.0, 6533.0], [1950.0, 1659.0, 6776.0], [1946.0, 1872.0, 6602.0], [1945.0, 2054.0, 6321.0], [1942.0, 1895.0, 6531.0], [1941.0, 2118.0, 6149.0], [1939.0, 2171.0, 6058.0], [1938.0, 2178.0, 6073.0], [1938.0, 1693.0, 6604.0], [1937.0, 2021.0, 6425.0], [1937.0, 1996.0, 6436.0], [1935.0, 2041.0, 6340.0], [1934.0, 1862.0, 6617.0], [1933.0, 1948.0, 6443.0], [1932.0, 2077.0, 6343.0], [1932.0, 2052.0, 6354.0], [1927.0, 1919.0, 6503.0], [1927.0, 1882.0, 6574.0], [1922.0, 1923.0, 6553.0], [1921.0, 2153.0, 6074.0], [1920.0, 1763.0, 6731.0], [1918.0, 2172.0, 6076.0], [1915.0, 1776.0, 6647.0], [1911.0, 1927.0, 6568.0], [1911.0, 1883.0, 6572.0], [1910.0, 1853.0, 6656.0], [1908.0, 1742.0, 6764.0], [1907.0, 2046.0, 6359.0], [1907.0, 1895.0, 6579.0], [1906.0, 1983.0, 6486.0], [1906.0, 1784.0, 6703.0], [1903.0, 1886.0, 6585.0], [1903.0, 1704.0, 6808.0], [1902.0, 2231.0, 5750.0], [1900.0, 1704.0, 6811.0], [1899.0, 1770.0, 6752.0], [1895.0, 1929.0, 6547.0], [1893.0, 2066.0, 6405.0], [1893.0, 1629.0, 6859.0], [1892.0, 2014.0, 6472.0], [1891.0, 2055.0, 6409.0], [1891.0, 1823.0, 6722.0], [1889.0, 2133.0, 6315.0], [1889.0, 1945.0, 6512.0], [1889.0, 1878.0, 6599.0], [1888.0, 1940.0, 6570.0], [1888.0, 1643.0, 6862.0], [1887.0, 2153.0, 6284.0], [1887.0, 1879.0, 6587.0], [1886.0, 2190.0, 5832.0], [1886.0, 1898.0, 6613.0], [1884.0, 2189.0, 6233.0], [1884.0, 1872.0, 6669.0], [1883.0, 1655.0, 6869.0], [1882.0, 2225.0, 5753.0], [1881.0, 1907.0, 6572.0], [1880.0, 1806.0, 6733.0], [1879.0, 1771.0, 6742.0], [1879.0, 1692.0, 6830.0], [1877.0, 1951.0, 6515.0], [1877.0, 1882.0, 6652.0], [1877.0, 1719.0, 6805.0], [1876.0, 1974.0, 6538.0], [1876.0, 1875.0, 6669.0], [1876.0, 1622.0, 6895.0], [1874.0, 1942.0, 6579.0], [1872.0, 1731.0, 6804.0], [1871.0, 1828.0, 6697.0], [1870.0, 1903.0, 6654.0], [1868.0, 1984.0, 6567.0], [1866.0, 1945.0, 6604.0], [1866.0, 1920.0, 6615.0], [1863.0, 2015.0, 6498.0], [1863.0, 1990.0, 6509.0], [1863.0, 1975.0, 6571.0], [1862.0, 1893.0, 6656.0], [1862.0, 1856.0, 6682.0], [1862.0, 1600.0, 6911.0], [1861.0, 1844.0, 6695.0], [1860.0, 1849.0, 6706.0], [1858.0, 2031.0, 6489.0], [1858.0, 1827.0, 6720.0], [1857.0, 1920.0, 6660.0], [1857.0, 1714.0, 6844.0], [1853.0, 1739.0, 6812.0], [1853.0, 1714.0, 6860.0], [1852.0, 2209.0, 5795.0], [1852.0, 1873.0, 6688.0], [1852.0, 1851.0, 6692.0], [1852.0, 1679.0, 6925.0], [1851.0, 2216.0, 5810.0], [1851.0, 2206.0, 6101.0], [1851.0, 2050.0, 6468.0], [1851.0, 2036.0, 6498.0], [1850.0, 1835.0, 6715.0], [1850.0, 1752.0, 6767.0], [1850.0, 1731.0, 6847.0], [1850.0, 1695.0, 6870.0], [1848.0, 2242.0, 6050.0], [1848.0, 1805.0, 6787.0], [1846.0, 1898.0, 6680.0], [1845.0, 1841.0, 6745.0], [1845.0, 1825.0, 6748.0], [1845.0, 1741.0, 6841.0], [1845.0, 1523.0, 6989.0], [1844.0, 1946.0, 6601.0], [1844.0, 1769.0, 6829.0], [1844.0, 1739.0, 6851.0], [1843.0, 1934.0, 6649.0], [1842.0, 1830.0, 6779.0], [1841.0, 1869.0, 6714.0], [1841.0, 1693.0, 6893.0], [1840.0, 1994.0, 6573.0], [1837.0, 1906.0, 6703.0], [1837.0, 1881.0, 6714.0], [1836.0, 1803.0, 6802.0], [1835.0, 1972.0, 6604.0], [1835.0, 1694.0, 6883.0], [1835.0, 1540.0, 6926.0], [1833.0, 1736.0, 6861.0], [1832.0, 2201.0, 6132.0], [1832.0, 1962.0, 6621.0], [1832.0, 1937.0, 6632.0], [1832.0, 1609.0, 7019.0], [1831.0, 2011.0, 6556.0], [1831.0, 1687.0, 6921.0], [1830.0, 1744.0, 6852.0], [1830.0, 1622.0, 6971.0], [1828.0, 2071.0, 6480.0], [1828.0, 1752.0, 6835.0], [1826.0, 1885.0, 6721.0], [1826.0, 1878.0, 6734.0], [1826.0, 1783.0, 6807.0], [1826.0, 1700.0, 6920.0], [1826.0, 1636.0, 6974.0], [1822.0, 1814.0, 6801.0], [1822.0, 1711.0, 6889.0], [1821.0, 2164.0, 6348.0], [1821.0, 2047.0, 6482.0], [1821.0, 1838.0, 6749.0], [1820.0, 2054.0, 6497.0], [1820.0, 1881.0, 6727.0], [1820.0, 1865.0, 6764.0], [1819.0, 1412.0, 7162.0], [1818.0, 2094.0, 6417.0], [1818.0, 1932.0, 6690.0], [1818.0, 1723.0, 6885.0], [1818.0, 1542.0, 7048.0], [1817.0, 2034.0, 6544.0], [1817.0, 1865.0, 6781.0], [1817.0, 1840.0, 6792.0], [1817.0, 1647.0, 6978.0], [1816.0, 1964.0, 6626.0], [1816.0, 1696.0, 6941.0], [1815.0, 2269.0, 5347.0], [1815.0, 2099.0, 6389.0], [1815.0, 1796.0, 6805.0], [1815.0, 1614.0, 7033.0], [1814.0, 1925.0, 6705.0], [1814.0, 1900.0, 6716.0], [1813.0, 1760.0, 6842.0], [1812.0, 1987.0, 6609.0], [1812.0, 1904.0, 6726.0], [1812.0, 1800.0, 6835.0], [1812.0, 1744.0, 6860.0], [1810.0, 1566.0, 7088.0], [1809.0, 1978.0, 6645.0], [1809.0, 1711.0, 6929.0], [1808.0, 2065.0, 6483.0], [1806.0, 1886.0, 6793.0], [1806.0, 1816.0, 6798.0], [1806.0, 1727.0, 6895.0], [1805.0, 2113.0, 6401.0], [1805.0, 1945.0, 6675.0], [1805.0, 1626.0, 7011.0], [1804.0, 1895.0, 6727.0], [1804.0, 1812.0, 6822.0], [1804.0, 1686.0, 6968.0], [1803.0, 2133.0, 6370.0], [1803.0, 2037.0, 6516.0], [1802.0, 1813.0, 6811.0], [1801.0, 2166.0, 6333.0], [1801.0, 1942.0, 6711.0], [1801.0, 1728.0, 6899.0], [1800.0, 2191.0, 6161.0], [1800.0, 2169.0, 6319.0], [1800.0, 2089.0, 6442.0], [1800.0, 2048.0, 6500.0], [1800.0, 1825.0, 6806.0], [1799.0, 2010.0, 6575.0], [1799.0, 1704.0, 6944.0], [1798.0, 2023.0, 6562.0], [1798.0, 1905.0, 6737.0], [1797.0, 2227.0, 6110.0], [1797.0, 2121.0, 6407.0], [1797.0, 1946.0, 6671.0], [1797.0, 1766.0, 6839.0], [1797.0, 1742.0, 6869.0], [1797.0, 1729.0, 6898.0], [1797.0, 1523.0, 7094.0], [1796.0, 1906.0, 6723.0], [1795.0, 2046.0, 6550.0], [1794.0, 1993.0, 6627.0], [1794.0, 1688.0, 6961.0], [1792.0, 1899.0, 6750.0], [1792.0, 1825.0, 6819.0], [1792.0, 1771.0, 6860.0], [1791.0, 1490.0, 7149.0], [1790.0, 1990.0, 6666.0], [1790.0, 1777.0, 6872.0], [1790.0, 1689.0, 6960.0], [1790.0, 1576.0, 7034.0], [1789.0, 1991.0, 6650.0], [1789.0, 1829.0, 6801.0], [1789.0, 1801.0, 6868.0], [1787.0, 1888.0, 6781.0], [1786.0, 2023.0, 6639.0], [1786.0, 1923.0, 6739.0], [1786.0, 1808.0, 6840.0], [1786.0, 1775.0, 6924.0], [1785.0, 2046.0, 6584.0], [1784.0, 1974.0, 6702.0], [1784.0, 1843.0, 6831.0], [1783.0, 1618.0, 7020.0], [1782.0, 1859.0, 6809.0], [1782.0, 1722.0, 6933.0], [1781.0, 1831.0, 6842.0], [1781.0, 1678.0, 6970.0], [1781.0, 1650.0, 6986.0], [1779.0, 1737.0, 6947.0], [1778.0, 1722.0, 6948.0], [1777.0, 2094.0, 6423.0], [1777.0, 1684.0, 6989.0], [1776.0, 1905.0, 6780.0], [1776.0, 1852.0, 6813.0], [1776.0, 1580.0, 7072.0], [1775.0, 2059.0, 6555.0], [1775.0, 1734.0, 6979.0], [1774.0, 2082.0, 6500.0], [1774.0, 2078.0, 6534.0], [1774.0, 1939.0, 6785.0], [1774.0, 1527.0, 7105.0], [1774.0, 1495.0, 7163.0], [1773.0, 1848.0, 6861.0], [1771.0, 1793.0, 6874.0], [1770.0, 1950.0, 6733.0], [1770.0, 1619.0, 7040.0], [1769.0, 2146.0, 6434.0], [1769.0, 1995.0, 6703.0], [1769.0, 1876.0, 6815.0], [1769.0, 1782.0, 6925.0], [1769.0, 1615.0, 7061.0], [1769.0, 1587.0, 7063.0], [1769.0, 1514.0, 7130.0], [1768.0, 2089.0, 6490.0], [1768.0, 2001.0, 6696.0], [1766.0, 1667.0, 7000.0], [1764.0, 2244.0, 5838.0], [1764.0, 1746.0, 6967.0], [1764.0, 1698.0, 7011.0], [1763.0, 1754.0, 6926.0], [1763.0, 1629.0, 7059.0], [1762.0, 1887.0, 6803.0], [1761.0, 2280.0, 5787.0], [1761.0, 1879.0, 6840.0], [1761.0, 1819.0, 6897.0], [1761.0, 1662.0, 7016.0], [1761.0, 1592.0, 7073.0], [1761.0, 1589.0, 7092.0], [1761.0, 1542.0, 7100.0], [1760.0, 2024.0, 6638.0], [1760.0, 1547.0, 7106.0], [1759.0, 1910.0, 6794.0], [1759.0, 1759.0, 6954.0], [1758.0, 1971.0, 6740.0], [1758.0, 1854.0, 6849.0], [1758.0, 1601.0, 7092.0], [1755.0, 1703.0, 7022.0], [1755.0, 1643.0, 7062.0], [1754.0, 1649.0, 7057.0], [1754.0, 1549.0, 7154.0], [1753.0, 2030.0, 6613.0], [1753.0, 1850.0, 6852.0], [1753.0, 1625.0, 7068.0], [1752.0, 1632.0, 7068.0], [1751.0, 1760.0, 6939.0], [1750.0, 1682.0, 7053.0], [1748.0, 1793.0, 6936.0], [1748.0, 1739.0, 6983.0], [1747.0, 1486.0, 7202.0], [1746.0, 1860.0, 6862.0], [1746.0, 1762.0, 6942.0], [1745.0, 1953.0, 6744.0], [1745.0, 1746.0, 6987.0], [1744.0, 2093.0, 6495.0], [1744.0, 2053.0, 6576.0], [1744.0, 1881.0, 6849.0], [1744.0, 1829.0, 6897.0], [1743.0, 1838.0, 6876.0], [1743.0, 1819.0, 6927.0], [1742.0, 2071.0, 6554.0], [1742.0, 1943.0, 6761.0], [1742.0, 1659.0, 7056.0], [1742.0, 1639.0, 7079.0], [1741.0, 2129.0, 6444.0], [1741.0, 1608.0, 7085.0], [1741.0, 1592.0, 7096.0], [1740.0, 1879.0, 6851.0], [1740.0, 1834.0, 6897.0], [1740.0, 1713.0, 7001.0], [1740.0, 1500.0, 7165.0], [1739.0, 1845.0, 6872.0], [1739.0, 1734.0, 6997.0], [1739.0, 1703.0, 7065.0], [1738.0, 2034.0, 6587.0], [1738.0, 1883.0, 6861.0], [1738.0, 1775.0, 6941.0], [1737.0, 1506.0, 7168.0], [1736.0, 1664.0, 7088.0], [1736.0, 1396.0, 7323.0], [1735.0, 2062.0, 6556.0], [1735.0, 1932.0, 6791.0], [1735.0, 1762.0, 6957.0], [1735.0, 1706.0, 7008.0], [1734.0, 2202.0, 6225.0], [1734.0, 2032.0, 6591.0], [1733.0, 2199.0, 6391.0], [1733.0, 2082.0, 6525.0], [1733.0, 2043.0, 6618.0], [1733.0, 1847.0, 6870.0], [1732.0, 1890.0, 6817.0], [1732.0, 1840.0, 6939.0], [1732.0, 1796.0, 6965.0], [1732.0, 1565.0, 7129.0], [1730.0, 2118.0, 6474.0], [1730.0, 1898.0, 6812.0], [1730.0, 1600.0, 7118.0], [1730.0, 1466.0, 7230.0], [1729.0, 1907.0, 6808.0], [1728.0, 1998.0, 6758.0], [1728.0, 1887.0, 6818.0], [1728.0, 1553.0, 7144.0], [1727.0, 1896.0, 6857.0], [1726.0, 1721.0, 7020.0], [1725.0, 1908.0, 6826.0], [1725.0, 1734.0, 7015.0], [1725.0, 1719.0, 7032.0], [1725.0, 1522.0, 7210.0], [1724.0, 1906.0, 6845.0], [1723.0, 2027.0, 6627.0], [1723.0, 1872.0, 6866.0], [1723.0, 1751.0, 6976.0], [1723.0, 1745.0, 6998.0], [1722.0, 2051.0, 6586.0], [1720.0, 1855.0, 6870.0], [1719.0, 1667.0, 7099.0], [1719.0, 1635.0, 7100.0], [1719.0, 1613.0, 7133.0], [1719.0, 1600.0, 7143.0], [1718.0, 1793.0, 6968.0], [1717.0, 2046.0, 6623.0], [1717.0, 1949.0, 6803.0], [1716.0, 2034.0, 6627.0], [1716.0, 1874.0, 6877.0], [1716.0, 1617.0, 7118.0], [1716.0, 1561.0, 7156.0], [1715.0, 1891.0, 6869.0], [1715.0, 1742.0, 7032.0], [1715.0, 1683.0, 7074.0], [1714.0, 1777.0, 6990.0], [1713.0, 2207.0, 6196.0], [1713.0, 1842.0, 6910.0], [1712.0, 1683.0, 7078.0], [1712.0, 1620.0, 7106.0], [1712.0, 1583.0, 7149.0], [1711.0, 1868.0, 6884.0], [1711.0, 1689.0, 7103.0], [1710.0, 1955.0, 6803.0], [1710.0, 1886.0, 6875.0], [1709.0, 1708.0, 7034.0], [1709.0, 1509.0, 7239.0], [1708.0, 1887.0, 6889.0], [1708.0, 1840.0, 6958.0], [1708.0, 1756.0, 6997.0], [1708.0, 1754.0, 7018.0], [1708.0, 1752.0, 7047.0], [1708.0, 1701.0, 7068.0], [1708.0, 1650.0, 7110.0], [1708.0, 1598.0, 7209.0], [1707.0, 2005.0, 6656.0], [1707.0, 1925.0, 6820.0], [1707.0, 1759.0, 7024.0], [1707.0, 1693.0, 7072.0], [1706.0, 2113.0, 6529.0], [1706.0, 2010.0, 6668.0], [1704.0, 1912.0, 6881.0], [1704.0, 1437.0, 7312.0], [1703.0, 2040.0, 6632.0], [1702.0, 1783.0, 6982.0], [1701.0, 1921.0, 6827.0], [1701.0, 1714.0, 7080.0], [1701.0, 1673.0, 7110.0], [1700.0, 1780.0, 6996.0], [1700.0, 1514.0, 7212.0], [1699.0, 1972.0, 6790.0], [1699.0, 1639.0, 7126.0], [1699.0, 1588.0, 7217.0], [1698.0, 1837.0, 6961.0], [1698.0, 1780.0, 7014.0], [1697.0, 1803.0, 6982.0], [1697.0, 1687.0, 7114.0], [1697.0, 1604.0, 7148.0], [1696.0, 2254.0, 5935.0], [1696.0, 2042.0, 6684.0], [1696.0, 1929.0, 6868.0], [1696.0, 1859.0, 6896.0], [1695.0, 2012.0, 6692.0], [1694.0, 1863.0, 6893.0], [1694.0, 1619.0, 7136.0], [1693.0, 1804.0, 6968.0], [1693.0, 1712.0, 7089.0], [1692.0, 1849.0, 6910.0], [1692.0, 1837.0, 6979.0], [1692.0, 1781.0, 7012.0], [1692.0, 1728.0, 7062.0], [1692.0, 1601.0, 7215.0], [1691.0, 1788.0, 7008.0], [1690.0, 2084.0, 6568.0], [1690.0, 2053.0, 6640.0], [1690.0, 1614.0, 7141.0], [1689.0, 1852.0, 6928.0], [1689.0, 1449.0, 7313.0], [1688.0, 2097.0, 6572.0], [1688.0, 1954.0, 6858.0], [1688.0, 1886.0, 6918.0], [1687.0, 2120.0, 6517.0], [1686.0, 1899.0, 6912.0], [1686.0, 1642.0, 7136.0], [1685.0, 2126.0, 6520.0], [1685.0, 1854.0, 6967.0], [1685.0, 1746.0, 7050.0], [1685.0, 1738.0, 7089.0], [1684.0, 2069.0, 6576.0], [1684.0, 1925.0, 6886.0], [1682.0, 2184.0, 6451.0], [1682.0, 1741.0, 7070.0], [1682.0, 1696.0, 7134.0], [1682.0, 1620.0, 7140.0], [1681.0, 1671.0, 7168.0], [1680.0, 2069.0, 6678.0], [1680.0, 1781.0, 7021.0], [1678.0, 2104.0, 6559.0], [1676.0, 1716.0, 7090.0], [1676.0, 1559.0, 7248.0], [1675.0, 1847.0, 6973.0], [1675.0, 1427.0, 7329.0], [1674.0, 1858.0, 6931.0], [1674.0, 1813.0, 6982.0], [1674.0, 1755.0, 7030.0], [1673.0, 1950.0, 6894.0], [1673.0, 1777.0, 7023.0], [1673.0, 1752.0, 7067.0], [1672.0, 1866.0, 6950.0], [1672.0, 1697.0, 7105.0], [1672.0, 1583.0, 7228.0], [1672.0, 1496.0, 7268.0], [1671.0, 1810.0, 7013.0], [1670.0, 2003.0, 6785.0], [1670.0, 1984.0, 6800.0], [1670.0, 1860.0, 6984.0], [1670.0, 1677.0, 7151.0], [1670.0, 1460.0, 7318.0], [1669.0, 2018.0, 6693.0], [1669.0, 1818.0, 6985.0], [1668.0, 1899.0, 6923.0], [1668.0, 1640.0, 7182.0], [1667.0, 1784.0, 7026.0], [1666.0, 1908.0, 6924.0], [1666.0, 1788.0, 7043.0], [1666.0, 1766.0, 7062.0], [1666.0, 1700.0, 7116.0], [1666.0, 1678.0, 7150.0], [1665.0, 2219.0, 6276.0], [1665.0, 1752.0, 7080.0], [1665.0, 1697.0, 7167.0], [1665.0, 1644.0, 7190.0], [1662.0, 1824.0, 7000.0], [1662.0, 1712.0, 7104.0], [1661.0, 1784.0, 7061.0], [1661.0, 1763.0, 7075.0], [1660.0, 2112.0, 6548.0], [1660.0, 2073.0, 6581.0], [1660.0, 2008.0, 6736.0], [1660.0, 1761.0, 7101.0], [1660.0, 1652.0, 7220.0], [1660.0, 1557.0, 7269.0], [1659.0, 1879.0, 6937.0], [1659.0, 1704.0, 7129.0], [1658.0, 1781.0, 7064.0], [1658.0, 1569.0, 7255.0], [1657.0, 1793.0, 7020.0], [1656.0, 1920.0, 6900.0], [1655.0, 1968.0, 6824.0], [1655.0, 1813.0, 7051.0], [1655.0, 1463.0, 7384.0], [1654.0, 2106.0, 6597.0], [1654.0, 1952.0, 6904.0], [1654.0, 1887.0, 6978.0], [1654.0, 1846.0, 6998.0], [1654.0, 1730.0, 7125.0], [1654.0, 1723.0, 7137.0], [1654.0, 1718.0, 7179.0], [1651.0, 2025.0, 6685.0], [1651.0, 1822.0, 7005.0], [1650.0, 2015.0, 6723.0], [1650.0, 1580.0, 7243.0], [1648.0, 2043.0, 6703.0], [1648.0, 1831.0, 7026.0], [1647.0, 1832.0, 7006.0], [1647.0, 1616.0, 7257.0], [1646.0, 2237.0, 6268.0], [1645.0, 1891.0, 6950.0], [1645.0, 1790.0, 7069.0], [1644.0, 1815.0, 7032.0], [1643.0, 1963.0, 6850.0], [1642.0, 1986.0, 6795.0], [1641.0, 1786.0, 7078.0], [1640.0, 2006.0, 6750.0], [1639.0, 1913.0, 6953.0], [1639.0, 1796.0, 7056.0], [1639.0, 1679.0, 7183.0], [1638.0, 1757.0, 7119.0], [1638.0, 1701.0, 7190.0], [1637.0, 1804.0, 7059.0], [1637.0, 1772.0, 7080.0], [1636.0, 1956.0, 6868.0], [1636.0, 1779.0, 7119.0], [1636.0, 1502.0, 7302.0], [1635.0, 1836.0, 7054.0], [1635.0, 1553.0, 7309.0], [1634.0, 2042.0, 6717.0], [1634.0, 1964.0, 6885.0], [1634.0, 1746.0, 7140.0], [1634.0, 1722.0, 7164.0], [1633.0, 2107.0, 6586.0], [1633.0, 1839.0, 7043.0], [1633.0, 1573.0, 7315.0], [1632.0, 2017.0, 6759.0], [1632.0, 1973.0, 6822.0], [1632.0, 1876.0, 7002.0], [1632.0, 1860.0, 7019.0], [1631.0, 1846.0, 7039.0], [1631.0, 1619.0, 7237.0], [1628.0, 1821.0, 7064.0], [1627.0, 1926.0, 6947.0], [1627.0, 1859.0, 7053.0], [1627.0, 1682.0, 7226.0], [1626.0, 2086.0, 6645.0], [1626.0, 1980.0, 6802.0], [1626.0, 1910.0, 6973.0], [1626.0, 1748.0, 7142.0], [1625.0, 1810.0, 7082.0], [1625.0, 1513.0, 7317.0], [1625.0, 1440.0, 7482.0], [1624.0, 1913.0, 6960.0], [1624.0, 1879.0, 7007.0], [1624.0, 1746.0, 7153.0], [1624.0, 1691.0, 7198.0], [1623.0, 1959.0, 6903.0], [1622.0, 2023.0, 6785.0], [1622.0, 1756.0, 7140.0], [1621.0, 1706.0, 7204.0], [1621.0, 1691.0, 7214.0], [1621.0, 1606.0, 7274.0], [1621.0, 1515.0, 7326.0], [1620.0, 1973.0, 6857.0], [1618.0, 1813.0, 7074.0], [1618.0, 1749.0, 7158.0], [1618.0, 1732.0, 7161.0], [1618.0, 1577.0, 7356.0], [1617.0, 1643.0, 7227.0], [1617.0, 1496.0, 7362.0], [1616.0, 2091.0, 6613.0], [1616.0, 2025.0, 6741.0], [1616.0, 1741.0, 7175.0], [1616.0, 1578.0, 7329.0], [1615.0, 2075.0, 6675.0], [1614.0, 1475.0, 7388.0], [1613.0, 1855.0, 7069.0], [1612.0, 1736.0, 7185.0], [1611.0, 1985.0, 6829.0], [1610.0, 1640.0, 7233.0], [1609.0, 1985.0, 6852.0], [1609.0, 1617.0, 7245.0], [1608.0, 1906.0, 7001.0], [1608.0, 1445.0, 7496.0], [1607.0, 2008.0, 6787.0], [1607.0, 1641.0, 7230.0], [1606.0, 2080.0, 6710.0], [1606.0, 2033.0, 6726.0], [1606.0, 1818.0, 7090.0], [1604.0, 1915.0, 6975.0], [1603.0, 1999.0, 6793.0], [1603.0, 1600.0, 7295.0], [1601.0, 1927.0, 6946.0], [1601.0, 1885.0, 7052.0], [1601.0, 1878.0, 7066.0], [1601.0, 1626.0, 7275.0], [1601.0, 1582.0, 7370.0], [1598.0, 2164.0, 6537.0], [1598.0, 1760.0, 7131.0], [1598.0, 1630.0, 7244.0], [1598.0, 1513.0, 7400.0], [1597.0, 1922.0, 6965.0], [1597.0, 1754.0, 7166.0], [1597.0, 1664.0, 7260.0], [1596.0, 1988.0, 6840.0], [1596.0, 1781.0, 7131.0], [1596.0, 1643.0, 7310.0], [1594.0, 1674.0, 7246.0], [1594.0, 1542.0, 7432.0], [1591.0, 2011.0, 6792.0], [1591.0, 1791.0, 7117.0], [1590.0, 2139.0, 6602.0], [1590.0, 1981.0, 6890.0], [1590.0, 1788.0, 7139.0], [1590.0, 1707.0, 7196.0], [1590.0, 1683.0, 7215.0], [1589.0, 1942.0, 6943.0], [1589.0, 1684.0, 7216.0], [1587.0, 1864.0, 7069.0], [1587.0, 1747.0, 7172.0], [1586.0, 1990.0, 6798.0], [1586.0, 1810.0, 7150.0], [1586.0, 1745.0, 7185.0], [1585.0, 1858.0, 7072.0], [1585.0, 1830.0, 7081.0], [1584.0, 1791.0, 7173.0], [1583.0, 2041.0, 6802.0], [1583.0, 1712.0, 7186.0], [1583.0, 1460.0, 7439.0], [1582.0, 1814.0, 7114.0], [1581.0, 1906.0, 7012.0], [1581.0, 1753.0, 7176.0], [1581.0, 1584.0, 7324.0], [1580.0, 1656.0, 7298.0], [1579.0, 1648.0, 7324.0], [1579.0, 1600.0, 7325.0], [1578.0, 1609.0, 7366.0], [1577.0, 1716.0, 7222.0], [1576.0, 1918.0, 6992.0], [1576.0, 1745.0, 7209.0], [1576.0, 1715.0, 7239.0], [1576.0, 1657.0, 7297.0], [1576.0, 1420.0, 7501.0], [1575.0, 1844.0, 7078.0], [1575.0, 1754.0, 7175.0], [1573.0, 1925.0, 6990.0], [1573.0, 1813.0, 7123.0], [1573.0, 1765.0, 7201.0], [1573.0, 1557.0, 7390.0], [1572.0, 2092.0, 6638.0], [1572.0, 2077.0, 6718.0], [1571.0, 1456.0, 7481.0], [1570.0, 2007.0, 6853.0], [1570.0, 1811.0, 7168.0], [1569.0, 1930.0, 6948.0], [1569.0, 1721.0, 7230.0], [1568.0, 1991.0, 6863.0], [1568.0, 1829.0, 7136.0], [1568.0, 1461.0, 7479.0], [1567.0, 1724.0, 7229.0], [1567.0, 1686.0, 7289.0], [1566.0, 1859.0, 7108.0], [1566.0, 1603.0, 7401.0], [1565.0, 1894.0, 7054.0], [1564.0, 1723.0, 7232.0], [1563.0, 1880.0, 7059.0], [1562.0, 1732.0, 7227.0], [1561.0, 1749.0, 7230.0], [1561.0, 1613.0, 7343.0], [1560.0, 1937.0, 6965.0], [1560.0, 1804.0, 7174.0], [1560.0, 1687.0, 7301.0], [1559.0, 1974.0, 6909.0], [1559.0, 1836.0, 7176.0], [1556.0, 1927.0, 6980.0], [1556.0, 1460.0, 7522.0], [1555.0, 1608.0, 7369.0], [1554.0, 2034.0, 6847.0], [1554.0, 1794.0, 7179.0], [1552.0, 1717.0, 7267.0], [1551.0, 1462.0, 7440.0], [1550.0, 1637.0, 7328.0], [1550.0, 1498.0, 7449.0], [1549.0, 1829.0, 7182.0], [1547.0, 1912.0, 6996.0], [1547.0, 1787.0, 7184.0], [1547.0, 1731.0, 7241.0], [1547.0, 1474.0, 7458.0], [1546.0, 1977.0, 6896.0], [1546.0, 1857.0, 7140.0], [1546.0, 1663.0, 7309.0], [1545.0, 1677.0, 7329.0], [1545.0, 1650.0, 7345.0], [1544.0, 1954.0, 6929.0], [1543.0, 1577.0, 7410.0], [1542.0, 2066.0, 6731.0], [1541.0, 1914.0, 6997.0], [1540.0, 1772.0, 7224.0], [1537.0, 1887.0, 7080.0], [1537.0, 1618.0, 7361.0], [1536.0, 1950.0, 6970.0], [1536.0, 1714.0, 7284.0], [1535.0, 1789.0, 7229.0], [1535.0, 1772.0, 7233.0], [1534.0, 1526.0, 7476.0], [1533.0, 1545.0, 7411.0], [1531.0, 1911.0, 7008.0], [1530.0, 1899.0, 7017.0], [1530.0, 1840.0, 7161.0], [1529.0, 1813.0, 7190.0], [1529.0, 1725.0, 7254.0], [1527.0, 1965.0, 6915.0], [1527.0, 1943.0, 6996.0], [1527.0, 1914.0, 7036.0], [1527.0, 1864.0, 7090.0], [1527.0, 1663.0, 7350.0], [1527.0, 1475.0, 7509.0], [1526.0, 1610.0, 7381.0], [1525.0, 2286.0, 5650.0], [1525.0, 1690.0, 7346.0], [1524.0, 2165.0, 6491.0], [1524.0, 1980.0, 6892.0], [1524.0, 1733.0, 7254.0], [1524.0, 1608.0, 7413.0], [1523.0, 1933.0, 7009.0], [1523.0, 1795.0, 7194.0], [1523.0, 1554.0, 7422.0], [1522.0, 1745.0, 7249.0], [1522.0, 1716.0, 7272.0], [1521.0, 1657.0, 7362.0], [1520.0, 1962.0, 6995.0], [1518.0, 1762.0, 7284.0], [1517.0, 1720.0, 7285.0], [1515.0, 1825.0, 7197.0], [1514.0, 1780.0, 7238.0], [1512.0, 1708.0, 7289.0], [1511.0, 1906.0, 7093.0], [1511.0, 1804.0, 7212.0], [1511.0, 1693.0, 7292.0], [1510.0, 2050.0, 6757.0], [1510.0, 1732.0, 7298.0], [1509.0, 1564.0, 7459.0], [1508.0, 2007.0, 6886.0], [1508.0, 1631.0, 7366.0], [1507.0, 1863.0, 7127.0], [1507.0, 1709.0, 7301.0], [1505.0, 1782.0, 7236.0], [1505.0, 1660.0, 7377.0], [1505.0, 1541.0, 7463.0], [1504.0, 1565.0, 7420.0], [1501.0, 1878.0, 7096.0], [1501.0, 1692.0, 7336.0], [1499.0, 1936.0, 7000.0], [1499.0, 1927.0, 7045.0], [1499.0, 1716.0, 7303.0], [1499.0, 1598.0, 7430.0], [1498.0, 1782.0, 7241.0], [1498.0, 1606.0, 7421.0], [1496.0, 1828.0, 7185.0], [1496.0, 1696.0, 7336.0], [1495.0, 1611.0, 7385.0], [1494.0, 2251.0, 6131.0], [1494.0, 1922.0, 7052.0], [1494.0, 1514.0, 7507.0], [1493.0, 1621.0, 7391.0], [1492.0, 1619.0, 7422.0], [1491.0, 1631.0, 7381.0], [1491.0, 1590.0, 7436.0], [1490.0, 1871.0, 7104.0], [1490.0, 1743.0, 7300.0], [1490.0, 1719.0, 7307.0], [1490.0, 1651.0, 7407.0], [1490.0, 1622.0, 7441.0], [1489.0, 1705.0, 7315.0], [1489.0, 1609.0, 7482.0], [1489.0, 1495.0, 7541.0], [1488.0, 1703.0, 7321.0], [1487.0, 1663.0, 7351.0], [1485.0, 1731.0, 7308.0], [1485.0, 1681.0, 7357.0], [1484.0, 1971.0, 6949.0], [1484.0, 1969.0, 6982.0], [1484.0, 1813.0, 7200.0], [1484.0, 1765.0, 7250.0], [1484.0, 1691.0, 7342.0], [1483.0, 1740.0, 7345.0], [1482.0, 1621.0, 7461.0], [1480.0, 1811.0, 7229.0], [1478.0, 1847.0, 7152.0], [1478.0, 1758.0, 7310.0], [1477.0, 1873.0, 7099.0], [1477.0, 1828.0, 7216.0], [1477.0, 1679.0, 7396.0], [1477.0, 1632.0, 7431.0], [1477.0, 1391.0, 7576.0], [1476.0, 2019.0, 6848.0], [1476.0, 1775.0, 7247.0], [1476.0, 1507.0, 7558.0], [1475.0, 1723.0, 7348.0], [1474.0, 1798.0, 7243.0], [1474.0, 1642.0, 7409.0], [1473.0, 1911.0, 7065.0], [1473.0, 1764.0, 7278.0], [1473.0, 1682.0, 7360.0], [1472.0, 1878.0, 7138.0], [1472.0, 1642.0, 7425.0], [1471.0, 1866.0, 7154.0], [1470.0, 1528.0, 7590.0], [1468.0, 1831.0, 7198.0], [1468.0, 1770.0, 7255.0], [1466.0, 1934.0, 7043.0], [1466.0, 1663.0, 7409.0], [1465.0, 1671.0, 7401.0], [1464.0, 1945.0, 7104.0], [1464.0, 1860.0, 7186.0], [1463.0, 2020.0, 6921.0], [1463.0, 1576.0, 7511.0], [1462.0, 1956.0, 7063.0], [1461.0, 1584.0, 7502.0], [1460.0, 1880.0, 7122.0], [1458.0, 1884.0, 7130.0], [1457.0, 1747.0, 7325.0], [1456.0, 1642.0, 7456.0], [1455.0, 1692.0, 7364.0], [1454.0, 1778.0, 7280.0], [1453.0, 1779.0, 7256.0], [1452.0, 1750.0, 7344.0], [1452.0, 1620.0, 7467.0], [1449.0, 1887.0, 7141.0], [1448.0, 1656.0, 7418.0], [1447.0, 1983.0, 7018.0], [1447.0, 1842.0, 7228.0], [1447.0, 1778.0, 7285.0], [1445.0, 1673.0, 7407.0], [1445.0, 1654.0, 7454.0], [1444.0, 1487.0, 7634.0], [1443.0, 1770.0, 7287.0], [1443.0, 1659.0, 7415.0], [1440.0, 1772.0, 7315.0], [1440.0, 1749.0, 7349.0], [1440.0, 1744.0, 7379.0], [1438.0, 1691.0, 7423.0], [1438.0, 1684.0, 7437.0], [1437.0, 1624.0, 7508.0], [1436.0, 1873.0, 7195.0], [1436.0, 1585.0, 7512.0], [1435.0, 1627.0, 7465.0], [1433.0, 1774.0, 7341.0], [1432.0, 1607.0, 7532.0], [1430.0, 1817.0, 7236.0], [1430.0, 1711.0, 7418.0], [1428.0, 2092.0, 6701.0], [1425.0, 1783.0, 7325.0], [1425.0, 1579.0, 7533.0], [1425.0, 1562.0, 7543.0], [1424.0, 1741.0, 7396.0], [1423.0, 1790.0, 7281.0], [1423.0, 1745.0, 7356.0], [1422.0, 1548.0, 7547.0], [1422.0, 1542.0, 7559.0], [1421.0, 1900.0, 7150.0], [1421.0, 1588.0, 7536.0], [1419.0, 1563.0, 7538.0], [1417.0, 1545.0, 7562.0], [1416.0, 1817.0, 7273.0], [1415.0, 1843.0, 7263.0], [1415.0, 1810.0, 7277.0], [1415.0, 1690.0, 7462.0], [1414.0, 1544.0, 7567.0], [1411.0, 1631.0, 7472.0], [1410.0, 1855.0, 7262.0], [1410.0, 1554.0, 7555.0], [1408.0, 1548.0, 7570.0], [1404.0, 1671.0, 7486.0], [1403.0, 1550.0, 7577.0], [1400.0, 1608.0, 7513.0], [1397.0, 1508.0, 7609.0], [1395.0, 1596.0, 7536.0], [1394.0, 1726.0, 7407.0], [1390.0, 1734.0, 7405.0], [1389.0, 1588.0, 7547.0], [1389.0, 1581.0, 7557.0], [1387.0, 1541.0, 7602.0], [1386.0, 1682.0, 7473.0], [1386.0, 1635.0, 7553.0], [1384.0, 1520.0, 7628.0], [1383.0, 1651.0, 7500.0], [1382.0, 1761.0, 7386.0], [1381.0, 1646.0, 7510.0], [1379.0, 1426.0, 7743.0], [1373.0, 1547.0, 7633.0], [1372.0, 1730.0, 7423.0], [1372.0, 1519.0, 7654.0], [1369.0, 1851.0, 7266.0], [1363.0, 1755.0, 7446.0], [1363.0, 1636.0, 7519.0], [1363.0, 1610.0, 7577.0], [1361.0, 1689.0, 7478.0], [1358.0, 1722.0, 7448.0], [1358.0, 1505.0, 7671.0], [1353.0, 1643.0, 7570.0], [1352.0, 1575.0, 7602.0], [1351.0, 1610.0, 7591.0], [1346.0, 1465.0, 7741.0], [1342.0, 1606.0, 7608.0], [1338.0, 1685.0, 7521.0], [1334.0, 1615.0, 7592.0], [1333.0, 1786.0, 7346.0], [1331.0, 1621.0, 7593.0], [1331.0, 1553.0, 7660.0], [1329.0, 1597.0, 7626.0], [1318.0, 1573.0, 7662.0], [1314.0, 1630.0, 7588.0], [1303.0, 1566.0, 7669.0], [1297.0, 1520.0, 7749.0], [1293.0, 1599.0, 7662.0], [1238.0, 1633.0, 7707.0], [1234.0, 1712.0, 7480.0]]
