heur = false
LBS_limit = 3
preproc = 0
tight_root = 0
total_time = 1800.04
NDP = 638
total_nodes = 69011
pruned_nodes = 34493
pruned_dominance_nodes = 21456
heur_time = 0.0
Y_N = Any[[4620.0, 2706.0, 2396.0], [4618.0, 2813.0, 2376.0], [4603.0, 2867.0, 2322.0], [4601.0, 2910.0, 2236.0], [4600.0, 2918.0, 2242.0], [4589.0, 2882.0, 2451.0], [4582.0, 2983.0, 2124.0], [4582.0, 2926.0, 2290.0], [4579.0, 2933.0, 2325.0], [4576.0, 2991.0, 2177.0], [4572.0, 3036.0, 2145.0], [4571.0, 2921.0, 2375.0], [4565.0, 3006.0, 2219.0], [4564.0, 2949.0, 2236.0], [4562.0, 2979.0, 2303.0], [4562.0, 2973.0, 2312.0], [4559.0, 2995.0, 2317.0], [4554.0, 3009.0, 2160.0], [4551.0, 3081.0, 2005.0], [4549.0, 3007.0, 2161.0], [4545.0, 3029.0, 2302.0], [4544.0, 3034.0, 2254.0], [4544.0, 3006.0, 2416.0], [4543.0, 3045.0, 2055.0], [4543.0, 2993.0, 2430.0], [4539.0, 3093.0, 2230.0], [4538.0, 3104.0, 2110.0], [4535.0, 3078.0, 2247.0], [4533.0, 3044.0, 2253.0], [4533.0, 3021.0, 2322.0], [4533.0, 3012.0, 2355.0], [4529.0, 3010.0, 2356.0], [4528.0, 3039.0, 2360.0], [4527.0, 3014.0, 2368.0], [4522.0, 3131.0, 2071.0], [4520.0, 3113.0, 2282.0], [4520.0, 2975.0, 2469.0], [4519.0, 3128.0, 2261.0], [4517.0, 3020.0, 2395.0], [4514.0, 3098.0, 2286.0], [4514.0, 3058.0, 2311.0], [4513.0, 3130.0, 2180.0], [4513.0, 3067.0, 2306.0], [4511.0, 3114.0, 2273.0], [4506.0, 3091.0, 2338.0], [4503.0, 3144.0, 2210.0], [4503.0, 3041.0, 2420.0], [4502.0, 3048.0, 2343.0], [4500.0, 3173.0, 1982.0], [4500.0, 3161.0, 2192.0], [4499.0, 3074.0, 2355.0], [4497.0, 2980.0, 2462.0], [4495.0, 3065.0, 2359.0], [4493.0, 3043.0, 2420.0], [4492.0, 2999.0, 2428.0], [4491.0, 2854.0, 2492.0], [4490.0, 3162.0, 2009.0], [4489.0, 3184.0, 2063.0], [4488.0, 3109.0, 2331.0], [4488.0, 3051.0, 2413.0], [4488.0, 3013.0, 2428.0], [4487.0, 3223.0, 1993.0], [4487.0, 3061.0, 2428.0], [4486.0, 3188.0, 2099.0], [4486.0, 3109.0, 2361.0], [4486.0, 2991.0, 2441.0], [4485.0, 3125.0, 2264.0], [4485.0, 3110.0, 2305.0], [4484.0, 3183.0, 2134.0], [4483.0, 3148.0, 2217.0], [4483.0, 3075.0, 2396.0], [4483.0, 3067.0, 2401.0], [4483.0, 3023.0, 2459.0], [4482.0, 3129.0, 2221.0], [4481.0, 3135.0, 2231.0], [4480.0, 3047.0, 2435.0], [4479.0, 3219.0, 2112.0], [4479.0, 3137.0, 2223.0], [4479.0, 3134.0, 2328.0], [4478.0, 3140.0, 2269.0], [4477.0, 3182.0, 2153.0], [4477.0, 3117.0, 2397.0], [4475.0, 3173.0, 2171.0], [4475.0, 3168.0, 2246.0], [4474.0, 3086.0, 2447.0], [4473.0, 3233.0, 2183.0], [4472.0, 3137.0, 2360.0], [4470.0, 3196.0, 2226.0], [4467.0, 3244.0, 1964.0], [4467.0, 3166.0, 2271.0], [4466.0, 3215.0, 2198.0], [4464.0, 3031.0, 2508.0], [4462.0, 3167.0, 2313.0], [4461.0, 3152.0, 2377.0], [4460.0, 3243.0, 2047.0], [4460.0, 3045.0, 2498.0], [4458.0, 3256.0, 2019.0], [4457.0, 3244.0, 2185.0], [4455.0, 3282.0, 2128.0], [4454.0, 3194.0, 2296.0], [4454.0, 3184.0, 2309.0], [4454.0, 3129.0, 2455.0], [4452.0, 3153.0, 2317.0], [4451.0, 3186.0, 2338.0], [4447.0, 3251.0, 2240.0], [4446.0, 3193.0, 2298.0], [4445.0, 3247.0, 2291.0], [4441.0, 3295.0, 1886.0], [4440.0, 3067.0, 2459.0], [4440.0, 3031.0, 2550.0], [4439.0, 3297.0, 2067.0], [4437.0, 3271.0, 2149.0], [4436.0, 3248.0, 2294.0], [4434.0, 3288.0, 2113.0], [4434.0, 3207.0, 2298.0], [4434.0, 3192.0, 2301.0], [4434.0, 3146.0, 2451.0], [4430.0, 3216.0, 2381.0], [4428.0, 3308.0, 2136.0], [4428.0, 3253.0, 2189.0], [4424.0, 3255.0, 2207.0], [4424.0, 3231.0, 2335.0], [4424.0, 3198.0, 2410.0], [4424.0, 3059.0, 2510.0], [4421.0, 3254.0, 2230.0], [4420.0, 3274.0, 2198.0], [4420.0, 3096.0, 2481.0], [4419.0, 3351.0, 1893.0], [4418.0, 3118.0, 2462.0], [4417.0, 3338.0, 1983.0], [4417.0, 3317.0, 2151.0], [4416.0, 3265.0, 2219.0], [4415.0, 3325.0, 1996.0], [4412.0, 3354.0, 1849.0], [4411.0, 3236.0, 2306.0], [4409.0, 3344.0, 1978.0], [4409.0, 3239.0, 2298.0], [4408.0, 3260.0, 2237.0], [4408.0, 3245.0, 2327.0], [4407.0, 3329.0, 2119.0], [4407.0, 3292.0, 2182.0], [4407.0, 3267.0, 2206.0], [4406.0, 3311.0, 2155.0], [4405.0, 3340.0, 2047.0], [4405.0, 3289.0, 2216.0], [4404.0, 3261.0, 2294.0], [4403.0, 3352.0, 1974.0], [4403.0, 3301.0, 2328.0], [4403.0, 3172.0, 2492.0], [4402.0, 3225.0, 2358.0], [4401.0, 3341.0, 2044.0], [4401.0, 3197.0, 2426.0], [4400.0, 3241.0, 2332.0], [4399.0, 3367.0, 1990.0], [4397.0, 3363.0, 2047.0], [4396.0, 3088.0, 2497.0], [4395.0, 3331.0, 2115.0], [4395.0, 3312.0, 2181.0], [4394.0, 3199.0, 2441.0], [4393.0, 3369.0, 2072.0], [4393.0, 3238.0, 2362.0], [4393.0, 3219.0, 2379.0], [4392.0, 3405.0, 1987.0], [4391.0, 3205.0, 2387.0], [4388.0, 3328.0, 2202.0], [4387.0, 3337.0, 2156.0], [4386.0, 3370.0, 2073.0], [4385.0, 3287.0, 2370.0], [4385.0, 3182.0, 2453.0], [4384.0, 3211.0, 2418.0], [4381.0, 3422.0, 1919.0], [4381.0, 3345.0, 2107.0], [4381.0, 3317.0, 2280.0], [4380.0, 3214.0, 2387.0], [4379.0, 3352.0, 2079.0], [4378.0, 3227.0, 2408.0], [4375.0, 3224.0, 2418.0], [4374.0, 3342.0, 2120.0], [4374.0, 3121.0, 2519.0], [4373.0, 3383.0, 2062.0], [4373.0, 3354.0, 2120.0], [4373.0, 3299.0, 2335.0], [4373.0, 3097.0, 2543.0], [4372.0, 3427.0, 2121.0], [4371.0, 3363.0, 2169.0], [4370.0, 3290.0, 2377.0], [4370.0, 3208.0, 2427.0], [4369.0, 3242.0, 2409.0], [4367.0, 3345.0, 2209.0], [4367.0, 3324.0, 2265.0], [4365.0, 3334.0, 2236.0], [4364.0, 3184.0, 2473.0], [4362.0, 3180.0, 2495.0], [4360.0, 3259.0, 2404.0], [4359.0, 3377.0, 2141.0], [4359.0, 3260.0, 2403.0], [4359.0, 3125.0, 2549.0], [4358.0, 3162.0, 2514.0], [4357.0, 3268.0, 2405.0], [4357.0, 3244.0, 2411.0], [4356.0, 3379.0, 2145.0], [4356.0, 3338.0, 2240.0], [4355.0, 3364.0, 2234.0], [4354.0, 3320.0, 2293.0], [4352.0, 3363.0, 2237.0], [4351.0, 3373.0, 2202.0], [4351.0, 3186.0, 2445.0], [4350.0, 3349.0, 2248.0], [4350.0, 3216.0, 2425.0], [4348.0, 3299.0, 2364.0], [4346.0, 3428.0, 2019.0], [4345.0, 3272.0, 2426.0], [4344.0, 3373.0, 2260.0], [4344.0, 3331.0, 2272.0], [4344.0, 3307.0, 2320.0], [4344.0, 3301.0, 2410.0], [4343.0, 3389.0, 2131.0], [4343.0, 3374.0, 2156.0], [4343.0, 3234.0, 2459.0], [4342.0, 3434.0, 2028.0], [4342.0, 3338.0, 2320.0], [4342.0, 3308.0, 2321.0], [4342.0, 3200.0, 2473.0], [4340.0, 3392.0, 2169.0], [4340.0, 3359.0, 2279.0], [4336.0, 3311.0, 2324.0], [4335.0, 3411.0, 2167.0], [4335.0, 3302.0, 2327.0], [4334.0, 3380.0, 2190.0], [4334.0, 3335.0, 2326.0], [4334.0, 3327.0, 2353.0], [4333.0, 3395.0, 2230.0], [4333.0, 3325.0, 2393.0], [4330.0, 3451.0, 1979.0], [4330.0, 3200.0, 2519.0], [4329.0, 3412.0, 2123.0], [4328.0, 3444.0, 2190.0], [4325.0, 3288.0, 2414.0], [4324.0, 3476.0, 1997.0], [4324.0, 3341.0, 2294.0], [4324.0, 3252.0, 2484.0], [4323.0, 3210.0, 2553.0], [4322.0, 3394.0, 2246.0], [4322.0, 3341.0, 2326.0], [4321.0, 3370.0, 2273.0], [4321.0, 3351.0, 2295.0], [4320.0, 3353.0, 2280.0], [4318.0, 3483.0, 1883.0], [4318.0, 3406.0, 2208.0], [4318.0, 3342.0, 2301.0], [4317.0, 3418.0, 2228.0], [4317.0, 3385.0, 2265.0], [4317.0, 3364.0, 2285.0], [4316.0, 3404.0, 2238.0], [4316.0, 3355.0, 2316.0], [4315.0, 3478.0, 2106.0], [4315.0, 3272.0, 2446.0], [4314.0, 3357.0, 2289.0], [4314.0, 3342.0, 2327.0], [4313.0, 3353.0, 2349.0], [4312.0, 3518.0, 1929.0], [4311.0, 3449.0, 2221.0], [4310.0, 3320.0, 2397.0], [4310.0, 3284.0, 2442.0], [4308.0, 3365.0, 2369.0], [4307.0, 3390.0, 2276.0], [4306.0, 3412.0, 2301.0], [4305.0, 3339.0, 2372.0], [4305.0, 3315.0, 2410.0], [4305.0, 3217.0, 2499.0], [4304.0, 3332.0, 2406.0], [4303.0, 3378.0, 2364.0], [4302.0, 3293.0, 2439.0], [4302.0, 3253.0, 2486.0], [4301.0, 3485.0, 1955.0], [4300.0, 3507.0, 2013.0], [4300.0, 3463.0, 2138.0], [4300.0, 3271.0, 2480.0], [4300.0, 3246.0, 2509.0], [4299.0, 3415.0, 2241.0], [4299.0, 3275.0, 2457.0], [4298.0, 3472.0, 2123.0], [4296.0, 3508.0, 2029.0], [4296.0, 3452.0, 2147.0], [4296.0, 3353.0, 2371.0], [4294.0, 3493.0, 2102.0], [4294.0, 3430.0, 2259.0], [4294.0, 3402.0, 2326.0], [4294.0, 3304.0, 2445.0], [4290.0, 3513.0, 2048.0], [4290.0, 3448.0, 2244.0], [4289.0, 3515.0, 2028.0], [4289.0, 3222.0, 2528.0], [4287.0, 3486.0, 2117.0], [4286.0, 3342.0, 2389.0], [4285.0, 3516.0, 1980.0], [4285.0, 3499.0, 2070.0], [4285.0, 3494.0, 2086.0], [4284.0, 3513.0, 2157.0], [4283.0, 3491.0, 2188.0], [4283.0, 3467.0, 2274.0], [4283.0, 3356.0, 2393.0], [4283.0, 3326.0, 2457.0], [4282.0, 3521.0, 1805.0], [4282.0, 3430.0, 2319.0], [4281.0, 3262.0, 2518.0], [4277.0, 3515.0, 2031.0], [4276.0, 3341.0, 2397.0], [4275.0, 3369.0, 2373.0], [4275.0, 3331.0, 2418.0], [4274.0, 3483.0, 2222.0], [4274.0, 3380.0, 2338.0], [4273.0, 3401.0, 2378.0], [4272.0, 3530.0, 1938.0], [4270.0, 3357.0, 2385.0], [4268.0, 3539.0, 1958.0], [4267.0, 3494.0, 2194.0], [4266.0, 3544.0, 2022.0], [4266.0, 3423.0, 2341.0], [4264.0, 3547.0, 1947.0], [4263.0, 3546.0, 1992.0], [4263.0, 3520.0, 2103.0], [4263.0, 3511.0, 2167.0], [4263.0, 3449.0, 2325.0], [4262.0, 3559.0, 1856.0], [4262.0, 3535.0, 2055.0], [4259.0, 3460.0, 2349.0], [4258.0, 3386.0, 2405.0], [4258.0, 3369.0, 2440.0], [4257.0, 3310.0, 2467.0], [4256.0, 3491.0, 2208.0], [4255.0, 3469.0, 2229.0], [4253.0, 3376.0, 2415.0], [4252.0, 3566.0, 1872.0], [4251.0, 3551.0, 2071.0], [4251.0, 3342.0, 2445.0], [4250.0, 3558.0, 1987.0], [4250.0, 3487.0, 2212.0], [4250.0, 3295.0, 2482.0], [4249.0, 3387.0, 2379.0], [4248.0, 3563.0, 1937.0], [4248.0, 3518.0, 2135.0], [4247.0, 3566.0, 1975.0], [4247.0, 3522.0, 2076.0], [4247.0, 3403.0, 2385.0], [4247.0, 3316.0, 2467.0], [4246.0, 3530.0, 2104.0], [4246.0, 3477.0, 2239.0], [4246.0, 3338.0, 2465.0], [4245.0, 3564.0, 2012.0], [4245.0, 3529.0, 2140.0], [4245.0, 3504.0, 2169.0], [4245.0, 3496.0, 2257.0], [4245.0, 3405.0, 2353.0], [4243.0, 3507.0, 2182.0], [4242.0, 3466.0, 2308.0], [4240.0, 3339.0, 2446.0], [4239.0, 3350.0, 2443.0], [4238.0, 3573.0, 1990.0], [4237.0, 3543.0, 2112.0], [4237.0, 3302.0, 2500.0], [4236.0, 3575.0, 1939.0], [4236.0, 3391.0, 2438.0], [4236.0, 3340.0, 2450.0], [4235.0, 3471.0, 2287.0], [4235.0, 3308.0, 2482.0], [4234.0, 3549.0, 2082.0], [4234.0, 3513.0, 2277.0], [4234.0, 3405.0, 2429.0], [4232.0, 3580.0, 2024.0], [4231.0, 3556.0, 2059.0], [4231.0, 3462.0, 2336.0], [4230.0, 3604.0, 1903.0], [4230.0, 3553.0, 2084.0], [4229.0, 3525.0, 2216.0], [4229.0, 3410.0, 2354.0], [4228.0, 3608.0, 2030.0], [4228.0, 3573.0, 2062.0], [4228.0, 3552.0, 2162.0], [4228.0, 3464.0, 2325.0], [4228.0, 3409.0, 2385.0], [4227.0, 3324.0, 2485.0], [4226.0, 3564.0, 2076.0], [4224.0, 3582.0, 2049.0], [4224.0, 3438.0, 2378.0], [4224.0, 3414.0, 2386.0], [4223.0, 3569.0, 2093.0], [4223.0, 3418.0, 2381.0], [4222.0, 3469.0, 2290.0], [4221.0, 3478.0, 2304.0], [4221.0, 3468.0, 2338.0], [4220.0, 3392.0, 2438.0], [4219.0, 3572.0, 2070.0], [4219.0, 3562.0, 2116.0], [4219.0, 3504.0, 2305.0], [4219.0, 3472.0, 2331.0], [4219.0, 3438.0, 2402.0], [4217.0, 3515.0, 2238.0], [4217.0, 3364.0, 2449.0], [4216.0, 3547.0, 2172.0], [4215.0, 3542.0, 2256.0], [4215.0, 3523.0, 2285.0], [4215.0, 3360.0, 2454.0], [4214.0, 3557.0, 2124.0], [4214.0, 3500.0, 2316.0], [4213.0, 3612.0, 1971.0], [4213.0, 3584.0, 2069.0], [4211.0, 3547.0, 2215.0], [4211.0, 3533.0, 2286.0], [4211.0, 3475.0, 2320.0], [4211.0, 3429.0, 2405.0], [4211.0, 3384.0, 2458.0], [4210.0, 3596.0, 2178.0], [4209.0, 3479.0, 2319.0], [4208.0, 3605.0, 2065.0], [4207.0, 3442.0, 2376.0], [4206.0, 3622.0, 1911.0], [4206.0, 3554.0, 2221.0], [4205.0, 3628.0, 1824.0], [4205.0, 3626.0, 1866.0], [4205.0, 3398.0, 2456.0], [4204.0, 3624.0, 1946.0], [4202.0, 3429.0, 2417.0], [4200.0, 3566.0, 2196.0], [4199.0, 3472.0, 2395.0], [4197.0, 3477.0, 2354.0], [4197.0, 3448.0, 2413.0], [4196.0, 3482.0, 2350.0], [4195.0, 3613.0, 1982.0], [4195.0, 3379.0, 2502.0], [4194.0, 3500.0, 2382.0], [4193.0, 3506.0, 2288.0], [4193.0, 3405.0, 2464.0], [4192.0, 3565.0, 2229.0], [4192.0, 3551.0, 2245.0], [4192.0, 3443.0, 2429.0], [4191.0, 3630.0, 1853.0], [4191.0, 3516.0, 2326.0], [4190.0, 3602.0, 2095.0], [4189.0, 3632.0, 2128.0], [4188.0, 3352.0, 2529.0], [4187.0, 3555.0, 2238.0], [4187.0, 3552.0, 2263.0], [4187.0, 3476.0, 2394.0], [4186.0, 3615.0, 2166.0], [4185.0, 3412.0, 2455.0], [4184.0, 3658.0, 1897.0], [4184.0, 3568.0, 2220.0], [4183.0, 3503.0, 2358.0], [4182.0, 3581.0, 2211.0], [4182.0, 3471.0, 2402.0], [4180.0, 3641.0, 2059.0], [4180.0, 3458.0, 2409.0], [4179.0, 3536.0, 2264.0], [4179.0, 3415.0, 2444.0], [4178.0, 3561.0, 2258.0], [4178.0, 3506.0, 2387.0], [4177.0, 3583.0, 2221.0], [4177.0, 3408.0, 2479.0], [4175.0, 3555.0, 2309.0], [4174.0, 3511.0, 2356.0], [4172.0, 3678.0, 1904.0], [4172.0, 3618.0, 2141.0], [4171.0, 3567.0, 2232.0], [4171.0, 3435.0, 2454.0], [4170.0, 3644.0, 2007.0], [4170.0, 3517.0, 2345.0], [4170.0, 3452.0, 2426.0], [4168.0, 3647.0, 2032.0], [4168.0, 3592.0, 2286.0], [4167.0, 3666.0, 1958.0], [4167.0, 3611.0, 2169.0], [4164.0, 3645.0, 2131.0], [4163.0, 3673.0, 1972.0], [4163.0, 3607.0, 2242.0], [4163.0, 3471.0, 2453.0], [4162.0, 3579.0, 2315.0], [4161.0, 3609.0, 2184.0], [4161.0, 3538.0, 2321.0], [4160.0, 3674.0, 2041.0], [4159.0, 3600.0, 2252.0], [4158.0, 3680.0, 1954.0], [4158.0, 3488.0, 2413.0], [4157.0, 3687.0, 1872.0], [4157.0, 3679.0, 2119.0], [4157.0, 3622.0, 2157.0], [4156.0, 3529.0, 2402.0], [4152.0, 3618.0, 2187.0], [4151.0, 3624.0, 2194.0], [4151.0, 3611.0, 2231.0], [4151.0, 3536.0, 2341.0], [4150.0, 3572.0, 2350.0], [4149.0, 3693.0, 2038.0], [4148.0, 3413.0, 2524.0], [4145.0, 3685.0, 2110.0], [4145.0, 3630.0, 2132.0], [4143.0, 3615.0, 2277.0], [4143.0, 3505.0, 2423.0], [4142.0, 3552.0, 2372.0], [4141.0, 3696.0, 2004.0], [4141.0, 3627.0, 2182.0], [4140.0, 3630.0, 2169.0], [4137.0, 3580.0, 2352.0], [4135.0, 3670.0, 2179.0], [4135.0, 3535.0, 2383.0], [4133.0, 3678.0, 2205.0], [4133.0, 3507.0, 2404.0], [4132.0, 3586.0, 2331.0], [4129.0, 3743.0, 1924.0], [4129.0, 3729.0, 1955.0], [4129.0, 3595.0, 2310.0], [4127.0, 3702.0, 1994.0], [4127.0, 3697.0, 2085.0], [4127.0, 3680.0, 2170.0], [4126.0, 3592.0, 2350.0], [4125.0, 3662.0, 2218.0], [4124.0, 3628.0, 2272.0], [4119.0, 3548.0, 2417.0], [4119.0, 3431.0, 2473.0], [4118.0, 3628.0, 2325.0], [4118.0, 3593.0, 2365.0], [4117.0, 3701.0, 2011.0], [4115.0, 3732.0, 1990.0], [4114.0, 3727.0, 2039.0], [4113.0, 3566.0, 2430.0], [4108.0, 3756.0, 1992.0], [4107.0, 3596.0, 2331.0], [4107.0, 3572.0, 2396.0], [4106.0, 3724.0, 2089.0], [4103.0, 3537.0, 2441.0], [4101.0, 3630.0, 2267.0], [4100.0, 3646.0, 2282.0], [4100.0, 3385.0, 2533.0], [4099.0, 3589.0, 2372.0], [4098.0, 3691.0, 2132.0], [4097.0, 3698.0, 2184.0], [4096.0, 3620.0, 2338.0], [4095.0, 3555.0, 2441.0], [4091.0, 3682.0, 2207.0], [4090.0, 3674.0, 2218.0], [4090.0, 3661.0, 2230.0], [4089.0, 3571.0, 2398.0], [4088.0, 3645.0, 2343.0], [4086.0, 3769.0, 1926.0], [4085.0, 3729.0, 2044.0], [4082.0, 3701.0, 2177.0], [4080.0, 3771.0, 1997.0], [4080.0, 3686.0, 2205.0], [4078.0, 3659.0, 2242.0], [4078.0, 3555.0, 2445.0], [4077.0, 3722.0, 2205.0], [4076.0, 3775.0, 1928.0], [4076.0, 3734.0, 2077.0], [4076.0, 3663.0, 2237.0], [4073.0, 3598.0, 2359.0], [4069.0, 3741.0, 2016.0], [4069.0, 3731.0, 2187.0], [4068.0, 3506.0, 2464.0], [4066.0, 3517.0, 2496.0], [4064.0, 3754.0, 2080.0], [4064.0, 3693.0, 2257.0], [4063.0, 3747.0, 2144.0], [4062.0, 3653.0, 2294.0], [4061.0, 3738.0, 2188.0], [4061.0, 3625.0, 2372.0], [4059.0, 3694.0, 2256.0], [4056.0, 3752.0, 2094.0], [4054.0, 3682.0, 2276.0], [4053.0, 3771.0, 2086.0], [4049.0, 3789.0, 1962.0], [4049.0, 3773.0, 1980.0], [4046.0, 3749.0, 2129.0], [4045.0, 3737.0, 2216.0], [4045.0, 3714.0, 2255.0], [4045.0, 3643.0, 2350.0], [4044.0, 3748.0, 2135.0], [4042.0, 3728.0, 2288.0], [4041.0, 3680.0, 2292.0], [4039.0, 3788.0, 2005.0], [4038.0, 3775.0, 2021.0], [4037.0, 3746.0, 2154.0], [4037.0, 3621.0, 2374.0], [4035.0, 3782.0, 2160.0], [4032.0, 3808.0, 1925.0], [4030.0, 3789.0, 2091.0], [4029.0, 3799.0, 1982.0], [4026.0, 3688.0, 2294.0], [4025.0, 3676.0, 2321.0], [4024.0, 3698.0, 2289.0], [4022.0, 3718.0, 2303.0], [4021.0, 3813.0, 1874.0], [4020.0, 3669.0, 2351.0], [4019.0, 3836.0, 1967.0], [4019.0, 3614.0, 2392.0], [4014.0, 3817.0, 2088.0], [4014.0, 3795.0, 2174.0], [4013.0, 3825.0, 1989.0], [4012.0, 3754.0, 2215.0], [4011.0, 3829.0, 1987.0], [4010.0, 3745.0, 2232.0], [4010.0, 3731.0, 2250.0], [4008.0, 3839.0, 1912.0], [4006.0, 3770.0, 2207.0], [3999.0, 3732.0, 2249.0], [3998.0, 3840.0, 1939.0], [3994.0, 3869.0, 1911.0], [3993.0, 3840.0, 1984.0], [3990.0, 3559.0, 2438.0], [3989.0, 3843.0, 2103.0], [3988.0, 3745.0, 2238.0], [3988.0, 3722.0, 2341.0], [3986.0, 3776.0, 2183.0], [3982.0, 3531.0, 2455.0], [3980.0, 3776.0, 2253.0], [3978.0, 3606.0, 2399.0], [3975.0, 3844.0, 1996.0], [3974.0, 3807.0, 2147.0], [3973.0, 3815.0, 2105.0], [3969.0, 3860.0, 2105.0], [3963.0, 3818.0, 2194.0], [3948.0, 3761.0, 2308.0], [3946.0, 3897.0, 2031.0], [3936.0, 3875.0, 2146.0], [3934.0, 3828.0, 2266.0], [3933.0, 3655.0, 2386.0], [3932.0, 3887.0, 2038.0], [3932.0, 3865.0, 2173.0], [3914.0, 3923.0, 2082.0], [3911.0, 3843.0, 2201.0], [3907.0, 3783.0, 2313.0], [3900.0, 3867.0, 2213.0], [3895.0, 3917.0, 2096.0], [3883.0, 3702.0, 2343.0], [3859.0, 3687.0, 2344.0], [3828.0, 3933.0, 1913.0], [3823.0, 3736.0, 2329.0], [3822.0, 3929.0, 2037.0], [3797.0, 3811.0, 2295.0]]
