heur = false
LBS_limit = 3
preproc = 0
tight_root = 0
total_time = 1800.08
NDP = 898
total_nodes = 52247
pruned_nodes = 26109
pruned_dominance_nodes = 12338
heur_time = 0.0
Y_N = Any[[1324.0, 1326.0, 8170.0], [1312.0, 1249.0, 8289.0], [1310.0, 1233.0, 8311.0], [1300.0, 1374.0, 8154.0], [1292.0, 1188.0, 8342.0], [1288.0, 1242.0, 8311.0], [1280.0, 1287.0, 8243.0], [1280.0, 1111.0, 8461.0], [1278.0, 1095.0, 8483.0], [1270.0, 1302.0, 8279.0], [1269.0, 1386.0, 8176.0], [1268.0, 1236.0, 8326.0], [1266.0, 1224.0, 8365.0], [1261.0, 1242.0, 8346.0], [1261.0, 1221.0, 8366.0], [1257.0, 1332.0, 8244.0], [1256.0, 1157.0, 8450.0], [1255.0, 1232.0, 8390.0], [1254.0, 1141.0, 8472.0], [1253.0, 1269.0, 8358.0], [1248.0, 1155.0, 8471.0], [1244.0, 1282.0, 8315.0], [1244.0, 1251.0, 8370.0], [1242.0, 1064.0, 8591.0], [1239.0, 1162.0, 8478.0], [1238.0, 1186.0, 8435.0], [1238.0, 1164.0, 8451.0], [1237.0, 1288.0, 8321.0], [1234.0, 1189.0, 8414.0], [1234.0, 1086.0, 8537.0], [1233.0, 1378.0, 8233.0], [1232.0, 1205.0, 8434.0], [1231.0, 1274.0, 8364.0], [1230.0, 1189.0, 8456.0], [1229.0, 1315.0, 8347.0], [1229.0, 1104.0, 8518.0], [1228.0, 1131.0, 8481.0], [1224.0, 1197.0, 8445.0], [1224.0, 1022.0, 8636.0], [1221.0, 1301.0, 8352.0], [1219.0, 1285.0, 8374.0], [1218.0, 1224.0, 8427.0], [1217.0, 1238.0, 8466.0], [1215.0, 1222.0, 8488.0], [1213.0, 1134.0, 8544.0], [1212.0, 1087.0, 8555.0], [1210.0, 1102.0, 8545.0], [1207.0, 1317.0, 8345.0], [1206.0, 1057.0, 8625.0], [1205.0, 1150.0, 8507.0], [1203.0, 1131.0, 8586.0], [1202.0, 1133.0, 8559.0], [1201.0, 1115.0, 8608.0], [1200.0, 1240.0, 8426.0], [1200.0, 1064.0, 8610.0], [1200.0, 901.0, 8672.0], [1199.0, 1145.0, 8554.0], [1198.0, 1158.0, 8522.0], [1198.0, 1055.0, 8645.0], [1195.0, 1185.0, 8502.0], [1193.0, 1021.0, 8678.0], [1192.0, 1287.0, 8379.0], [1192.0, 1123.0, 8590.0], [1192.0, 1068.0, 8635.0], [1191.0, 1256.0, 8451.0], [1191.0, 1057.0, 8648.0], [1190.0, 1258.0, 8424.0], [1189.0, 1339.0, 8306.0], [1189.0, 1176.0, 8518.0], [1187.0, 1032.0, 8702.0], [1186.0, 1283.0, 8387.0], [1186.0, 1180.0, 8510.0], [1185.0, 1276.0, 8420.0], [1184.0, 1139.0, 8563.0], [1183.0, 1344.0, 8325.0], [1182.0, 1222.0, 8516.0], [1180.0, 1352.0, 8369.0], [1180.0, 1046.0, 8709.0], [1180.0, 955.0, 8783.0], [1179.0, 1281.0, 8439.0], [1178.0, 1030.0, 8731.0], [1176.0, 1159.0, 8533.0], [1176.0, 1071.0, 8628.0], [1176.0, 947.0, 8807.0], [1175.0, 1182.0, 8525.0], [1175.0, 1081.0, 8654.0], [1173.0, 1167.0, 8556.0], [1171.0, 1213.0, 8542.0], [1169.0, 1231.0, 8495.0], [1169.0, 1119.0, 8601.0], [1169.0, 1091.0, 8627.0], [1168.0, 1171.0, 8574.0], [1168.0, 918.0, 8828.0], [1167.0, 1103.0, 8623.0], [1167.0, 930.0, 8839.0], [1166.0, 1090.0, 8637.0], [1164.0, 1284.0, 8453.0], [1162.0, 1140.0, 8581.0], [1162.0, 970.0, 8766.0], [1161.0, 1360.0, 8346.0], [1161.0, 1184.0, 8576.0], [1161.0, 1107.0, 8620.0], [1160.0, 1221.0, 8567.0], [1160.0, 1142.0, 8577.0], [1160.0, 1050.0, 8687.0], [1159.0, 1148.0, 8588.0], [1158.0, 1268.0, 8505.0], [1157.0, 1297.0, 8460.0], [1157.0, 1106.0, 8662.0], [1156.0, 1092.0, 8698.0], [1154.0, 1076.0, 8720.0], [1154.0, 974.0, 8791.0], [1153.0, 1095.0, 8679.0], [1152.0, 1133.0, 8598.0], [1152.0, 1124.0, 8643.0], [1152.0, 1103.0, 8663.0], [1151.0, 1230.0, 8509.0], [1151.0, 1129.0, 8626.0], [1150.0, 1157.0, 8613.0], [1149.0, 1201.0, 8602.0], [1148.0, 1001.0, 8742.0], [1147.0, 990.0, 8755.0], [1147.0, 979.0, 8768.0], [1146.0, 1340.0, 8384.0], [1146.0, 1191.0, 8624.0], [1146.0, 1114.0, 8687.0], [1144.0, 1231.0, 8512.0], [1144.0, 1175.0, 8646.0], [1144.0, 1005.0, 8755.0], [1143.0, 972.0, 8813.0], [1142.0, 1277.0, 8498.0], [1142.0, 1094.0, 8694.0], [1142.0, 999.0, 8839.0], [1141.0, 1038.0, 8746.0], [1140.0, 1326.0, 8427.0], [1140.0, 1120.0, 8689.0], [1140.0, 1108.0, 8701.0], [1140.0, 1078.0, 8716.0], [1139.0, 1228.0, 8536.0], [1139.0, 1037.0, 8768.0], [1136.0, 1263.0, 8541.0], [1136.0, 1145.0, 8651.0], [1134.0, 1316.0, 8489.0], [1134.0, 1021.0, 8785.0], [1133.0, 1402.0, 8381.0], [1133.0, 1129.0, 8669.0], [1132.0, 1140.0, 8682.0], [1130.0, 1124.0, 8704.0], [1130.0, 841.0, 8956.0], [1129.0, 1068.0, 8732.0], [1129.0, 1039.0, 8766.0], [1128.0, 1225.0, 8563.0], [1128.0, 902.0, 8884.0], [1127.0, 1151.0, 8655.0], [1126.0, 1001.0, 8821.0], [1124.0, 1333.0, 8442.0], [1124.0, 1162.0, 8677.0], [1124.0, 1005.0, 8799.0], [1122.0, 1052.0, 8746.0], [1121.0, 1146.0, 8695.0], [1121.0, 925.0, 8880.0], [1120.0, 896.0, 8954.0], [1120.0, 879.0, 8982.0], [1118.0, 1270.0, 8533.0], [1117.0, 1228.0, 8572.0], [1116.0, 1225.0, 8576.0], [1115.0, 1219.0, 8588.0], [1115.0, 1079.0, 8742.0], [1115.0, 1010.0, 8851.0], [1114.0, 1207.0, 8647.0], [1114.0, 1112.0, 8725.0], [1114.0, 1067.0, 8754.0], [1113.0, 1069.0, 8792.0], [1113.0, 946.0, 8872.0], [1112.0, 1022.0, 8803.0], [1111.0, 1028.0, 8797.0], [1110.0, 1251.0, 8569.0], [1110.0, 1037.0, 8793.0], [1110.0, 907.0, 8898.0], [1108.0, 1090.0, 8744.0], [1108.0, 976.0, 8879.0], [1106.0, 992.0, 8873.0], [1106.0, 899.0, 8904.0], [1105.0, 1183.0, 8658.0], [1105.0, 1091.0, 8765.0], [1104.0, 1269.0, 8581.0], [1104.0, 1244.0, 8614.0], [1104.0, 1015.0, 8823.0], [1103.0, 1075.0, 8787.0], [1103.0, 923.0, 8989.0], [1102.0, 1273.0, 8552.0], [1102.0, 1124.0, 8712.0], [1102.0, 1068.0, 8807.0], [1101.0, 1120.0, 8772.0], [1100.0, 1166.0, 8700.0], [1100.0, 1052.0, 8829.0], [1099.0, 1297.0, 8513.0], [1099.0, 1080.0, 8802.0], [1098.0, 990.0, 8893.0], [1096.0, 1291.0, 8564.0], [1096.0, 1003.0, 8882.0], [1096.0, 933.0, 8925.0], [1095.0, 1184.0, 8681.0], [1093.0, 956.0, 8926.0], [1092.0, 1028.0, 8831.0], [1092.0, 1003.0, 8883.0], [1091.0, 1122.0, 8723.0], [1091.0, 992.0, 8896.0], [1090.0, 1193.0, 8672.0], [1089.0, 1367.0, 8413.0], [1089.0, 1165.0, 8707.0], [1089.0, 1123.0, 8730.0], [1089.0, 1085.0, 8786.0], [1089.0, 968.0, 8907.0], [1087.0, 1295.0, 8560.0], [1087.0, 1086.0, 8786.0], [1087.0, 967.0, 8950.0], [1086.0, 1250.0, 8618.0], [1086.0, 1224.0, 8630.0], [1086.0, 1090.0, 8781.0], [1085.0, 1096.0, 8804.0], [1085.0, 1002.0, 8897.0], [1084.0, 1184.0, 8687.0], [1084.0, 1074.0, 8811.0], [1084.0, 1020.0, 8908.0], [1083.0, 1319.0, 8469.0], [1083.0, 1296.0, 8518.0], [1083.0, 1139.0, 8742.0], [1083.0, 986.0, 8919.0], [1082.0, 1168.0, 8709.0], [1082.0, 1058.0, 8833.0], [1082.0, 1034.0, 8847.0], [1082.0, 802.0, 9110.0], [1081.0, 1225.0, 8632.0], [1081.0, 939.0, 8964.0], [1080.0, 1198.0, 8663.0], [1080.0, 1064.0, 8822.0], [1080.0, 890.0, 9031.0], [1079.0, 1230.0, 8656.0], [1079.0, 1205.0, 8689.0], [1079.0, 965.0, 8963.0], [1078.0, 1304.0, 8496.0], [1078.0, 1216.0, 8659.0], [1078.0, 1156.0, 8733.0], [1077.0, 1162.0, 8746.0], [1076.0, 1206.0, 8670.0], [1076.0, 1003.0, 8922.0], [1076.0, 882.0, 9055.0], [1075.0, 1117.0, 8773.0], [1074.0, 1190.0, 8692.0], [1073.0, 1019.0, 8923.0], [1072.0, 1128.0, 8770.0], [1072.0, 1045.0, 8856.0], [1072.0, 909.0, 8996.0], [1071.0, 1395.0, 8444.0], [1071.0, 1252.0, 8639.0], [1071.0, 1003.0, 8945.0], [1069.0, 1054.0, 8849.0], [1068.0, 1303.0, 8537.0], [1068.0, 1219.0, 8690.0], [1068.0, 805.0, 9060.0], [1067.0, 1038.0, 8871.0], [1067.0, 977.0, 8947.0], [1067.0, 809.0, 9094.0], [1066.0, 1074.0, 8821.0], [1066.0, 1035.0, 8883.0], [1065.0, 1216.0, 8699.0], [1065.0, 1178.0, 8701.0], [1065.0, 1154.0, 8747.0], [1065.0, 1079.0, 8811.0], [1065.0, 1069.0, 8829.0], [1065.0, 1061.0, 8882.0], [1064.0, 1240.0, 8651.0], [1064.0, 1226.0, 8658.0], [1064.0, 1109.0, 8779.0], [1063.0, 901.0, 9025.0], [1062.0, 1124.0, 8797.0], [1062.0, 758.0, 9120.0], [1060.0, 1108.0, 8819.0], [1060.0, 1062.0, 8882.0], [1059.0, 1080.0, 8853.0], [1058.0, 1257.0, 8593.0], [1058.0, 1139.0, 8780.0], [1058.0, 1127.0, 8791.0], [1058.0, 860.0, 9058.0], [1058.0, 844.0, 9084.0], [1058.0, 843.0, 9086.0], [1057.0, 1179.0, 8714.0], [1057.0, 849.0, 9071.0], [1056.0, 1294.0, 8566.0], [1056.0, 1142.0, 8809.0], [1055.0, 960.0, 8969.0], [1054.0, 1126.0, 8831.0], [1054.0, 909.0, 9039.0], [1053.0, 1283.0, 8575.0], [1053.0, 992.0, 8949.0], [1053.0, 975.0, 8977.0], [1053.0, 815.0, 9101.0], [1052.0, 1271.0, 8581.0], [1052.0, 1149.0, 8777.0], [1052.0, 981.0, 8962.0], [1052.0, 912.0, 9028.0], [1051.0, 1165.0, 8757.0], [1051.0, 867.0, 9083.0], [1050.0, 1064.0, 8859.0], [1049.0, 1335.0, 8554.0], [1049.0, 1331.0, 8564.0], [1049.0, 1220.0, 8689.0], [1049.0, 969.0, 8997.0], [1049.0, 952.0, 9025.0], [1048.0, 1074.0, 8866.0], [1048.0, 992.0, 8980.0], [1047.0, 1248.0, 8656.0], [1046.0, 1176.0, 8730.0], [1046.0, 1144.0, 8817.0], [1046.0, 1022.0, 8887.0], [1045.0, 1034.0, 8890.0], [1044.0, 1088.0, 8838.0], [1044.0, 870.0, 9057.0], [1044.0, 858.0, 9088.0], [1043.0, 1185.0, 8768.0], [1042.0, 1223.0, 8673.0], [1041.0, 1259.0, 8680.0], [1041.0, 973.0, 8994.0], [1041.0, 871.0, 9119.0], [1040.0, 1345.0, 8572.0], [1040.0, 1008.0, 8973.0], [1039.0, 1160.0, 8777.0], [1039.0, 1068.0, 8902.0], [1038.0, 963.0, 9009.0], [1037.0, 1261.0, 8617.0], [1037.0, 1063.0, 8904.0], [1037.0, 1049.0, 8922.0], [1037.0, 795.0, 9133.0], [1036.0, 1133.0, 8826.0], [1036.0, 947.0, 9031.0], [1035.0, 1249.0, 8691.0], [1034.0, 1264.0, 8663.0], [1034.0, 1089.0, 8868.0], [1034.0, 1072.0, 8896.0], [1034.0, 1041.0, 8937.0], [1034.0, 896.0, 9075.0], [1033.0, 802.0, 9137.0], [1033.0, 768.0, 9155.0], [1033.0, 727.0, 9177.0], [1031.0, 1276.0, 8633.0], [1031.0, 1186.0, 8721.0], [1030.0, 997.0, 8982.0], [1030.0, 852.0, 9138.0], [1029.0, 1267.0, 8703.0], [1028.0, 1194.0, 8765.0], [1027.0, 1201.0, 8712.0], [1027.0, 1123.0, 8835.0], [1027.0, 1107.0, 8839.0], [1027.0, 1057.0, 8912.0], [1027.0, 1052.0, 8913.0], [1027.0, 1014.0, 8940.0], [1026.0, 1209.0, 8712.0], [1025.0, 792.0, 9146.0], [1024.0, 1295.0, 8635.0], [1024.0, 1116.0, 8840.0], [1024.0, 961.0, 9011.0], [1024.0, 870.0, 9150.0], [1023.0, 1268.0, 8672.0], [1023.0, 992.0, 9006.0], [1021.0, 1105.0, 8892.0], [1021.0, 1079.0, 8921.0], [1020.0, 1269.0, 8661.0], [1020.0, 1200.0, 8724.0], [1020.0, 1157.0, 8783.0], [1020.0, 1045.0, 8936.0], [1020.0, 965.0, 9016.0], [1020.0, 766.0, 9214.0], [1019.0, 1055.0, 8938.0], [1019.0, 903.0, 9068.0], [1019.0, 892.0, 9079.0], [1019.0, 887.0, 9094.0], [1018.0, 898.0, 9069.0], [1018.0, 881.0, 9097.0], [1018.0, 708.0, 9234.0], [1017.0, 1263.0, 8712.0], [1017.0, 1111.0, 8843.0], [1017.0, 1019.0, 8943.0], [1017.0, 1010.0, 8965.0], [1016.0, 812.0, 9162.0], [1015.0, 975.0, 9020.0], [1015.0, 898.0, 9105.0], [1014.0, 1121.0, 8852.0], [1014.0, 1035.0, 8959.0], [1014.0, 1002.0, 9002.0], [1014.0, 719.0, 9274.0], [1013.0, 881.0, 9120.0], [1013.0, 771.0, 9191.0], [1012.0, 1037.0, 8950.0], [1012.0, 774.0, 9200.0], [1011.0, 1127.0, 8868.0], [1011.0, 1094.0, 8901.0], [1011.0, 1088.0, 8903.0], [1011.0, 891.0, 9121.0], [1010.0, 1012.0, 9007.0], [1010.0, 933.0, 9046.0], [1010.0, 904.0, 9078.0], [1009.0, 1216.0, 8743.0], [1009.0, 1182.0, 8809.0], [1008.0, 1317.0, 8591.0], [1008.0, 935.0, 9045.0], [1008.0, 903.0, 9082.0], [1007.0, 1272.0, 8656.0], [1007.0, 1166.0, 8831.0], [1007.0, 1109.0, 8891.0], [1007.0, 944.0, 9046.0], [1007.0, 789.0, 9203.0], [1006.0, 781.0, 9216.0], [1006.0, 764.0, 9244.0], [1005.0, 1139.0, 8856.0], [1005.0, 993.0, 9010.0], [1005.0, 960.0, 9031.0], [1005.0, 948.0, 9059.0], [1005.0, 925.0, 9077.0], [1004.0, 1228.0, 8778.0], [1004.0, 1062.0, 8931.0], [1004.0, 1024.0, 8968.0], [1004.0, 907.0, 9083.0], [1003.0, 977.0, 9032.0], [1001.0, 966.0, 9055.0], [1001.0, 933.0, 9066.0], [1000.0, 1032.0, 8972.0], [1000.0, 753.0, 9250.0], [999.0, 1011.0, 9022.0], [998.0, 1241.0, 8729.0], [997.0, 995.0, 9044.0], [997.0, 923.0, 9108.0], [997.0, 784.0, 9241.0], [996.0, 1393.0, 8566.0], [996.0, 1310.0, 8604.0], [996.0, 808.0, 9188.0], [995.0, 1231.0, 8745.0], [995.0, 1132.0, 8878.0], [995.0, 885.0, 9141.0], [994.0, 1207.0, 8789.0], [994.0, 1051.0, 8940.0], [994.0, 924.0, 9082.0], [993.0, 1193.0, 8809.0], [993.0, 1058.0, 8949.0], [992.0, 1224.0, 8787.0], [992.0, 1045.0, 8953.0], [992.0, 1017.0, 8973.0], [991.0, 1297.0, 8695.0], [991.0, 940.0, 9079.0], [991.0, 831.0, 9163.0], [990.0, 1119.0, 8894.0], [990.0, 1092.0, 8918.0], [990.0, 1077.0, 8933.0], [990.0, 1032.0, 8991.0], [990.0, 846.0, 9189.0], [990.0, 756.0, 9245.0], [989.0, 752.0, 9251.0], [988.0, 1079.0, 8924.0], [987.0, 1108.0, 8896.0], [987.0, 1039.0, 8955.0], [987.0, 933.0, 9101.0], [987.0, 916.0, 9129.0], [986.0, 1301.0, 8643.0], [986.0, 1054.0, 8981.0], [986.0, 843.0, 9192.0], [986.0, 795.0, 9244.0], [986.0, 763.0, 9249.0], [986.0, 751.0, 9280.0], [985.0, 1159.0, 8850.0], [985.0, 1121.0, 8887.0], [985.0, 688.0, 9331.0], [984.0, 1323.0, 8619.0], [983.0, 1138.0, 8880.0], [983.0, 934.0, 9086.0], [982.0, 1411.0, 7678.0], [982.0, 1306.0, 8647.0], [981.0, 1244.0, 8777.0], [981.0, 1149.0, 8872.0], [981.0, 1126.0, 8908.0], [981.0, 1025.0, 8998.0], [980.0, 1421.0, 8134.0], [980.0, 1245.0, 8717.0], [980.0, 1066.0, 8942.0], [980.0, 804.0, 9225.0], [979.0, 1017.0, 9017.0], [979.0, 941.0, 9079.0], [979.0, 924.0, 9127.0], [978.0, 1338.0, 8635.0], [978.0, 1173.0, 8847.0], [978.0, 1088.0, 8927.0], [978.0, 817.0, 9227.0], [978.0, 763.0, 9254.0], [977.0, 910.0, 9150.0], [976.0, 1035.0, 9002.0], [976.0, 982.0, 9060.0], [976.0, 857.0, 9167.0], [975.0, 1181.0, 8826.0], [975.0, 1152.0, 8858.0], [975.0, 1013.0, 9026.0], [975.0, 952.0, 9093.0], [974.0, 848.0, 9177.0], [973.0, 1079.0, 8958.0], [973.0, 943.0, 9100.0], [973.0, 931.0, 9131.0], [973.0, 788.0, 9283.0], [972.0, 853.0, 9191.0], [972.0, 844.0, 9205.0], [972.0, 823.0, 9210.0], [971.0, 1174.0, 8852.0], [971.0, 1096.0, 8928.0], [970.0, 843.0, 9214.0], [970.0, 669.0, 9388.0], [969.0, 1168.0, 8864.0], [968.0, 965.0, 9074.0], [968.0, 924.0, 9153.0], [968.0, 860.0, 9164.0], [967.0, 1159.0, 8871.0], [967.0, 996.0, 9040.0], [967.0, 935.0, 9107.0], [967.0, 824.0, 9226.0], [966.0, 1431.0, 8425.0], [966.0, 1261.0, 8766.0], [966.0, 1009.0, 9032.0], [966.0, 868.0, 9176.0], [966.0, 676.0, 9392.0], [965.0, 966.0, 9075.0], [965.0, 697.0, 9288.0], [965.0, 665.0, 9405.0], [964.0, 1137.0, 8897.0], [964.0, 1037.0, 8987.0], [964.0, 951.0, 9108.0], [964.0, 735.0, 9354.0], [963.0, 1157.0, 8885.0], [963.0, 970.0, 9072.0], [963.0, 739.0, 9289.0], [962.0, 1047.0, 9013.0], [962.0, 935.0, 9130.0], [962.0, 875.0, 9180.0], [961.0, 1196.0, 8828.0], [961.0, 1041.0, 9014.0], [961.0, 1028.0, 9028.0], [961.0, 1011.0, 9056.0], [961.0, 956.0, 9110.0], [960.0, 1322.0, 8668.0], [960.0, 1110.0, 8935.0], [960.0, 892.0, 9163.0], [960.0, 791.0, 9261.0], [959.0, 1025.0, 9036.0], [959.0, 968.0, 9086.0], [957.0, 1067.0, 8972.0], [957.0, 851.0, 9198.0], [956.0, 1278.0, 8745.0], [956.0, 1274.0, 8755.0], [956.0, 1087.0, 8983.0], [956.0, 703.0, 9364.0], [955.0, 1211.0, 8795.0], [955.0, 972.0, 9099.0], [955.0, 879.0, 9179.0], [954.0, 885.0, 9202.0], [953.0, 939.0, 9124.0], [952.0, 983.0, 9089.0], [952.0, 667.0, 9404.0], [951.0, 994.0, 9067.0], [951.0, 835.0, 9255.0], [951.0, 804.0, 9258.0], [950.0, 1283.0, 8722.0], [950.0, 745.0, 9353.0], [948.0, 976.0, 9111.0], [948.0, 890.0, 9186.0], [948.0, 674.0, 9408.0], [947.0, 1192.0, 8838.0], [947.0, 1169.0, 8858.0], [947.0, 1048.0, 8993.0], [947.0, 971.0, 9112.0], [947.0, 954.0, 9140.0], [947.0, 901.0, 9162.0], [947.0, 811.0, 9262.0], [946.0, 1216.0, 8814.0], [946.0, 1016.0, 9046.0], [945.0, 1302.0, 8706.0], [945.0, 1267.0, 8783.0], [945.0, 1117.0, 8914.0], [945.0, 1102.0, 8954.0], [945.0, 992.0, 9078.0], [945.0, 610.0, 9431.0], [944.0, 868.0, 9213.0], [943.0, 908.0, 9161.0], [943.0, 792.0, 9317.0], [942.0, 1293.0, 8747.0], [942.0, 1192.0, 8882.0], [942.0, 1121.0, 8911.0], [942.0, 713.0, 9363.0], [941.0, 1207.0, 8854.0], [941.0, 1109.0, 8952.0], [941.0, 1056.0, 9017.0], [941.0, 1036.0, 9021.0], [941.0, 1027.0, 9033.0], [941.0, 913.0, 9155.0], [941.0, 679.0, 9385.0], [939.0, 1088.0, 8974.0], [939.0, 889.0, 9212.0], [938.0, 1164.0, 8883.0], [938.0, 1100.0, 8958.0], [938.0, 917.0, 9158.0], [938.0, 915.0, 9159.0], [938.0, 701.0, 9380.0], [938.0, 668.0, 9472.0], [937.0, 1124.0, 8937.0], [937.0, 1076.0, 9002.0], [937.0, 1008.0, 9088.0], [937.0, 838.0, 9234.0], [936.0, 1157.0, 8901.0], [936.0, 983.0, 9135.0], [936.0, 896.0, 9177.0], [935.0, 1051.0, 9037.0], [935.0, 775.0, 9331.0], [934.0, 991.0, 9113.0], [933.0, 901.0, 9204.0], [933.0, 833.0, 9271.0], [932.0, 932.0, 9174.0], [932.0, 791.0, 9332.0], [931.0, 1137.0, 8902.0], [929.0, 1025.0, 9056.0], [929.0, 826.0, 9293.0], [928.0, 1207.0, 8884.0], [928.0, 1158.0, 8891.0], [928.0, 1140.0, 8915.0], [928.0, 1110.0, 8955.0], [928.0, 1056.0, 9022.0], [928.0, 995.0, 9089.0], [927.0, 1143.0, 8915.0], [927.0, 1100.0, 8974.0], [927.0, 1086.0, 8987.0], [927.0, 1034.0, 9051.0], [926.0, 1036.0, 9055.0], [926.0, 912.0, 9198.0], [926.0, 793.0, 9328.0], [925.0, 1244.0, 8797.0], [924.0, 1018.0, 9085.0], [924.0, 711.0, 9379.0], [923.0, 1211.0, 8832.0], [923.0, 1102.0, 8984.0], [923.0, 1042.0, 9064.0], [923.0, 872.0, 9228.0], [923.0, 848.0, 9233.0], [922.0, 1239.0, 8838.0], [922.0, 1211.0, 8860.0], [922.0, 1071.0, 9038.0], [921.0, 1103.0, 9006.0], [921.0, 809.0, 9307.0], [919.0, 829.0, 9288.0], [918.0, 1307.0, 8743.0], [918.0, 825.0, 9294.0], [917.0, 753.0, 9347.0], [917.0, 718.0, 9360.0], [916.0, 1001.0, 9101.0], [915.0, 1016.0, 9090.0], [915.0, 918.0, 9176.0], [915.0, 836.0, 9292.0], [915.0, 824.0, 9323.0], [915.0, 713.0, 9368.0], [915.0, 700.0, 9443.0], [914.0, 1118.0, 8944.0], [914.0, 999.0, 9106.0], [913.0, 1067.0, 9044.0], [912.0, 1147.0, 8915.0], [912.0, 1037.0, 9077.0], [911.0, 793.0, 9366.0], [910.0, 1028.0, 9084.0], [910.0, 683.0, 9494.0], [909.0, 1321.0, 8741.0], [909.0, 1052.0, 9063.0], [909.0, 916.0, 9214.0], [908.0, 1133.0, 8960.0], [908.0, 1014.0, 9122.0], [907.0, 996.0, 9126.0], [907.0, 928.0, 9198.0], [907.0, 836.0, 9297.0], [907.0, 494.0, 9520.0], [906.0, 706.0, 9426.0], [905.0, 945.0, 9148.0], [905.0, 916.0, 9226.0], [905.0, 863.0, 9264.0], [904.0, 1250.0, 8814.0], [904.0, 1225.0, 8870.0], [904.0, 624.0, 9522.0], [903.0, 1341.0, 8614.0], [903.0, 1336.0, 8757.0], [903.0, 1119.0, 8966.0], [903.0, 1089.0, 9020.0], [903.0, 1056.0, 9053.0], [903.0, 921.0, 9220.0], [903.0, 872.0, 9235.0], [903.0, 761.0, 9376.0], [902.0, 880.0, 9242.0], [901.0, 948.0, 9146.0], [901.0, 939.0, 9158.0], [901.0, 734.0, 9419.0], [900.0, 944.0, 9158.0], [899.0, 960.0, 9164.0], [899.0, 858.0, 9280.0], [899.0, 742.0, 9431.0], [898.0, 1240.0, 8886.0], [898.0, 1150.0, 8943.0], [896.0, 1163.0, 8913.0], [896.0, 835.0, 9313.0], [895.0, 966.0, 9166.0], [895.0, 950.0, 9190.0], [895.0, 904.0, 9234.0], [895.0, 849.0, 9288.0], [895.0, 749.0, 9435.0], [894.0, 1051.0, 9087.0], [893.0, 1244.0, 8834.0], [893.0, 1017.0, 9108.0], [893.0, 886.0, 9238.0], [890.0, 1171.0, 8923.0], [890.0, 1167.0, 8933.0], [889.0, 1269.0, 8775.0], [889.0, 1200.0, 8897.0], [889.0, 1176.0, 8903.0], [889.0, 965.0, 9206.0], [889.0, 864.0, 9304.0], [888.0, 1094.0, 9033.0], [887.0, 1158.0, 8938.0], [887.0, 732.0, 9449.0], [885.0, 975.0, 9170.0], [885.0, 870.0, 9251.0], [885.0, 776.0, 9407.0], [884.0, 1186.0, 8939.0], [883.0, 1015.0, 9118.0], [883.0, 558.0, 9561.0], [882.0, 1277.0, 8761.0], [882.0, 1024.0, 9096.0], [882.0, 869.0, 9289.0], [881.0, 847.0, 9318.0], [880.0, 1066.0, 9089.0], [880.0, 993.0, 9150.0], [880.0, 877.0, 9301.0], [879.0, 1359.0, 8600.0], [879.0, 565.0, 9565.0], [878.0, 1047.0, 9093.0], [876.0, 1085.0, 9060.0], [876.0, 884.0, 9305.0], [876.0, 581.0, 9560.0], [875.0, 1100.0, 9032.0], [875.0, 829.0, 9346.0], [874.0, 1107.0, 8992.0], [874.0, 1070.0, 9065.0], [874.0, 947.0, 9239.0], [873.0, 1374.0, 8616.0], [873.0, 1272.0, 8786.0], [873.0, 1140.0, 8986.0], [871.0, 786.0, 9406.0], [870.0, 1100.0, 9076.0], [870.0, 998.0, 9127.0], [870.0, 856.0, 9312.0], [869.0, 1190.0, 8900.0], [869.0, 592.0, 9537.0], [868.0, 962.0, 9255.0], [866.0, 1283.0, 8802.0], [866.0, 911.0, 9277.0], [865.0, 1369.0, 8745.0], [865.0, 1104.0, 9024.0], [864.0, 1154.0, 8958.0], [864.0, 1130.0, 8993.0], [861.0, 1209.0, 8890.0], [861.0, 993.0, 9152.0], [861.0, 989.0, 9161.0], [861.0, 772.0, 9430.0], [861.0, 661.0, 9508.0], [860.0, 1159.0, 8941.0], [860.0, 717.0, 9450.0], [858.0, 472.0, 9680.0], [856.0, 964.0, 9216.0], [855.0, 991.0, 9170.0], [855.0, 602.0, 9536.0], [854.0, 832.0, 9319.0], [852.0, 1003.0, 9135.0], [852.0, 921.0, 9276.0], [852.0, 785.0, 9427.0], [852.0, 700.0, 9464.0], [852.0, 595.0, 9540.0], [851.0, 1212.0, 8896.0], [850.0, 894.0, 9279.0], [850.0, 694.0, 9499.0], [849.0, 1251.0, 8827.0], [849.0, 1206.0, 8909.0], [849.0, 1150.0, 8964.0], [849.0, 1034.0, 9115.0], [849.0, 584.0, 9627.0], [848.0, 1042.0, 9166.0], [848.0, 792.0, 9431.0], [846.0, 860.0, 9315.0], [846.0, 715.0, 9480.0], [845.0, 1227.0, 8912.0], [845.0, 817.0, 9387.0], [842.0, 1008.0, 9202.0], [842.0, 910.0, 9289.0], [842.0, 907.0, 9300.0], [841.0, 852.0, 9320.0], [840.0, 830.0, 9349.0], [838.0, 819.0, 9403.0], [837.0, 1229.0, 8935.0], [835.0, 1164.0, 8953.0], [835.0, 1068.0, 9091.0], [834.0, 1043.0, 9108.0], [834.0, 985.0, 9250.0], [834.0, 764.0, 9432.0], [834.0, 757.0, 9434.0], [833.0, 1053.0, 9096.0], [832.0, 1133.0, 9064.0], [832.0, 834.0, 9419.0], [829.0, 633.0, 9517.0], [828.0, 1166.0, 8945.0], [828.0, 944.0, 9265.0], [827.0, 1137.0, 9012.0], [827.0, 862.0, 9319.0], [827.0, 726.0, 9470.0], [826.0, 1178.0, 8964.0], [826.0, 740.0, 9445.0], [822.0, 1233.0, 8896.0], [822.0, 959.0, 9281.0], [822.0, 709.0, 9521.0], [821.0, 1078.0, 9090.0], [821.0, 841.0, 9339.0], [820.0, 860.0, 9345.0], [820.0, 755.0, 9461.0], [817.0, 725.0, 9513.0], [817.0, 622.0, 9581.0], [816.0, 1103.0, 9071.0], [816.0, 650.0, 9549.0], [815.0, 1077.0, 9096.0], [814.0, 1146.0, 8995.0], [813.0, 1260.0, 8867.0], [813.0, 1202.0, 8937.0], [813.0, 760.0, 9446.0], [812.0, 738.0, 9475.0], [811.0, 1183.0, 8952.0], [811.0, 1067.0, 9103.0], [811.0, 884.0, 9307.0], [811.0, 768.0, 9458.0], [807.0, 1275.0, 8883.0], [807.0, 875.0, 9315.0], [807.0, 775.0, 9462.0], [804.0, 1201.0, 8982.0], [802.0, 1139.0, 9020.0], [802.0, 1048.0, 9119.0], [802.0, 855.0, 9433.0], [801.0, 1009.0, 9169.0], [801.0, 991.0, 9233.0], [801.0, 893.0, 9320.0], [801.0, 890.0, 9331.0], [798.0, 1270.0, 8908.0], [798.0, 860.0, 9383.0], [797.0, 1101.0, 9079.0], [797.0, 802.0, 9434.0], [796.0, 1212.0, 8966.0], [796.0, 999.0, 9223.0], [794.0, 1052.0, 9119.0], [794.0, 867.0, 9407.0], [793.0, 1139.0, 9023.0], [792.0, 666.0, 9556.0], [791.0, 1116.0, 9095.0], [790.0, 1073.0, 9120.0], [789.0, 1058.0, 9121.0], [788.0, 1125.0, 9065.0], [787.0, 1018.0, 9192.0], [787.0, 927.0, 9296.0], [787.0, 649.0, 9607.0], [784.0, 894.0, 9311.0], [782.0, 1076.0, 9106.0], [782.0, 882.0, 9339.0], [781.0, 789.0, 9472.0], [779.0, 1120.0, 9090.0], [776.0, 708.0, 9544.0], [773.0, 937.0, 9295.0], [773.0, 801.0, 9446.0], [773.0, 798.0, 9457.0], [769.0, 1308.0, 8871.0], [769.0, 991.0, 9264.0], [768.0, 1120.0, 9092.0], [767.0, 1017.0, 9197.0], [767.0, 823.0, 9448.0], [763.0, 1024.0, 9221.0], [761.0, 838.0, 9464.0], [760.0, 1033.0, 9191.0], [758.0, 1245.0, 8954.0], [757.0, 1089.0, 9175.0], [753.0, 850.0, 9438.0], [750.0, 996.0, 9249.0], [749.0, 887.0, 9416.0], [741.0, 1168.0, 9061.0], [741.0, 918.0, 9375.0], [741.0, 899.0, 9390.0], [741.0, 892.0, 9392.0], [733.0, 746.0, 9590.0], [729.0, 751.0, 9540.0], [727.0, 861.0, 9459.0]]
