heur = false
LBS_limit = 3
preproc = 0
tight_root = 0
total_time = 1800.08
NDP = 996
total_nodes = 42553
pruned_nodes = 21262
pruned_dominance_nodes = 10530
heur_time = 0.0
Y_N = Any[[1286.0, 718.0, 8137.0], [1269.0, 722.0, 8132.0], [1268.0, 744.0, 8420.0], [1260.0, 706.0, 8465.0], [1254.0, 638.0, 8567.0], [1248.0, 911.0, 8246.0], [1245.0, 598.0, 8632.0], [1242.0, 922.0, 7954.0], [1242.0, 732.0, 8608.0], [1239.0, 752.0, 8454.0], [1235.0, 727.0, 8617.0], [1233.0, 763.0, 8582.0], [1231.0, 780.0, 8344.0], [1228.0, 626.0, 8755.0], [1219.0, 657.0, 8729.0], [1219.0, 586.0, 8820.0], [1218.0, 777.0, 8439.0], [1215.0, 795.0, 8426.0], [1213.0, 767.0, 8598.0], [1213.0, 740.0, 8642.0], [1209.0, 806.0, 8554.0], [1209.0, 715.0, 8665.0], [1207.0, 751.0, 8630.0], [1206.0, 901.0, 8444.0], [1206.0, 735.0, 8651.0], [1206.0, 666.0, 8736.0], [1202.0, 705.0, 8692.0], [1200.0, 912.0, 8292.0], [1200.0, 746.0, 8639.0], [1199.0, 634.0, 8789.0], [1197.0, 626.0, 8801.0], [1195.0, 701.0, 8704.0], [1194.0, 590.0, 8830.0], [1193.0, 645.0, 8777.0], [1192.0, 765.0, 8627.0], [1189.0, 783.0, 8614.0], [1187.0, 755.0, 8646.0], [1187.0, 646.0, 8737.0], [1185.0, 760.0, 8636.0], [1183.0, 794.0, 8602.0], [1183.0, 707.0, 8717.0], [1182.0, 779.0, 8626.0], [1181.0, 743.0, 8682.0], [1180.0, 723.0, 8699.0], [1179.0, 841.0, 8563.0], [1178.0, 659.0, 8774.0], [1178.0, 606.0, 8802.0], [1176.0, 790.0, 8614.0], [1176.0, 670.0, 8731.0], [1175.0, 678.0, 8764.0], [1175.0, 674.0, 8793.0], [1174.0, 738.0, 8691.0], [1170.0, 634.0, 8805.0], [1169.0, 689.0, 8752.0], [1168.0, 942.0, 8039.0], [1168.0, 817.0, 8577.0], [1168.0, 808.0, 8599.0], [1168.0, 669.0, 8802.0], [1167.0, 637.0, 8829.0], [1166.0, 747.0, 8718.0], [1163.0, 843.0, 8573.0], [1162.0, 953.0, 7607.0], [1161.0, 804.0, 8611.0], [1161.0, 697.0, 8733.0], [1159.0, 748.0, 8684.0], [1157.0, 786.0, 8654.0], [1156.0, 767.0, 8674.0], [1154.0, 715.0, 8751.0], [1153.0, 680.0, 8786.0], [1152.0, 594.0, 8850.0], [1150.0, 782.0, 8666.0], [1150.0, 751.0, 8683.0], [1150.0, 678.0, 8803.0], [1149.0, 693.0, 8756.0], [1148.0, 867.0, 8499.0], [1148.0, 726.0, 8739.0], [1147.0, 591.0, 8880.0], [1146.0, 709.0, 8783.0], [1146.0, 605.0, 8838.0], [1145.0, 797.0, 8612.0], [1145.0, 759.0, 8706.0], [1144.0, 646.0, 8858.0], [1143.0, 681.0, 8804.0], [1143.0, 673.0, 8812.0], [1142.0, 657.0, 8850.0], [1141.0, 819.0, 8575.0], [1141.0, 781.0, 8671.0], [1140.0, 597.0, 8866.0], [1137.0, 831.0, 8621.0], [1136.0, 668.0, 8838.0], [1136.0, 591.0, 8894.0], [1135.0, 884.0, 8565.0], [1135.0, 792.0, 8659.0], [1135.0, 587.0, 8903.0], [1131.0, 842.0, 8609.0], [1130.0, 759.0, 8726.0], [1129.0, 797.0, 8640.0], [1129.0, 746.0, 8738.0], [1128.0, 711.0, 8782.0], [1128.0, 684.0, 8796.0], [1127.0, 881.0, 8586.0], [1127.0, 782.0, 8703.0], [1126.0, 932.0, 8377.0], [1126.0, 809.0, 8685.0], [1126.0, 721.0, 8775.0], [1124.0, 770.0, 8714.0], [1123.0, 723.0, 8759.0], [1121.0, 558.0, 8919.0], [1120.0, 943.0, 8085.0], [1120.0, 777.0, 8712.0], [1120.0, 697.0, 8831.0], [1119.0, 747.0, 8754.0], [1119.0, 717.0, 8787.0], [1119.0, 691.0, 8834.0], [1118.0, 736.0, 8756.0], [1117.0, 661.0, 8860.0], [1117.0, 582.0, 8935.0], [1116.0, 649.0, 8902.0], [1114.0, 708.0, 8819.0], [1113.0, 758.0, 8742.0], [1112.0, 742.0, 8763.0], [1110.0, 579.0, 8942.0], [1109.0, 692.0, 8852.0], [1108.0, 725.0, 8818.0], [1107.0, 786.0, 8719.0], [1106.0, 753.0, 8751.0], [1106.0, 751.0, 8763.0], [1105.0, 832.0, 8645.0], [1104.0, 630.0, 8903.0], [1103.0, 825.0, 8675.0], [1103.0, 657.0, 8889.0], [1103.0, 595.0, 8931.0], [1102.0, 675.0, 8857.0], [1101.0, 872.0, 8595.0], [1101.0, 813.0, 8695.0], [1101.0, 720.0, 8827.0], [1101.0, 598.0, 8926.0], [1100.0, 821.0, 8705.0], [1100.0, 754.0, 8772.0], [1099.0, 689.0, 8903.0], [1099.0, 586.0, 8944.0], [1097.0, 761.0, 8741.0], [1097.0, 731.0, 8815.0], [1097.0, 628.0, 8907.0], [1096.0, 781.0, 8738.0], [1096.0, 575.0, 8971.0], [1095.0, 622.0, 8916.0], [1095.0, 593.0, 8939.0], [1094.0, 765.0, 8760.0], [1094.0, 695.0, 8844.0], [1093.0, 874.0, 8623.0], [1093.0, 739.0, 8806.0], [1093.0, 705.0, 8835.0], [1092.0, 826.0, 8694.0], [1092.0, 595.0, 8954.0], [1091.0, 653.0, 8912.0], [1090.0, 824.0, 8712.0], [1090.0, 599.0, 8943.0], [1089.0, 776.0, 8747.0], [1089.0, 583.0, 8964.0], [1087.0, 885.0, 8611.0], [1087.0, 613.0, 8926.0], [1086.0, 734.0, 8815.0], [1086.0, 623.0, 8917.0], [1085.0, 880.0, 8640.0], [1085.0, 600.0, 8936.0], [1084.0, 823.0, 8715.0], [1084.0, 623.0, 8929.0], [1084.0, 571.0, 8994.0], [1083.0, 729.0, 8828.0], [1082.0, 828.0, 8669.0], [1082.0, 744.0, 8781.0], [1082.0, 700.0, 8856.0], [1082.0, 663.0, 8907.0], [1082.0, 554.0, 9000.0], [1081.0, 630.0, 8917.0], [1080.0, 850.0, 8643.0], [1080.0, 741.0, 8799.0], [1079.0, 701.0, 8864.0], [1079.0, 527.0, 9015.0], [1078.0, 719.0, 8832.0], [1078.0, 618.0, 8951.0], [1078.0, 584.0, 8981.0], [1077.0, 779.0, 8740.0], [1077.0, 691.0, 8888.0], [1076.0, 798.0, 8747.0], [1076.0, 724.0, 8837.0], [1075.0, 708.0, 8875.0], [1075.0, 665.0, 8907.0], [1073.0, 585.0, 8974.0], [1073.0, 574.0, 8992.0], [1072.0, 653.0, 8915.0], [1072.0, 633.0, 8943.0], [1072.0, 606.0, 8960.0], [1071.0, 749.0, 8789.0], [1071.0, 607.0, 8963.0], [1071.0, 590.0, 8967.0], [1070.0, 809.0, 8735.0], [1070.0, 753.0, 8808.0], [1070.0, 739.0, 8819.0], [1069.0, 719.0, 8863.0], [1069.0, 637.0, 8917.0], [1068.0, 757.0, 8812.0], [1068.0, 722.0, 8839.0], [1067.0, 862.0, 8671.0], [1067.0, 697.0, 8887.0], [1066.0, 814.0, 8742.0], [1066.0, 739.0, 8848.0], [1066.0, 667.0, 8915.0], [1066.0, 665.0, 8917.0], [1064.0, 766.0, 8762.0], [1064.0, 742.0, 8831.0], [1064.0, 640.0, 8919.0], [1064.0, 525.0, 9045.0], [1063.0, 832.0, 8716.0], [1063.0, 764.0, 8831.0], [1063.0, 632.0, 8948.0], [1062.0, 669.0, 8904.0], [1062.0, 550.0, 9011.0], [1061.0, 653.0, 8967.0], [1061.0, 607.0, 8977.0], [1061.0, 580.0, 9023.0], [1060.0, 825.0, 8730.0], [1060.0, 722.0, 8863.0], [1060.0, 714.0, 8884.0], [1060.0, 703.0, 8888.0], [1060.0, 615.0, 8969.0], [1060.0, 594.0, 8981.0], [1059.0, 812.0, 8749.0], [1059.0, 662.0, 8924.0], [1059.0, 588.0, 8984.0], [1058.0, 811.0, 8763.0], [1058.0, 588.0, 8989.0], [1057.0, 862.0, 8694.0], [1057.0, 775.0, 8783.0], [1057.0, 672.0, 8952.0], [1056.0, 864.0, 8707.0], [1056.0, 827.0, 8738.0], [1056.0, 688.0, 8904.0], [1056.0, 608.0, 8970.0], [1055.0, 915.0, 8498.0], [1055.0, 792.0, 8806.0], [1055.0, 674.0, 8917.0], [1054.0, 733.0, 8851.0], [1053.0, 562.0, 9034.0], [1052.0, 742.0, 8859.0], [1052.0, 610.0, 9003.0], [1051.0, 871.0, 8666.0], [1051.0, 681.0, 8912.0], [1050.0, 816.0, 8752.0], [1050.0, 712.0, 8885.0], [1049.0, 700.0, 8927.0], [1049.0, 642.0, 8972.0], [1047.0, 912.0, 8519.0], [1047.0, 766.0, 8841.0], [1047.0, 566.0, 9044.0], [1046.0, 621.0, 8991.0], [1045.0, 731.0, 8861.0], [1045.0, 658.0, 8953.0], [1044.0, 827.0, 8740.0], [1044.0, 801.0, 8787.0], [1044.0, 705.0, 8898.0], [1043.0, 870.0, 8698.0], [1043.0, 825.0, 8760.0], [1043.0, 701.0, 8899.0], [1042.0, 822.0, 8769.0], [1042.0, 710.0, 8887.0], [1042.0, 538.0, 9061.0], [1041.0, 702.0, 8901.0], [1041.0, 662.0, 8958.0], [1040.0, 727.0, 8896.0], [1040.0, 659.0, 8967.0], [1040.0, 583.0, 9017.0], [1039.0, 794.0, 8816.0], [1039.0, 778.0, 8827.0], [1039.0, 693.0, 8948.0], [1039.0, 586.0, 9016.0], [1038.0, 743.0, 8871.0], [1037.0, 756.0, 8847.0], [1036.0, 772.0, 8835.0], [1035.0, 706.0, 8899.0], [1034.0, 664.0, 8953.0], [1034.0, 602.0, 9053.0], [1033.0, 722.0, 8905.0], [1033.0, 654.0, 8976.0], [1032.0, 802.0, 8772.0], [1032.0, 773.0, 8836.0], [1032.0, 564.0, 9054.0], [1031.0, 738.0, 8880.0], [1030.0, 796.0, 8816.0], [1030.0, 680.0, 8956.0], [1029.0, 662.0, 8965.0], [1029.0, 619.0, 9032.0], [1028.0, 706.0, 8916.0], [1028.0, 542.0, 9068.0], [1027.0, 746.0, 8869.0], [1027.0, 520.0, 9095.0], [1025.0, 741.0, 8893.0], [1025.0, 622.0, 9026.0], [1024.0, 704.0, 8937.0], [1024.0, 575.0, 9073.0], [1023.0, 630.0, 9020.0], [1023.0, 531.0, 9077.0], [1022.0, 657.0, 8974.0], [1021.0, 903.0, 8528.0], [1021.0, 831.0, 8770.0], [1021.0, 789.0, 8827.0], [1021.0, 754.0, 8889.0], [1020.0, 804.0, 8780.0], [1020.0, 774.0, 8845.0], [1020.0, 675.0, 8963.0], [1020.0, 560.0, 9077.0], [1019.0, 646.0, 9001.0], [1018.0, 815.0, 8788.0], [1018.0, 736.0, 8902.0], [1018.0, 664.0, 8969.0], [1017.0, 858.0, 8746.0], [1017.0, 802.0, 8807.0], [1017.0, 761.0, 8880.0], [1017.0, 706.0, 8933.0], [1017.0, 650.0, 9001.0], [1016.0, 810.0, 8817.0], [1016.0, 702.0, 8939.0], [1016.0, 620.0, 9037.0], [1015.0, 765.0, 8877.0], [1015.0, 658.0, 8994.0], [1014.0, 854.0, 8765.0], [1014.0, 798.0, 8826.0], [1014.0, 719.0, 8948.0], [1014.0, 676.0, 8962.0], [1013.0, 905.0, 8696.0], [1013.0, 806.0, 8836.0], [1013.0, 782.0, 8864.0], [1012.0, 642.0, 9034.0], [1011.0, 811.0, 8790.0], [1010.0, 756.0, 8889.0], [1010.0, 684.0, 8956.0], [1009.0, 698.0, 8951.0], [1009.0, 606.0, 9063.0], [1008.0, 653.0, 9003.0], [1008.0, 644.0, 9017.0], [1007.0, 916.0, 8544.0], [1007.0, 818.0, 8771.0], [1007.0, 793.0, 8852.0], [1007.0, 714.0, 8957.0], [1007.0, 671.0, 8971.0], [1006.0, 766.0, 8865.0], [1006.0, 761.0, 8884.0], [1006.0, 729.0, 8910.0], [1006.0, 672.0, 8965.0], [1005.0, 911.0, 8573.0], [1005.0, 726.0, 8928.0], [1003.0, 711.0, 8973.0], [1003.0, 654.0, 9017.0], [1003.0, 535.0, 9120.0], [1002.0, 866.0, 8740.0], [1002.0, 816.0, 8804.0], [1002.0, 676.0, 9017.0], [1002.0, 619.0, 9039.0], [1002.0, 581.0, 9066.0], [1001.0, 818.0, 8779.0], [1000.0, 812.0, 8827.0], [1000.0, 772.0, 8872.0], [1000.0, 567.0, 9094.0], [999.0, 737.0, 8916.0], [999.0, 578.0, 9085.0], [998.0, 846.0, 8797.0], [998.0, 814.0, 8819.0], [998.0, 503.0, 9125.0], [997.0, 685.0, 9018.0], [997.0, 622.0, 9072.0], [996.0, 649.0, 9026.0], [995.0, 739.0, 8948.0], [995.0, 537.0, 9121.0], [994.0, 762.0, 8893.0], [994.0, 704.0, 8992.0], [994.0, 579.0, 9078.0], [993.0, 623.0, 9040.0], [992.0, 724.0, 8950.0], [991.0, 821.0, 8801.0], [989.0, 567.0, 9108.0], [989.0, 522.0, 9136.0], [989.0, 515.0, 9148.0], [988.0, 842.0, 8813.0], [988.0, 786.0, 8874.0], [988.0, 772.0, 8884.0], [988.0, 623.0, 9046.0], [988.0, 563.0, 9117.0], [987.0, 823.0, 8815.0], [987.0, 794.0, 8884.0], [987.0, 596.0, 9075.0], [986.0, 845.0, 8815.0], [986.0, 541.0, 9122.0], [985.0, 826.0, 8824.0], [985.0, 743.0, 8899.0], [985.0, 650.0, 9038.0], [984.0, 744.0, 8937.0], [984.0, 658.0, 9066.0], [984.0, 523.0, 9129.0], [983.0, 795.0, 8868.0], [983.0, 686.0, 8999.0], [983.0, 580.0, 9095.0], [983.0, 535.0, 9134.0], [982.0, 800.0, 8864.0], [982.0, 760.0, 8912.0], [982.0, 728.0, 8960.0], [982.0, 669.0, 9022.0], [982.0, 601.0, 9081.0], [981.0, 702.0, 9005.0], [981.0, 541.0, 9128.0], [980.0, 758.0, 8917.0], [980.0, 753.0, 8936.0], [979.0, 893.0, 8726.0], [979.0, 821.0, 8828.0], [979.0, 776.0, 8890.0], [978.0, 842.0, 8836.0], [978.0, 773.0, 8899.0], [978.0, 584.0, 9101.0], [977.0, 602.0, 9074.0], [977.0, 576.0, 9123.0], [976.0, 719.0, 8977.0], [976.0, 603.0, 9077.0], [976.0, 560.0, 9130.0], [976.0, 485.0, 9173.0], [975.0, 664.0, 9031.0], [975.0, 542.0, 9139.0], [974.0, 556.0, 9138.0], [973.0, 850.0, 8807.0], [973.0, 800.0, 8871.0], [973.0, 710.0, 8992.0], [973.0, 596.0, 9096.0], [972.0, 853.0, 8819.0], [972.0, 797.0, 8880.0], [972.0, 764.0, 8916.0], [972.0, 681.0, 9020.0], [972.0, 538.0, 9144.0], [972.0, 525.0, 9161.0], [971.0, 796.0, 8894.0], [970.0, 847.0, 8825.0], [970.0, 743.0, 8958.0], [970.0, 637.0, 9074.0], [969.0, 812.0, 8869.0], [969.0, 798.0, 8886.0], [969.0, 758.0, 8934.0], [968.0, 567.0, 9126.0], [968.0, 517.0, 9168.0], [967.0, 626.0, 9088.0], [966.0, 705.0, 9001.0], [966.0, 603.0, 9091.0], [966.0, 576.0, 9137.0], [965.0, 609.0, 9091.0], [965.0, 572.0, 9146.0], [964.0, 556.0, 9153.0], [964.0, 500.0, 9189.0], [963.0, 901.0, 8771.0], [963.0, 696.0, 9015.0], [963.0, 611.0, 9092.0], [963.0, 557.0, 9155.0], [963.0, 555.0, 9156.0], [962.0, 764.0, 8936.0], [961.0, 749.0, 8941.0], [961.0, 588.0, 9127.0], [960.0, 758.0, 8969.0], [960.0, 720.0, 8983.0], [959.0, 814.0, 8872.0], [959.0, 773.0, 8922.0], [959.0, 762.0, 8944.0], [959.0, 675.0, 9035.0], [959.0, 649.0, 9082.0], [958.0, 736.0, 8989.0], [958.0, 612.0, 9118.0], [958.0, 558.0, 9148.0], [958.0, 527.0, 9173.0], [958.0, 511.0, 9177.0], [957.0, 659.0, 9058.0], [956.0, 810.0, 8891.0], [956.0, 720.0, 9012.0], [956.0, 677.0, 9026.0], [955.0, 724.0, 8990.0], [953.0, 753.0, 8978.0], [953.0, 664.0, 9043.0], [952.0, 833.0, 8845.0], [952.0, 768.0, 8931.0], [952.0, 761.0, 8947.0], [952.0, 675.0, 9040.0], [952.0, 650.0, 9068.0], [951.0, 776.0, 8915.0], [951.0, 625.0, 9094.0], [951.0, 618.0, 9112.0], [951.0, 607.0, 9127.0], [949.0, 652.0, 9079.0], [948.0, 697.0, 9013.0], [947.0, 671.0, 9058.0], [946.0, 841.0, 8867.0], [946.0, 785.0, 8928.0], [946.0, 694.0, 9019.0], [946.0, 669.0, 9068.0], [946.0, 658.0, 9072.0], [946.0, 622.0, 9100.0], [945.0, 787.0, 8903.0], [945.0, 655.0, 9081.0], [944.0, 835.0, 8873.0], [944.0, 708.0, 9013.0], [944.0, 698.0, 9029.0], [944.0, 582.0, 9130.0], [944.0, 531.0, 9180.0], [944.0, 515.0, 9197.0], [943.0, 800.0, 8917.0], [943.0, 509.0, 9207.0], [942.0, 582.0, 9140.0], [941.0, 785.0, 8962.0], [941.0, 730.0, 9005.0], [941.0, 602.0, 9135.0], [941.0, 534.0, 9173.0], [940.0, 750.0, 9006.0], [940.0, 693.0, 9049.0], [940.0, 631.0, 9094.0], [940.0, 591.0, 9139.0], [940.0, 589.0, 9140.0], [940.0, 564.0, 9185.0], [939.0, 677.0, 9074.0], [939.0, 601.0, 9143.0], [939.0, 515.0, 9203.0], [938.0, 846.0, 8861.0], [938.0, 616.0, 9134.0], [937.0, 833.0, 8880.0], [937.0, 811.0, 8905.0], [937.0, 689.0, 9063.0], [937.0, 632.0, 9102.0], [936.0, 841.0, 8890.0], [936.0, 704.0, 9019.0], [936.0, 574.0, 9152.0], [935.0, 648.0, 9108.0], [934.0, 885.0, 8838.0], [934.0, 725.0, 9014.0], [934.0, 666.0, 9076.0], [934.0, 655.0, 9090.0], [934.0, 469.0, 9232.0], [934.0, 459.0, 9248.0], [933.0, 813.0, 8937.0], [933.0, 602.0, 9137.0], [933.0, 555.0, 9190.0], [933.0, 526.0, 9198.0], [933.0, 516.0, 9214.0], [932.0, 778.0, 8981.0], [932.0, 618.0, 9123.0], [932.0, 598.0, 9168.0], [932.0, 546.0, 9196.0], [932.0, 519.0, 9225.0], [931.0, 849.0, 8861.0], [930.0, 798.0, 8939.0], [930.0, 708.0, 9060.0], [930.0, 510.0, 9253.0], [929.0, 795.0, 8948.0], [929.0, 736.0, 9010.0], [928.0, 523.0, 9204.0], [927.0, 741.0, 9026.0], [927.0, 651.0, 9102.0], [927.0, 625.0, 9109.0], [927.0, 551.0, 9203.0], [926.0, 635.0, 9132.0], [926.0, 560.0, 9214.0], [925.0, 605.0, 9136.0], [925.0, 601.0, 9146.0], [925.0, 595.0, 9175.0], [925.0, 578.0, 9182.0], [925.0, 481.0, 9255.0], [925.0, 471.0, 9271.0], [924.0, 670.0, 9086.0], [924.0, 583.0, 9177.0], [923.0, 703.0, 9069.0], [923.0, 644.0, 9131.0], [922.0, 732.0, 9055.0], [921.0, 607.0, 9168.0], [920.0, 843.0, 8900.0], [920.0, 646.0, 9120.0], [920.0, 617.0, 9140.0], [920.0, 469.0, 9285.0], [919.0, 749.0, 9013.0], [918.0, 764.0, 8989.0], [918.0, 616.0, 9148.0], [918.0, 608.0, 9151.0], [918.0, 519.0, 9228.0], [917.0, 598.0, 9169.0], [917.0, 501.0, 9259.0], [916.0, 705.0, 9064.0], [915.0, 680.0, 9070.0], [915.0, 658.0, 9109.0], [914.0, 793.0, 8966.0], [914.0, 619.0, 9142.0], [914.0, 602.0, 9177.0], [914.0, 556.0, 9237.0], [913.0, 471.0, 9294.0], [912.0, 744.0, 9022.0], [912.0, 638.0, 9138.0], [912.0, 473.0, 9276.0], [911.0, 770.0, 8991.0], [911.0, 759.0, 8998.0], [911.0, 568.0, 9183.0], [910.0, 823.0, 8903.0], [910.0, 662.0, 9111.0], [910.0, 638.0, 9149.0], [909.0, 675.0, 9076.0], [909.0, 665.0, 9092.0], [909.0, 627.0, 9152.0], [909.0, 528.0, 9254.0], [908.0, 876.0, 8847.0], [908.0, 817.0, 8947.0], [908.0, 803.0, 8957.0], [908.0, 681.0, 9090.0], [908.0, 623.0, 9161.0], [908.0, 494.0, 9267.0], [907.0, 825.0, 8957.0], [907.0, 742.0, 9044.0], [907.0, 602.0, 9178.0], [906.0, 606.0, 9171.0], [906.0, 567.0, 9186.0], [906.0, 557.0, 9219.0], [904.0, 831.0, 8925.0], [904.0, 775.0, 9010.0], [903.0, 657.0, 9120.0], [903.0, 598.0, 9182.0], [903.0, 583.0, 9197.0], [902.0, 759.0, 9033.0], [902.0, 697.0, 9083.0], [902.0, 672.0, 9124.0], [902.0, 629.0, 9159.0], [902.0, 505.0, 9255.0], [901.0, 733.0, 9078.0], [901.0, 683.0, 9084.0], [901.0, 639.0, 9150.0], [900.0, 737.0, 9053.0], [900.0, 615.0, 9171.0], [900.0, 453.0, 9303.0], [899.0, 852.0, 8901.0], [899.0, 587.0, 9227.0], [899.0, 510.0, 9269.0], [899.0, 475.0, 9301.0], [898.0, 658.0, 9134.0], [897.0, 607.0, 9178.0], [896.0, 677.0, 9113.0], [895.0, 642.0, 9135.0], [895.0, 590.0, 9203.0], [894.0, 831.0, 8948.0], [894.0, 780.0, 8970.0], [894.0, 639.0, 9152.0], [894.0, 638.0, 9172.0], [894.0, 511.0, 9262.0], [894.0, 510.0, 9288.0], [893.0, 594.0, 9190.0], [893.0, 532.0, 9248.0], [893.0, 505.0, 9303.0], [892.0, 884.0, 8892.0], [892.0, 708.0, 9089.0], [892.0, 600.0, 9203.0], [891.0, 827.0, 8967.0], [891.0, 691.0, 9107.0], [891.0, 653.0, 9143.0], [889.0, 839.0, 8919.0], [889.0, 832.0, 8921.0], [889.0, 789.0, 8983.0], [888.0, 611.0, 9194.0], [888.0, 607.0, 9198.0], [888.0, 590.0, 9225.0], [888.0, 561.0, 9235.0], [887.0, 696.0, 9095.0], [887.0, 622.0, 9189.0], [885.0, 787.0, 8998.0], [885.0, 747.0, 9046.0], [885.0, 645.0, 9146.0], [884.0, 654.0, 9163.0], [883.0, 672.0, 9131.0], [883.0, 615.0, 9200.0], [882.0, 635.0, 9175.0], [882.0, 533.0, 9265.0], [881.0, 795.0, 8980.0], [881.0, 687.0, 9129.0], [880.0, 617.0, 9198.0], [879.0, 541.0, 9278.0], [878.0, 753.0, 9048.0], [878.0, 689.0, 9129.0], [878.0, 673.0, 9134.0], [878.0, 600.0, 9206.0], [877.0, 649.0, 9172.0], [876.0, 747.0, 9081.0], [876.0, 667.0, 9140.0], [876.0, 557.0, 9258.0], [876.0, 543.0, 9278.0], [875.0, 692.0, 9118.0], [875.0, 631.0, 9202.0], [874.0, 725.0, 9101.0], [874.0, 592.0, 9223.0], [874.0, 488.0, 9322.0], [873.0, 770.0, 9020.0], [873.0, 589.0, 9232.0], [873.0, 552.0, 9272.0], [872.0, 855.0, 8917.0], [872.0, 799.0, 9003.0], [872.0, 792.0, 9020.0], [872.0, 650.0, 9186.0], [872.0, 574.0, 9234.0], [871.0, 647.0, 9201.0], [871.0, 594.0, 9223.0], [870.0, 603.0, 9219.0], [869.0, 742.0, 9090.0], [869.0, 559.0, 9267.0], [868.0, 565.0, 9249.0], [868.0, 499.0, 9310.0], [867.0, 622.0, 9203.0], [866.0, 866.0, 8905.0], [866.0, 816.0, 9001.0], [866.0, 700.0, 9141.0], [866.0, 584.0, 9241.0], [866.0, 435.0, 9385.0], [865.0, 818.0, 8976.0], [865.0, 815.0, 9015.0], [865.0, 662.0, 9154.0], [865.0, 624.0, 9209.0], [865.0, 601.0, 9232.0], [863.0, 766.0, 9054.0], [863.0, 660.0, 9170.0], [863.0, 608.0, 9232.0], [863.0, 520.0, 9300.0], [862.0, 772.0, 9040.0], [862.0, 582.0, 9277.0], [860.0, 724.0, 9122.0], [860.0, 663.0, 9147.0], [859.0, 775.0, 9046.0], [859.0, 673.0, 9142.0], [859.0, 556.0, 9279.0], [857.0, 617.0, 9211.0], [857.0, 612.0, 9215.0], [857.0, 607.0, 9252.0], [857.0, 554.0, 9294.0], [857.0, 449.0, 9376.0], [856.0, 794.0, 9030.0], [855.0, 787.0, 9032.0], [855.0, 768.0, 9062.0], [855.0, 590.0, 9255.0], [854.0, 679.0, 9152.0], [854.0, 657.0, 9174.0], [854.0, 500.0, 9324.0], [853.0, 781.0, 9065.0], [853.0, 680.0, 9142.0], [853.0, 513.0, 9307.0], [852.0, 741.0, 9096.0], [852.0, 540.0, 9306.0], [851.0, 678.0, 9179.0], [851.0, 637.0, 9220.0], [850.0, 874.0, 8950.0], [850.0, 818.0, 9011.0], [850.0, 739.0, 9133.0], [850.0, 655.0, 9188.0], [849.0, 826.0, 9021.0], [848.0, 548.0, 9297.0], [846.0, 776.0, 9074.0], [846.0, 654.0, 9192.0], [845.0, 795.0, 9036.0], [844.0, 783.0, 9040.0], [844.0, 673.0, 9188.0], [844.0, 457.0, 9365.0], [843.0, 734.0, 9142.0], [843.0, 656.0, 9192.0], [843.0, 614.0, 9221.0], [843.0, 558.0, 9301.0], [843.0, 540.0, 9315.0], [842.0, 536.0, 9328.0], [841.0, 645.0, 9207.0], [841.0, 614.0, 9225.0], [841.0, 597.0, 9282.0], [840.0, 854.0, 8953.0], [840.0, 612.0, 9235.0], [840.0, 572.0, 9289.0], [839.0, 806.0, 9024.0], [839.0, 693.0, 9149.0], [839.0, 633.0, 9243.0], [839.0, 538.0, 9328.0], [837.0, 749.0, 9090.0], [837.0, 680.0, 9173.0], [837.0, 561.0, 9303.0], [836.0, 542.0, 9324.0], [836.0, 456.0, 9405.0], [835.0, 544.0, 9306.0], [835.0, 506.0, 9367.0], [834.0, 675.0, 9189.0], [834.0, 651.0, 9195.0], [834.0, 605.0, 9260.0], [834.0, 502.0, 9376.0], [833.0, 693.0, 9165.0], [832.0, 699.0, 9151.0], [832.0, 651.0, 9205.0], [831.0, 639.0, 9230.0], [830.0, 782.0, 9078.0], [830.0, 693.0, 9184.0], [830.0, 591.0, 9289.0], [829.0, 797.0, 9046.0], [829.0, 765.0, 9096.0], [829.0, 609.0, 9251.0], [829.0, 578.0, 9303.0], [828.0, 671.0, 9204.0], [828.0, 506.0, 9368.0], [827.0, 695.0, 9184.0], [826.0, 751.0, 9110.0], [825.0, 647.0, 9217.0], [825.0, 557.0, 9326.0], [824.0, 862.0, 8998.0], [824.0, 806.0, 9059.0], [824.0, 792.0, 9069.0], [824.0, 629.0, 9250.0], [823.0, 814.0, 9069.0], [823.0, 688.0, 9193.0], [823.0, 591.0, 9290.0], [822.0, 546.0, 9331.0], [820.0, 764.0, 9122.0], [820.0, 690.0, 9193.0], [819.0, 587.0, 9294.0], [818.0, 701.0, 9159.0], [818.0, 540.0, 9333.0], [817.0, 722.0, 9190.0], [817.0, 606.0, 9273.0], [816.0, 667.0, 9227.0], [816.0, 584.0, 9307.0], [815.0, 631.0, 9262.0], [814.0, 741.0, 9129.0], [814.0, 630.0, 9264.0], [813.0, 576.0, 9308.0], [812.0, 598.0, 9292.0], [812.0, 526.0, 9334.0], [811.0, 639.0, 9244.0], [811.0, 588.0, 9332.0], [810.0, 553.0, 9354.0], [810.0, 530.0, 9372.0], [809.0, 870.0, 8992.0], [809.0, 536.0, 9358.0], [809.0, 494.0, 9415.0], [808.0, 687.0, 9204.0], [808.0, 597.0, 9312.0], [807.0, 816.0, 9079.0], [807.0, 625.0, 9273.0], [806.0, 643.0, 9252.0], [806.0, 564.0, 9345.0], [806.0, 560.0, 9349.0], [805.0, 639.0, 9261.0], [804.0, 601.0, 9291.0], [804.0, 583.0, 9341.0], [803.0, 785.0, 9094.0], [801.0, 826.0, 9053.0], [801.0, 731.0, 9157.0], [801.0, 557.0, 9355.0], [799.0, 635.0, 9265.0], [799.0, 607.0, 9303.0], [798.0, 784.0, 9121.0], [798.0, 505.0, 9384.0], [797.0, 676.0, 9241.0], [797.0, 486.0, 9418.0], [796.0, 621.0, 9278.0], [796.0, 557.0, 9361.0], [796.0, 547.0, 9372.0], [796.0, 534.0, 9379.0], [794.0, 756.0, 9174.0], [794.0, 678.0, 9241.0], [793.0, 618.0, 9291.0], [793.0, 579.0, 9346.0], [791.0, 542.0, 9383.0], [791.0, 501.0, 9418.0], [790.0, 603.0, 9337.0], [790.0, 488.0, 9427.0], [789.0, 549.0, 9381.0], [788.0, 729.0, 9177.0], [788.0, 608.0, 9320.0], [788.0, 551.0, 9363.0], [788.0, 544.0, 9383.0], [786.0, 586.0, 9340.0], [786.0, 528.0, 9399.0], [786.0, 480.0, 9443.0], [784.0, 537.0, 9392.0], [783.0, 788.0, 9111.0], [783.0, 609.0, 9313.0], [783.0, 598.0, 9346.0], [783.0, 486.0, 9467.0], [782.0, 619.0, 9308.0], [782.0, 434.0, 9508.0], [781.0, 730.0, 9181.0], [781.0, 613.0, 9321.0], [781.0, 539.0, 9392.0], [780.0, 631.0, 9300.0], [780.0, 563.0, 9377.0], [779.0, 671.0, 9271.0], [778.0, 571.0, 9389.0], [778.0, 458.0, 9484.0], [777.0, 620.0, 9301.0], [776.0, 641.0, 9284.0], [774.0, 710.0, 9225.0], [774.0, 574.0, 9365.0], [774.0, 539.0, 9393.0], [773.0, 543.0, 9406.0], [771.0, 752.0, 9177.0], [771.0, 712.0, 9225.0], [771.0, 668.0, 9293.0], [767.0, 683.0, 9240.0], [764.0, 462.0, 9491.0], [763.0, 440.0, 9518.0], [762.0, 524.0, 9418.0], [761.0, 693.0, 9231.0], [760.0, 715.0, 9231.0], [760.0, 577.0, 9349.0], [760.0, 495.0, 9496.0], [760.0, 442.0, 9518.0], [759.0, 547.0, 9413.0], [758.0, 764.0, 9182.0], [758.0, 525.0, 9440.0], [757.0, 597.0, 9361.0], [757.0, 586.0, 9394.0], [755.0, 605.0, 9373.0], [755.0, 527.0, 9440.0], [754.0, 733.0, 9197.0], [754.0, 623.0, 9352.0], [752.0, 632.0, 9344.0], [750.0, 536.0, 9421.0], [749.0, 716.0, 9248.0], [749.0, 500.0, 9472.0], [748.0, 744.0, 9185.0], [747.0, 535.0, 9458.0], [746.0, 662.0, 9304.0], [745.0, 749.0, 9187.0], [745.0, 670.0, 9296.0], [744.0, 717.0, 9241.0], [744.0, 638.0, 9334.0], [741.0, 556.0, 9399.0], [740.0, 570.0, 9425.0], [739.0, 444.0, 9523.0], [738.0, 662.0, 9315.0], [738.0, 501.0, 9489.0], [737.0, 670.0, 9325.0], [734.0, 620.0, 9378.0], [734.0, 577.0, 9403.0], [733.0, 535.0, 9461.0], [733.0, 502.0, 9482.0], [732.0, 752.0, 9230.0], [732.0, 517.0, 9492.0], [731.0, 632.0, 9381.0], [731.0, 579.0, 9403.0], [731.0, 578.0, 9446.0], [728.0, 587.0, 9404.0], [727.0, 489.0, 9509.0], [726.0, 550.0, 9463.0], [725.0, 522.0, 9468.0], [722.0, 436.0, 9566.0], [721.0, 672.0, 9335.0], [719.0, 681.0, 9296.0], [718.0, 705.0, 9289.0], [718.0, 689.0, 9306.0], [717.0, 641.0, 9350.0], [716.0, 466.0, 9526.0], [711.0, 652.0, 9338.0], [711.0, 532.0, 9497.0], [710.0, 404.0, 9620.0], [709.0, 473.0, 9543.0], [708.0, 633.0, 9357.0], [708.0, 545.0, 9464.0], [708.0, 534.0, 9497.0], [707.0, 690.0, 9323.0], [707.0, 490.0, 9530.0], [707.0, 474.0, 9547.0], [702.0, 691.0, 9316.0], [702.0, 556.0, 9452.0], [701.0, 419.0, 9624.0], [699.0, 645.0, 9380.0], [696.0, 475.0, 9564.0], [695.0, 660.0, 9383.0], [694.0, 487.0, 9556.0], [694.0, 421.0, 9633.0], [691.0, 476.0, 9557.0], [688.0, 430.0, 9621.0], [682.0, 668.0, 9376.0], [680.0, 425.0, 9640.0], [679.0, 535.0, 9507.0], [676.0, 679.0, 9364.0], [675.0, 504.0, 9522.0], [671.0, 453.0, 9617.0], [669.0, 653.0, 9392.0], [669.0, 515.0, 9510.0], [667.0, 433.0, 9629.0], [665.0, 464.0, 9605.0], [662.0, 600.0, 9441.0], [658.0, 438.0, 9633.0], [653.0, 523.0, 9555.0], [646.0, 608.0, 9486.0], [643.0, 314.0, 9653.0], [640.0, 313.0, 9677.0], [632.0, 561.0, 9545.0], [630.0, 322.0, 9642.0], [627.0, 627.0, 9467.0], [627.0, 301.0, 9828.0], [616.0, 412.0, 9708.0], [590.0, 535.0, 9620.0]]
