heur = false
LBS_limit = 3
preproc = 0
tight_root = 0
total_time = 1800.02
NDP = 1133
total_nodes = 37545
pruned_nodes = 18762
pruned_dominance_nodes = 6797
heur_time = 0.0
Y_N = Any[[1161.0, 680.0, 4348.0], [1135.0, 728.0, 4407.0], [1120.0, 675.0, 4465.0], [1112.0, 742.0, 4102.0], [1104.0, 761.0, 4372.0], [1096.0, 759.0, 4401.0], [1090.0, 718.0, 4434.0], [1089.0, 598.0, 4592.0], [1085.0, 780.0, 4289.0], [1082.0, 683.0, 4447.0], [1077.0, 778.0, 4318.0], [1077.0, 701.0, 4488.0], [1074.0, 639.0, 4581.0], [1071.0, 642.0, 4576.0], [1065.0, 742.0, 4417.0], [1063.0, 646.0, 4519.0], [1061.0, 766.0, 4397.0], [1057.0, 740.0, 4446.0], [1053.0, 764.0, 4426.0], [1048.0, 687.0, 4508.0], [1047.0, 723.0, 4459.0], [1046.0, 670.0, 4559.0], [1045.0, 690.0, 4503.0], [1045.0, 668.0, 4572.0], [1044.0, 791.0, 4420.0], [1041.0, 685.0, 4545.0], [1041.0, 678.0, 4564.0], [1036.0, 796.0, 4415.0], [1036.0, 773.0, 4435.0], [1036.0, 553.0, 4632.0], [1034.0, 706.0, 4513.0], [1032.0, 540.0, 4712.0], [1031.0, 758.0, 4460.0], [1030.0, 615.0, 4630.0], [1028.0, 622.0, 4624.0], [1026.0, 590.0, 4678.0], [1025.0, 810.0, 4337.0], [1024.0, 632.0, 4616.0], [1023.0, 756.0, 4489.0], [1022.0, 632.0, 4661.0], [1017.0, 829.0, 4343.0], [1017.0, 715.0, 4522.0], [1016.0, 637.0, 4623.0], [1014.0, 699.0, 4574.0], [1010.0, 723.0, 4554.0], [1010.0, 601.0, 4691.0], [1008.0, 651.0, 4613.0], [1005.0, 772.0, 4465.0], [1004.0, 786.0, 4470.0], [1002.0, 709.0, 4558.0], [1002.0, 557.0, 4693.0], [1001.0, 796.0, 4445.0], [999.0, 646.0, 4632.0], [999.0, 538.0, 4757.0], [998.0, 848.0, 4392.0], [997.0, 694.0, 4583.0], [996.0, 680.0, 4588.0], [996.0, 669.0, 4632.0], [996.0, 609.0, 4665.0], [995.0, 670.0, 4612.0], [995.0, 548.0, 4749.0], [993.0, 732.0, 4563.0], [993.0, 555.0, 4743.0], [992.0, 744.0, 4522.0], [992.0, 675.0, 4630.0], [992.0, 645.0, 4675.0], [991.0, 676.0, 4604.0], [991.0, 631.0, 4685.0], [989.0, 692.0, 4612.0], [988.0, 607.0, 4694.0], [987.0, 657.0, 4657.0], [987.0, 571.0, 4723.0], [986.0, 703.0, 4635.0], [984.0, 805.0, 4454.0], [983.0, 595.0, 4703.0], [982.0, 763.0, 4506.0], [982.0, 566.0, 4727.0], [981.0, 755.0, 4507.0], [981.0, 616.0, 4690.0], [981.0, 582.0, 4741.0], [980.0, 773.0, 4532.0], [980.0, 568.0, 4751.0], [977.0, 824.0, 4393.0], [977.0, 706.0, 4571.0], [977.0, 592.0, 4733.0], [976.0, 578.0, 4743.0], [975.0, 599.0, 4727.0], [974.0, 585.0, 4737.0], [973.0, 720.0, 4588.0], [973.0, 709.0, 4630.0], [971.0, 632.0, 4685.0], [969.0, 549.0, 4781.0], [968.0, 718.0, 4622.0], [968.0, 593.0, 4729.0], [967.0, 646.0, 4663.0], [966.0, 730.0, 4594.0], [966.0, 623.0, 4735.0], [965.0, 684.0, 4638.0], [962.0, 646.0, 4696.0], [961.0, 678.0, 4640.0], [961.0, 669.0, 4656.0], [960.0, 458.0, 4824.0], [958.0, 656.0, 4688.0], [957.0, 811.0, 4506.0], [956.0, 781.0, 4588.0], [956.0, 663.0, 4682.0], [956.0, 611.0, 4756.0], [954.0, 784.0, 4543.0], [954.0, 508.0, 4790.0], [953.0, 676.0, 4669.0], [953.0, 667.0, 4685.0], [953.0, 587.0, 4766.0], [952.0, 574.0, 4772.0], [951.0, 489.0, 4854.0], [950.0, 680.0, 4663.0], [950.0, 573.0, 4804.0], [950.0, 539.0, 4817.0], [949.0, 634.0, 4728.0], [949.0, 623.0, 4760.0], [948.0, 766.0, 4597.0], [948.0, 711.0, 4633.0], [947.0, 696.0, 4679.0], [947.0, 635.0, 4702.0], [946.0, 732.0, 4602.0], [946.0, 515.0, 4860.0], [945.0, 580.0, 4776.0], [945.0, 501.0, 4870.0], [943.0, 642.0, 4727.0], [942.0, 708.0, 4667.0], [942.0, 707.0, 4671.0], [941.0, 787.0, 4560.0], [941.0, 758.0, 4623.0], [940.0, 750.0, 4624.0], [939.0, 666.0, 4707.0], [939.0, 586.0, 4809.0], [938.0, 730.0, 4631.0], [936.0, 718.0, 4654.0], [936.0, 701.0, 4688.0], [936.0, 588.0, 4787.0], [935.0, 653.0, 4721.0], [935.0, 591.0, 4762.0], [935.0, 546.0, 4862.0], [934.0, 630.0, 4752.0], [934.0, 609.0, 4772.0], [934.0, 570.0, 4818.0], [933.0, 791.0, 4507.0], [933.0, 787.0, 4627.0], [933.0, 708.0, 4684.0], [932.0, 751.0, 4641.0], [932.0, 643.0, 4737.0], [931.0, 720.0, 4642.0], [930.0, 654.0, 4732.0], [929.0, 668.0, 4725.0], [928.0, 727.0, 4644.0], [928.0, 716.0, 4683.0], [928.0, 665.0, 4761.0], [928.0, 589.0, 4785.0], [927.0, 822.0, 4466.0], [927.0, 715.0, 4717.0], [927.0, 579.0, 4815.0], [924.0, 796.0, 4569.0], [924.0, 613.0, 4765.0], [923.0, 473.0, 4882.0], [922.0, 799.0, 4556.0], [919.0, 672.0, 4718.0], [918.0, 792.0, 4603.0], [917.0, 618.0, 4778.0], [917.0, 590.0, 4846.0], [915.0, 671.0, 4741.0], [914.0, 597.0, 4793.0], [913.0, 753.0, 4635.0], [913.0, 741.0, 4691.0], [912.0, 762.0, 4675.0], [912.0, 662.0, 4775.0], [911.0, 812.0, 4631.0], [911.0, 676.0, 4723.0], [911.0, 631.0, 4794.0], [911.0, 511.0, 4879.0], [910.0, 681.0, 4750.0], [909.0, 673.0, 4751.0], [909.0, 664.0, 4762.0], [909.0, 623.0, 4799.0], [909.0, 609.0, 4801.0], [908.0, 632.0, 4786.0], [908.0, 524.0, 4883.0], [906.0, 829.0, 4562.0], [906.0, 716.0, 4703.0], [905.0, 624.0, 4815.0], [904.0, 624.0, 4826.0], [903.0, 831.0, 4601.0], [903.0, 493.0, 4945.0], [902.0, 685.0, 4728.0], [902.0, 636.0, 4811.0], [901.0, 603.0, 4828.0], [898.0, 767.0, 4644.0], [898.0, 742.0, 4688.0], [898.0, 688.0, 4749.0], [898.0, 659.0, 4777.0], [897.0, 574.0, 4859.0], [896.0, 768.0, 4666.0], [896.0, 759.0, 4689.0], [896.0, 692.0, 4748.0], [896.0, 511.0, 4937.0], [895.0, 792.0, 4669.0], [895.0, 689.0, 4759.0], [895.0, 657.0, 4789.0], [893.0, 675.0, 4778.0], [893.0, 661.0, 4791.0], [893.0, 598.0, 4839.0], [893.0, 524.0, 4932.0], [892.0, 725.0, 4734.0], [891.0, 717.0, 4735.0], [891.0, 533.0, 4892.0], [890.0, 544.0, 4868.0], [889.0, 782.0, 4670.0], [889.0, 772.0, 4671.0], [889.0, 722.0, 4735.0], [889.0, 704.0, 4750.0], [889.0, 593.0, 4851.0], [888.0, 746.0, 4711.0], [888.0, 644.0, 4796.0], [888.0, 596.0, 4847.0], [887.0, 668.0, 4799.0], [887.0, 557.0, 4872.0], [886.0, 699.0, 4754.0], [885.0, 626.0, 4842.0], [885.0, 537.0, 4929.0], [884.0, 605.0, 4860.0], [883.0, 819.0, 4644.0], [883.0, 573.0, 4886.0], [883.0, 498.0, 4962.0], [882.0, 716.0, 4783.0], [882.0, 553.0, 4901.0], [881.0, 585.0, 4902.0], [881.0, 403.0, 5083.0], [880.0, 753.0, 4710.0], [880.0, 636.0, 4817.0], [879.0, 639.0, 4807.0], [878.0, 516.0, 4946.0], [877.0, 746.0, 4715.0], [877.0, 672.0, 4792.0], [876.0, 742.0, 4716.0], [876.0, 734.0, 4756.0], [876.0, 639.0, 4832.0], [876.0, 607.0, 4848.0], [876.0, 543.0, 4937.0], [874.0, 651.0, 4803.0], [874.0, 563.0, 4908.0], [873.0, 536.0, 4942.0], [872.0, 673.0, 4805.0], [872.0, 625.0, 4859.0], [872.0, 597.0, 4867.0], [871.0, 637.0, 4835.0], [871.0, 592.0, 4873.0], [869.0, 787.0, 4682.0], [869.0, 497.0, 5006.0], [868.0, 782.0, 4720.0], [868.0, 649.0, 4839.0], [868.0, 635.0, 4851.0], [867.0, 788.0, 4680.0], [867.0, 627.0, 4857.0], [867.0, 611.0, 4876.0], [866.0, 654.0, 4808.0], [866.0, 508.0, 5003.0], [865.0, 833.0, 4581.0], [865.0, 775.0, 4725.0], [865.0, 682.0, 4816.0], [864.0, 659.0, 4831.0], [863.0, 739.0, 4744.0], [863.0, 640.0, 4864.0], [863.0, 629.0, 4886.0], [863.0, 601.0, 4887.0], [863.0, 590.0, 4902.0], [862.0, 697.0, 4790.0], [862.0, 684.0, 4798.0], [862.0, 584.0, 4918.0], [862.0, 556.0, 4925.0], [860.0, 862.0, 4630.0], [860.0, 649.0, 4842.0], [858.0, 700.0, 4792.0], [858.0, 561.0, 4921.0], [857.0, 794.0, 4649.0], [857.0, 630.0, 4870.0], [857.0, 567.0, 4923.0], [857.0, 549.0, 4935.0], [857.0, 539.0, 4954.0], [856.0, 879.0, 4566.0], [856.0, 827.0, 4635.0], [856.0, 611.0, 4897.0], [855.0, 744.0, 4755.0], [854.0, 751.0, 4753.0], [853.0, 756.0, 4728.0], [852.0, 526.0, 4962.0], [851.0, 831.0, 4648.0], [851.0, 658.0, 4848.0], [851.0, 589.0, 4903.0], [850.0, 685.0, 4795.0], [850.0, 659.0, 4833.0], [849.0, 725.0, 4794.0], [849.0, 655.0, 4860.0], [848.0, 614.0, 4892.0], [847.0, 834.0, 4657.0], [847.0, 726.0, 4800.0], [847.0, 531.0, 4976.0], [846.0, 669.0, 4842.0], [846.0, 595.0, 4919.0], [845.0, 503.0, 5050.0], [844.0, 686.0, 4803.0], [844.0, 638.0, 4872.0], [844.0, 628.0, 4902.0], [844.0, 600.0, 4909.0], [844.0, 574.0, 4925.0], [843.0, 753.0, 4765.0], [843.0, 592.0, 4938.0], [843.0, 405.0, 5063.0], [842.0, 784.0, 4697.0], [842.0, 634.0, 4876.0], [842.0, 602.0, 4934.0], [842.0, 517.0, 4981.0], [842.0, 459.0, 5069.0], [841.0, 718.0, 4806.0], [841.0, 690.0, 4819.0], [841.0, 675.0, 4839.0], [841.0, 609.0, 4922.0], [841.0, 544.0, 4953.0], [840.0, 563.0, 4978.0], [840.0, 509.0, 5024.0], [839.0, 731.0, 4769.0], [839.0, 520.0, 4997.0], [838.0, 739.0, 4798.0], [838.0, 635.0, 4890.0], [837.0, 720.0, 4825.0], [837.0, 689.0, 4829.0], [836.0, 572.0, 4944.0], [834.0, 777.0, 4744.0], [834.0, 698.0, 4852.0], [834.0, 619.0, 4925.0], [833.0, 623.0, 4920.0], [833.0, 424.0, 5113.0], [832.0, 836.0, 4638.0], [832.0, 662.0, 4871.0], [831.0, 699.0, 4856.0], [831.0, 654.0, 4914.0], [830.0, 546.0, 4981.0], [829.0, 689.0, 4865.0], [829.0, 674.0, 4867.0], [829.0, 604.0, 4931.0], [829.0, 575.0, 4960.0], [828.0, 803.0, 4709.0], [828.0, 670.0, 4892.0], [828.0, 570.0, 4973.0], [826.0, 758.0, 4766.0], [825.0, 796.0, 4714.0], [825.0, 601.0, 4939.0], [825.0, 528.0, 4988.0], [825.0, 441.0, 5114.0], [824.0, 744.0, 4785.0], [824.0, 594.0, 4953.0], [823.0, 763.0, 4761.0], [823.0, 630.0, 4926.0], [823.0, 538.0, 4998.0], [822.0, 529.0, 5006.0], [822.0, 482.0, 5053.0], [821.0, 518.0, 5036.0], [820.0, 751.0, 4795.0], [820.0, 701.0, 4844.0], [820.0, 618.0, 4939.0], [820.0, 576.0, 4957.0], [820.0, 526.0, 5021.0], [819.0, 733.0, 4813.0], [819.0, 675.0, 4888.0], [819.0, 511.0, 5071.0], [818.0, 755.0, 4791.0], [818.0, 677.0, 4866.0], [818.0, 611.0, 4953.0], [818.0, 588.0, 4972.0], [818.0, 553.0, 4986.0], [818.0, 521.0, 5036.0], [816.0, 448.0, 5076.0], [816.0, 443.0, 5118.0], [815.0, 620.0, 4937.0], [815.0, 486.0, 5106.0], [814.0, 706.0, 4855.0], [814.0, 612.0, 4952.0], [814.0, 569.0, 4995.0], [813.0, 575.0, 4994.0], [813.0, 553.0, 5005.0], [813.0, 545.0, 5017.0], [813.0, 436.0, 5123.0], [812.0, 798.0, 4766.0], [812.0, 734.0, 4811.0], [812.0, 600.0, 4956.0], [811.0, 753.0, 4792.0], [811.0, 651.0, 4930.0], [811.0, 621.0, 4942.0], [810.0, 713.0, 4856.0], [810.0, 576.0, 4976.0], [810.0, 546.0, 5034.0], [809.0, 723.0, 4832.0], [809.0, 680.0, 4874.0], [809.0, 601.0, 4954.0], [809.0, 566.0, 5006.0], [809.0, 512.0, 5060.0], [809.0, 321.0, 5195.0], [808.0, 862.0, 4677.0], [808.0, 815.0, 4702.0], [808.0, 722.0, 4854.0], [808.0, 624.0, 4936.0], [808.0, 576.0, 4977.0], [808.0, 427.0, 5142.0], [807.0, 703.0, 4881.0], [807.0, 603.0, 4962.0], [807.0, 525.0, 5038.0], [805.0, 676.0, 4883.0], [805.0, 659.0, 4896.0], [805.0, 649.0, 4939.0], [805.0, 610.0, 4956.0], [805.0, 599.0, 4966.0], [805.0, 587.0, 4990.0], [805.0, 557.0, 5020.0], [805.0, 536.0, 5040.0], [804.0, 782.0, 4775.0], [804.0, 746.0, 4813.0], [804.0, 663.0, 4901.0], [804.0, 573.0, 5006.0], [804.0, 537.0, 5041.0], [804.0, 451.0, 5122.0], [803.0, 619.0, 4971.0], [802.0, 588.0, 4987.0], [802.0, 566.0, 5023.0], [801.0, 775.0, 4780.0], [801.0, 568.0, 5012.0], [801.0, 548.0, 5038.0], [801.0, 530.0, 5046.0], [801.0, 514.0, 5053.0], [800.0, 666.0, 4917.0], [799.0, 779.0, 4783.0], [799.0, 734.0, 4841.0], [799.0, 643.0, 4951.0], [799.0, 601.0, 4997.0], [799.0, 576.0, 5022.0], [799.0, 516.0, 5053.0], [799.0, 436.0, 5175.0], [798.0, 689.0, 4896.0], [798.0, 644.0, 4954.0], [798.0, 541.0, 5043.0], [798.0, 498.0, 5087.0], [798.0, 484.0, 5117.0], [797.0, 621.0, 4961.0], [797.0, 578.0, 5004.0], [797.0, 527.0, 5047.0], [796.0, 690.0, 4897.0], [796.0, 487.0, 5113.0], [795.0, 605.0, 5002.0], [794.0, 586.0, 5016.0], [793.0, 739.0, 4853.0], [793.0, 704.0, 4898.0], [793.0, 552.0, 5028.0], [793.0, 501.0, 5098.0], [792.0, 556.0, 5037.0], [791.0, 831.0, 4755.0], [791.0, 753.0, 4812.0], [790.0, 705.0, 4861.0], [790.0, 675.0, 4934.0], [788.0, 689.0, 4906.0], [788.0, 626.0, 4964.0], [788.0, 580.0, 5017.0], [788.0, 566.0, 5029.0], [788.0, 545.0, 5049.0], [788.0, 504.0, 5092.0], [787.0, 848.0, 4691.0], [787.0, 527.0, 5062.0], [787.0, 460.0, 5131.0], [786.0, 713.0, 4880.0], [786.0, 642.0, 4968.0], [786.0, 617.0, 4976.0], [786.0, 573.0, 5028.0], [786.0, 515.0, 5070.0], [786.0, 440.0, 5184.0], [785.0, 678.0, 4917.0], [784.0, 614.0, 5002.0], [784.0, 590.0, 5009.0], [783.0, 719.0, 4868.0], [783.0, 689.0, 4914.0], [783.0, 620.0, 4969.0], [783.0, 566.0, 5033.0], [783.0, 544.0, 5052.0], [783.0, 433.0, 5189.0], [783.0, 376.0, 5263.0], [782.0, 777.0, 4791.0], [782.0, 706.0, 4886.0], [782.0, 652.0, 4960.0], [782.0, 623.0, 4981.0], [782.0, 597.0, 5003.0], [782.0, 451.0, 5132.0], [781.0, 549.0, 5046.0], [781.0, 531.0, 5086.0], [780.0, 794.0, 4790.0], [780.0, 543.0, 5085.0], [779.0, 731.0, 4857.0], [779.0, 699.0, 4906.0], [779.0, 496.0, 5122.0], [779.0, 459.0, 5134.0], [778.0, 720.0, 4870.0], [778.0, 632.0, 4973.0], [778.0, 609.0, 5011.0], [777.0, 642.0, 4969.0], [777.0, 536.0, 5090.0], [777.0, 499.0, 5104.0], [776.0, 729.0, 4899.0], [776.0, 602.0, 5012.0], [775.0, 695.0, 4928.0], [775.0, 635.0, 4977.0], [775.0, 625.0, 4978.0], [775.0, 603.0, 5013.0], [775.0, 530.0, 5106.0], [774.0, 646.0, 4985.0], [774.0, 601.0, 5043.0], [774.0, 444.0, 5160.0], [774.0, 443.0, 5185.0], [773.0, 701.0, 4914.0], [773.0, 666.0, 4938.0], [773.0, 656.0, 4972.0], [773.0, 582.0, 5070.0], [772.0, 746.0, 4835.0], [772.0, 658.0, 4942.0], [772.0, 454.0, 5161.0], [771.0, 611.0, 5024.0], [771.0, 458.0, 5160.0], [770.0, 463.0, 5136.0], [770.0, 453.0, 5173.0], [769.0, 708.0, 4923.0], [769.0, 676.0, 4930.0], [769.0, 654.0, 4975.0], [769.0, 493.0, 5124.0], [768.0, 751.0, 4842.0], [767.0, 675.0, 4935.0], [767.0, 664.0, 4941.0], [767.0, 547.0, 5097.0], [767.0, 464.0, 5170.0], [766.0, 769.0, 4823.0], [766.0, 768.0, 4841.0], [766.0, 694.0, 4949.0], [766.0, 472.0, 5126.0], [765.0, 874.0, 4661.0], [765.0, 678.0, 4955.0], [765.0, 672.0, 4958.0], [763.0, 687.0, 4954.0], [763.0, 617.0, 4998.0], [763.0, 471.0, 5130.0], [763.0, 382.0, 5206.0], [762.0, 759.0, 4845.0], [762.0, 733.0, 4894.0], [762.0, 634.0, 4994.0], [762.0, 534.0, 5115.0], [761.0, 485.0, 5130.0], [760.0, 798.0, 4813.0], [760.0, 658.0, 4990.0], [760.0, 554.0, 5083.0], [760.0, 495.0, 5159.0], [760.0, 427.0, 5200.0], [759.0, 752.0, 4850.0], [759.0, 626.0, 4998.0], [759.0, 527.0, 5120.0], [759.0, 395.0, 5229.0], [757.0, 711.0, 4911.0], [757.0, 556.0, 5083.0], [757.0, 488.0, 5164.0], [755.0, 542.0, 5099.0], [754.0, 598.0, 5059.0], [754.0, 560.0, 5072.0], [754.0, 551.0, 5106.0], [754.0, 523.0, 5126.0], [754.0, 478.0, 5184.0], [753.0, 631.0, 5011.0], [752.0, 746.0, 4860.0], [752.0, 665.0, 4970.0], [752.0, 636.0, 5001.0], [752.0, 606.0, 5037.0], [752.0, 489.0, 5160.0], [752.0, 459.0, 5196.0], [752.0, 356.0, 5316.0], [751.0, 640.0, 5002.0], [751.0, 572.0, 5085.0], [751.0, 544.0, 5111.0], [751.0, 487.0, 5185.0], [750.0, 739.0, 4892.0], [750.0, 644.0, 5013.0], [750.0, 616.0, 5022.0], [750.0, 576.0, 5087.0], [750.0, 526.0, 5141.0], [749.0, 647.0, 4991.0], [749.0, 620.0, 5047.0], [748.0, 687.0, 4964.0], [748.0, 622.0, 5018.0], [748.0, 422.0, 5209.0], [748.0, 409.0, 5226.0], [747.0, 637.0, 5023.0], [747.0, 603.0, 5050.0], [746.0, 691.0, 4965.0], [746.0, 646.0, 5023.0], [746.0, 498.0, 5142.0], [746.0, 459.0, 5217.0], [745.0, 586.0, 5069.0], [745.0, 498.0, 5147.0], [745.0, 378.0, 5243.0], [744.0, 799.0, 4802.0], [744.0, 722.0, 4909.0], [743.0, 703.0, 4936.0], [743.0, 684.0, 4970.0], [743.0, 641.0, 5028.0], [743.0, 627.0, 5030.0], [743.0, 558.0, 5101.0], [743.0, 421.0, 5243.0], [742.0, 726.0, 4912.0], [742.0, 565.0, 5089.0], [742.0, 395.0, 5253.0], [741.0, 689.0, 4981.0], [741.0, 662.0, 4997.0], [741.0, 591.0, 5083.0], [741.0, 534.0, 5117.0], [741.0, 519.0, 5145.0], [740.0, 572.0, 5110.0], [739.0, 831.0, 4802.0], [738.0, 528.0, 5123.0], [738.0, 519.0, 5150.0], [737.0, 848.0, 4801.0], [737.0, 614.0, 5053.0], [736.0, 665.0, 4994.0], [736.0, 651.0, 5027.0], [735.0, 632.0, 5054.0], [735.0, 587.0, 5112.0], [735.0, 539.0, 5115.0], [735.0, 494.0, 5173.0], [734.0, 774.0, 4876.0], [734.0, 763.0, 4879.0], [734.0, 713.0, 4927.0], [734.0, 641.0, 5032.0], [734.0, 543.0, 5130.0], [734.0, 531.0, 5137.0], [734.0, 476.0, 5210.0], [733.0, 759.0, 4889.0], [733.0, 717.0, 4941.0], [733.0, 684.0, 4989.0], [733.0, 593.0, 5061.0], [732.0, 730.0, 4926.0], [732.0, 610.0, 5081.0], [731.0, 767.0, 4881.0], [731.0, 764.0, 4901.0], [731.0, 634.0, 5037.0], [731.0, 547.0, 5119.0], [731.0, 492.0, 5185.0], [731.0, 469.0, 5215.0], [731.0, 412.0, 5289.0], [730.0, 677.0, 4994.0], [730.0, 656.0, 5006.0], [730.0, 645.0, 5037.0], [730.0, 478.0, 5215.0], [729.0, 379.0, 5299.0], [728.0, 552.0, 5127.0], [728.0, 450.0, 5247.0], [727.0, 638.0, 5042.0], [727.0, 616.0, 5070.0], [727.0, 601.0, 5094.0], [727.0, 501.0, 5162.0], [726.0, 614.0, 5078.0], [726.0, 582.0, 5121.0], [726.0, 537.0, 5179.0], [726.0, 411.0, 5291.0], [725.0, 714.0, 4978.0], [725.0, 633.0, 5050.0], [724.0, 729.0, 4946.0], [723.0, 777.0, 4815.0], [723.0, 731.0, 4954.0], [723.0, 664.0, 5011.0], [723.0, 557.0, 5131.0], [723.0, 513.0, 5200.0], [722.0, 685.0, 4997.0], [722.0, 638.0, 5058.0], [721.0, 650.0, 5038.0], [721.0, 542.0, 5147.0], [721.0, 468.0, 5224.0], [721.0, 304.0, 5335.0], [720.0, 597.0, 5095.0], [720.0, 467.0, 5238.0], [719.0, 674.0, 5003.0], [719.0, 661.0, 5023.0], [719.0, 549.0, 5141.0], [718.0, 651.0, 5035.0], [718.0, 573.0, 5128.0], [718.0, 561.0, 5129.0], [718.0, 558.0, 5133.0], [718.0, 485.0, 5226.0], [718.0, 416.0, 5298.0], [717.0, 665.0, 5011.0], [717.0, 608.0, 5094.0], [717.0, 552.0, 5139.0], [717.0, 494.0, 5218.0], [717.0, 351.0, 5331.0], [716.0, 785.0, 4886.0], [716.0, 648.0, 5043.0], [716.0, 621.0, 5075.0], [716.0, 603.0, 5101.0], [716.0, 442.0, 5273.0], [715.0, 584.0, 5128.0], [715.0, 571.0, 5135.0], [715.0, 409.0, 5303.0], [715.0, 375.0, 5314.0], [715.0, 318.0, 5342.0], [714.0, 771.0, 4892.0], [714.0, 683.0, 5026.0], [714.0, 622.0, 5087.0], [714.0, 507.0, 5220.0], [713.0, 778.0, 4891.0], [713.0, 720.0, 4976.0], [712.0, 632.0, 5067.0], [712.0, 607.0, 5097.0], [712.0, 562.0, 5155.0], [712.0, 387.0, 5306.0], [711.0, 763.0, 4915.0], [711.0, 737.0, 4952.0], [711.0, 294.0, 5375.0], [710.0, 735.0, 4963.0], [710.0, 570.0, 5141.0], [710.0, 371.0, 5333.0], [709.0, 689.0, 4995.0], [708.0, 696.0, 5007.0], [708.0, 652.0, 5037.0], [708.0, 642.0, 5059.0], [708.0, 472.0, 5227.0], [707.0, 728.0, 4968.0], [707.0, 598.0, 5110.0], [707.0, 585.0, 5116.0], [707.0, 563.0, 5146.0], [707.0, 553.0, 5168.0], [707.0, 478.0, 5235.0], [706.0, 634.0, 5083.0], [706.0, 534.0, 5195.0], [706.0, 440.0, 5301.0], [705.0, 689.0, 5012.0], [705.0, 647.0, 5067.0], [705.0, 615.0, 5110.0], [705.0, 570.0, 5168.0], [704.0, 407.0, 5312.0], [703.0, 620.0, 5092.0], [703.0, 450.0, 5279.0], [702.0, 699.0, 4979.0], [702.0, 660.0, 5037.0], [702.0, 622.0, 5094.0], [702.0, 577.0, 5152.0], [701.0, 764.0, 4916.0], [701.0, 545.0, 5186.0], [701.0, 500.0, 5229.0], [700.0, 758.0, 4942.0], [700.0, 690.0, 5008.0], [700.0, 658.0, 5040.0], [700.0, 462.0, 5265.0], [700.0, 392.0, 5342.0], [699.0, 648.0, 5057.0], [699.0, 630.0, 5084.0], [699.0, 600.0, 5121.0], [699.0, 467.0, 5240.0], [698.0, 741.0, 4961.0], [698.0, 694.0, 5012.0], [698.0, 462.0, 5270.0], [697.0, 652.0, 5058.0], [697.0, 637.0, 5078.0], [696.0, 692.0, 5031.0], [696.0, 661.0, 5059.0], [696.0, 641.0, 5083.0], [696.0, 561.0, 5169.0], [696.0, 480.0, 5242.0], [696.0, 394.0, 5347.0], [696.0, 327.0, 5394.0], [695.0, 734.0, 4966.0], [695.0, 357.0, 5379.0], [694.0, 747.0, 4943.0], [694.0, 662.0, 5048.0], [694.0, 617.0, 5106.0], [694.0, 591.0, 5134.0], [694.0, 587.0, 5139.0], [694.0, 560.0, 5171.0], [694.0, 542.0, 5187.0], [694.0, 294.0, 5405.0], [693.0, 603.0, 5122.0], [693.0, 572.0, 5161.0], [693.0, 527.0, 5219.0], [693.0, 496.0, 5256.0], [692.0, 751.0, 4946.0], [692.0, 716.0, 5011.0], [692.0, 528.0, 5199.0], [690.0, 417.0, 5307.0], [689.0, 744.0, 4951.0], [689.0, 620.0, 5099.0], [688.0, 587.0, 5163.0], [688.0, 556.0, 5184.0], [687.0, 657.0, 5074.0], [687.0, 430.0, 5309.0], [687.0, 396.0, 5351.0], [686.0, 631.0, 5099.0], [686.0, 511.0, 5224.0], [685.0, 779.0, 4927.0], [685.0, 669.0, 5046.0], [685.0, 604.0, 5118.0], [685.0, 567.0, 5184.0], [684.0, 398.0, 5338.0], [684.0, 389.0, 5356.0], [684.0, 332.0, 5430.0], [683.0, 530.0, 5198.0], [682.0, 772.0, 4932.0], [682.0, 725.0, 4970.0], [682.0, 701.0, 5018.0], [682.0, 609.0, 5127.0], [682.0, 543.0, 5194.0], [681.0, 639.0, 5089.0], [681.0, 625.0, 5105.0], [680.0, 661.0, 5067.0], [680.0, 642.0, 5082.0], [680.0, 616.0, 5121.0], [680.0, 535.0, 5210.0], [679.0, 458.0, 5287.0], [679.0, 434.0, 5313.0], [678.0, 679.0, 5063.0], [678.0, 462.0, 5275.0], [678.0, 394.0, 5372.0], [677.0, 663.0, 5069.0], [676.0, 690.0, 5037.0], [676.0, 685.0, 5047.0], [676.0, 651.0, 5095.0], [676.0, 612.0, 5131.0], [676.0, 538.0, 5196.0], [676.0, 513.0, 5251.0], [676.0, 486.0, 5273.0], [676.0, 423.0, 5357.0], [675.0, 725.0, 5020.0], [675.0, 626.0, 5122.0], [674.0, 612.0, 5139.0], [674.0, 468.0, 5275.0], [673.0, 695.0, 5037.0], [673.0, 624.0, 5123.0], [672.0, 636.0, 5111.0], [672.0, 605.0, 5150.0], [672.0, 560.0, 5208.0], [671.0, 573.0, 5179.0], [671.0, 485.0, 5277.0], [671.0, 483.0, 5285.0], [670.0, 494.0, 5269.0], [669.0, 696.0, 5025.0], [669.0, 603.0, 5152.0], [669.0, 450.0, 5296.0], [668.0, 584.0, 5179.0], [668.0, 539.0, 5237.0], [667.0, 680.0, 5048.0], [667.0, 647.0, 5098.0], [667.0, 620.0, 5152.0], [667.0, 507.0, 5271.0], [666.0, 687.0, 5061.0], [666.0, 514.0, 5242.0], [666.0, 463.0, 5298.0], [665.0, 470.0, 5295.0], [664.0, 657.0, 5093.0], [664.0, 438.0, 5316.0], [664.0, 323.0, 5442.0], [663.0, 680.0, 5066.0], [663.0, 670.0, 5070.0], [663.0, 490.0, 5282.0], [663.0, 431.0, 5327.0], [663.0, 374.0, 5401.0], [662.0, 689.0, 5046.0], [662.0, 664.0, 5088.0], [661.0, 756.0, 5002.0], [661.0, 587.0, 5165.0], [661.0, 576.0, 5183.0], [661.0, 451.0, 5326.0], [660.0, 696.0, 5040.0], [660.0, 523.0, 5250.0], [660.0, 483.0, 5287.0], [659.0, 696.0, 5044.0], [659.0, 649.0, 5110.0], [659.0, 440.0, 5352.0], [658.0, 688.0, 5048.0], [658.0, 667.0, 5078.0], [658.0, 622.0, 5136.0], [658.0, 570.0, 5219.0], [658.0, 444.0, 5331.0], [658.0, 376.0, 5437.0], [657.0, 700.0, 5026.0], [657.0, 529.0, 5240.0], [657.0, 407.0, 5363.0], [656.0, 689.0, 5049.0], [656.0, 592.0, 5159.0], [656.0, 465.0, 5325.0], [656.0, 450.0, 5330.0], [655.0, 653.0, 5096.0], [655.0, 590.0, 5171.0], [655.0, 577.0, 5203.0], [655.0, 546.0, 5240.0], [655.0, 528.0, 5244.0], [655.0, 386.0, 5415.0], [654.0, 711.0, 5026.0], [654.0, 666.0, 5084.0], [654.0, 639.0, 5112.0], [654.0, 635.0, 5115.0], [654.0, 500.0, 5280.0], [654.0, 483.0, 5288.0], [653.0, 658.0, 5091.0], [653.0, 647.0, 5111.0], [653.0, 436.0, 5365.0], [652.0, 594.0, 5176.0], [652.0, 398.0, 5401.0], [651.0, 695.0, 5059.0], [651.0, 644.0, 5112.0], [651.0, 604.0, 5169.0], [650.0, 684.0, 5075.0], [650.0, 606.0, 5168.0], [650.0, 518.0, 5266.0], [649.0, 634.0, 5139.0], [649.0, 527.0, 5258.0], [649.0, 480.0, 5293.0], [649.0, 441.0, 5343.0], [649.0, 327.0, 5445.0], [648.0, 760.0, 5011.0], [648.0, 636.0, 5141.0], [648.0, 489.0, 5285.0], [648.0, 377.0, 5428.0], [648.0, 320.0, 5456.0], [648.0, 263.0, 5530.0], [647.0, 617.0, 5168.0], [647.0, 602.0, 5190.0], [647.0, 574.0, 5212.0], [647.0, 572.0, 5226.0], [646.0, 777.0, 4987.0], [646.0, 540.0, 5260.0], [646.0, 496.0, 5307.0], [646.0, 479.0, 5311.0], [645.0, 753.0, 5016.0], [644.0, 641.0, 5130.0], [644.0, 595.0, 5195.0], [644.0, 547.0, 5254.0], [644.0, 503.0, 5284.0], [643.0, 770.0, 4992.0], [643.0, 598.0, 5192.0], [643.0, 299.0, 5505.0], [642.0, 658.0, 5129.0], [642.0, 454.0, 5328.0], [642.0, 404.0, 5373.0], [641.0, 704.0, 5050.0], [641.0, 660.0, 5143.0], [641.0, 556.0, 5235.0], [640.0, 714.0, 5025.0], [640.0, 685.0, 5077.0], [640.0, 417.0, 5373.0], [639.0, 729.0, 5029.0], [639.0, 586.0, 5208.0], [639.0, 392.0, 5426.0], [638.0, 571.0, 5234.0], [638.0, 567.0, 5235.0], [638.0, 522.0, 5293.0], [638.0, 473.0, 5341.0], [637.0, 667.0, 5086.0], [637.0, 424.0, 5366.0], [637.0, 409.0, 5426.0], [635.0, 498.0, 5314.0], [635.0, 483.0, 5319.0], [634.0, 661.0, 5106.0], [634.0, 610.0, 5192.0], [634.0, 419.0, 5404.0], [633.0, 533.0, 5269.0], [632.0, 691.0, 5080.0], [632.0, 603.0, 5193.0], [632.0, 478.0, 5320.0], [632.0, 469.0, 5354.0], [632.0, 426.0, 5398.0], [631.0, 627.0, 5165.0], [631.0, 434.0, 5382.0], [630.0, 774.0, 5001.0], [630.0, 502.0, 5299.0], [629.0, 438.0, 5384.0], [629.0, 423.0, 5408.0], [628.0, 626.0, 5173.0], [628.0, 359.0, 5493.0], [627.0, 512.0, 5296.0], [627.0, 296.0, 5519.0], [626.0, 650.0, 5146.0], [626.0, 620.0, 5179.0], [626.0, 607.0, 5201.0], [626.0, 448.0, 5381.0], [625.0, 560.0, 5259.0], [624.0, 739.0, 5044.0], [624.0, 627.0, 5173.0], [624.0, 483.0, 5336.0], [623.0, 419.0, 5421.0], [621.0, 689.0, 5108.0], [621.0, 580.0, 5243.0], [619.0, 607.0, 5202.0], [619.0, 584.0, 5216.0], [619.0, 450.0, 5362.0], [618.0, 425.0, 5415.0], [616.0, 600.0, 5207.0], [616.0, 457.0, 5355.0], [616.0, 374.0, 5452.0], [615.0, 682.0, 5117.0], [615.0, 632.0, 5154.0], [614.0, 676.0, 5143.0], [614.0, 499.0, 5323.0], [613.0, 523.0, 5301.0], [612.0, 693.0, 5119.0], [612.0, 643.0, 5154.0], [612.0, 595.0, 5213.0], [612.0, 506.0, 5317.0], [611.0, 410.0, 5427.0], [610.0, 657.0, 5164.0], [610.0, 582.0, 5218.0], [610.0, 427.0, 5412.0], [609.0, 518.0, 5303.0], [609.0, 431.0, 5400.0], [609.0, 375.0, 5482.0], [608.0, 528.0, 5295.0], [607.0, 659.0, 5162.0], [607.0, 438.0, 5394.0], [606.0, 602.0, 5220.0], [605.0, 666.0, 5156.0], [605.0, 444.0, 5384.0], [604.0, 736.0, 5060.0], [604.0, 450.0, 5380.0], [602.0, 456.0, 5370.0], [601.0, 377.0, 5479.0], [600.0, 572.0, 5277.0], [600.0, 462.0, 5369.0], [599.0, 697.0, 5128.0], [599.0, 636.0, 5178.0], [599.0, 594.0, 5230.0], [599.0, 532.0, 5306.0], [599.0, 514.0, 5309.0], [599.0, 479.0, 5362.0], [598.0, 617.0, 5205.0], [598.0, 592.0, 5239.0], [598.0, 415.0, 5447.0], [597.0, 503.0, 5335.0], [596.0, 690.0, 5133.0], [596.0, 534.0, 5293.0], [596.0, 525.0, 5311.0], [596.0, 439.0, 5420.0], [596.0, 299.0, 5556.0], [595.0, 604.0, 5222.0], [595.0, 544.0, 5304.0], [594.0, 528.0, 5308.0], [593.0, 662.0, 5171.0], [593.0, 640.0, 5186.0], [592.0, 557.0, 5306.0], [591.0, 729.0, 5084.0], [591.0, 499.0, 5348.0], [590.0, 655.0, 5176.0], [590.0, 409.0, 5477.0], [588.0, 498.0, 5365.0], [587.0, 686.0, 5136.0], [587.0, 561.0, 5284.0], [587.0, 419.0, 5455.0], [586.0, 471.0, 5383.0], [585.0, 646.0, 5189.0], [585.0, 469.0, 5405.0], [585.0, 426.0, 5449.0], [584.0, 627.0, 5216.0], [584.0, 582.0, 5274.0], [583.0, 529.0, 5320.0], [582.0, 483.0, 5372.0], [582.0, 438.0, 5435.0], [581.0, 500.0, 5365.0], [580.0, 531.0, 5307.0], [580.0, 436.0, 5450.0], [580.0, 296.0, 5570.0], [578.0, 512.0, 5351.0], [577.0, 594.0, 5236.0], [577.0, 502.0, 5352.0], [577.0, 455.0, 5409.0], [577.0, 448.0, 5436.0], [576.0, 631.0, 5197.0], [576.0, 530.0, 5321.0], [576.0, 519.0, 5345.0], [575.0, 583.0, 5251.0], [575.0, 567.0, 5282.0], [575.0, 455.0, 5430.0], [575.0, 332.0, 5545.0], [573.0, 659.0, 5187.0], [573.0, 614.0, 5245.0], [572.0, 508.0, 5362.0], [571.0, 425.0, 5466.0], [570.0, 652.0, 5192.0], [570.0, 607.0, 5250.0], [570.0, 361.0, 5551.0], [569.0, 565.0, 5317.0], [569.0, 457.0, 5406.0], [568.0, 632.0, 5205.0], [567.0, 568.0, 5290.0], [567.0, 499.0, 5374.0], [565.0, 643.0, 5205.0], [565.0, 598.0, 5263.0], [565.0, 523.0, 5330.0], [565.0, 506.0, 5368.0], [564.0, 579.0, 5290.0], [564.0, 459.0, 5438.0], [562.0, 518.0, 5354.0], [560.0, 652.0, 5211.0], [557.0, 645.0, 5216.0], [555.0, 435.0, 5463.0], [553.0, 524.0, 5351.0], [552.0, 636.0, 5229.0], [551.0, 617.0, 5256.0], [551.0, 572.0, 5314.0], [550.0, 495.0, 5391.0], [548.0, 585.0, 5268.0], [548.0, 473.0, 5416.0], [547.0, 577.0, 5292.0], [546.0, 539.0, 5319.0], [545.0, 526.0, 5348.0], [545.0, 475.0, 5404.0], [544.0, 539.0, 5357.0], [539.0, 471.0, 5434.0], [533.0, 436.0, 5501.0], [532.0, 513.0, 5370.0], [530.0, 448.0, 5487.0], [529.0, 530.0, 5372.0], [528.0, 567.0, 5333.0], [528.0, 455.0, 5481.0], [527.0, 389.0, 5534.0], [517.0, 630.0, 5246.0], [513.0, 378.0, 5549.0], [512.0, 469.0, 5490.0], [510.0, 476.0, 5484.0], [507.0, 488.0, 5470.0], [505.0, 647.0, 5285.0], [486.0, 553.0, 5373.0], [483.0, 546.0, 5378.0]]
