heur = false
LBS_limit = 3
preproc = 0
tight_root = 0
total_time = 1800.02
NDP = 1157
total_nodes = 36477
pruned_nodes = 18227
pruned_dominance_nodes = 7015
heur_time = 0.0
Y_N = Any[[1231.0, 691.0, 4580.0], [1203.0, 737.0, 4362.0], [1199.0, 721.0, 4663.0], [1191.0, 716.0, 4680.0], [1188.0, 756.0, 4658.0], [1178.0, 768.0, 4581.0], [1178.0, 710.0, 4722.0], [1175.0, 796.0, 4575.0], [1175.0, 723.0, 4668.0], [1171.0, 767.0, 4583.0], [1171.0, 765.0, 4647.0], [1171.0, 724.0, 4675.0], [1168.0, 793.0, 4641.0], [1163.0, 678.0, 4806.0], [1161.0, 731.0, 4729.0], [1160.0, 802.0, 4578.0], [1156.0, 683.0, 4757.0], [1154.0, 688.0, 4774.0], [1153.0, 723.0, 4735.0], [1150.0, 750.0, 4745.0], [1146.0, 810.0, 4363.0], [1143.0, 820.0, 4580.0], [1142.0, 794.0, 4664.0], [1137.0, 778.0, 4711.0], [1135.0, 833.0, 4659.0], [1135.0, 821.0, 4675.0], [1134.0, 789.0, 4681.0], [1132.0, 586.0, 4821.0], [1130.0, 612.0, 4839.0], [1128.0, 832.0, 4661.0], [1127.0, 729.0, 4747.0], [1123.0, 704.0, 4761.0], [1121.0, 841.0, 4582.0], [1121.0, 593.0, 4941.0], [1120.0, 827.0, 4678.0], [1119.0, 655.0, 4851.0], [1118.0, 658.0, 4860.0], [1114.0, 840.0, 4584.0], [1114.0, 838.0, 4648.0], [1112.0, 697.0, 4831.0], [1111.0, 767.0, 4745.0], [1110.0, 750.0, 4754.0], [1109.0, 568.0, 4984.0], [1108.0, 476.0, 5048.0], [1107.0, 601.0, 4864.0], [1105.0, 733.0, 4763.0], [1103.0, 857.0, 4664.0], [1103.0, 845.0, 4680.0], [1103.0, 795.0, 4695.0], [1102.0, 672.0, 4862.0], [1100.0, 619.0, 4904.0], [1099.0, 769.0, 4770.0], [1099.0, 741.0, 4800.0], [1097.0, 891.0, 4572.0], [1097.0, 761.0, 4775.0], [1097.0, 745.0, 4796.0], [1097.0, 656.0, 4882.0], [1096.0, 788.0, 4751.0], [1095.0, 633.0, 4919.0], [1094.0, 764.0, 4777.0], [1094.0, 752.0, 4779.0], [1093.0, 686.0, 4842.0], [1092.0, 673.0, 4865.0], [1092.0, 569.0, 4956.0], [1091.0, 736.0, 4817.0], [1090.0, 801.0, 4761.0], [1089.0, 865.0, 4587.0], [1089.0, 740.0, 4813.0], [1089.0, 651.0, 4899.0], [1089.0, 628.0, 4930.0], [1086.0, 825.0, 4681.0], [1086.0, 780.0, 4791.0], [1086.0, 759.0, 4794.0], [1085.0, 707.0, 4857.0], [1085.0, 527.0, 5043.0], [1084.0, 742.0, 4806.0], [1083.0, 899.0, 4633.0], [1083.0, 799.0, 4772.0], [1083.0, 714.0, 4830.0], [1083.0, 640.0, 4911.0], [1082.0, 705.0, 4858.0], [1081.0, 841.0, 4713.0], [1080.0, 681.0, 4873.0], [1077.0, 667.0, 4891.0], [1076.0, 938.0, 4628.0], [1074.0, 717.0, 4834.0], [1074.0, 546.0, 5059.0], [1072.0, 736.0, 4828.0], [1072.0, 659.0, 4927.0], [1072.0, 590.0, 4964.0], [1071.0, 814.0, 4745.0], [1071.0, 804.0, 4747.0], [1071.0, 744.0, 4812.0], [1070.0, 879.0, 4673.0], [1070.0, 712.0, 4850.0], [1070.0, 590.0, 4984.0], [1069.0, 937.0, 4630.0], [1069.0, 806.0, 4750.0], [1069.0, 748.0, 4808.0], [1069.0, 700.0, 4866.0], [1069.0, 688.0, 4882.0], [1067.0, 677.0, 4885.0], [1067.0, 597.0, 4967.0], [1066.0, 735.0, 4837.0], [1065.0, 612.0, 4972.0], [1064.0, 705.0, 4910.0], [1064.0, 457.0, 5068.0], [1063.0, 588.0, 4998.0], [1062.0, 946.0, 4551.0], [1062.0, 728.0, 4852.0], [1061.0, 874.0, 4677.0], [1061.0, 854.0, 4717.0], [1061.0, 756.0, 4803.0], [1061.0, 574.0, 5025.0], [1060.0, 786.0, 4783.0], [1060.0, 774.0, 4799.0], [1060.0, 595.0, 4981.0], [1059.0, 675.0, 4921.0], [1058.0, 825.0, 4766.0], [1058.0, 781.0, 4822.0], [1057.0, 800.0, 4768.0], [1057.0, 547.0, 5031.0], [1056.0, 640.0, 4932.0], [1056.0, 630.0, 4986.0], [1056.0, 592.0, 4995.0], [1055.0, 945.0, 4553.0], [1055.0, 943.0, 4617.0], [1055.0, 796.0, 4778.0], [1055.0, 754.0, 4853.0], [1055.0, 583.0, 5015.0], [1054.0, 873.0, 4679.0], [1054.0, 707.0, 4890.0], [1054.0, 667.0, 4923.0], [1053.0, 670.0, 4932.0], [1052.0, 773.0, 4834.0], [1052.0, 721.0, 4896.0], [1052.0, 623.0, 4993.0], [1052.0, 568.0, 5027.0], [1052.0, 432.0, 5111.0], [1051.0, 747.0, 4868.0], [1051.0, 340.0, 5175.0], [1050.0, 830.0, 4769.0], [1050.0, 820.0, 4786.0], [1049.0, 707.0, 4914.0], [1047.0, 760.0, 4837.0], [1046.0, 868.0, 4696.0], [1046.0, 838.0, 4732.0], [1045.0, 820.0, 4804.0], [1044.0, 962.0, 4633.0], [1044.0, 834.0, 4738.0], [1044.0, 720.0, 4902.0], [1044.0, 683.0, 4973.0], [1043.0, 838.0, 4765.0], [1043.0, 702.0, 4925.0], [1043.0, 591.0, 5056.0], [1043.0, 502.0, 5123.0], [1042.0, 454.0, 5174.0], [1042.0, 383.0, 5247.0], [1041.0, 644.0, 4979.0], [1040.0, 901.0, 4635.0], [1040.0, 846.0, 4769.0], [1038.0, 761.0, 4851.0], [1038.0, 722.0, 4869.0], [1038.0, 660.0, 4975.0], [1038.0, 614.0, 5048.0], [1037.0, 837.0, 4778.0], [1037.0, 752.0, 4866.0], [1036.0, 834.0, 4784.0], [1036.0, 715.0, 4919.0], [1035.0, 857.0, 4748.0], [1035.0, 755.0, 4852.0], [1033.0, 900.0, 4637.0], [1033.0, 898.0, 4701.0], [1033.0, 777.0, 4833.0], [1033.0, 738.0, 4902.0], [1032.0, 813.0, 4814.0], [1031.0, 697.0, 4937.0], [1030.0, 970.0, 4556.0], [1030.0, 663.0, 4995.0], [1030.0, 574.0, 5062.0], [1029.0, 832.0, 4795.0], [1029.0, 774.0, 4850.0], [1029.0, 752.0, 4880.0], [1029.0, 619.0, 5022.0], [1029.0, 530.0, 5089.0], [1028.0, 788.0, 4821.0], [1027.0, 757.0, 4865.0], [1027.0, 684.0, 4945.0], [1026.0, 856.0, 4794.0], [1026.0, 766.0, 4852.0], [1026.0, 486.0, 5140.0], [1025.0, 828.0, 4799.0], [1025.0, 550.0, 5086.0], [1025.0, 455.0, 5146.0], [1024.0, 793.0, 4816.0], [1024.0, 776.0, 4846.0], [1023.0, 807.0, 4819.0], [1023.0, 690.0, 4953.0], [1023.0, 658.0, 4998.0], [1022.0, 780.0, 4857.0], [1022.0, 590.0, 5064.0], [1021.0, 597.0, 5055.0], [1020.0, 772.0, 4862.0], [1020.0, 642.0, 5032.0], [1020.0, 558.0, 5084.0], [1019.0, 799.0, 4838.0], [1019.0, 695.0, 4952.0], [1019.0, 466.0, 5148.0], [1018.0, 851.0, 4811.0], [1018.0, 821.0, 4813.0], [1018.0, 802.0, 4846.0], [1018.0, 638.0, 5038.0], [1018.0, 549.0, 5105.0], [1017.0, 751.0, 4909.0], [1017.0, 685.0, 4964.0], [1017.0, 410.0, 5186.0], [1016.0, 723.0, 4914.0], [1016.0, 665.0, 5021.0], [1015.0, 754.0, 4885.0], [1015.0, 678.0, 4976.0], [1015.0, 527.0, 5112.0], [1014.0, 718.0, 4944.0], [1014.0, 535.0, 5107.0], [1014.0, 507.0, 5130.0], [1013.0, 587.0, 5068.0], [1013.0, 496.0, 5136.0], [1012.0, 864.0, 4717.0], [1011.0, 820.0, 4815.0], [1011.0, 539.0, 5113.0], [1010.0, 805.0, 4835.0], [1010.0, 762.0, 4892.0], [1009.0, 791.0, 4878.0], [1009.0, 703.0, 4950.0], [1009.0, 697.0, 4961.0], [1009.0, 670.0, 4977.0], [1009.0, 661.0, 5048.0], [1009.0, 589.0, 5065.0], [1008.0, 925.0, 4640.0], [1008.0, 714.0, 4968.0], [1007.0, 822.0, 4812.0], [1007.0, 821.0, 4862.0], [1006.0, 767.0, 4891.0], [1006.0, 568.0, 5090.0], [1006.0, 497.0, 5163.0], [1005.0, 892.0, 4731.0], [1004.0, 859.0, 4734.0], [1004.0, 858.0, 4789.0], [1004.0, 840.0, 4843.0], [1004.0, 727.0, 4937.0], [1004.0, 587.0, 5096.0], [1004.0, 558.0, 5100.0], [1003.0, 737.0, 4960.0], [1003.0, 669.0, 4985.0], [1002.0, 682.0, 5001.0], [1002.0, 482.0, 5173.0], [1001.0, 891.0, 4752.0], [999.0, 701.0, 4982.0], [999.0, 568.0, 5101.0], [998.0, 859.0, 4806.0], [998.0, 716.0, 4977.0], [998.0, 571.0, 5110.0], [998.0, 500.0, 5183.0], [997.0, 780.0, 4891.0], [997.0, 591.0, 5111.0], [997.0, 556.0, 5114.0], [996.0, 859.0, 4822.0], [996.0, 517.0, 5143.0], [995.0, 915.0, 4705.0], [995.0, 745.0, 4920.0], [995.0, 680.0, 5015.0], [994.0, 762.0, 4899.0], [994.0, 597.0, 5097.0], [994.0, 508.0, 5164.0], [993.0, 878.0, 4803.0], [993.0, 781.0, 4920.0], [993.0, 722.0, 4966.0], [993.0, 600.0, 5067.0], [993.0, 577.0, 5116.0], [992.0, 934.0, 4686.0], [991.0, 696.0, 5002.0], [990.0, 625.0, 5053.0], [988.0, 751.0, 4932.0], [988.0, 623.0, 5059.0], [987.0, 675.0, 5032.0], [986.0, 610.0, 5066.0], [986.0, 575.0, 5130.0], [986.0, 546.0, 5153.0], [986.0, 475.0, 5226.0], [985.0, 797.0, 4864.0], [985.0, 795.0, 4890.0], [985.0, 607.0, 5086.0], [985.0, 536.0, 5159.0], [985.0, 383.0, 5290.0], [985.0, 318.0, 5301.0], [984.0, 663.0, 5050.0], [983.0, 702.0, 4981.0], [982.0, 782.0, 4919.0], [982.0, 762.0, 4933.0], [982.0, 585.0, 5112.0], [981.0, 923.0, 4766.0], [981.0, 746.0, 4938.0], [980.0, 809.0, 4864.0], [979.0, 687.0, 5011.0], [978.0, 942.0, 4747.0], [978.0, 841.0, 4828.0], [978.0, 795.0, 4908.0], [978.0, 632.0, 5053.0], [978.0, 441.0, 5232.0], [977.0, 697.0, 4993.0], [977.0, 498.0, 5236.0], [976.0, 622.0, 5083.0], [976.0, 603.0, 5116.0], [976.0, 551.0, 5156.0], [975.0, 700.0, 4985.0], [975.0, 697.0, 5001.0], [975.0, 634.0, 5080.0], [974.0, 614.0, 5087.0], [973.0, 827.0, 4873.0], [973.0, 686.0, 5031.0], [973.0, 664.0, 5064.0], [973.0, 621.0, 5087.0], [973.0, 536.0, 5169.0], [973.0, 530.0, 5179.0], [972.0, 818.0, 4881.0], [972.0, 709.0, 4978.0], [972.0, 560.0, 5152.0], [971.0, 861.0, 4822.0], [971.0, 574.0, 5148.0], [970.0, 859.0, 4834.0], [970.0, 773.0, 4928.0], [970.0, 721.0, 4976.0], [970.0, 701.0, 4991.0], [970.0, 697.0, 5019.0], [970.0, 578.0, 5119.0], [969.0, 837.0, 4862.0], [969.0, 828.0, 4880.0], [969.0, 690.0, 5023.0], [968.0, 874.0, 4808.0], [968.0, 831.0, 4891.0], [968.0, 751.0, 4960.0], [968.0, 623.0, 5087.0], [968.0, 598.0, 5133.0], [968.0, 525.0, 5203.0], [967.0, 961.0, 4763.0], [967.0, 860.0, 4844.0], [967.0, 833.0, 4868.0], [967.0, 762.0, 4943.0], [967.0, 460.0, 5248.0], [966.0, 702.0, 4984.0], [965.0, 704.0, 4992.0], [965.0, 611.0, 5107.0], [965.0, 531.0, 5170.0], [964.0, 804.0, 4919.0], [964.0, 770.0, 4934.0], [964.0, 645.0, 5078.0], [964.0, 559.0, 5179.0], [963.0, 719.0, 4985.0], [963.0, 694.0, 5023.0], [963.0, 623.0, 5095.0], [962.0, 723.0, 4973.0], [962.0, 705.0, 4990.0], [962.0, 702.0, 5024.0], [962.0, 434.0, 5285.0], [961.0, 823.0, 4900.0], [961.0, 754.0, 4949.0], [961.0, 711.0, 4999.0], [961.0, 601.0, 5129.0], [960.0, 666.0, 5066.0], [960.0, 636.0, 5085.0], [960.0, 602.0, 5118.0], [960.0, 523.0, 5230.0], [959.0, 878.0, 4850.0], [959.0, 780.0, 4936.0], [959.0, 760.0, 4949.0], [959.0, 720.0, 5007.0], [959.0, 632.0, 5091.0], [959.0, 420.0, 5318.0], [958.0, 884.0, 4768.0], [958.0, 856.0, 4878.0], [958.0, 721.0, 4992.0], [958.0, 684.0, 5054.0], [958.0, 576.0, 5153.0], [957.0, 789.0, 4920.0], [957.0, 732.0, 4982.0], [957.0, 725.0, 4994.0], [957.0, 642.0, 5103.0], [956.0, 897.0, 4831.0], [956.0, 744.0, 4979.0], [955.0, 824.0, 4901.0], [955.0, 659.0, 5077.0], [954.0, 483.0, 5245.0], [953.0, 969.0, 4686.0], [953.0, 664.0, 5094.0], [953.0, 606.0, 5119.0], [953.0, 444.0, 5274.0], [952.0, 843.0, 4882.0], [952.0, 715.0, 5013.0], [952.0, 572.0, 5177.0], [952.0, 500.0, 5238.0], [951.0, 775.0, 4953.0], [951.0, 762.0, 4970.0], [951.0, 540.0, 5182.0], [951.0, 524.0, 5228.0], [951.0, 453.0, 5301.0], [950.0, 806.0, 4924.0], [950.0, 773.0, 4965.0], [950.0, 543.0, 5191.0], [949.0, 734.0, 4994.0], [948.0, 794.0, 4934.0], [948.0, 694.0, 5025.0], [948.0, 688.0, 5033.0], [948.0, 668.0, 5055.0], [948.0, 606.0, 5128.0], [948.0, 590.0, 5142.0], [947.0, 792.0, 4946.0], [947.0, 766.0, 4968.0], [947.0, 740.0, 5008.0], [947.0, 708.0, 5024.0], [947.0, 619.0, 5129.0], [947.0, 595.0, 5169.0], [944.0, 699.0, 5048.0], [944.0, 670.0, 5069.0], [943.0, 824.0, 4930.0], [943.0, 733.0, 5019.0], [942.0, 741.0, 4991.0], [942.0, 706.0, 5025.0], [941.0, 862.0, 4898.0], [940.0, 750.0, 4985.0], [940.0, 732.0, 5025.0], [939.0, 611.0, 5171.0], [939.0, 487.0, 5240.0], [938.0, 652.0, 5101.0], [938.0, 647.0, 5107.0], [938.0, 514.0, 5244.0], [938.0, 463.0, 5261.0], [937.0, 772.0, 4995.0], [937.0, 615.0, 5131.0], [937.0, 572.0, 5181.0], [936.0, 785.0, 4984.0], [936.0, 694.0, 5068.0], [936.0, 680.0, 5078.0], [936.0, 627.0, 5126.0], [936.0, 505.0, 5245.0], [935.0, 700.0, 5038.0], [935.0, 615.0, 5149.0], [935.0, 368.0, 5363.0], [934.0, 641.0, 5110.0], [934.0, 620.0, 5140.0], [934.0, 531.0, 5207.0], [933.0, 779.0, 4985.0], [933.0, 703.0, 5046.0], [933.0, 481.0, 5297.0], [932.0, 752.0, 5035.0], [932.0, 723.0, 5038.0], [932.0, 677.0, 5079.0], [932.0, 639.0, 5119.0], [932.0, 582.0, 5192.0], [931.0, 924.0, 4770.0], [931.0, 872.0, 4880.0], [931.0, 733.0, 5037.0], [931.0, 660.0, 5118.0], [931.0, 586.0, 5178.0], [931.0, 547.0, 5194.0], [931.0, 531.0, 5210.0], [931.0, 528.0, 5237.0], [930.0, 798.0, 4966.0], [930.0, 647.0, 5121.0], [929.0, 771.0, 4996.0], [929.0, 707.0, 5072.0], [929.0, 623.0, 5153.0], [928.0, 891.0, 4861.0], [928.0, 822.0, 4953.0], [928.0, 808.0, 4958.0], [928.0, 554.0, 5200.0], [928.0, 542.0, 5230.0], [928.0, 439.0, 5306.0], [927.0, 680.0, 5099.0], [927.0, 604.0, 5174.0], [927.0, 557.0, 5209.0], [926.0, 825.0, 4902.0], [926.0, 723.0, 5040.0], [926.0, 634.0, 5147.0], [926.0, 486.0, 5263.0], [925.0, 721.0, 5052.0], [925.0, 646.0, 5142.0], [924.0, 828.0, 4906.0], [924.0, 713.0, 5054.0], [923.0, 802.0, 4993.0], [922.0, 710.0, 5057.0], [921.0, 756.0, 5019.0], [921.0, 682.0, 5079.0], [921.0, 667.0, 5103.0], [921.0, 590.0, 5189.0], [921.0, 501.0, 5256.0], [919.0, 575.0, 5202.0], [919.0, 484.0, 5277.0], [919.0, 437.0, 5345.0], [919.0, 361.0, 5416.0], [918.0, 682.0, 5087.0], [918.0, 658.0, 5135.0], [918.0, 567.0, 5203.0], [918.0, 558.0, 5215.0], [917.0, 809.0, 4957.0], [917.0, 708.0, 5085.0], [917.0, 618.0, 5155.0], [917.0, 592.0, 5196.0], [917.0, 553.0, 5216.0], [916.0, 616.0, 5167.0], [915.0, 861.0, 4903.0], [915.0, 715.0, 5067.0], [915.0, 631.0, 5148.0], [915.0, 504.0, 5253.0], [915.0, 370.0, 5358.0], [913.0, 568.0, 5217.0], [913.0, 556.0, 5221.0], [912.0, 536.0, 5236.0], [911.0, 759.0, 5015.0], [911.0, 727.0, 5060.0], [911.0, 666.0, 5119.0], [911.0, 552.0, 5227.0], [911.0, 520.0, 5246.0], [910.0, 844.0, 4927.0], [910.0, 686.0, 5119.0], [910.0, 669.0, 5128.0], [910.0, 454.0, 5308.0], [909.0, 754.0, 5043.0], [909.0, 690.0, 5109.0], [909.0, 626.0, 5159.0], [909.0, 599.0, 5177.0], [909.0, 594.0, 5183.0], [909.0, 579.0, 5210.0], [909.0, 564.0, 5220.0], [908.0, 673.0, 5126.0], [908.0, 606.0, 5178.0], [908.0, 603.0, 5200.0], [907.0, 764.0, 5014.0], [907.0, 552.0, 5231.0], [906.0, 803.0, 4965.0], [906.0, 715.0, 5068.0], [906.0, 699.0, 5089.0], [906.0, 572.0, 5232.0], [906.0, 501.0, 5257.0], [906.0, 422.0, 5359.0], [905.0, 692.0, 5107.0], [905.0, 668.0, 5129.0], [904.0, 734.0, 5083.0], [904.0, 512.0, 5258.0], [903.0, 918.0, 4800.0], [903.0, 843.0, 4929.0], [903.0, 484.0, 5314.0], [903.0, 395.0, 5381.0], [903.0, 393.0, 5382.0], [902.0, 846.0, 4926.0], [902.0, 777.0, 5018.0], [902.0, 703.0, 5087.0], [902.0, 698.0, 5098.0], [902.0, 650.0, 5141.0], [902.0, 575.0, 5237.0], [902.0, 457.0, 5328.0], [901.0, 803.0, 4990.0], [901.0, 628.0, 5157.0], [900.0, 754.0, 5072.0], [900.0, 619.0, 5181.0], [900.0, 589.0, 5223.0], [900.0, 553.0, 5246.0], [900.0, 500.0, 5259.0], [899.0, 761.0, 5052.0], [899.0, 660.0, 5131.0], [899.0, 622.0, 5187.0], [899.0, 535.0, 5250.0], [899.0, 497.0, 5306.0], [899.0, 486.0, 5311.0], [898.0, 499.0, 5334.0], [898.0, 410.0, 5401.0], [897.0, 623.0, 5187.0], [897.0, 576.0, 5239.0], [897.0, 523.0, 5261.0], [897.0, 506.0, 5280.0], [897.0, 501.0, 5285.0], [896.0, 651.0, 5149.0], [896.0, 641.0, 5157.0], [895.0, 718.0, 5105.0], [895.0, 596.0, 5203.0], [895.0, 527.0, 5274.0], [895.0, 441.0, 5362.0], [894.0, 830.0, 4984.0], [894.0, 471.0, 5335.0], [893.0, 784.0, 5015.0], [893.0, 645.0, 5155.0], [893.0, 626.0, 5176.0], [893.0, 539.0, 5249.0], [893.0, 537.0, 5257.0], [893.0, 514.0, 5280.0], [892.0, 737.0, 5086.0], [892.0, 605.0, 5209.0], [892.0, 514.0, 5288.0], [891.0, 873.0, 4938.0], [891.0, 663.0, 5150.0], [891.0, 639.0, 5181.0], [891.0, 609.0, 5220.0], [890.0, 781.0, 5016.0], [890.0, 680.0, 5133.0], [890.0, 505.0, 5300.0], [889.0, 844.0, 4942.0], [889.0, 647.0, 5152.0], [887.0, 725.0, 5091.0], [887.0, 696.0, 5122.0], [887.0, 554.0, 5263.0], [886.0, 592.0, 5221.0], [885.0, 833.0, 4962.0], [885.0, 774.0, 5028.0], [885.0, 697.0, 5108.0], [885.0, 660.0, 5173.0], [885.0, 644.0, 5194.0], [884.0, 786.0, 5033.0], [884.0, 685.0, 5124.0], [884.0, 668.0, 5165.0], [884.0, 577.0, 5233.0], [884.0, 517.0, 5276.0], [883.0, 739.0, 5073.0], [883.0, 582.0, 5235.0], [882.0, 752.0, 5073.0], [882.0, 558.0, 5265.0], [882.0, 513.0, 5301.0], [881.0, 775.0, 5042.0], [881.0, 703.0, 5112.0], [881.0, 595.0, 5246.0], [881.0, 543.0, 5274.0], [881.0, 506.0, 5313.0], [880.0, 681.0, 5142.0], [880.0, 670.0, 5162.0], [879.0, 564.0, 5248.0], [879.0, 515.0, 5286.0], [879.0, 460.0, 5342.0], [878.0, 863.0, 4958.0], [878.0, 521.0, 5275.0], [877.0, 794.0, 5022.0], [877.0, 777.0, 5039.0], [877.0, 693.0, 5141.0], [877.0, 619.0, 5201.0], [877.0, 484.0, 5343.0], [876.0, 345.0, 5424.0], [875.0, 756.0, 5074.0], [874.0, 780.0, 5040.0], [874.0, 663.0, 5210.0], [874.0, 602.0, 5229.0], [874.0, 562.0, 5252.0], [874.0, 544.0, 5288.0], [874.0, 516.0, 5328.0], [873.0, 727.0, 5096.0], [872.0, 754.0, 5076.0], [872.0, 675.0, 5144.0], [872.0, 616.0, 5217.0], [872.0, 571.0, 5271.0], [872.0, 452.0, 5373.0], [872.0, 412.0, 5409.0], [871.0, 709.0, 5106.0], [871.0, 619.0, 5226.0], [871.0, 531.0, 5304.0], [871.0, 415.0, 5418.0], [870.0, 831.0, 4995.0], [869.0, 713.0, 5110.0], [869.0, 589.0, 5258.0], [868.0, 591.0, 5260.0], [867.0, 702.0, 5113.0], [867.0, 667.0, 5173.0], [867.0, 598.0, 5240.0], [867.0, 458.0, 5355.0], [866.0, 779.0, 5053.0], [866.0, 638.0, 5217.0], [866.0, 526.0, 5307.0], [865.0, 723.0, 5101.0], [865.0, 553.0, 5273.0], [865.0, 460.0, 5375.0], [864.0, 763.0, 5070.0], [864.0, 715.0, 5110.0], [864.0, 620.0, 5218.0], [863.0, 606.0, 5239.0], [863.0, 546.0, 5285.0], [862.0, 812.0, 5008.0], [862.0, 742.0, 5082.0], [862.0, 690.0, 5165.0], [861.0, 600.0, 5247.0], [861.0, 573.0, 5273.0], [861.0, 561.0, 5307.0], [860.0, 697.0, 5159.0], [860.0, 596.0, 5248.0], [860.0, 533.0, 5320.0], [859.0, 573.0, 5276.0], [858.0, 839.0, 4972.0], [858.0, 700.0, 5129.0], [858.0, 578.0, 5280.0], [857.0, 792.0, 5038.0], [857.0, 706.0, 5114.0], [856.0, 617.0, 5256.0], [855.0, 597.0, 5261.0], [855.0, 524.0, 5328.0], [854.0, 716.0, 5119.0], [854.0, 627.0, 5241.0], [854.0, 527.0, 5337.0], [854.0, 429.0, 5409.0], [853.0, 734.0, 5126.0], [853.0, 497.0, 5361.0], [852.0, 792.0, 5052.0], [852.0, 748.0, 5091.0], [852.0, 714.0, 5140.0], [852.0, 454.0, 5405.0], [851.0, 576.0, 5294.0], [851.0, 500.0, 5348.0], [850.0, 821.0, 5004.0], [850.0, 767.0, 5106.0], [850.0, 675.0, 5183.0], [850.0, 466.0, 5380.0], [849.0, 466.0, 5391.0], [848.0, 705.0, 5147.0], [848.0, 592.0, 5292.0], [847.0, 818.0, 5023.0], [847.0, 694.0, 5164.0], [847.0, 687.0, 5179.0], [847.0, 622.0, 5242.0], [847.0, 504.0, 5351.0], [847.0, 423.0, 5415.0], [846.0, 753.0, 5116.0], [846.0, 718.0, 5158.0], [846.0, 348.0, 5441.0], [845.0, 801.0, 5044.0], [845.0, 675.0, 5189.0], [845.0, 530.0, 5329.0], [844.0, 438.0, 5417.0], [843.0, 593.0, 5262.0], [843.0, 518.0, 5340.0], [842.0, 546.0, 5325.0], [842.0, 542.0, 5327.0], [842.0, 502.0, 5380.0], [842.0, 500.0, 5398.0], [842.0, 462.0, 5418.0], [842.0, 350.0, 5438.0], [841.0, 620.0, 5260.0], [841.0, 563.0, 5313.0], [841.0, 363.0, 5461.0], [840.0, 722.0, 5129.0], [840.0, 604.0, 5271.0], [838.0, 801.0, 5048.0], [838.0, 787.0, 5068.0], [838.0, 786.0, 5088.0], [838.0, 688.0, 5193.0], [838.0, 638.0, 5232.0], [838.0, 510.0, 5370.0], [837.0, 829.0, 5006.0], [837.0, 803.0, 5074.0], [837.0, 703.0, 5178.0], [837.0, 388.0, 5466.0], [836.0, 844.0, 4978.0], [836.0, 738.0, 5119.0], [836.0, 704.0, 5167.0], [836.0, 538.0, 5330.0], [835.0, 735.0, 5130.0], [835.0, 566.0, 5306.0], [834.0, 591.0, 5299.0], [834.0, 549.0, 5345.0], [834.0, 533.0, 5355.0], [834.0, 475.0, 5405.0], [833.0, 839.0, 5020.0], [833.0, 567.0, 5327.0], [833.0, 420.0, 5419.0], [832.0, 653.0, 5218.0], [832.0, 632.0, 5252.0], [832.0, 578.0, 5310.0], [832.0, 525.0, 5360.0], [832.0, 410.0, 5425.0], [831.0, 693.0, 5196.0], [831.0, 443.0, 5427.0], [830.0, 885.0, 4892.0], [830.0, 640.0, 5219.0], [829.0, 436.0, 5429.0], [829.0, 398.0, 5450.0], [828.0, 861.0, 5006.0], [828.0, 747.0, 5118.0], [828.0, 723.0, 5151.0], [828.0, 671.0, 5211.0], [828.0, 610.0, 5280.0], [827.0, 801.0, 5091.0], [827.0, 744.0, 5120.0], [827.0, 721.0, 5164.0], [827.0, 674.0, 5207.0], [827.0, 664.0, 5224.0], [826.0, 714.0, 5165.0], [826.0, 585.0, 5327.0], [826.0, 561.0, 5333.0], [826.0, 395.0, 5486.0], [825.0, 742.0, 5132.0], [825.0, 666.0, 5224.0], [824.0, 696.0, 5188.0], [824.0, 421.0, 5482.0], [823.0, 684.0, 5234.0], [823.0, 639.0, 5239.0], [823.0, 446.0, 5419.0], [822.0, 852.0, 5039.0], [822.0, 749.0, 5119.0], [822.0, 621.0, 5261.0], [822.0, 594.0, 5316.0], [822.0, 553.0, 5347.0], [821.0, 821.0, 5049.0], [821.0, 736.0, 5142.0], [820.0, 647.0, 5240.0], [820.0, 620.0, 5281.0], [820.0, 518.0, 5363.0], [819.0, 777.0, 5098.0], [819.0, 723.0, 5169.0], [819.0, 650.0, 5249.0], [818.0, 735.0, 5164.0], [818.0, 634.0, 5274.0], [818.0, 604.0, 5294.0], [817.0, 748.0, 5128.0], [817.0, 555.0, 5340.0], [816.0, 891.0, 5015.0], [816.0, 790.0, 5092.0], [816.0, 716.0, 5182.0], [816.0, 518.0, 5385.0], [816.0, 485.0, 5414.0], [815.0, 774.0, 5129.0], [815.0, 746.0, 5133.0], [815.0, 533.0, 5379.0], [815.0, 442.0, 5447.0], [814.0, 613.0, 5292.0], [814.0, 596.0, 5303.0], [814.0, 555.0, 5346.0], [813.0, 803.0, 5081.0], [813.0, 596.0, 5304.0], [813.0, 590.0, 5323.0], [812.0, 793.0, 5110.0], [812.0, 700.0, 5184.0], [812.0, 640.0, 5279.0], [812.0, 600.0, 5317.0], [811.0, 747.0, 5147.0], [810.0, 653.0, 5241.0], [810.0, 581.0, 5345.0], [810.0, 536.0, 5360.0], [809.0, 604.0, 5312.0], [809.0, 493.0, 5409.0], [808.0, 536.0, 5368.0], [807.0, 835.0, 5059.0], [807.0, 668.0, 5256.0], [807.0, 623.0, 5310.0], [807.0, 496.0, 5409.0], [807.0, 480.0, 5455.0], [806.0, 499.0, 5418.0], [805.0, 727.0, 5183.0], [804.0, 765.0, 5149.0], [804.0, 687.0, 5213.0], [804.0, 541.0, 5371.0], [803.0, 693.0, 5209.0], [802.0, 689.0, 5223.0], [802.0, 390.0, 5496.0], [801.0, 784.0, 5130.0], [801.0, 578.0, 5346.0], [800.0, 709.0, 5209.0], [800.0, 662.0, 5262.0], [799.0, 892.0, 4987.0], [799.0, 739.0, 5162.0], [799.0, 642.0, 5268.0], [799.0, 530.0, 5384.0], [798.0, 632.0, 5294.0], [797.0, 680.0, 5245.0], [797.0, 669.0, 5265.0], [797.0, 648.0, 5272.0], [796.0, 625.0, 5312.0], [796.0, 398.0, 5503.0], [795.0, 823.0, 5084.0], [795.0, 585.0, 5368.0], [795.0, 494.0, 5436.0], [794.0, 779.0, 5131.0], [794.0, 776.0, 5142.0], [794.0, 738.0, 5170.0], [794.0, 625.0, 5315.0], [794.0, 402.0, 5499.0], [793.0, 528.0, 5408.0], [792.0, 795.0, 5095.0], [792.0, 695.0, 5234.0], [791.0, 708.0, 5239.0], [791.0, 413.0, 5523.0], [790.0, 546.0, 5392.0], [790.0, 455.0, 5460.0], [789.0, 437.0, 5524.0], [788.0, 644.0, 5273.0], [788.0, 619.0, 5317.0], [788.0, 549.0, 5400.0], [788.0, 533.0, 5410.0], [787.0, 744.0, 5173.0], [787.0, 496.0, 5423.0], [786.0, 637.0, 5294.0], [786.0, 471.0, 5462.0], [784.0, 728.0, 5203.0], [784.0, 510.0, 5427.0], [783.0, 736.0, 5201.0], [783.0, 709.0, 5216.0], [783.0, 661.0, 5301.0], [783.0, 594.0, 5322.0], [783.0, 570.0, 5369.0], [783.0, 513.0, 5436.0], [782.0, 787.0, 5127.0], [782.0, 666.0, 5278.0], [782.0, 588.0, 5346.0], [781.0, 680.0, 5256.0], [781.0, 617.0, 5331.0], [781.0, 597.0, 5338.0], [780.0, 771.0, 5167.0], [780.0, 600.0, 5347.0], [780.0, 373.0, 5550.0], [779.0, 780.0, 5135.0], [779.0, 772.0, 5143.0], [779.0, 708.0, 5243.0], [779.0, 687.0, 5253.0], [778.0, 805.0, 5095.0], [778.0, 587.0, 5352.0], [778.0, 570.0, 5379.0], [778.0, 558.0, 5383.0], [777.0, 618.0, 5354.0], [777.0, 548.0, 5413.0], [777.0, 532.0, 5423.0], [775.0, 757.0, 5175.0], [775.0, 656.0, 5310.0], [775.0, 505.0, 5444.0], [774.0, 590.0, 5373.0], [773.0, 720.0, 5214.0], [771.0, 805.0, 5099.0], [770.0, 817.0, 5136.0], [770.0, 744.0, 5191.0], [770.0, 739.0, 5195.0], [770.0, 681.0, 5255.0], [768.0, 670.0, 5263.0], [768.0, 499.0, 5450.0], [767.0, 577.0, 5399.0], [766.0, 746.0, 5188.0], [764.0, 751.0, 5208.0], [764.0, 667.0, 5272.0], [764.0, 533.0, 5415.0], [764.0, 488.0, 5468.0], [764.0, 472.0, 5478.0], [763.0, 518.0, 5441.0], [762.0, 610.0, 5363.0], [762.0, 503.0, 5447.0], [761.0, 623.0, 5323.0], [760.0, 619.0, 5326.0], [759.0, 771.0, 5203.0], [759.0, 718.0, 5216.0], [759.0, 680.0, 5271.0], [759.0, 589.0, 5378.0], [759.0, 575.0, 5423.0], [759.0, 545.0, 5427.0], [759.0, 541.0, 5430.0], [759.0, 420.0, 5536.0], [758.0, 687.0, 5272.0], [758.0, 621.0, 5343.0], [756.0, 690.0, 5276.0], [756.0, 688.0, 5285.0], [756.0, 453.0, 5496.0], [755.0, 773.0, 5200.0], [755.0, 637.0, 5335.0], [755.0, 598.0, 5367.0], [754.0, 439.0, 5554.0], [753.0, 818.0, 5108.0], [753.0, 732.0, 5219.0], [753.0, 619.0, 5355.0], [751.0, 760.0, 5206.0], [751.0, 638.0, 5325.0], [751.0, 594.0, 5374.0], [750.0, 845.0, 5059.0], [750.0, 474.0, 5485.0], [749.0, 743.0, 5213.0], [749.0, 705.0, 5267.0], [748.0, 648.0, 5324.0], [748.0, 470.0, 5515.0], [747.0, 711.0, 5258.0], [747.0, 710.0, 5280.0], [745.0, 455.0, 5542.0], [744.0, 766.0, 5209.0], [743.0, 858.0, 5107.0], [743.0, 713.0, 5268.0], [743.0, 681.0, 5295.0], [742.0, 741.0, 5221.0], [742.0, 548.0, 5448.0], [741.0, 862.0, 5106.0], [741.0, 495.0, 5471.0], [740.0, 683.0, 5337.0], [739.0, 632.0, 5347.0], [739.0, 593.0, 5419.0], [739.0, 333.0, 5557.0], [738.0, 725.0, 5231.0], [737.0, 793.0, 5203.0], [737.0, 632.0, 5356.0], [737.0, 473.0, 5505.0], [737.0, 357.0, 5558.0], [736.0, 703.0, 5285.0], [736.0, 645.0, 5345.0], [736.0, 488.0, 5483.0], [735.0, 542.0, 5454.0], [734.0, 554.0, 5443.0], [732.0, 736.0, 5229.0], [731.0, 612.0, 5409.0], [731.0, 507.0, 5463.0], [730.0, 447.0, 5551.0], [729.0, 642.0, 5348.0], [729.0, 527.0, 5457.0], [729.0, 500.0, 5473.0], [729.0, 486.0, 5499.0], [727.0, 742.0, 5221.0], [727.0, 726.0, 5264.0], [727.0, 516.0, 5484.0], [726.0, 729.0, 5249.0], [726.0, 481.0, 5516.0], [724.0, 712.0, 5290.0], [722.0, 571.0, 5444.0], [721.0, 715.0, 5277.0], [721.0, 621.0, 5400.0], [720.0, 635.0, 5353.0], [720.0, 535.0, 5499.0], [720.0, 444.0, 5567.0], [719.0, 562.0, 5466.0], [719.0, 475.0, 5522.0], [718.0, 885.0, 5046.0], [718.0, 810.0, 5175.0], [718.0, 741.0, 5228.0], [718.0, 579.0, 5431.0], [718.0, 546.0, 5473.0], [717.0, 813.0, 5172.0], [717.0, 645.0, 5365.0], [717.0, 469.0, 5535.0], [716.0, 816.0, 5180.0], [716.0, 665.0, 5352.0], [715.0, 766.0, 5228.0], [714.0, 839.0, 5123.0], [713.0, 775.0, 5218.0], [713.0, 742.0, 5235.0], [713.0, 613.0, 5408.0], [712.0, 446.0, 5554.0], [711.0, 574.0, 5445.0], [710.0, 728.0, 5253.0], [710.0, 482.0, 5523.0], [709.0, 805.0, 5204.0], [709.0, 694.0, 5337.0], [707.0, 741.0, 5262.0], [707.0, 594.0, 5424.0], [706.0, 840.0, 5184.0], [706.0, 504.0, 5512.0], [705.0, 770.0, 5247.0], [705.0, 554.0, 5468.0], [705.0, 514.0, 5506.0], [704.0, 548.0, 5480.0], [703.0, 578.0, 5469.0], [703.0, 495.0, 5534.0], [702.0, 727.0, 5266.0], [702.0, 375.0, 5595.0], [701.0, 886.0, 5018.0], [700.0, 749.0, 5248.0], [700.0, 582.0, 5445.0], [697.0, 784.0, 5228.0], [697.0, 770.0, 5270.0], [697.0, 656.0, 5385.0], [696.0, 667.0, 5345.0], [696.0, 516.0, 5524.0], [695.0, 788.0, 5227.0], [694.0, 397.0, 5584.0], [693.0, 623.0, 5398.0], [693.0, 435.0, 5619.0], [692.0, 714.0, 5282.0], [691.0, 647.0, 5399.0], [691.0, 589.0, 5476.0], [690.0, 636.0, 5417.0], [690.0, 592.0, 5436.0], [690.0, 545.0, 5485.0], [689.0, 841.0, 5156.0], [688.0, 777.0, 5251.0], [688.0, 699.0, 5342.0], [687.0, 679.0, 5347.0], [684.0, 711.0, 5292.0], [684.0, 697.0, 5354.0], [683.0, 745.0, 5291.0], [682.0, 487.0, 5572.0], [681.0, 640.0, 5407.0], [676.0, 710.0, 5305.0], [676.0, 703.0, 5324.0], [674.0, 677.0, 5372.0], [672.0, 772.0, 5303.0], [672.0, 595.0, 5440.0], [671.0, 501.0, 5541.0], [670.0, 532.0, 5543.0], [669.0, 787.0, 5233.0], [668.0, 733.0, 5309.0], [668.0, 556.0, 5544.0], [666.0, 654.0, 5423.0], [664.0, 809.0, 5219.0], [664.0, 559.0, 5485.0], [663.0, 731.0, 5325.0], [663.0, 658.0, 5380.0], [663.0, 612.0, 5437.0], [663.0, 399.0, 5626.0], [660.0, 693.0, 5360.0], [659.0, 696.0, 5368.0], [657.0, 629.0, 5445.0], [656.0, 809.0, 5242.0], [655.0, 671.0, 5382.0], [655.0, 524.0, 5552.0], [654.0, 631.0, 5459.0], [653.0, 539.0, 5550.0], [652.0, 839.0, 5228.0], [652.0, 685.0, 5392.0], [652.0, 489.0, 5612.0], [649.0, 655.0, 5395.0], [648.0, 632.0, 5437.0], [644.0, 708.0, 5369.0], [643.0, 856.0, 5137.0], [643.0, 783.0, 5272.0], [642.0, 784.0, 5263.0], [642.0, 627.0, 5468.0], [641.0, 562.0, 5513.0], [640.0, 574.0, 5477.0], [639.0, 586.0, 5514.0], [634.0, 644.0, 5468.0], [631.0, 811.0, 5275.0], [631.0, 732.0, 5310.0], [631.0, 646.0, 5442.0], [630.0, 696.0, 5398.0], [630.0, 660.0, 5436.0], [618.0, 735.0, 5340.0], [614.0, 535.0, 5565.0], [613.0, 670.0, 5431.0], [612.0, 653.0, 5467.0], [611.0, 724.0, 5364.0], [610.0, 727.0, 5361.0], [609.0, 668.0, 5445.0], [606.0, 765.0, 5349.0], [606.0, 692.0, 5404.0], [602.0, 561.0, 5541.0], [600.0, 655.0, 5451.0], [599.0, 754.0, 5373.0], [599.0, 611.0, 5476.0], [598.0, 453.0, 5615.0], [596.0, 620.0, 5494.0], [595.0, 719.0, 5416.0], [595.0, 583.0, 5546.0], [593.0, 683.0, 5440.0], [592.0, 591.0, 5504.0], [590.0, 698.0, 5417.0], [587.0, 605.0, 5535.0], [577.0, 611.0, 5543.0], [575.0, 635.0, 5544.0], [574.0, 766.0, 5334.0], [573.0, 694.0, 5460.0], [573.0, 576.0, 5586.0], [566.0, 674.0, 5492.0], [566.0, 579.0, 5588.0], [565.0, 582.0, 5556.0], [559.0, 568.0, 5612.0], [553.0, 607.0, 5549.0], [545.0, 595.0, 5565.0], [536.0, 638.0, 5499.0]]
