heur = false
LBS_limit = 3
preproc = 0
tight_root = 0
total_time = 1800.08
NDP = 898
total_nodes = 50073
pruned_nodes = 25020
pruned_dominance_nodes = 15880
heur_time = 0.0
Y_N = Any[[4754.0, 3210.0, 6680.0], [4730.0, 3505.0, 6381.0], [4722.0, 3402.0, 6639.0], [4719.0, 3399.0, 6676.0], [4717.0, 3471.0, 6655.0], [4703.0, 3508.0, 6415.0], [4699.0, 3237.0, 6868.0], [4690.0, 3477.0, 6503.0], [4688.0, 3353.0, 6750.0], [4685.0, 3586.0, 6478.0], [4684.0, 3225.0, 6916.0], [4660.0, 3699.0, 6414.0], [4651.0, 3438.0, 6778.0], [4648.0, 3093.0, 7161.0], [4644.0, 3464.0, 6738.0], [4637.0, 3192.0, 7011.0], [4626.0, 3634.0, 6531.0], [4625.0, 3470.0, 6696.0], [4625.0, 3295.0, 6889.0], [4622.0, 3532.0, 6714.0], [4622.0, 3290.0, 6921.0], [4616.0, 3327.0, 6820.0], [4616.0, 3276.0, 7030.0], [4613.0, 3568.0, 6657.0], [4611.0, 3725.0, 6254.0], [4611.0, 3354.0, 6992.0], [4606.0, 3599.0, 6577.0], [4600.0, 2925.0, 7176.0], [4599.0, 3506.0, 6755.0], [4599.0, 3264.0, 7044.0], [4591.0, 3176.0, 7058.0], [4588.0, 3609.0, 6588.0], [4588.0, 3395.0, 6844.0], [4585.0, 3663.0, 6602.0], [4581.0, 3363.0, 6905.0], [4580.0, 3567.0, 6729.0], [4578.0, 3261.0, 7102.0], [4575.0, 3705.0, 6306.0], [4575.0, 3373.0, 6908.0], [4574.0, 3671.0, 6575.0], [4574.0, 3604.0, 6628.0], [4573.0, 3593.0, 6654.0], [4572.0, 3759.0, 6464.0], [4572.0, 3081.0, 7211.0], [4571.0, 3700.0, 6506.0], [4571.0, 3159.0, 7134.0], [4570.0, 3410.0, 6809.0], [4569.0, 3267.0, 7040.0], [4564.0, 3488.0, 6758.0], [4563.0, 3381.0, 6903.0], [4560.0, 3672.0, 6596.0], [4558.0, 3286.0, 7025.0], [4557.0, 3468.0, 6826.0], [4557.0, 3428.0, 6864.0], [4553.0, 3601.0, 6738.0], [4553.0, 3438.0, 6911.0], [4551.0, 3614.0, 6713.0], [4549.0, 3567.0, 6749.0], [4547.0, 3069.0, 7307.0], [4546.0, 3526.0, 6800.0], [4546.0, 3185.0, 7145.0], [4543.0, 3388.0, 6947.0], [4539.0, 3362.0, 7003.0], [4538.0, 3575.0, 6749.0], [4538.0, 3237.0, 7163.0], [4537.0, 3459.0, 6855.0], [4536.0, 3634.0, 6753.0], [4532.0, 3510.0, 6909.0], [4529.0, 3700.0, 6644.0], [4523.0, 3543.0, 6847.0], [4522.0, 3438.0, 6985.0], [4522.0, 3286.0, 7088.0], [4521.0, 3711.0, 6552.0], [4520.0, 3192.0, 7168.0], [4519.0, 3576.0, 6783.0], [4517.0, 3734.0, 6544.0], [4515.0, 3709.0, 6602.0], [4515.0, 3068.0, 7350.0], [4513.0, 3259.0, 7116.0], [4512.0, 3766.0, 6571.0], [4512.0, 3136.0, 7256.0], [4509.0, 3542.0, 6863.0], [4506.0, 3322.0, 7095.0], [4505.0, 3516.0, 6901.0], [4505.0, 3241.0, 7165.0], [4504.0, 3830.0, 6262.0], [4503.0, 3304.0, 7161.0], [4501.0, 3608.0, 6774.0], [4500.0, 3095.0, 7315.0], [4499.0, 3478.0, 6933.0], [4499.0, 3399.0, 7021.0], [4497.0, 3715.0, 6584.0], [4495.0, 3754.0, 6591.0], [4494.0, 3824.0, 6514.0], [4494.0, 3470.0, 6967.0], [4492.0, 3705.0, 6650.0], [4492.0, 3552.0, 6851.0], [4492.0, 3551.0, 6900.0], [4491.0, 3651.0, 6751.0], [4490.0, 3234.0, 7170.0], [4489.0, 3120.0, 7278.0], [4484.0, 3559.0, 6817.0], [4483.0, 3452.0, 6968.0], [4482.0, 3772.0, 6568.0], [4481.0, 3578.0, 6820.0], [4481.0, 3471.0, 6975.0], [4480.0, 3833.0, 6328.0], [4480.0, 3232.0, 7211.0], [4478.0, 3487.0, 6937.0], [4475.0, 3567.0, 6868.0], [4475.0, 3391.0, 7039.0], [4475.0, 3109.0, 7341.0], [4474.0, 3646.0, 6765.0], [4471.0, 3737.0, 6604.0], [4469.0, 3592.0, 6856.0], [4469.0, 3404.0, 6990.0], [4466.0, 3192.0, 7215.0], [4461.0, 3760.0, 6644.0], [4461.0, 3709.0, 6646.0], [4460.0, 3601.0, 6824.0], [4460.0, 3534.0, 6973.0], [4460.0, 3474.0, 6978.0], [4460.0, 3327.0, 7134.0], [4459.0, 3794.0, 6591.0], [4459.0, 3700.0, 6707.0], [4457.0, 3389.0, 7152.0], [4456.0, 3618.0, 6789.0], [4455.0, 3600.0, 6835.0], [4455.0, 3405.0, 7096.0], [4455.0, 3299.0, 7170.0], [4453.0, 3769.0, 6629.0], [4453.0, 3197.0, 7266.0], [4452.0, 3662.0, 6853.0], [4452.0, 3475.0, 7031.0], [4452.0, 3421.0, 7098.0], [4451.0, 3555.0, 6886.0], [4451.0, 3020.0, 7427.0], [4450.0, 3580.0, 6948.0], [4450.0, 3280.0, 7244.0], [4449.0, 3705.0, 6661.0], [4445.0, 3437.0, 7113.0], [4440.0, 3833.0, 6358.0], [4440.0, 3200.0, 7277.0], [4438.0, 3502.0, 6998.0], [4438.0, 3311.0, 7162.0], [4437.0, 3684.0, 6716.0], [4432.0, 3026.0, 7505.0], [4430.0, 3829.0, 6580.0], [4429.0, 3899.0, 6424.0], [4429.0, 3719.0, 6778.0], [4428.0, 3547.0, 6974.0], [4426.0, 3478.0, 7031.0], [4424.0, 3453.0, 7044.0], [4424.0, 3212.0, 7305.0], [4423.0, 3459.0, 7036.0], [4423.0, 3132.0, 7350.0], [4423.0, 2985.0, 7515.0], [4422.0, 3555.0, 6955.0], [4419.0, 3473.0, 7080.0], [4418.0, 3743.0, 6650.0], [4418.0, 3157.0, 7355.0], [4417.0, 3870.0, 6466.0], [4416.0, 3606.0, 6884.0], [4416.0, 3313.0, 7287.0], [4415.0, 3901.0, 6522.0], [4414.0, 3202.0, 7324.0], [4412.0, 3786.0, 6628.0], [4411.0, 3708.0, 6779.0], [4411.0, 3518.0, 7027.0], [4409.0, 3554.0, 6972.0], [4406.0, 3767.0, 6696.0], [4406.0, 3603.0, 6902.0], [4404.0, 3841.0, 6627.0], [4404.0, 3439.0, 7095.0], [4404.0, 3365.0, 7235.0], [4403.0, 3509.0, 7031.0], [4403.0, 3417.0, 7165.0], [4402.0, 3730.0, 6705.0], [4402.0, 3699.0, 6781.0], [4402.0, 3665.0, 6822.0], [4402.0, 3423.0, 7126.0], [4402.0, 3381.0, 7179.0], [4401.0, 3227.0, 7352.0], [4399.0, 3443.0, 7197.0], [4399.0, 3184.0, 7368.0], [4398.0, 3845.0, 6604.0], [4398.0, 3208.0, 7366.0], [4397.0, 3735.0, 6794.0], [4397.0, 3607.0, 6896.0], [4396.0, 2946.0, 7572.0], [4395.0, 3447.0, 7107.0], [4393.0, 3599.0, 6924.0], [4393.0, 3482.0, 7033.0], [4393.0, 3244.0, 7293.0], [4393.0, 2780.0, 7740.0], [4392.0, 3778.0, 6661.0], [4392.0, 3614.0, 6870.0], [4391.0, 3824.0, 6680.0], [4391.0, 3764.0, 6739.0], [4391.0, 3570.0, 6968.0], [4391.0, 2980.0, 7550.0], [4389.0, 3905.0, 6535.0], [4389.0, 3628.0, 6889.0], [4389.0, 3071.0, 7394.0], [4388.0, 3683.0, 6796.0], [4387.0, 3547.0, 6978.0], [4386.0, 3548.0, 6976.0], [4386.0, 2942.0, 7697.0], [4385.0, 3540.0, 7063.0], [4382.0, 3923.0, 6601.0], [4381.0, 3236.0, 7324.0], [4380.0, 3449.0, 7086.0], [4379.0, 3801.0, 6741.0], [4379.0, 3326.0, 7273.0], [4377.0, 3548.0, 7074.0], [4375.0, 3637.0, 6918.0], [4375.0, 3593.0, 6952.0], [4374.0, 3682.0, 6832.0], [4373.0, 3816.0, 6689.0], [4373.0, 3129.0, 7432.0], [4371.0, 3351.0, 7252.0], [4370.0, 3399.0, 7235.0], [4370.0, 3093.0, 7466.0], [4369.0, 3158.0, 7489.0], [4368.0, 3828.0, 6656.0], [4368.0, 3666.0, 6838.0], [4368.0, 3310.0, 7316.0], [4368.0, 2993.0, 7543.0], [4367.0, 3044.0, 7585.0], [4366.0, 3757.0, 6774.0], [4366.0, 3178.0, 7391.0], [4364.0, 3580.0, 6971.0], [4364.0, 3199.0, 7406.0], [4363.0, 3600.0, 6919.0], [4363.0, 3594.0, 6937.0], [4362.0, 3553.0, 7016.0], [4362.0, 3330.0, 7272.0], [4360.0, 3696.0, 6797.0], [4360.0, 3528.0, 7083.0], [4360.0, 3472.0, 7136.0], [4359.0, 3587.0, 6953.0], [4358.0, 3712.0, 6879.0], [4358.0, 3584.0, 6961.0], [4357.0, 3669.0, 6881.0], [4356.0, 3844.0, 6646.0], [4356.0, 3831.0, 6686.0], [4356.0, 3576.0, 7001.0], [4355.0, 3595.0, 6979.0], [4354.0, 3717.0, 6807.0], [4354.0, 3684.0, 6882.0], [4354.0, 3597.0, 6934.0], [4354.0, 3461.0, 7140.0], [4354.0, 3380.0, 7248.0], [4353.0, 3580.0, 6990.0], [4353.0, 3495.0, 7133.0], [4353.0, 3224.0, 7381.0], [4351.0, 3379.0, 7311.0], [4349.0, 3796.0, 6755.0], [4349.0, 3719.0, 6795.0], [4348.0, 3477.0, 7158.0], [4347.0, 3802.0, 6732.0], [4346.0, 3730.0, 6798.0], [4346.0, 3711.0, 6881.0], [4345.0, 3970.0, 6562.0], [4344.0, 3464.0, 7191.0], [4343.0, 3785.0, 6829.0], [4343.0, 3269.0, 7342.0], [4342.0, 3609.0, 6933.0], [4341.0, 3349.0, 7358.0], [4340.0, 3744.0, 6838.0], [4339.0, 3806.0, 6702.0], [4339.0, 3162.0, 7408.0], [4337.0, 3240.0, 7375.0], [4336.0, 3490.0, 7168.0], [4335.0, 3192.0, 7459.0], [4335.0, 2978.0, 7608.0], [4334.0, 3550.0, 7037.0], [4332.0, 3651.0, 6888.0], [4330.0, 3729.0, 6843.0], [4330.0, 3704.0, 6895.0], [4330.0, 3625.0, 6932.0], [4328.0, 3743.0, 6872.0], [4328.0, 3579.0, 7010.0], [4327.0, 3602.0, 6956.0], [4327.0, 3537.0, 7076.0], [4326.0, 3679.0, 6903.0], [4325.0, 3873.0, 6614.0], [4325.0, 3599.0, 6992.0], [4325.0, 3567.0, 7050.0], [4324.0, 3607.0, 6955.0], [4324.0, 3606.0, 6956.0], [4324.0, 3009.0, 7658.0], [4322.0, 3399.0, 7300.0], [4322.0, 3113.0, 7532.0], [4321.0, 3678.0, 6915.0], [4321.0, 3652.0, 6978.0], [4321.0, 3549.0, 7071.0], [4321.0, 3263.0, 7432.0], [4321.0, 2963.0, 7663.0], [4320.0, 3604.0, 6989.0], [4319.0, 3684.0, 6905.0], [4317.0, 3825.0, 6705.0], [4314.0, 3519.0, 7138.0], [4313.0, 3695.0, 6939.0], [4312.0, 3834.0, 6680.0], [4312.0, 3697.0, 6994.0], [4311.0, 3556.0, 7054.0], [4310.0, 3827.0, 6795.0], [4310.0, 2961.0, 7694.0], [4309.0, 3737.0, 6910.0], [4308.0, 3683.0, 7011.0], [4308.0, 3525.0, 7168.0], [4305.0, 3796.0, 6816.0], [4305.0, 3109.0, 7567.0], [4305.0, 2847.0, 7765.0], [4304.0, 3164.0, 7519.0], [4303.0, 3583.0, 7116.0], [4303.0, 3442.0, 7212.0], [4303.0, 3305.0, 7398.0], [4302.0, 3618.0, 7053.0], [4302.0, 3434.0, 7237.0], [4301.0, 3843.0, 6817.0], [4301.0, 3420.0, 7259.0], [4300.0, 3424.0, 7264.0], [4300.0, 3165.0, 7500.0], [4299.0, 3948.0, 6651.0], [4299.0, 3207.0, 7476.0], [4298.0, 3587.0, 7067.0], [4298.0, 3446.0, 7283.0], [4298.0, 3176.0, 7486.0], [4296.0, 3604.0, 7076.0], [4296.0, 3473.0, 7179.0], [4294.0, 3766.0, 6889.0], [4294.0, 3487.0, 7261.0], [4293.0, 3744.0, 6892.0], [4293.0, 3059.0, 7666.0], [4292.0, 3490.0, 7241.0], [4292.0, 3297.0, 7448.0], [4291.0, 3844.0, 6700.0], [4291.0, 3235.0, 7474.0], [4289.0, 3746.0, 6892.0], [4287.0, 4012.0, 6362.0], [4287.0, 3330.0, 7389.0], [4287.0, 3164.0, 7521.0], [4285.0, 3852.0, 6742.0], [4285.0, 3652.0, 7021.0], [4283.0, 3915.0, 6769.0], [4283.0, 3589.0, 7090.0], [4283.0, 3501.0, 7170.0], [4282.0, 3507.0, 7196.0], [4281.0, 3728.0, 6942.0], [4281.0, 3466.0, 7270.0], [4281.0, 3110.0, 7565.0], [4281.0, 2999.0, 7691.0], [4280.0, 3791.0, 6923.0], [4279.0, 3401.0, 7326.0], [4279.0, 3321.0, 7431.0], [4278.0, 3608.0, 7078.0], [4278.0, 3170.0, 7513.0], [4277.0, 3721.0, 6950.0], [4277.0, 3554.0, 7179.0], [4277.0, 3300.0, 7436.0], [4277.0, 2859.0, 7874.0], [4276.0, 3029.0, 7724.0], [4274.0, 3594.0, 7095.0], [4274.0, 3215.0, 7509.0], [4272.0, 3483.0, 7273.0], [4272.0, 3088.0, 7591.0], [4271.0, 3649.0, 7063.0], [4271.0, 3049.0, 7669.0], [4270.0, 3210.0, 7539.0], [4269.0, 3261.0, 7467.0], [4268.0, 3813.0, 6864.0], [4268.0, 3303.0, 7443.0], [4268.0, 3096.0, 7580.0], [4267.0, 3407.0, 7294.0], [4267.0, 3036.0, 7693.0], [4266.0, 3612.0, 7089.0], [4266.0, 3432.0, 7285.0], [4266.0, 3092.0, 7648.0], [4265.0, 3500.0, 7236.0], [4263.0, 3111.0, 7591.0], [4262.0, 3698.0, 6971.0], [4262.0, 3547.0, 7193.0], [4261.0, 3516.0, 7252.0], [4261.0, 3136.0, 7582.0], [4260.0, 3350.0, 7373.0], [4258.0, 3565.0, 7169.0], [4258.0, 3280.0, 7512.0], [4255.0, 3652.0, 7062.0], [4255.0, 3381.0, 7333.0], [4253.0, 3726.0, 6957.0], [4253.0, 3701.0, 6961.0], [4253.0, 3400.0, 7368.0], [4252.0, 3604.0, 7114.0], [4252.0, 3308.0, 7485.0], [4251.0, 3712.0, 6986.0], [4250.0, 3414.0, 7301.0], [4249.0, 3903.0, 6807.0], [4249.0, 3816.0, 6885.0], [4249.0, 3782.0, 6926.0], [4249.0, 3768.0, 6936.0], [4248.0, 3422.0, 7330.0], [4247.0, 3644.0, 7104.0], [4247.0, 3576.0, 7151.0], [4246.0, 3462.0, 7294.0], [4245.0, 3616.0, 7151.0], [4245.0, 3535.0, 7229.0], [4245.0, 3425.0, 7304.0], [4243.0, 3308.0, 7508.0], [4242.0, 3834.0, 6885.0], [4242.0, 3097.0, 7638.0], [4241.0, 3690.0, 7000.0], [4241.0, 3404.0, 7350.0], [4239.0, 3869.0, 6869.0], [4239.0, 3157.0, 7559.0], [4238.0, 3619.0, 7110.0], [4238.0, 3357.0, 7412.0], [4237.0, 3660.0, 7049.0], [4237.0, 3496.0, 7263.0], [4237.0, 3490.0, 7270.0], [4236.0, 3359.0, 7417.0], [4236.0, 3051.0, 7727.0], [4235.0, 3619.0, 7145.0], [4234.0, 3724.0, 7030.0], [4234.0, 3687.0, 7107.0], [4234.0, 3518.0, 7289.0], [4234.0, 3227.0, 7535.0], [4233.0, 3968.0, 6713.0], [4233.0, 3444.0, 7297.0], [4233.0, 3288.0, 7561.0], [4232.0, 3723.0, 7068.0], [4232.0, 3586.0, 7204.0], [4232.0, 3086.0, 7705.0], [4230.0, 3745.0, 7062.0], [4229.0, 3626.0, 7120.0], [4229.0, 3494.0, 7335.0], [4229.0, 3392.0, 7413.0], [4228.0, 3703.0, 7076.0], [4228.0, 3393.0, 7380.0], [4228.0, 3360.0, 7465.0], [4227.0, 3762.0, 6946.0], [4227.0, 3121.0, 7701.0], [4224.0, 3571.0, 7220.0], [4223.0, 3325.0, 7510.0], [4220.0, 3621.0, 7127.0], [4219.0, 3416.0, 7380.0], [4219.0, 3153.0, 7588.0], [4218.0, 3232.0, 7567.0], [4216.0, 3756.0, 6949.0], [4216.0, 3622.0, 7210.0], [4216.0, 3431.0, 7363.0], [4216.0, 3224.0, 7571.0], [4215.0, 3141.0, 7667.0], [4215.0, 2926.0, 7835.0], [4212.0, 3444.0, 7381.0], [4211.0, 3393.0, 7438.0], [4210.0, 3028.0, 7754.0], [4209.0, 3930.0, 6869.0], [4209.0, 3813.0, 6914.0], [4208.0, 3446.0, 7386.0], [4207.0, 3761.0, 6991.0], [4207.0, 3703.0, 7100.0], [4207.0, 3472.0, 7349.0], [4206.0, 3850.0, 6874.0], [4206.0, 3782.0, 6947.0], [4206.0, 2677.0, 7893.0], [4205.0, 3838.0, 6922.0], [4204.0, 3709.0, 7077.0], [4204.0, 3643.0, 7154.0], [4204.0, 3159.0, 7597.0], [4203.0, 3696.0, 7113.0], [4203.0, 3275.0, 7610.0], [4202.0, 3532.0, 7272.0], [4202.0, 3155.0, 7665.0], [4201.0, 3722.0, 7103.0], [4201.0, 3614.0, 7236.0], [4201.0, 3208.0, 7619.0], [4200.0, 3398.0, 7472.0], [4197.0, 3783.0, 6965.0], [4193.0, 3651.0, 7184.0], [4193.0, 3535.0, 7249.0], [4190.0, 3810.0, 7012.0], [4190.0, 3348.0, 7519.0], [4189.0, 3586.0, 7269.0], [4189.0, 3486.0, 7336.0], [4189.0, 3211.0, 7621.0], [4189.0, 3076.0, 7738.0], [4188.0, 3843.0, 6894.0], [4188.0, 3583.0, 7270.0], [4188.0, 2944.0, 7784.0], [4187.0, 3653.0, 7142.0], [4186.0, 3947.0, 6725.0], [4186.0, 3407.0, 7420.0], [4186.0, 3355.0, 7511.0], [4185.0, 3811.0, 6960.0], [4185.0, 3325.0, 7535.0], [4184.0, 3690.0, 7140.0], [4184.0, 3498.0, 7371.0], [4184.0, 3169.0, 7664.0], [4182.0, 3447.0, 7372.0], [4181.0, 3418.0, 7501.0], [4180.0, 2962.0, 7823.0], [4179.0, 3776.0, 7020.0], [4176.0, 3325.0, 7558.0], [4175.0, 4001.0, 6559.0], [4174.0, 3668.0, 7147.0], [4173.0, 3466.0, 7377.0], [4173.0, 3117.0, 7718.0], [4172.0, 3665.0, 7155.0], [4171.0, 3720.0, 7117.0], [4171.0, 3434.0, 7415.0], [4171.0, 3328.0, 7595.0], [4171.0, 3234.0, 7622.0], [4170.0, 3819.0, 6941.0], [4170.0, 3783.0, 7013.0], [4169.0, 3420.0, 7424.0], [4169.0, 3148.0, 7698.0], [4168.0, 3021.0, 7783.0], [4166.0, 3621.0, 7276.0], [4166.0, 3305.0, 7611.0], [4164.0, 3029.0, 7776.0], [4163.0, 3655.0, 7176.0], [4163.0, 3187.0, 7660.0], [4162.0, 3037.0, 7739.0], [4161.0, 3816.0, 7071.0], [4161.0, 3733.0, 7134.0], [4161.0, 3368.0, 7601.0], [4161.0, 3191.0, 7646.0], [4160.0, 3902.0, 6944.0], [4159.0, 3641.0, 7193.0], [4158.0, 3587.0, 7295.0], [4156.0, 3524.0, 7310.0], [4156.0, 3519.0, 7339.0], [4156.0, 3437.0, 7399.0], [4154.0, 3668.0, 7188.0], [4153.0, 3456.0, 7408.0], [4151.0, 3531.0, 7326.0], [4150.0, 3937.0, 6761.0], [4149.0, 3754.0, 7101.0], [4148.0, 3163.0, 7672.0], [4147.0, 3588.0, 7292.0], [4145.0, 3507.0, 7378.0], [4144.0, 3475.0, 7387.0], [4144.0, 3446.0, 7454.0], [4143.0, 3654.0, 7217.0], [4143.0, 3426.0, 7473.0], [4142.0, 3599.0, 7298.0], [4142.0, 2643.0, 7959.0], [4141.0, 3159.0, 7697.0], [4140.0, 3981.0, 6774.0], [4140.0, 3162.0, 7680.0], [4138.0, 3281.0, 7640.0], [4137.0, 3674.0, 7153.0], [4136.0, 3220.0, 7645.0], [4135.0, 2805.0, 8060.0], [4133.0, 3859.0, 6963.0], [4133.0, 3640.0, 7223.0], [4133.0, 3453.0, 7416.0], [4131.0, 3849.0, 6994.0], [4131.0, 3717.0, 7184.0], [4130.0, 3435.0, 7459.0], [4130.0, 3044.0, 7805.0], [4129.0, 3281.0, 7663.0], [4127.0, 3738.0, 7150.0], [4127.0, 3683.0, 7193.0], [4127.0, 3540.0, 7303.0], [4126.0, 3546.0, 7330.0], [4126.0, 3515.0, 7436.0], [4125.0, 3535.0, 7340.0], [4125.0, 3102.0, 7723.0], [4124.0, 3466.0, 7456.0], [4123.0, 3759.0, 7104.0], [4122.0, 3640.0, 7288.0], [4122.0, 3179.0, 7666.0], [4121.0, 3764.0, 7172.0], [4121.0, 3653.0, 7229.0], [4120.0, 3951.0, 6957.0], [4120.0, 3453.0, 7554.0], [4120.0, 3404.0, 7582.0], [4118.0, 3612.0, 7306.0], [4118.0, 3550.0, 7338.0], [4117.0, 3200.0, 7721.0], [4116.0, 2973.0, 7826.0], [4116.0, 2940.0, 7893.0], [4115.0, 3779.0, 7107.0], [4115.0, 3602.0, 7362.0], [4114.0, 3529.0, 7388.0], [4113.0, 3468.0, 7472.0], [4112.0, 3819.0, 7023.0], [4110.0, 3314.0, 7676.0], [4108.0, 3873.0, 6974.0], [4106.0, 3778.0, 7152.0], [4106.0, 3678.0, 7228.0], [4106.0, 3497.0, 7499.0], [4106.0, 3060.0, 7797.0], [4105.0, 3858.0, 7008.0], [4105.0, 3665.0, 7263.0], [4104.0, 3688.0, 7210.0], [4104.0, 3667.0, 7238.0], [4103.0, 3278.0, 7704.0], [4102.0, 3988.0, 6615.0], [4102.0, 3898.0, 6968.0], [4102.0, 3589.0, 7367.0], [4101.0, 3384.0, 7658.0], [4098.0, 3147.0, 7724.0], [4098.0, 3042.0, 7863.0], [4096.0, 3553.0, 7394.0], [4096.0, 3519.0, 7424.0], [4094.0, 3218.0, 7710.0], [4093.0, 3579.0, 7388.0], [4093.0, 3407.0, 7614.0], [4093.0, 3152.0, 7750.0], [4092.0, 3653.0, 7266.0], [4090.0, 3619.0, 7304.0], [4089.0, 3570.0, 7389.0], [4088.0, 3588.0, 7396.0], [4087.0, 3076.0, 7843.0], [4086.0, 3843.0, 7010.0], [4086.0, 3653.0, 7355.0], [4086.0, 3185.0, 7757.0], [4085.0, 3848.0, 7050.0], [4085.0, 3541.0, 7417.0], [4084.0, 4010.0, 6865.0], [4084.0, 3613.0, 7369.0], [4083.0, 3699.0, 7213.0], [4082.0, 3835.0, 7056.0], [4081.0, 3803.0, 7081.0], [4081.0, 3419.0, 7594.0], [4081.0, 3285.0, 7684.0], [4080.0, 3957.0, 6959.0], [4080.0, 3701.0, 7185.0], [4080.0, 3164.0, 7762.0], [4079.0, 3915.0, 7034.0], [4079.0, 3828.0, 7103.0], [4079.0, 3681.0, 7241.0], [4076.0, 3849.0, 7054.0], [4076.0, 3305.0, 7680.0], [4076.0, 3258.0, 7705.0], [4076.0, 3007.0, 7888.0], [4074.0, 3733.0, 7272.0], [4074.0, 3529.0, 7425.0], [4074.0, 3518.0, 7469.0], [4071.0, 3892.0, 7100.0], [4069.0, 3735.0, 7202.0], [4069.0, 2993.0, 7891.0], [4068.0, 3286.0, 7682.0], [4068.0, 3094.0, 7784.0], [4067.0, 3778.0, 7169.0], [4067.0, 3041.0, 7878.0], [4065.0, 3787.0, 7189.0], [4062.0, 3827.0, 7105.0], [4059.0, 3535.0, 7420.0], [4059.0, 3087.0, 7883.0], [4059.0, 2824.0, 7913.0], [4058.0, 3790.0, 7148.0], [4058.0, 3123.0, 7770.0], [4053.0, 3668.0, 7284.0], [4053.0, 2826.0, 7911.0], [4052.0, 3768.0, 7191.0], [4051.0, 3747.0, 7250.0], [4051.0, 3465.0, 7511.0], [4050.0, 3004.0, 7928.0], [4046.0, 3545.0, 7402.0], [4045.0, 2866.0, 8109.0], [4044.0, 3672.0, 7283.0], [4043.0, 3411.0, 7655.0], [4043.0, 2984.0, 7943.0], [4042.0, 3716.0, 7314.0], [4042.0, 3219.0, 7738.0], [4042.0, 3194.0, 7744.0], [4041.0, 3963.0, 6874.0], [4040.0, 3578.0, 7399.0], [4038.0, 3792.0, 7180.0], [4038.0, 3634.0, 7376.0], [4038.0, 3183.0, 7823.0], [4036.0, 3702.0, 7364.0], [4035.0, 3984.0, 6940.0], [4035.0, 3575.0, 7436.0], [4035.0, 3550.0, 7468.0], [4035.0, 3505.0, 7505.0], [4034.0, 3668.0, 7375.0], [4033.0, 3237.0, 7734.0], [4033.0, 3051.0, 7927.0], [4030.0, 3802.0, 7178.0], [4030.0, 3198.0, 7747.0], [4028.0, 3428.0, 7613.0], [4028.0, 3163.0, 7876.0], [4026.0, 3565.0, 7514.0], [4025.0, 3616.0, 7377.0], [4025.0, 3469.0, 7532.0], [4024.0, 3619.0, 7391.0], [4024.0, 3612.0, 7392.0], [4024.0, 3218.0, 7823.0], [4022.0, 3522.0, 7517.0], [4020.0, 3511.0, 7555.0], [4020.0, 3467.0, 7557.0], [4020.0, 3317.0, 7713.0], [4019.0, 3429.0, 7582.0], [4019.0, 3163.0, 7899.0], [4017.0, 3588.0, 7429.0], [4017.0, 3247.0, 7788.0], [4015.0, 3924.0, 6999.0], [4015.0, 3609.0, 7466.0], [4011.0, 3446.0, 7563.0], [4011.0, 3275.0, 7719.0], [4010.0, 3632.0, 7377.0], [4009.0, 3781.0, 7219.0], [4008.0, 3805.0, 7195.0], [4008.0, 3753.0, 7224.0], [4007.0, 3242.0, 7804.0], [4006.0, 3835.0, 7119.0], [4005.0, 3630.0, 7390.0], [4003.0, 3889.0, 7122.0], [4002.0, 3877.0, 7140.0], [4002.0, 3613.0, 7399.0], [4002.0, 3612.0, 7416.0], [4001.0, 3718.0, 7282.0], [4001.0, 3641.0, 7404.0], [4001.0, 3276.0, 7720.0], [4001.0, 3132.0, 7920.0], [4000.0, 3537.0, 7549.0], [4000.0, 3458.0, 7583.0], [3999.0, 3773.0, 7297.0], [3995.0, 3336.0, 7693.0], [3993.0, 3477.0, 7599.0], [3992.0, 3715.0, 7321.0], [3992.0, 3276.0, 7743.0], [3992.0, 3049.0, 7965.0], [3991.0, 3818.0, 7166.0], [3990.0, 3733.0, 7331.0], [3990.0, 3360.0, 7689.0], [3990.0, 3283.0, 7719.0], [3989.0, 3887.0, 7169.0], [3985.0, 3904.0, 7046.0], [3984.0, 3399.0, 7696.0], [3984.0, 3114.0, 7939.0], [3984.0, 2870.0, 7997.0], [3983.0, 3900.0, 7074.0], [3983.0, 3733.0, 7350.0], [3982.0, 3794.0, 7204.0], [3982.0, 3288.0, 7735.0], [3981.0, 3702.0, 7395.0], [3980.0, 3639.0, 7433.0], [3979.0, 3453.0, 7601.0], [3978.0, 3612.0, 7477.0], [3978.0, 3326.0, 7716.0], [3976.0, 3745.0, 7311.0], [3976.0, 3743.0, 7322.0], [3975.0, 3695.0, 7401.0], [3975.0, 3661.0, 7414.0], [3974.0, 3561.0, 7517.0], [3974.0, 3335.0, 7772.0], [3973.0, 3833.0, 7255.0], [3973.0, 3521.0, 7573.0], [3971.0, 3035.0, 8012.0], [3970.0, 3702.0, 7451.0], [3970.0, 3401.0, 7679.0], [3969.0, 3463.0, 7609.0], [3969.0, 3192.0, 7857.0], [3968.0, 3490.0, 7587.0], [3967.0, 3742.0, 7367.0], [3967.0, 3348.0, 7789.0], [3966.0, 3627.0, 7456.0], [3966.0, 3456.0, 7651.0], [3965.0, 3335.0, 7795.0], [3961.0, 3568.0, 7502.0], [3961.0, 3259.0, 7807.0], [3960.0, 3890.0, 7139.0], [3960.0, 3756.0, 7324.0], [3960.0, 3463.0, 7632.0], [3959.0, 3172.0, 7910.0], [3958.0, 3122.0, 7953.0], [3957.0, 3931.0, 7142.0], [3957.0, 3623.0, 7537.0], [3957.0, 3004.0, 8053.0], [3955.0, 3838.0, 7199.0], [3955.0, 3315.0, 7848.0], [3953.0, 3821.0, 7279.0], [3952.0, 3576.0, 7567.0], [3951.0, 3491.0, 7610.0], [3950.0, 3747.0, 7349.0], [3950.0, 3408.0, 7718.0], [3950.0, 3172.0, 7933.0], [3948.0, 3592.0, 7601.0], [3946.0, 3510.0, 7610.0], [3942.0, 3222.0, 7859.0], [3942.0, 3190.0, 7907.0], [3941.0, 3104.0, 7972.0], [3940.0, 3381.0, 7726.0], [3938.0, 3629.0, 7517.0], [3936.0, 3845.0, 7189.0], [3936.0, 3353.0, 7815.0], [3936.0, 2783.0, 8142.0], [3933.0, 3469.0, 7654.0], [3933.0, 3420.0, 7725.0], [3933.0, 3222.0, 7882.0], [3931.0, 3671.0, 7513.0], [3928.0, 3873.0, 7250.0], [3927.0, 3746.0, 7365.0], [3923.0, 3504.0, 7619.0], [3923.0, 3118.0, 7971.0], [3921.0, 3796.0, 7310.0], [3921.0, 3427.0, 7699.0], [3921.0, 3361.0, 7802.0], [3920.0, 3563.0, 7627.0], [3920.0, 3435.0, 7671.0], [3919.0, 3464.0, 7670.0], [3916.0, 3245.0, 7875.0], [3914.0, 3681.0, 7482.0], [3913.0, 3724.0, 7382.0], [3913.0, 2995.0, 8064.0], [3912.0, 3199.0, 7964.0], [3910.0, 3267.0, 7854.0], [3910.0, 3256.0, 7869.0], [3909.0, 3761.0, 7433.0], [3904.0, 3920.0, 7152.0], [3901.0, 3492.0, 7631.0], [3899.0, 3468.0, 7708.0], [3898.0, 3748.0, 7507.0], [3898.0, 3431.0, 7760.0], [3895.0, 3763.0, 7456.0], [3894.0, 3476.0, 7663.0], [3894.0, 2965.0, 8101.0], [3893.0, 3623.0, 7555.0], [3890.0, 3504.0, 7641.0], [3890.0, 3290.0, 7889.0], [3889.0, 2701.0, 8219.0], [3886.0, 3512.0, 7638.0], [3885.0, 3768.0, 7339.0], [3885.0, 3478.0, 7661.0], [3885.0, 3476.0, 7686.0], [3883.0, 3673.0, 7568.0], [3883.0, 3366.0, 7765.0], [3880.0, 3590.0, 7623.0], [3879.0, 3485.0, 7668.0], [3874.0, 3795.0, 7409.0], [3872.0, 3845.0, 7339.0], [3871.0, 3810.0, 7358.0], [3871.0, 3528.0, 7637.0], [3865.0, 3638.0, 7569.0], [3861.0, 3366.0, 7869.0], [3860.0, 3506.0, 7674.0], [3860.0, 3347.0, 7883.0], [3857.0, 3490.0, 7695.0], [3856.0, 3555.0, 7633.0], [3855.0, 3309.0, 7887.0], [3851.0, 3551.0, 7678.0], [3851.0, 3506.0, 7697.0], [3850.0, 3040.0, 7974.0], [3846.0, 3215.0, 7986.0], [3845.0, 3531.0, 7706.0], [3844.0, 3235.0, 7932.0], [3843.0, 3594.0, 7652.0], [3843.0, 3500.0, 7707.0], [3842.0, 3472.0, 7774.0], [3838.0, 3520.0, 7778.0], [3837.0, 3616.0, 7608.0], [3836.0, 3477.0, 7787.0], [3830.0, 3638.0, 7582.0], [3828.0, 3624.0, 7597.0], [3823.0, 3346.0, 7913.0], [3822.0, 3884.0, 7231.0], [3822.0, 3591.0, 7711.0], [3821.0, 3474.0, 7788.0], [3817.0, 3618.0, 7626.0], [3815.0, 3665.0, 7574.0], [3815.0, 3372.0, 7824.0], [3810.0, 3780.0, 7432.0], [3806.0, 3700.0, 7538.0], [3804.0, 3725.0, 7549.0], [3801.0, 3780.0, 7455.0], [3801.0, 3225.0, 7965.0], [3800.0, 3459.0, 7844.0], [3796.0, 3625.0, 7639.0], [3795.0, 3687.0, 7612.0], [3792.0, 3702.0, 7561.0], [3786.0, 3420.0, 7902.0], [3782.0, 3486.0, 7788.0], [3780.0, 3244.0, 7925.0], [3777.0, 3670.0, 7638.0], [3775.0, 3463.0, 7868.0], [3772.0, 3830.0, 7400.0], [3766.0, 3531.0, 7715.0], [3762.0, 3577.0, 7818.0], [3754.0, 3724.0, 7556.0], [3744.0, 3466.0, 7832.0], [3743.0, 3711.0, 7630.0], [3739.0, 3720.0, 7606.0], [3735.0, 3459.0, 7883.0], [3728.0, 3636.0, 7691.0], [3719.0, 3758.0, 7532.0], [3710.0, 3601.0, 7836.0], [3686.0, 3648.0, 7738.0], [3683.0, 3483.0, 7901.0], [3678.0, 3706.0, 7687.0], [3654.0, 3753.0, 7589.0], [3607.0, 3540.0, 7941.0]]
