heur = false
LBS_limit = 3
preproc = 0
tight_root = 0
total_time = 1800.01
NDP = 571
total_nodes = 93857
pruned_nodes = 46912
pruned_dominance_nodes = 33940
heur_time = 0.0
Y_N = Any[[6630.0, 4233.0, 3340.0], [6624.0, 4256.0, 3199.0], [6614.0, 4197.0, 3427.0], [6613.0, 4155.0, 3519.0], [6606.0, 4258.0, 3294.0], [6605.0, 4256.0, 3401.0], [6603.0, 4274.0, 3234.0], [6600.0, 4266.0, 3259.0], [6599.0, 4378.0, 3155.0], [6598.0, 4285.0, 3297.0], [6597.0, 4320.0, 3275.0], [6594.0, 4352.0, 3253.0], [6585.0, 4287.0, 3490.0], [6584.0, 4364.0, 3213.0], [6582.0, 4311.0, 3330.0], [6577.0, 4443.0, 3151.0], [6576.0, 4430.0, 3154.0], [6576.0, 4416.0, 3256.0], [6576.0, 4248.0, 3506.0], [6574.0, 4375.0, 3260.0], [6573.0, 4357.0, 3274.0], [6572.0, 4329.0, 3276.0], [6572.0, 4271.0, 3498.0], [6565.0, 4388.0, 3291.0], [6563.0, 4440.0, 3168.0], [6563.0, 4181.0, 3516.0], [6561.0, 4400.0, 3283.0], [6561.0, 4357.0, 3326.0], [6560.0, 4434.0, 3250.0], [6559.0, 4403.0, 3327.0], [6556.0, 4495.0, 3122.0], [6556.0, 4459.0, 3325.0], [6556.0, 4196.0, 3519.0], [6555.0, 4408.0, 3331.0], [6555.0, 4232.0, 3533.0], [6554.0, 4468.0, 3168.0], [6552.0, 4306.0, 3360.0], [6551.0, 4498.0, 3076.0], [6550.0, 4358.0, 3364.0], [6549.0, 4312.0, 3370.0], [6546.0, 4494.0, 3148.0], [6546.0, 4279.0, 3495.0], [6543.0, 4474.0, 3179.0], [6542.0, 4313.0, 3419.0], [6541.0, 4162.0, 3569.0], [6540.0, 4314.0, 3528.0], [6539.0, 4513.0, 3188.0], [6539.0, 4417.0, 3392.0], [6534.0, 4319.0, 3449.0], [6533.0, 4584.0, 3159.0], [6527.0, 4521.0, 3175.0], [6527.0, 4415.0, 3396.0], [6525.0, 4500.0, 3252.0], [6522.0, 4474.0, 3330.0], [6519.0, 4323.0, 3426.0], [6518.0, 4504.0, 3241.0], [6518.0, 4419.0, 3380.0], [6514.0, 4522.0, 3195.0], [6514.0, 4350.0, 3419.0], [6513.0, 4591.0, 3103.0], [6513.0, 4545.0, 3243.0], [6512.0, 4444.0, 3372.0], [6512.0, 4389.0, 3408.0], [6512.0, 4259.0, 3532.0], [6511.0, 4564.0, 3214.0], [6511.0, 4485.0, 3260.0], [6510.0, 4478.0, 3369.0], [6510.0, 4342.0, 3431.0], [6509.0, 4400.0, 3404.0], [6508.0, 4509.0, 3253.0], [6508.0, 4496.0, 3255.0], [6507.0, 4325.0, 3433.0], [6506.0, 4538.0, 3278.0], [6504.0, 4637.0, 3048.0], [6503.0, 4410.0, 3442.0], [6502.0, 4532.0, 3315.0], [6501.0, 4468.0, 3381.0], [6499.0, 4422.0, 3503.0], [6495.0, 4580.0, 3204.0], [6495.0, 4460.0, 3427.0], [6495.0, 4289.0, 3548.0], [6493.0, 4578.0, 3232.0], [6487.0, 4319.0, 3547.0], [6485.0, 4671.0, 3014.0], [6484.0, 4304.0, 3562.0], [6483.0, 4589.0, 3161.0], [6479.0, 4600.0, 3205.0], [6478.0, 4640.0, 3104.0], [6478.0, 4557.0, 3241.0], [6478.0, 4501.0, 3326.0], [6477.0, 4606.0, 3112.0], [6477.0, 4555.0, 3299.0], [6477.0, 4470.0, 3386.0], [6475.0, 4574.0, 3237.0], [6473.0, 4609.0, 3150.0], [6472.0, 4648.0, 3037.0], [6472.0, 4643.0, 3065.0], [6472.0, 4621.0, 3146.0], [6471.0, 4492.0, 3360.0], [6470.0, 4560.0, 3318.0], [6469.0, 4583.0, 3280.0], [6468.0, 4434.0, 3441.0], [6468.0, 4340.0, 3509.0], [6467.0, 4636.0, 3166.0], [6467.0, 4482.0, 3473.0], [6466.0, 4575.0, 3309.0], [6466.0, 4522.0, 3372.0], [6465.0, 4621.0, 3224.0], [6463.0, 4620.0, 3235.0], [6460.0, 4671.0, 3096.0], [6455.0, 4524.0, 3334.0], [6455.0, 4335.0, 3514.0], [6454.0, 4673.0, 3106.0], [6454.0, 4579.0, 3336.0], [6453.0, 4605.0, 3263.0], [6452.0, 4622.0, 3200.0], [6452.0, 4413.0, 3520.0], [6450.0, 4612.0, 3255.0], [6450.0, 4348.0, 3547.0], [6449.0, 4655.0, 3195.0], [6449.0, 4586.0, 3277.0], [6445.0, 4684.0, 2928.0], [6445.0, 4448.0, 3493.0], [6445.0, 4318.0, 3592.0], [6444.0, 4551.0, 3385.0], [6443.0, 4593.0, 3345.0], [6443.0, 4517.0, 3395.0], [6441.0, 4695.0, 3175.0], [6441.0, 4487.0, 3470.0], [6439.0, 4544.0, 3400.0], [6438.0, 4694.0, 3211.0], [6435.0, 4703.0, 3105.0], [6435.0, 4510.0, 3410.0], [6435.0, 4457.0, 3500.0], [6435.0, 4447.0, 3520.0], [6435.0, 4342.0, 3576.0], [6431.0, 4509.0, 3441.0], [6430.0, 4614.0, 3266.0], [6429.0, 4698.0, 3176.0], [6428.0, 4597.0, 3333.0], [6428.0, 4557.0, 3390.0], [6427.0, 4513.0, 3404.0], [6426.0, 4667.0, 3234.0], [6422.0, 4651.0, 3275.0], [6421.0, 4479.0, 3492.0], [6421.0, 4429.0, 3521.0], [6419.0, 4757.0, 3116.0], [6419.0, 4618.0, 3308.0], [6419.0, 4538.0, 3422.0], [6418.0, 4360.0, 3540.0], [6417.0, 4674.0, 3258.0], [6416.0, 4712.0, 3145.0], [6416.0, 4521.0, 3429.0], [6415.0, 4633.0, 3291.0], [6414.0, 4604.0, 3313.0], [6413.0, 4774.0, 3006.0], [6413.0, 4279.0, 3614.0], [6412.0, 4640.0, 3280.0], [6411.0, 4371.0, 3595.0], [6410.0, 4607.0, 3318.0], [6410.0, 4604.0, 3370.0], [6409.0, 4770.0, 3141.0], [6407.0, 4558.0, 3389.0], [6406.0, 4670.0, 3282.0], [6406.0, 4607.0, 3379.0], [6406.0, 4458.0, 3520.0], [6406.0, 4401.0, 3522.0], [6404.0, 4491.0, 3464.0], [6402.0, 4699.0, 3154.0], [6402.0, 4387.0, 3523.0], [6401.0, 4610.0, 3342.0], [6400.0, 4374.0, 3569.0], [6399.0, 4729.0, 3188.0], [6398.0, 4736.0, 3159.0], [6398.0, 4410.0, 3526.0], [6397.0, 4551.0, 3437.0], [6397.0, 4382.0, 3535.0], [6396.0, 4388.0, 3528.0], [6395.0, 4683.0, 3226.0], [6395.0, 4622.0, 3296.0], [6394.0, 4684.0, 3271.0], [6394.0, 4573.0, 3435.0], [6393.0, 4536.0, 3465.0], [6392.0, 4740.0, 3159.0], [6392.0, 4657.0, 3308.0], [6392.0, 4417.0, 3575.0], [6390.0, 4703.0, 3229.0], [6390.0, 4666.0, 3306.0], [6390.0, 4613.0, 3359.0], [6389.0, 4467.0, 3507.0], [6388.0, 4812.0, 3004.0], [6387.0, 4769.0, 3158.0], [6387.0, 4672.0, 3372.0], [6387.0, 4496.0, 3509.0], [6386.0, 4787.0, 3161.0], [6386.0, 4451.0, 3547.0], [6385.0, 4520.0, 3467.0], [6384.0, 4562.0, 3439.0], [6381.0, 4530.0, 3524.0], [6380.0, 4715.0, 3244.0], [6380.0, 4704.0, 3288.0], [6379.0, 4428.0, 3549.0], [6378.0, 4802.0, 3009.0], [6378.0, 4765.0, 3228.0], [6377.0, 4685.0, 3298.0], [6377.0, 4590.0, 3389.0], [6377.0, 4585.0, 3415.0], [6376.0, 4743.0, 3240.0], [6376.0, 4611.0, 3383.0], [6376.0, 4536.0, 3470.0], [6375.0, 4542.0, 3477.0], [6374.0, 4460.0, 3526.0], [6374.0, 4452.0, 3561.0], [6373.0, 4684.0, 3300.0], [6372.0, 4442.0, 3575.0], [6371.0, 4659.0, 3373.0], [6371.0, 4596.0, 3421.0], [6370.0, 4466.0, 3550.0], [6370.0, 4449.0, 3577.0], [6370.0, 4414.0, 3579.0], [6369.0, 4801.0, 3038.0], [6368.0, 4608.0, 3452.0], [6367.0, 4823.0, 3087.0], [6367.0, 4733.0, 3300.0], [6367.0, 4621.0, 3376.0], [6366.0, 4695.0, 3348.0], [6366.0, 4546.0, 3460.0], [6366.0, 4490.0, 3547.0], [6365.0, 4790.0, 3239.0], [6365.0, 4625.0, 3412.0], [6363.0, 4799.0, 3147.0], [6363.0, 4549.0, 3496.0], [6363.0, 4460.0, 3552.0], [6362.0, 4654.0, 3462.0], [6361.0, 4564.0, 3476.0], [6361.0, 4498.0, 3550.0], [6360.0, 4480.0, 3568.0], [6360.0, 4339.0, 3615.0], [6360.0, 4109.0, 3622.0], [6358.0, 4547.0, 3509.0], [6353.0, 4578.0, 3467.0], [6351.0, 4843.0, 2963.0], [6350.0, 4509.0, 3526.0], [6348.0, 4847.0, 3064.0], [6346.0, 4428.0, 3580.0], [6345.0, 4861.0, 3163.0], [6345.0, 4830.0, 3241.0], [6344.0, 4742.0, 3250.0], [6344.0, 4543.0, 3564.0], [6343.0, 4707.0, 3340.0], [6342.0, 4681.0, 3353.0], [6339.0, 4793.0, 3287.0], [6338.0, 4610.0, 3503.0], [6337.0, 4656.0, 3419.0], [6336.0, 4869.0, 3063.0], [6333.0, 4717.0, 3347.0], [6331.0, 4657.0, 3383.0], [6331.0, 4562.0, 3516.0], [6330.0, 4863.0, 3108.0], [6327.0, 4555.0, 3561.0], [6327.0, 4506.0, 3575.0], [6326.0, 4731.0, 3324.0], [6326.0, 4688.0, 3392.0], [6324.0, 4772.0, 3352.0], [6324.0, 4655.0, 3434.0], [6324.0, 4561.0, 3550.0], [6323.0, 4738.0, 3360.0], [6323.0, 4683.0, 3477.0], [6323.0, 4619.0, 3491.0], [6322.0, 4871.0, 3058.0], [6322.0, 4833.0, 3186.0], [6322.0, 4731.0, 3368.0], [6321.0, 4497.0, 3579.0], [6320.0, 4908.0, 3103.0], [6316.0, 4867.0, 3145.0], [6315.0, 4588.0, 3512.0], [6315.0, 4555.0, 3568.0], [6311.0, 4701.0, 3413.0], [6309.0, 4688.0, 3421.0], [6309.0, 4673.0, 3484.0], [6309.0, 4434.0, 3580.0], [6308.0, 4928.0, 3030.0], [6308.0, 4868.0, 3135.0], [6308.0, 4807.0, 3253.0], [6308.0, 4596.0, 3526.0], [6307.0, 4926.0, 3068.0], [6307.0, 4855.0, 3178.0], [6306.0, 4501.0, 3586.0], [6306.0, 4467.0, 3594.0], [6302.0, 4859.0, 3209.0], [6302.0, 4711.0, 3404.0], [6302.0, 4705.0, 3476.0], [6301.0, 4900.0, 3133.0], [6301.0, 4499.0, 3596.0], [6300.0, 4780.0, 3350.0], [6299.0, 4632.0, 3492.0], [6299.0, 4630.0, 3526.0], [6298.0, 4826.0, 3285.0], [6298.0, 4795.0, 3376.0], [6298.0, 4577.0, 3552.0], [6298.0, 4427.0, 3599.0], [6297.0, 4798.0, 3357.0], [6296.0, 4833.0, 3232.0], [6296.0, 4711.0, 3407.0], [6296.0, 4688.0, 3493.0], [6293.0, 4593.0, 3582.0], [6292.0, 4718.0, 3407.0], [6290.0, 4838.0, 3241.0], [6290.0, 4726.0, 3387.0], [6289.0, 4683.0, 3497.0], [6288.0, 4915.0, 3109.0], [6287.0, 4862.0, 3180.0], [6287.0, 4819.0, 3351.0], [6286.0, 4870.0, 3154.0], [6286.0, 4601.0, 3529.0], [6286.0, 4600.0, 3535.0], [6285.0, 4758.0, 3427.0], [6284.0, 4873.0, 3207.0], [6284.0, 4865.0, 3255.0], [6282.0, 4921.0, 3112.0], [6281.0, 4899.0, 3142.0], [6281.0, 4880.0, 3159.0], [6281.0, 4668.0, 3501.0], [6280.0, 4649.0, 3509.0], [6279.0, 4851.0, 3258.0], [6278.0, 4934.0, 3148.0], [6277.0, 4604.0, 3541.0], [6276.0, 4918.0, 3189.0], [6276.0, 4885.0, 3213.0], [6274.0, 4671.0, 3522.0], [6273.0, 4869.0, 3269.0], [6273.0, 4718.0, 3499.0], [6270.0, 4760.0, 3378.0], [6267.0, 4829.0, 3373.0], [6266.0, 4674.0, 3524.0], [6265.0, 4605.0, 3532.0], [6264.0, 4746.0, 3441.0], [6263.0, 4907.0, 3241.0], [6262.0, 4949.0, 2976.0], [6261.0, 4944.0, 3220.0], [6261.0, 4768.0, 3383.0], [6261.0, 4700.0, 3501.0], [6259.0, 4554.0, 3601.0], [6257.0, 4716.0, 3541.0], [6256.0, 4759.0, 3385.0], [6256.0, 4528.0, 3607.0], [6255.0, 4764.0, 3390.0], [6254.0, 4726.0, 3508.0], [6253.0, 4959.0, 3138.0], [6252.0, 4967.0, 2953.0], [6252.0, 4824.0, 3377.0], [6252.0, 4777.0, 3472.0], [6251.0, 4973.0, 3095.0], [6249.0, 4949.0, 3154.0], [6249.0, 4623.0, 3554.0], [6249.0, 4608.0, 3565.0], [6246.0, 4952.0, 3169.0], [6246.0, 4832.0, 3341.0], [6246.0, 4793.0, 3411.0], [6246.0, 4627.0, 3557.0], [6245.0, 4967.0, 3102.0], [6243.0, 4733.0, 3532.0], [6242.0, 4833.0, 3300.0], [6242.0, 4635.0, 3580.0], [6241.0, 4902.0, 3255.0], [6237.0, 4980.0, 3070.0], [6237.0, 4858.0, 3270.0], [6235.0, 4956.0, 3173.0], [6234.0, 4859.0, 3288.0], [6234.0, 4844.0, 3308.0], [6234.0, 4836.0, 3362.0], [6233.0, 4867.0, 3279.0], [6230.0, 5012.0, 2954.0], [6229.0, 4936.0, 3269.0], [6229.0, 4855.0, 3339.0], [6229.0, 4838.0, 3374.0], [6229.0, 4742.0, 3480.0], [6228.0, 4960.0, 3119.0], [6228.0, 4832.0, 3376.0], [6227.0, 4943.0, 3272.0], [6227.0, 4920.0, 3309.0], [6226.0, 4817.0, 3394.0], [6222.0, 4809.0, 3425.0], [6222.0, 4795.0, 3442.0], [6222.0, 4745.0, 3505.0], [6221.0, 4970.0, 3100.0], [6220.0, 4811.0, 3395.0], [6219.0, 4977.0, 3096.0], [6219.0, 4719.0, 3546.0], [6218.0, 4946.0, 3197.0], [6218.0, 4875.0, 3380.0], [6217.0, 4762.0, 3481.0], [6215.0, 4986.0, 2986.0], [6214.0, 5023.0, 2917.0], [6214.0, 4658.0, 3565.0], [6213.0, 4973.0, 3101.0], [6212.0, 4981.0, 3027.0], [6212.0, 4805.0, 3504.0], [6211.0, 4845.0, 3394.0], [6210.0, 5012.0, 3027.0], [6208.0, 4964.0, 3133.0], [6208.0, 4945.0, 3248.0], [6208.0, 4810.0, 3484.0], [6206.0, 4776.0, 3509.0], [6206.0, 4704.0, 3552.0], [6206.0, 4697.0, 3580.0], [6203.0, 4966.0, 3111.0], [6203.0, 4866.0, 3396.0], [6201.0, 4819.0, 3435.0], [6199.0, 4987.0, 3048.0], [6199.0, 4982.0, 3180.0], [6198.0, 4881.0, 3354.0], [6197.0, 4961.0, 3201.0], [6196.0, 4756.0, 3563.0], [6195.0, 4985.0, 3080.0], [6195.0, 4825.0, 3521.0], [6192.0, 4987.0, 3132.0], [6192.0, 4889.0, 3366.0], [6191.0, 5013.0, 3066.0], [6190.0, 4898.0, 3420.0], [6189.0, 4988.0, 3094.0], [6186.0, 4771.0, 3545.0], [6184.0, 4949.0, 3221.0], [6181.0, 5023.0, 3078.0], [6181.0, 4993.0, 3103.0], [6181.0, 4803.0, 3565.0], [6180.0, 4962.0, 3229.0], [6179.0, 4949.0, 3293.0], [6179.0, 4926.0, 3320.0], [6178.0, 5013.0, 3101.0], [6177.0, 4917.0, 3344.0], [6175.0, 5036.0, 3034.0], [6175.0, 4965.0, 3196.0], [6174.0, 5076.0, 2958.0], [6174.0, 4966.0, 3203.0], [6174.0, 4954.0, 3271.0], [6174.0, 4654.0, 3583.0], [6173.0, 4858.0, 3464.0], [6172.0, 4999.0, 3114.0], [6169.0, 4996.0, 3186.0], [6169.0, 4956.0, 3290.0], [6164.0, 5031.0, 3046.0], [6164.0, 4982.0, 3249.0], [6162.0, 5077.0, 2998.0], [6161.0, 5042.0, 3044.0], [6160.0, 5015.0, 3114.0], [6158.0, 5003.0, 3148.0], [6158.0, 4918.0, 3362.0], [6157.0, 4960.0, 3296.0], [6156.0, 4872.0, 3497.0], [6155.0, 5055.0, 3048.0], [6155.0, 5038.0, 3107.0], [6155.0, 4928.0, 3316.0], [6155.0, 4922.0, 3354.0], [6155.0, 4778.0, 3578.0], [6152.0, 4938.0, 3308.0], [6151.0, 5058.0, 3059.0], [6150.0, 5001.0, 3178.0], [6149.0, 5048.0, 3136.0], [6149.0, 5034.0, 3192.0], [6148.0, 4970.0, 3254.0], [6147.0, 4953.0, 3381.0], [6145.0, 4996.0, 3197.0], [6145.0, 4846.0, 3509.0], [6144.0, 4833.0, 3517.0], [6140.0, 5023.0, 3200.0], [6138.0, 5055.0, 3169.0], [6136.0, 4962.0, 3283.0], [6136.0, 4824.0, 3544.0], [6135.0, 4906.0, 3470.0], [6134.0, 4968.0, 3307.0], [6134.0, 4913.0, 3446.0], [6133.0, 5007.0, 3247.0], [6131.0, 5004.0, 3361.0], [6130.0, 5080.0, 3101.0], [6130.0, 5028.0, 3195.0], [6126.0, 4952.0, 3389.0], [6124.0, 5009.0, 3321.0], [6121.0, 4940.0, 3420.0], [6120.0, 4915.0, 3452.0], [6117.0, 5061.0, 3190.0], [6115.0, 5034.0, 3238.0], [6113.0, 5089.0, 3067.0], [6111.0, 5058.0, 3193.0], [6108.0, 4882.0, 3490.0], [6106.0, 5064.0, 3114.0], [6105.0, 5019.0, 3339.0], [6102.0, 5090.0, 3107.0], [6102.0, 5087.0, 3119.0], [6101.0, 4998.0, 3362.0], [6100.0, 4923.0, 3441.0], [6099.0, 5061.0, 3210.0], [6098.0, 5092.0, 2876.0], [6095.0, 5041.0, 3234.0], [6095.0, 4932.0, 3469.0], [6092.0, 4946.0, 3457.0], [6091.0, 4961.0, 3365.0], [6087.0, 5014.0, 3365.0], [6086.0, 5083.0, 3142.0], [6082.0, 5122.0, 3030.0], [6081.0, 5080.0, 3208.0], [6081.0, 5039.0, 3263.0], [6078.0, 4934.0, 3469.0], [6077.0, 4916.0, 3494.0], [6076.0, 5021.0, 3320.0], [6076.0, 4954.0, 3412.0], [6074.0, 5123.0, 2933.0], [6074.0, 4890.0, 3514.0], [6073.0, 5099.0, 3182.0], [6072.0, 5169.0, 2897.0], [6071.0, 4989.0, 3425.0], [6069.0, 5127.0, 2942.0], [6068.0, 5111.0, 3044.0], [6061.0, 5176.0, 2918.0], [6061.0, 5108.0, 3059.0], [6060.0, 5111.0, 3094.0], [6060.0, 5052.0, 3227.0], [6055.0, 5123.0, 3062.0], [6052.0, 5093.0, 3206.0], [6052.0, 5034.0, 3270.0], [6051.0, 5135.0, 2920.0], [6051.0, 5058.0, 3224.0], [6051.0, 5004.0, 3393.0], [6050.0, 5028.0, 3321.0], [6050.0, 5021.0, 3346.0], [6047.0, 5153.0, 3039.0], [6047.0, 5069.0, 3235.0], [6043.0, 5041.0, 3239.0], [6040.0, 5074.0, 3309.0], [6038.0, 5022.0, 3355.0], [6036.0, 5172.0, 2972.0], [6035.0, 5078.0, 3224.0], [6032.0, 5160.0, 3005.0], [6030.0, 5198.0, 2874.0], [6030.0, 4978.0, 3434.0], [6025.0, 5110.0, 3149.0], [6019.0, 5170.0, 3001.0], [6018.0, 5185.0, 3024.0], [6018.0, 5106.0, 3198.0], [6017.0, 5205.0, 2893.0], [6013.0, 5141.0, 3058.0], [6009.0, 4965.0, 3436.0], [6003.0, 5033.0, 3314.0], [6001.0, 5001.0, 3398.0], [6000.0, 5155.0, 3039.0], [6000.0, 5061.0, 3345.0], [5997.0, 5144.0, 3094.0], [5997.0, 5118.0, 3177.0], [5993.0, 5000.0, 3409.0], [5992.0, 5119.0, 3146.0], [5990.0, 5150.0, 3086.0], [5987.0, 5171.0, 3107.0], [5984.0, 5109.0, 3183.0], [5977.0, 5123.0, 3117.0], [5966.0, 5190.0, 2894.0], [5964.0, 5188.0, 3041.0], [5964.0, 4953.0, 3447.0], [5955.0, 5085.0, 3219.0], [5950.0, 5102.0, 3217.0], [5948.0, 5104.0, 3217.0], [5943.0, 5117.0, 3208.0], [5940.0, 5109.0, 3251.0], [5933.0, 5144.0, 3174.0], [5930.0, 5151.0, 3167.0], [5922.0, 5223.0, 2966.0], [5921.0, 5190.0, 3039.0], [5909.0, 5254.0, 2985.0], [5889.0, 5099.0, 3266.0], [5863.0, 5090.0, 3289.0], [5860.0, 5132.0, 3208.0], [5769.0, 5198.0, 3078.0]]
