heur = false
LBS_limit = 3
preproc = 0
tight_root = 0
total_time = 2.29
NDP = 109
total_nodes = 1479
pruned_nodes = 740
pruned_dominance_nodes = 86
heur_time = 0.0
Y_N = Any[[327.0, 225.0, 657.0], [319.0, 227.0, 608.0], [308.0, 193.0, 710.0], [293.0, 262.0, 605.0], [293.0, 211.0, 703.0], [287.0, 335.0, 545.0], [284.0, 285.0, 647.0], [282.0, 228.0, 707.0], [280.0, 233.0, 693.0], [279.0, 337.0, 598.0], [273.0, 343.0, 599.0], [273.0, 249.0, 699.0], [272.0, 289.0, 652.0], [267.0, 350.0, 547.0], [267.0, 246.0, 700.0], [266.0, 296.0, 600.0], [264.0, 300.0, 649.0], [264.0, 150.0, 756.0], [261.0, 201.0, 746.0], [260.0, 257.0, 653.0], [259.0, 352.0, 600.0], [258.0, 298.0, 653.0], [257.0, 167.0, 796.0], [252.0, 219.0, 735.0], [250.0, 271.0, 693.0], [249.0, 321.0, 606.0], [249.0, 169.0, 747.0], [249.0, 168.0, 749.0], [247.0, 284.0, 696.0], [247.0, 274.0, 699.0], [246.0, 271.0, 708.0], [246.0, 223.0, 747.0], [242.0, 179.0, 804.0], [239.0, 302.0, 697.0], [238.0, 134.0, 851.0], [235.0, 330.0, 607.0], [235.0, 236.0, 743.0], [232.0, 345.0, 634.0], [232.0, 280.0, 709.0], [231.0, 243.0, 757.0], [229.0, 349.0, 642.0], [228.0, 339.0, 645.0], [228.0, 311.0, 684.0], [226.0, 257.0, 735.0], [224.0, 209.0, 794.0], [222.0, 223.0, 785.0], [220.0, 318.0, 691.0], [218.0, 172.0, 847.0], [215.0, 361.0, 635.0], [215.0, 261.0, 747.0], [214.0, 279.0, 744.0], [211.0, 173.0, 840.0], [210.0, 265.0, 750.0], [210.0, 236.0, 792.0], [210.0, 227.0, 796.0], [209.0, 181.0, 843.0], [208.0, 326.0, 686.0], [207.0, 363.0, 586.0], [206.0, 283.0, 735.0], [204.0, 285.0, 745.0], [203.0, 191.0, 838.0], [203.0, 190.0, 840.0], [202.0, 321.0, 691.0], [201.0, 288.0, 745.0], [200.0, 292.0, 732.0], [199.0, 275.0, 757.0], [199.0, 239.0, 794.0], [199.0, 237.0, 803.0], [197.0, 240.0, 785.0], [196.0, 341.0, 686.0], [196.0, 254.0, 794.0], [195.0, 208.0, 841.0], [194.0, 241.0, 806.0], [192.0, 310.0, 733.0], [192.0, 292.0, 736.0], [190.0, 297.0, 745.0], [188.0, 304.0, 744.0], [187.0, 310.0, 735.0], [186.0, 297.0, 747.0], [185.0, 159.0, 850.0], [184.0, 300.0, 747.0], [182.0, 109.0, 952.0], [181.0, 254.0, 795.0], [180.0, 214.0, 835.0], [180.0, 157.0, 889.0], [179.0, 254.0, 796.0], [179.0, 211.0, 844.0], [179.0, 163.0, 883.0], [177.0, 259.0, 781.0], [177.0, 226.0, 835.0], [177.0, 216.0, 838.0], [176.0, 356.0, 688.0], [176.0, 306.0, 746.0], [176.0, 224.0, 848.0], [173.0, 310.0, 754.0], [171.0, 180.0, 883.0], [168.0, 280.0, 789.0], [164.0, 235.0, 833.0], [164.0, 183.0, 893.0], [163.0, 246.0, 838.0], [152.0, 334.0, 695.0], [150.0, 262.0, 831.0], [149.0, 198.0, 884.0], [136.0, 214.0, 877.0], [135.0, 123.0, 931.0], [131.0, 180.0, 926.0], [114.0, 147.0, 974.0], [112.0, 200.0, 929.0], [111.0, 149.0, 977.0]]
