heur = false
LBS_limit = 3
preproc = 0
tight_root = 0
total_time = 1800.01
NDP = 836
total_nodes = 53831
pruned_nodes = 26899
pruned_dominance_nodes = 16000
heur_time = 0.0
Y_N = Any[[2509.0, 1768.0, 11359.0], [2484.0, 1738.0, 11608.0], [2482.0, 1879.0, 11516.0], [2480.0, 1791.0, 11589.0], [2458.0, 1861.0, 11527.0], [2457.0, 1849.0, 11617.0], [2457.0, 1732.0, 11670.0], [2452.0, 1913.0, 11323.0], [2433.0, 1831.0, 11628.0], [2432.0, 1702.0, 11771.0], [2430.0, 1843.0, 11630.0], [2428.0, 1755.0, 11752.0], [2427.0, 1883.0, 11572.0], [2413.0, 1863.0, 11665.0], [2412.0, 1803.0, 11680.0], [2406.0, 1825.0, 11690.0], [2404.0, 1889.0, 11534.0], [2400.0, 1877.0, 11585.0], [2392.0, 1646.0, 11794.0], [2383.0, 1897.0, 11620.0], [2383.0, 1755.0, 11810.0], [2381.0, 1723.0, 11815.0], [2378.0, 1915.0, 11514.0], [2377.0, 1757.0, 11704.0], [2375.0, 1847.0, 11686.0], [2375.0, 1602.0, 11842.0], [2374.0, 1759.0, 11711.0], [2369.0, 1820.0, 11716.0], [2365.0, 1845.0, 11709.0], [2365.0, 1796.0, 11763.0], [2360.0, 1767.0, 11794.0], [2360.0, 1619.0, 11889.0], [2358.0, 1867.0, 11721.0], [2356.0, 1593.0, 11906.0], [2353.0, 1767.0, 11797.0], [2352.0, 1646.0, 11887.0], [2350.0, 1702.0, 11844.0], [2349.0, 1715.0, 11829.0], [2346.0, 1755.0, 11825.0], [2346.0, 1681.0, 11858.0], [2342.0, 1814.0, 11729.0], [2340.0, 1624.0, 11897.0], [2338.0, 1807.0, 11737.0], [2338.0, 1790.0, 11825.0], [2338.0, 1585.0, 11956.0], [2337.0, 1737.0, 11863.0], [2337.0, 1641.0, 11905.0], [2336.0, 1815.0, 11751.0], [2336.0, 1677.0, 11878.0], [2335.0, 1879.0, 11664.0], [2335.0, 1658.0, 11938.0], [2331.0, 1861.0, 11734.0], [2329.0, 1704.0, 11866.0], [2328.0, 1737.0, 11898.0], [2324.0, 1825.0, 11763.0], [2323.0, 1696.0, 11906.0], [2317.0, 1833.0, 11814.0], [2315.0, 1767.0, 11901.0], [2315.0, 1619.0, 11947.0], [2313.0, 1777.0, 11838.0], [2308.0, 1697.0, 11931.0], [2308.0, 1652.0, 11951.0], [2305.0, 1699.0, 11902.0], [2301.0, 1731.0, 11911.0], [2300.0, 1703.0, 11957.0], [2291.0, 1815.0, 11822.0], [2291.0, 1672.0, 11986.0], [2291.0, 1663.0, 11996.0], [2290.0, 1729.0, 11924.0], [2289.0, 1556.0, 12069.0], [2287.0, 1678.0, 11976.0], [2286.0, 1792.0, 11827.0], [2286.0, 1771.0, 11851.0], [2285.0, 1801.0, 11856.0], [2285.0, 1605.0, 12068.0], [2283.0, 1843.0, 11778.0], [2283.0, 1622.0, 12052.0], [2282.0, 1741.0, 11919.0], [2279.0, 1625.0, 12041.0], [2273.0, 1704.0, 11949.0], [2273.0, 1697.0, 11970.0], [2268.0, 1813.0, 11854.0], [2268.0, 1799.0, 11862.0], [2267.0, 1647.0, 12002.0], [2266.0, 1642.0, 12087.0], [2263.0, 1583.0, 12110.0], [2261.0, 1849.0, 11777.0], [2259.0, 1532.0, 12136.0], [2258.0, 1711.0, 11935.0], [2257.0, 1739.0, 11925.0], [2257.0, 1729.0, 11935.0], [2256.0, 1790.0, 11898.0], [2256.0, 1660.0, 11997.0], [2255.0, 1610.0, 12108.0], [2253.0, 1713.0, 11955.0], [2253.0, 1664.0, 12058.0], [2252.0, 1835.0, 11786.0], [2252.0, 1747.0, 11938.0], [2252.0, 1611.0, 12096.0], [2251.0, 1853.0, 11736.0], [2251.0, 1689.0, 11984.0], [2250.0, 1885.0, 11749.0], [2249.0, 1645.0, 12079.0], [2245.0, 1949.0, 11159.0], [2245.0, 1729.0, 11982.0], [2244.0, 1894.0, 11696.0], [2244.0, 1673.0, 12010.0], [2240.0, 1818.0, 11832.0], [2240.0, 1779.0, 11911.0], [2240.0, 1605.0, 12126.0], [2239.0, 1641.0, 12099.0], [2239.0, 1636.0, 12100.0], [2238.0, 1697.0, 11989.0], [2237.0, 1651.0, 12061.0], [2237.0, 1602.0, 12158.0], [2236.0, 1676.0, 12042.0], [2235.0, 1788.0, 11913.0], [2233.0, 1795.0, 11877.0], [2233.0, 1765.0, 11970.0], [2233.0, 1693.0, 12007.0], [2229.0, 1703.0, 12005.0], [2227.0, 1891.0, 11711.0], [2227.0, 1770.0, 11935.0], [2226.0, 1867.0, 11760.0], [2225.0, 1715.0, 12013.0], [2225.0, 1679.0, 12014.0], [2225.0, 1630.0, 12117.0], [2223.0, 1879.0, 11762.0], [2223.0, 1716.0, 11999.0], [2222.0, 1845.0, 11787.0], [2222.0, 1778.0, 11925.0], [2221.0, 1791.0, 11884.0], [2220.0, 1919.0, 11556.0], [2220.0, 1815.0, 11870.0], [2219.0, 1643.0, 12111.0], [2219.0, 1529.0, 12173.0], [2218.0, 1813.0, 11877.0], [2218.0, 1701.0, 12026.0], [2218.0, 1610.0, 12123.0], [2217.0, 1748.0, 12006.0], [2215.0, 1546.0, 12184.0], [2212.0, 1645.0, 12094.0], [2209.0, 1702.0, 12016.0], [2209.0, 1675.0, 12054.0], [2209.0, 1670.0, 12055.0], [2209.0, 1496.0, 12203.0], [2208.0, 1819.0, 11828.0], [2207.0, 1513.0, 12187.0], [2206.0, 1899.0, 11797.0], [2206.0, 1546.0, 12219.0], [2205.0, 1701.0, 12109.0], [2204.0, 1792.0, 11900.0], [2204.0, 1549.0, 12192.0], [2203.0, 1605.0, 12141.0], [2201.0, 1917.0, 11691.0], [2201.0, 1713.0, 12024.0], [2200.0, 1764.0, 11997.0], [2200.0, 1602.0, 12173.0], [2199.0, 1861.0, 11822.0], [2199.0, 1817.0, 11899.0], [2198.0, 1849.0, 11863.0], [2198.0, 1604.0, 12174.0], [2197.0, 1925.0, 11666.0], [2195.0, 1785.0, 11971.0], [2193.0, 1576.0, 12222.0], [2192.0, 1858.0, 11859.0], [2192.0, 1639.0, 12129.0], [2191.0, 1807.0, 11939.0], [2191.0, 1618.0, 12144.0], [2191.0, 1495.0, 12232.0], [2190.0, 1516.0, 12285.0], [2189.0, 1934.0, 11632.0], [2189.0, 1727.0, 12024.0], [2189.0, 1688.0, 12112.0], [2188.0, 1782.0, 11995.0], [2188.0, 1621.0, 12171.0], [2187.0, 1622.0, 12150.0], [2186.0, 1836.0, 11913.0], [2186.0, 1813.0, 11927.0], [2186.0, 1511.0, 12287.0], [2184.0, 1829.0, 11922.0], [2184.0, 1640.0, 12156.0], [2183.0, 1731.0, 12018.0], [2181.0, 1869.0, 11898.0], [2181.0, 1657.0, 12121.0], [2181.0, 1583.0, 12183.0], [2179.0, 1807.0, 11986.0], [2179.0, 1742.0, 12033.0], [2179.0, 1540.0, 12232.0], [2178.0, 1627.0, 12160.0], [2177.0, 1667.0, 12168.0], [2176.0, 1731.0, 12076.0], [2174.0, 1831.0, 11923.0], [2171.0, 1951.0, 11498.0], [2171.0, 1680.0, 12162.0], [2168.0, 1883.0, 11818.0], [2168.0, 1779.0, 12033.0], [2166.0, 1703.0, 12085.0], [2165.0, 1534.0, 12249.0], [2161.0, 1493.0, 12293.0], [2160.0, 1550.0, 12240.0], [2159.0, 1547.0, 12243.0], [2158.0, 1881.0, 11841.0], [2158.0, 1822.0, 11929.0], [2158.0, 1785.0, 12022.0], [2158.0, 1456.0, 12306.0], [2157.0, 1716.0, 12078.0], [2157.0, 1434.0, 12362.0], [2156.0, 1870.0, 11868.0], [2155.0, 1602.0, 12231.0], [2155.0, 1528.0, 12264.0], [2155.0, 1520.0, 12305.0], [2154.0, 1863.0, 11911.0], [2154.0, 1510.0, 12333.0], [2151.0, 1903.0, 11853.0], [2151.0, 1840.0, 11949.0], [2151.0, 1804.0, 11997.0], [2148.0, 1513.0, 12312.0], [2147.0, 1579.0, 12240.0], [2146.0, 1406.0, 12385.0], [2144.0, 1658.0, 12193.0], [2141.0, 1584.0, 12237.0], [2141.0, 1540.0, 12336.0], [2140.0, 1709.0, 12094.0], [2140.0, 1615.0, 12236.0], [2139.0, 1550.0, 12273.0], [2137.0, 1744.0, 12092.0], [2137.0, 1561.0, 12258.0], [2133.0, 1670.0, 12192.0], [2132.0, 1793.0, 12036.0], [2131.0, 1826.0, 11957.0], [2131.0, 1469.0, 12360.0], [2130.0, 1420.0, 12417.0], [2129.0, 1765.0, 12059.0], [2129.0, 1592.0, 12244.0], [2128.0, 1645.0, 12196.0], [2127.0, 1739.0, 12106.0], [2127.0, 1619.0, 12203.0], [2126.0, 1952.0, 11806.0], [2126.0, 1582.0, 12271.0], [2126.0, 1557.0, 12276.0], [2125.0, 1866.0, 11902.0], [2125.0, 1557.0, 12282.0], [2124.0, 1897.0, 11866.0], [2124.0, 1755.0, 12105.0], [2122.0, 1880.0, 11917.0], [2122.0, 1876.0, 11942.0], [2122.0, 1601.0, 12259.0], [2121.0, 1632.0, 12197.0], [2120.0, 1693.0, 12160.0], [2120.0, 1639.0, 12211.0], [2118.0, 1886.0, 11878.0], [2117.0, 1584.0, 12280.0], [2117.0, 1571.0, 12300.0], [2117.0, 1464.0, 12391.0], [2117.0, 1450.0, 12420.0], [2116.0, 1624.0, 12252.0], [2115.0, 1638.0, 12230.0], [2114.0, 1772.0, 12046.0], [2113.0, 1856.0, 11959.0], [2112.0, 1581.0, 12292.0], [2112.0, 1460.0, 12424.0], [2111.0, 1586.0, 12273.0], [2111.0, 1584.0, 12294.0], [2110.0, 1869.0, 11946.0], [2110.0, 1825.0, 12023.0], [2110.0, 1714.0, 12108.0], [2110.0, 1637.0, 12246.0], [2110.0, 1474.0, 12365.0], [2109.0, 1694.0, 12139.0], [2109.0, 1480.0, 12357.0], [2108.0, 1803.0, 12033.0], [2108.0, 1683.0, 12165.0], [2107.0, 1778.0, 12047.0], [2107.0, 1643.0, 12211.0], [2106.0, 1796.0, 12058.0], [2106.0, 1681.0, 12172.0], [2106.0, 1594.0, 12286.0], [2105.0, 1697.0, 12129.0], [2104.0, 1707.0, 12116.0], [2104.0, 1562.0, 12345.0], [2104.0, 1488.0, 12416.0], [2103.0, 1704.0, 12147.0], [2102.0, 1827.0, 11991.0], [2102.0, 1759.0, 12121.0], [2102.0, 1579.0, 12298.0], [2101.0, 1678.0, 12182.0], [2099.0, 1867.0, 11967.0], [2099.0, 1576.0, 12330.0], [2098.0, 1674.0, 12228.0], [2098.0, 1609.0, 12254.0], [2097.0, 1710.0, 12158.0], [2095.0, 1667.0, 12241.0], [2095.0, 1442.0, 12433.0], [2094.0, 1616.0, 12266.0], [2094.0, 1504.0, 12356.0], [2093.0, 1815.0, 12035.0], [2092.0, 1914.0, 11872.0], [2092.0, 1831.0, 11996.0], [2092.0, 1541.0, 12401.0], [2090.0, 1681.0, 12178.0], [2089.0, 1680.0, 12235.0], [2089.0, 1635.0, 12261.0], [2089.0, 1598.0, 12309.0], [2088.0, 1601.0, 12267.0], [2087.0, 1604.0, 12289.0], [2087.0, 1384.0, 12442.0], [2086.0, 1554.0, 12395.0], [2085.0, 1839.0, 12047.0], [2085.0, 1690.0, 12171.0], [2083.0, 1687.0, 12180.0], [2083.0, 1653.0, 12266.0], [2081.0, 1617.0, 12283.0], [2080.0, 1773.0, 12083.0], [2079.0, 1713.0, 12132.0], [2079.0, 1698.0, 12237.0], [2078.0, 1847.0, 12013.0], [2078.0, 1401.0, 12468.0], [2077.0, 1595.0, 12319.0], [2077.0, 1482.0, 12429.0], [2076.0, 1528.0, 12404.0], [2075.0, 1460.0, 12439.0], [2074.0, 1916.0, 11821.0], [2074.0, 1709.0, 12183.0], [2073.0, 1968.0, 11755.0], [2072.0, 1716.0, 12152.0], [2072.0, 1464.0, 12449.0], [2071.0, 1742.0, 12146.0], [2070.0, 1448.0, 12450.0], [2067.0, 1762.0, 12135.0], [2067.0, 1675.0, 12281.0], [2067.0, 1618.0, 12298.0], [2066.0, 1850.0, 12041.0], [2066.0, 1582.0, 12325.0], [2065.0, 1825.0, 12058.0], [2065.0, 1431.0, 12471.0], [2061.0, 1403.0, 12490.0], [2060.0, 1578.0, 12346.0], [2059.0, 1615.0, 12315.0], [2059.0, 1476.0, 12452.0], [2058.0, 1833.0, 12109.0], [2058.0, 1455.0, 12460.0], [2057.0, 1489.0, 12440.0], [2057.0, 1448.0, 12475.0], [2056.0, 1767.0, 12147.0], [2055.0, 1619.0, 12325.0], [2054.0, 1799.0, 12122.0], [2053.0, 1851.0, 12003.0], [2053.0, 1438.0, 12481.0], [2052.0, 1703.0, 12196.0], [2052.0, 1531.0, 12408.0], [2052.0, 1452.0, 12530.0], [2051.0, 1662.0, 12284.0], [2050.0, 1703.0, 12210.0], [2050.0, 1482.0, 12458.0], [2049.0, 1861.0, 11982.0], [2049.0, 1710.0, 12160.0], [2049.0, 1632.0, 12319.0], [2049.0, 1561.0, 12378.0], [2048.0, 1504.0, 12438.0], [2048.0, 1485.0, 12459.0], [2048.0, 1414.0, 12538.0], [2046.0, 1653.0, 12317.0], [2045.0, 1573.0, 12372.0], [2044.0, 1517.0, 12429.0], [2043.0, 1574.0, 12372.0], [2043.0, 1519.0, 12429.0], [2042.0, 1755.0, 12178.0], [2041.0, 1468.0, 12502.0], [2040.0, 1709.0, 12199.0], [2039.0, 1641.0, 12340.0], [2039.0, 1556.0, 12382.0], [2039.0, 1500.0, 12450.0], [2038.0, 1567.0, 12373.0], [2037.0, 1789.0, 12134.0], [2037.0, 1720.0, 12188.0], [2036.0, 1532.0, 12429.0], [2034.0, 1612.0, 12341.0], [2033.0, 1777.0, 12158.0], [2033.0, 1654.0, 12334.0], [2032.0, 1894.0, 11927.0], [2032.0, 1474.0, 12508.0], [2031.0, 1498.0, 12485.0], [2028.0, 1677.0, 12257.0], [2028.0, 1362.0, 12614.0], [2027.0, 1457.0, 12529.0], [2025.0, 1707.0, 12215.0], [2025.0, 1604.0, 12398.0], [2025.0, 1531.0, 12433.0], [2025.0, 1511.0, 12479.0], [2024.0, 1796.0, 12131.0], [2023.0, 1729.0, 12208.0], [2023.0, 1659.0, 12295.0], [2023.0, 1546.0, 12443.0], [2021.0, 1932.0, 11918.0], [2021.0, 1492.0, 12500.0], [2020.0, 1912.0, 11962.0], [2020.0, 1615.0, 12344.0], [2020.0, 1428.0, 12612.0], [2019.0, 1778.0, 12177.0], [2018.0, 1852.0, 11984.0], [2018.0, 1683.0, 12282.0], [2018.0, 1619.0, 12376.0], [2017.0, 1710.0, 12235.0], [2017.0, 1633.0, 12354.0], [2016.0, 1732.0, 12186.0], [2016.0, 1458.0, 12522.0], [2016.0, 1432.0, 12536.0], [2015.0, 1684.0, 12256.0], [2015.0, 1553.0, 12413.0], [2014.0, 1696.0, 12245.0], [2013.0, 1703.0, 12261.0], [2012.0, 1632.0, 12370.0], [2012.0, 1370.0, 12621.0], [2011.0, 1479.0, 12513.0], [2010.0, 1784.0, 12138.0], [2009.0, 1526.0, 12491.0], [2008.0, 1850.0, 12079.0], [2008.0, 1785.0, 12144.0], [2007.0, 1718.0, 12215.0], [2006.0, 1449.0, 12594.0], [2005.0, 1651.0, 12345.0], [2004.0, 1711.0, 12243.0], [2003.0, 1549.0, 12440.0], [2002.0, 1750.0, 12216.0], [1999.0, 1748.0, 12219.0], [1998.0, 1739.0, 12220.0], [1998.0, 1737.0, 12241.0], [1998.0, 1693.0, 12318.0], [1997.0, 1790.0, 12193.0], [1997.0, 1562.0, 12434.0], [1996.0, 1847.0, 12086.0], [1996.0, 1378.0, 12652.0], [1995.0, 1556.0, 12480.0], [1993.0, 1747.0, 12233.0], [1992.0, 1853.0, 12031.0], [1992.0, 1356.0, 12662.0], [1991.0, 1566.0, 12416.0], [1991.0, 1497.0, 12492.0], [1989.0, 1599.0, 12413.0], [1988.0, 1766.0, 12211.0], [1985.0, 1894.0, 11991.0], [1985.0, 1711.0, 12257.0], [1985.0, 1581.0, 12422.0], [1985.0, 1499.0, 12496.0], [1984.0, 1496.0, 12592.0], [1983.0, 1612.0, 12407.0], [1983.0, 1535.0, 12536.0], [1983.0, 1428.0, 12627.0], [1982.0, 1970.0, 11616.0], [1982.0, 1724.0, 12244.0], [1982.0, 1680.0, 12321.0], [1981.0, 1818.0, 12127.0], [1981.0, 1683.0, 12330.0], [1981.0, 1605.0, 12421.0], [1980.0, 1878.0, 12056.0], [1980.0, 1858.0, 12090.0], [1980.0, 1799.0, 12154.0], [1980.0, 1551.0, 12503.0], [1979.0, 1858.0, 12100.0], [1979.0, 1713.0, 12250.0], [1977.0, 1650.0, 12374.0], [1977.0, 1548.0, 12530.0], [1976.0, 1833.0, 12182.0], [1976.0, 1788.0, 12208.0], [1976.0, 1723.0, 12290.0], [1976.0, 1438.0, 12601.0], [1976.0, 1366.0, 12658.0], [1976.0, 1343.0, 12665.0], [1975.0, 1562.0, 12449.0], [1974.0, 1842.0, 12126.0], [1974.0, 1559.0, 12452.0], [1973.0, 1707.0, 12342.0], [1973.0, 1558.0, 12466.0], [1972.0, 1288.0, 12736.0], [1970.0, 1659.0, 12377.0], [1970.0, 1451.0, 12595.0], [1967.0, 1522.0, 12539.0], [1964.0, 1716.0, 12294.0], [1964.0, 1672.0, 12371.0], [1964.0, 1318.0, 12673.0], [1963.0, 1626.0, 12383.0], [1961.0, 1406.0, 12669.0], [1960.0, 1756.0, 12243.0], [1957.0, 1766.0, 12283.0], [1957.0, 1694.0, 12345.0], [1957.0, 1640.0, 12390.0], [1954.0, 1635.0, 12425.0], [1954.0, 1515.0, 12573.0], [1953.0, 1649.0, 12389.0], [1953.0, 1412.0, 12632.0], [1951.0, 1768.0, 12210.0], [1951.0, 1553.0, 12535.0], [1948.0, 1528.0, 12567.0], [1947.0, 1662.0, 12383.0], [1946.0, 1584.0, 12441.0], [1946.0, 1564.0, 12481.0], [1946.0, 1417.0, 12666.0], [1945.0, 1792.0, 12195.0], [1945.0, 1673.0, 12401.0], [1945.0, 1571.0, 12456.0], [1944.0, 1876.0, 12081.0], [1944.0, 1840.0, 12129.0], [1944.0, 1605.0, 12436.0], [1944.0, 1465.0, 12614.0], [1944.0, 1440.0, 12615.0], [1944.0, 1319.0, 12747.0], [1942.0, 1730.0, 12312.0], [1940.0, 1541.0, 12537.0], [1939.0, 1745.0, 12292.0], [1939.0, 1686.0, 12395.0], [1939.0, 1322.0, 12686.0], [1938.0, 1502.0, 12576.0], [1938.0, 1428.0, 12685.0], [1936.0, 1785.0, 12266.0], [1936.0, 1744.0, 12319.0], [1934.0, 1576.0, 12468.0], [1934.0, 1438.0, 12621.0], [1933.0, 1545.0, 12585.0], [1933.0, 1493.0, 12609.0], [1930.0, 1934.0, 11927.0], [1930.0, 1644.0, 12456.0], [1930.0, 1340.0, 12729.0], [1929.0, 1986.0, 11269.0], [1928.0, 1577.0, 12494.0], [1928.0, 1556.0, 12531.0], [1928.0, 1309.0, 12775.0], [1927.0, 1813.0, 12222.0], [1927.0, 1724.0, 12336.0], [1927.0, 1506.0, 12603.0], [1927.0, 1468.0, 12635.0], [1926.0, 1791.0, 12255.0], [1926.0, 1457.0, 12664.0], [1926.0, 1313.0, 12759.0], [1924.0, 1400.0, 12724.0], [1923.0, 1556.0, 12535.0], [1923.0, 1453.0, 12676.0], [1922.0, 1583.0, 12478.0], [1921.0, 1676.0, 12405.0], [1920.0, 1568.0, 12505.0], [1920.0, 1269.0, 12787.0], [1919.0, 1988.0, 11938.0], [1918.0, 1902.0, 12034.0], [1917.0, 1480.0, 12612.0], [1915.0, 1916.0, 12049.0], [1915.0, 1912.0, 12074.0], [1915.0, 1719.0, 12367.0], [1914.0, 1758.0, 12289.0], [1914.0, 1610.0, 12476.0], [1913.0, 1738.0, 12333.0], [1912.0, 1664.0, 12426.0], [1910.0, 1882.0, 12155.0], [1910.0, 1563.0, 12509.0], [1908.0, 1645.0, 12447.0], [1908.0, 1387.0, 12727.0], [1907.0, 1319.0, 12762.0], [1906.0, 1467.0, 12639.0], [1904.0, 1576.0, 12503.0], [1903.0, 1830.0, 12191.0], [1903.0, 1672.0, 12444.0], [1903.0, 1546.0, 12551.0], [1902.0, 1496.0, 12665.0], [1901.0, 1614.0, 12489.0], [1899.0, 1785.0, 12317.0], [1899.0, 1605.0, 12494.0], [1898.0, 1633.0, 12467.0], [1896.0, 1602.0, 12526.0], [1895.0, 1504.0, 12631.0], [1894.0, 1838.0, 12212.0], [1894.0, 1556.0, 12547.0], [1894.0, 1412.0, 12727.0], [1893.0, 1694.0, 12383.0], [1892.0, 1804.0, 12292.0], [1892.0, 1367.0, 12763.0], [1891.0, 1633.0, 12475.0], [1891.0, 1516.0, 12625.0], [1890.0, 1807.0, 12242.0], [1890.0, 1314.0, 12783.0], [1889.0, 1619.0, 12477.0], [1889.0, 1604.0, 12529.0], [1888.0, 1713.0, 12429.0], [1888.0, 1459.0, 12689.0], [1886.0, 1851.0, 12167.0], [1885.0, 1651.0, 12453.0], [1885.0, 1577.0, 12533.0], [1885.0, 1297.0, 12804.0], [1884.0, 1715.0, 12381.0], [1884.0, 1630.0, 12485.0], [1884.0, 1334.0, 12846.0], [1882.0, 1650.0, 12480.0], [1882.0, 1402.0, 12784.0], [1881.0, 1420.0, 12701.0], [1880.0, 1718.0, 12418.0], [1879.0, 1662.0, 12450.0], [1877.0, 1432.0, 12695.0], [1876.0, 1409.0, 12766.0], [1875.0, 1490.0, 12727.0], [1873.0, 1630.0, 12497.0], [1873.0, 1625.0, 12525.0], [1872.0, 1734.0, 12369.0], [1871.0, 1774.0, 12332.0], [1871.0, 1572.0, 12542.0], [1871.0, 1500.0, 12663.0], [1870.0, 1547.0, 12566.0], [1869.0, 1926.0, 12017.0], [1868.0, 1543.0, 12593.0], [1868.0, 1277.0, 12847.0], [1867.0, 1952.0, 12101.0], [1867.0, 1839.0, 12173.0], [1867.0, 1704.0, 12450.0], [1867.0, 1639.0, 12532.0], [1867.0, 1557.0, 12606.0], [1866.0, 2004.0, 11739.0], [1866.0, 1866.0, 12197.0], [1866.0, 1514.0, 12643.0], [1864.0, 1872.0, 12167.0], [1864.0, 1701.0, 12477.0], [1863.0, 1876.0, 12237.0], [1863.0, 1357.0, 12808.0], [1861.0, 1380.0, 12820.0], [1860.0, 1518.0, 12610.0], [1858.0, 1619.0, 12549.0], [1858.0, 1537.0, 12623.0], [1858.0, 1411.0, 12730.0], [1855.0, 1768.0, 12348.0], [1854.0, 1525.0, 12628.0], [1853.0, 1558.0, 12564.0], [1852.0, 1406.0, 12801.0], [1851.0, 1825.0, 12318.0], [1850.0, 1375.0, 12847.0], [1849.0, 1505.0, 12672.0], [1848.0, 1688.0, 12480.0], [1847.0, 1417.0, 12747.0], [1846.0, 1470.0, 12764.0], [1845.0, 1511.0, 12655.0], [1844.0, 1561.0, 12557.0], [1842.0, 1559.0, 12563.0], [1842.0, 1412.0, 12779.0], [1838.0, 1671.0, 12502.0], [1837.0, 1597.0, 12585.0], [1837.0, 1515.0, 12659.0], [1836.0, 1667.0, 12536.0], [1836.0, 1527.0, 12641.0], [1834.0, 1815.0, 12330.0], [1834.0, 1725.0, 12404.0], [1833.0, 1705.0, 12448.0], [1831.0, 1553.0, 12643.0], [1831.0, 1497.0, 12722.0], [1830.0, 1680.0, 12530.0], [1829.0, 1621.0, 12581.0], [1829.0, 1533.0, 12646.0], [1826.0, 1898.0, 12239.0], [1825.0, 1703.0, 12453.0], [1825.0, 1448.0, 12800.0], [1822.0, 1762.0, 12402.0], [1822.0, 1557.0, 12629.0], [1822.0, 1533.0, 12660.0], [1820.0, 1698.0, 12532.0], [1818.0, 1303.0, 12862.0], [1816.0, 1535.0, 12653.0], [1815.0, 1803.0, 12336.0], [1815.0, 1748.0, 12431.0], [1815.0, 1709.0, 12478.0], [1815.0, 1622.0, 12538.0], [1815.0, 1394.0, 12859.0], [1814.0, 1968.0, 12050.0], [1814.0, 1659.0, 12550.0], [1814.0, 1603.0, 12591.0], [1813.0, 1610.0, 12611.0], [1813.0, 1545.0, 12693.0], [1811.0, 1613.0, 12631.0], [1811.0, 1552.0, 12656.0], [1811.0, 1485.0, 12741.0], [1810.0, 1319.0, 12870.0], [1810.0, 1283.0, 12983.0], [1809.0, 1569.0, 12636.0], [1808.0, 1297.0, 12924.0], [1804.0, 1525.0, 12710.0], [1803.0, 1587.0, 12662.0], [1799.0, 1381.0, 12862.0], [1798.0, 1646.0, 12553.0], [1795.0, 1786.0, 12348.0], [1792.0, 1784.0, 12351.0], [1791.0, 1729.0, 12450.0], [1790.0, 1710.0, 12455.0], [1790.0, 1591.0, 12667.0], [1790.0, 1364.0, 12960.0], [1789.0, 1716.0, 12456.0], [1789.0, 1499.0, 12713.0], [1787.0, 1767.0, 12372.0], [1787.0, 1754.0, 12432.0], [1786.0, 1625.0, 12609.0], [1786.0, 1374.0, 12896.0], [1785.0, 1508.0, 12712.0], [1784.0, 1469.0, 12794.0], [1783.0, 1503.0, 12746.0], [1782.0, 1737.0, 12453.0], [1781.0, 1802.0, 12343.0], [1781.0, 1709.0, 12494.0], [1781.0, 1571.0, 12684.0], [1780.0, 1720.0, 12457.0], [1780.0, 1638.0, 12603.0], [1780.0, 1515.0, 12716.0], [1777.0, 1532.0, 12724.0], [1776.0, 1836.0, 12318.0], [1776.0, 1772.0, 12424.0], [1776.0, 1396.0, 12835.0], [1775.0, 1612.0, 12636.0], [1775.0, 1553.0, 12721.0], [1774.0, 1862.0, 12254.0], [1774.0, 1719.0, 12462.0], [1774.0, 1595.0, 12643.0], [1774.0, 1351.0, 12963.0], [1773.0, 1914.0, 12188.0], [1772.0, 1804.0, 12400.0], [1770.0, 1814.0, 12383.0], [1770.0, 1746.0, 12445.0], [1769.0, 1566.0, 12715.0], [1768.0, 1410.0, 12872.0], [1765.0, 1738.0, 12468.0], [1764.0, 1729.0, 12503.0], [1764.0, 1420.0, 12808.0], [1762.0, 1644.0, 12591.0], [1761.0, 1843.0, 12303.0], [1761.0, 1499.0, 12751.0], [1757.0, 1782.0, 12439.0], [1755.0, 1696.0, 12540.0], [1754.0, 1792.0, 12479.0], [1754.0, 1442.0, 12801.0], [1751.0, 1541.0, 12769.0], [1749.0, 1850.0, 12374.0], [1745.0, 1646.0, 12603.0], [1745.0, 1554.0, 12763.0], [1743.0, 1629.0, 12630.0], [1742.0, 1484.0, 12790.0], [1740.0, 1453.0, 12836.0], [1739.0, 1559.0, 12748.0], [1739.0, 1494.0, 12830.0], [1737.0, 1463.0, 12876.0], [1735.0, 1528.0, 12772.0], [1734.0, 1570.0, 12694.0], [1733.0, 1577.0, 12669.0], [1732.0, 1406.0, 12909.0], [1730.0, 1474.0, 12847.0], [1730.0, 1375.0, 12955.0], [1729.0, 1654.0, 12552.0], [1728.0, 1684.0, 12620.0], [1728.0, 1443.0, 12893.0], [1726.0, 1581.0, 12717.0], [1725.0, 1621.0, 12680.0], [1724.0, 1750.0, 12532.0], [1724.0, 1624.0, 12633.0], [1721.0, 1878.0, 12351.0], [1721.0, 1551.0, 12798.0], [1720.0, 1858.0, 12395.0], [1718.0, 1708.0, 12563.0], [1718.0, 1650.0, 12669.0], [1716.0, 1562.0, 12744.0], [1714.0, 1255.0, 13095.0], [1713.0, 1678.0, 12644.0], [1709.0, 1584.0, 12723.0], [1709.0, 1452.0, 12883.0], [1707.0, 1421.0, 12929.0], [1703.0, 1688.0, 12600.0], [1702.0, 1756.0, 12494.0], [1700.0, 1698.0, 12640.0], [1698.0, 1753.0, 12537.0], [1698.0, 1640.0, 12685.0], [1691.0, 1552.0, 12764.0], [1690.0, 1270.0, 13053.0], [1681.0, 1700.0, 12596.0], [1681.0, 1495.0, 12821.0], [1680.0, 1745.0, 12587.0], [1679.0, 1428.0, 12980.0], [1677.0, 1744.0, 12614.0], [1675.0, 1432.0, 12904.0], [1670.0, 1656.0, 12693.0], [1669.0, 1662.0, 12686.0], [1669.0, 1445.0, 12898.0], [1668.0, 1598.0, 12738.0], [1668.0, 1526.0, 12859.0], [1668.0, 1467.0, 12906.0], [1667.0, 1668.0, 12663.0], [1666.0, 1672.0, 12726.0], [1664.0, 1810.0, 12464.0], [1663.0, 1764.0, 12491.0], [1662.0, 1556.0, 12769.0], [1661.0, 1354.0, 13011.0], [1660.0, 1675.0, 12664.0], [1659.0, 1584.0, 12805.0], [1656.0, 1324.0, 13092.0], [1655.0, 1645.0, 12745.0], [1655.0, 1563.0, 12819.0], [1652.0, 1334.0, 13028.0], [1647.0, 1481.0, 12861.0], [1645.0, 1769.0, 12486.0], [1645.0, 1442.0, 12933.0], [1643.0, 1496.0, 12960.0], [1643.0, 1344.0, 13064.0], [1636.0, 1630.0, 12779.0], [1627.0, 1761.0, 12536.0], [1626.0, 1647.0, 12777.0], [1624.0, 1533.0, 12854.0], [1619.0, 1561.0, 12829.0], [1619.0, 1559.0, 12856.0], [1617.0, 1501.0, 12901.0], [1612.0, 1774.0, 12627.0], [1611.0, 1629.0, 12787.0], [1608.0, 1639.0, 12827.0], [1607.0, 1412.0, 13044.0], [1603.0, 1319.0, 13115.0], [1601.0, 1690.0, 12642.0], [1601.0, 1551.0, 12906.0], [1596.0, 1605.0, 12830.0], [1590.0, 1563.0, 12861.0], [1585.0, 1533.0, 12942.0], [1583.0, 1400.0, 13092.0], [1581.0, 1417.0, 12985.0], [1578.0, 1597.0, 12880.0], [1576.0, 1690.0, 12711.0], [1572.0, 1555.0, 12911.0], [1569.0, 1872.0, 12450.0], [1567.0, 1525.0, 12992.0], [1567.0, 1387.0, 13095.0], [1561.0, 1446.0, 13004.0], [1555.0, 1680.0, 12723.0], [1536.0, 1665.0, 12762.0], [1532.0, 1530.0, 12962.0], [1530.0, 1499.0, 13008.0], [1527.0, 1500.0, 13043.0], [1525.0, 1469.0, 13089.0], [1518.0, 1657.0, 12812.0], [1491.0, 1416.0, 13127.0], [1489.0, 1385.0, 13173.0], [1461.0, 1503.0, 13038.0], [1449.0, 1360.0, 13224.0]]
