heur = false
LBS_limit = 3
preproc = 0
tight_root = 0
total_time = 1.88
NDP = 64
total_nodes = 1557
pruned_nodes = 779
pruned_dominance_nodes = 134
heur_time = 0.0
Y_N = Any[[816.0, 260.0, 296.0], [789.0, 283.0, 296.0], [775.0, 343.0, 205.0], [774.0, 313.0, 272.0], [757.0, 371.0, 236.0], [752.0, 422.0, 204.0], [748.0, 314.0, 261.0], [747.0, 332.0, 245.0], [746.0, 355.0, 268.0], [745.0, 318.0, 307.0], [745.0, 273.0, 311.0], [744.0, 392.0, 240.0], [744.0, 385.0, 266.0], [739.0, 377.0, 305.0], [737.0, 390.0, 248.0], [733.0, 415.0, 249.0], [730.0, 419.0, 237.0], [730.0, 338.0, 320.0], [727.0, 425.0, 233.0], [724.0, 363.0, 306.0], [717.0, 448.0, 169.0], [715.0, 448.0, 242.0], [714.0, 403.0, 273.0], [714.0, 356.0, 340.0], [713.0, 406.0, 294.0], [712.0, 368.0, 326.0], [710.0, 422.0, 289.0], [710.0, 398.0, 303.0], [702.0, 468.0, 202.0], [702.0, 386.0, 315.0], [700.0, 406.0, 297.0], [697.0, 401.0, 310.0], [695.0, 413.0, 295.0], [694.0, 493.0, 197.0], [694.0, 436.0, 245.0], [691.0, 450.0, 248.0], [690.0, 434.0, 249.0], [688.0, 455.0, 229.0], [685.0, 387.0, 336.0], [682.0, 445.0, 270.0], [681.0, 455.0, 255.0], [681.0, 433.0, 302.0], [680.0, 455.0, 274.0], [673.0, 435.0, 303.0], [673.0, 430.0, 323.0], [669.0, 472.0, 262.0], [666.0, 500.0, 195.0], [665.0, 472.0, 284.0], [661.0, 481.0, 225.0], [661.0, 440.0, 299.0], [660.0, 479.0, 252.0], [659.0, 491.0, 254.0], [655.0, 458.0, 290.0], [650.0, 516.0, 235.0], [646.0, 485.0, 259.0], [643.0, 479.0, 270.0], [640.0, 531.0, 169.0], [635.0, 509.0, 251.0], [631.0, 529.0, 259.0], [627.0, 550.0, 254.0], [623.0, 489.0, 274.0], [586.0, 484.0, 275.0], [578.0, 602.0, 212.0], [565.0, 556.0, 216.0]]
