heur = false
LBS_limit = 3
preproc = 0
tight_root = 0
total_time = 1800.06
NDP = 743
total_nodes = 65385
pruned_nodes = 32676
pruned_dominance_nodes = 21540
heur_time = 0.0
Y_N = Any[[3098.0, 2361.0, 9348.0], [3083.0, 2484.0, 9053.0], [3081.0, 2363.0, 9399.0], [3076.0, 2297.0, 9551.0], [3061.0, 2420.0, 9398.0], [3059.0, 2427.0, 9146.0], [3058.0, 2512.0, 9336.0], [3044.0, 2550.0, 8709.0], [3043.0, 2635.0, 9041.0], [3041.0, 2514.0, 9387.0], [3039.0, 2449.0, 9451.0], [3037.0, 2363.0, 9491.0], [3036.0, 2448.0, 9539.0], [3034.0, 2353.0, 9562.0], [3023.0, 2353.0, 9650.0], [3021.0, 2571.0, 9386.0], [3019.0, 2611.0, 9127.0], [3013.0, 2291.0, 9688.0], [3008.0, 2476.0, 9497.0], [3006.0, 2539.0, 9421.0], [3006.0, 2426.0, 9587.0], [3002.0, 2635.0, 9097.0], [3001.0, 2447.0, 9565.0], [3001.0, 2360.0, 9597.0], [2999.0, 2600.0, 9439.0], [2999.0, 2593.0, 9445.0], [2995.0, 2506.0, 9473.0], [2992.0, 2511.0, 9497.0], [2990.0, 2447.0, 9653.0], [2988.0, 2765.0, 8927.0], [2988.0, 2605.0, 9177.0], [2986.0, 2525.0, 9472.0], [2986.0, 2521.0, 9597.0], [2983.0, 2774.0, 9146.0], [2983.0, 2607.0, 9158.0], [2981.0, 2631.0, 9393.0], [2980.0, 2299.0, 9674.0], [2978.0, 2837.0, 9135.0], [2978.0, 2655.0, 9287.0], [2978.0, 2541.0, 9452.0], [2975.0, 2533.0, 9471.0], [2974.0, 2555.0, 9479.0], [2973.0, 2442.0, 9676.0], [2972.0, 2534.0, 9516.0], [2971.0, 2755.0, 9223.0], [2970.0, 2678.0, 9300.0], [2968.0, 2559.0, 9545.0], [2965.0, 2608.0, 9465.0], [2961.0, 2682.0, 9409.0], [2960.0, 2457.0, 9640.0], [2960.0, 2369.0, 9706.0], [2958.0, 2230.0, 9742.0], [2955.0, 2463.0, 9651.0], [2954.0, 2651.0, 9410.0], [2954.0, 2624.0, 9435.0], [2952.0, 2569.0, 9518.0], [2951.0, 2737.0, 9399.0], [2950.0, 2617.0, 9441.0], [2949.0, 2659.0, 9414.0], [2948.0, 2603.0, 9488.0], [2945.0, 2279.0, 9743.0], [2944.0, 2804.0, 9333.0], [2943.0, 2453.0, 9652.0], [2942.0, 2829.0, 9171.0], [2941.0, 2398.0, 9703.0], [2940.0, 2474.0, 9637.0], [2940.0, 2418.0, 9720.0], [2938.0, 2354.0, 9734.0], [2938.0, 2168.0, 9767.0], [2937.0, 2545.0, 9593.0], [2937.0, 2450.0, 9692.0], [2937.0, 2446.0, 9716.0], [2936.0, 2492.0, 9620.0], [2936.0, 2166.0, 9803.0], [2934.0, 2607.0, 9466.0], [2934.0, 2580.0, 9575.0], [2933.0, 2818.0, 9307.0], [2932.0, 2698.0, 9424.0], [2932.0, 2560.0, 9600.0], [2931.0, 2661.0, 9447.0], [2928.0, 2459.0, 9673.0], [2925.0, 2481.0, 9649.0], [2924.0, 2322.0, 9822.0], [2923.0, 2420.0, 9772.0], [2922.0, 2594.0, 9512.0], [2922.0, 2462.0, 9702.0], [2921.0, 2604.0, 9477.0], [2920.0, 2520.0, 9694.0], [2919.0, 2790.0, 9383.0], [2919.0, 2563.0, 9610.0], [2919.0, 2523.0, 9705.0], [2918.0, 2252.0, 9831.0], [2917.0, 2451.0, 9769.0], [2916.0, 2800.0, 9343.0], [2916.0, 2362.0, 9796.0], [2916.0, 2104.0, 9970.0], [2915.0, 2530.0, 9612.0], [2913.0, 2800.0, 9483.0], [2913.0, 2582.0, 9520.0], [2913.0, 2266.0, 9829.0], [2909.0, 2633.0, 9507.0], [2907.0, 2252.0, 9919.0], [2906.0, 2605.0, 9552.0], [2906.0, 2339.0, 9816.0], [2905.0, 2362.0, 9862.0], [2904.0, 2651.0, 9513.0], [2903.0, 2326.0, 9863.0], [2899.0, 2531.0, 9651.0], [2898.0, 2608.0, 9521.0], [2898.0, 2504.0, 9742.0], [2897.0, 2623.0, 9514.0], [2896.0, 2591.0, 9587.0], [2894.0, 2630.0, 9568.0], [2893.0, 2380.0, 9777.0], [2892.0, 2891.0, 9010.0], [2892.0, 2612.0, 9581.0], [2891.0, 2676.0, 9493.0], [2890.0, 2811.0, 9373.0], [2890.0, 2623.0, 9589.0], [2890.0, 2422.0, 9794.0], [2885.0, 2653.0, 9562.0], [2885.0, 2571.0, 9626.0], [2885.0, 2478.0, 9766.0], [2884.0, 2695.0, 9490.0], [2884.0, 2557.0, 9666.0], [2882.0, 2822.0, 9369.0], [2882.0, 2742.0, 9537.0], [2881.0, 2612.0, 9669.0], [2879.0, 2882.0, 9214.0], [2879.0, 2370.0, 9831.0], [2878.0, 2688.0, 9567.0], [2878.0, 2338.0, 9908.0], [2876.0, 2823.0, 9268.0], [2876.0, 2804.0, 9397.0], [2876.0, 2516.0, 9717.0], [2875.0, 2444.0, 9775.0], [2872.0, 2543.0, 9707.0], [2872.0, 2499.0, 9778.0], [2872.0, 2268.0, 9917.0], [2871.0, 2383.0, 9821.0], [2869.0, 2397.0, 9847.0], [2868.0, 2537.0, 9759.0], [2867.0, 2688.0, 9655.0], [2865.0, 2436.0, 9860.0], [2864.0, 2097.0, 9981.0], [2863.0, 2993.0, 8931.0], [2862.0, 2579.0, 9680.0], [2859.0, 2828.0, 9237.0], [2859.0, 2561.0, 9709.0], [2856.0, 2584.0, 9681.0], [2856.0, 2365.0, 9897.0], [2856.0, 2323.0, 9919.0], [2853.0, 2575.0, 9743.0], [2850.0, 2374.0, 9867.0], [2849.0, 2900.0, 9082.0], [2849.0, 2758.0, 9530.0], [2849.0, 2521.0, 9773.0], [2849.0, 2329.0, 9951.0], [2848.0, 2849.0, 9272.0], [2848.0, 2351.0, 9900.0], [2846.0, 2853.0, 9232.0], [2846.0, 2420.0, 9869.0], [2845.0, 2800.0, 9547.0], [2844.0, 2527.0, 9762.0], [2844.0, 2481.0, 9788.0], [2841.0, 2894.0, 9203.0], [2840.0, 2597.0, 9672.0], [2839.0, 2402.0, 9906.0], [2838.0, 2454.0, 9789.0], [2837.0, 2479.0, 9813.0], [2836.0, 2893.0, 9337.0], [2836.0, 2493.0, 9830.0], [2835.0, 2603.0, 9738.0], [2835.0, 2539.0, 9749.0], [2834.0, 2707.0, 9575.0], [2834.0, 2613.0, 9666.0], [2834.0, 2276.0, 10003.0], [2834.0, 2256.0, 10035.0], [2833.0, 2420.0, 9935.0], [2833.0, 2374.0, 9961.0], [2832.0, 2593.0, 9776.0], [2831.0, 2841.0, 9443.0], [2830.0, 2707.0, 9576.0], [2829.0, 2960.0, 9129.0], [2829.0, 2605.0, 9678.0], [2828.0, 2869.0, 9377.0], [2828.0, 2774.0, 9581.0], [2828.0, 2633.0, 9680.0], [2827.0, 2304.0, 9970.0], [2825.0, 2623.0, 9718.0], [2824.0, 2532.0, 9781.0], [2823.0, 2510.0, 9814.0], [2822.0, 2629.0, 9687.0], [2822.0, 2425.0, 9931.0], [2820.0, 2556.0, 9800.0], [2818.0, 2637.0, 9699.0], [2818.0, 2589.0, 9810.0], [2818.0, 2365.0, 9976.0], [2817.0, 2604.0, 9740.0], [2816.0, 2467.0, 9852.0], [2816.0, 2408.0, 9960.0], [2815.0, 2487.0, 9838.0], [2814.0, 2696.0, 9709.0], [2813.0, 2922.0, 9269.0], [2813.0, 2699.0, 9583.0], [2810.0, 2474.0, 9845.0], [2809.0, 2503.0, 9874.0], [2808.0, 2969.0, 9057.0], [2808.0, 2719.0, 9612.0], [2808.0, 2640.0, 9722.0], [2808.0, 2541.0, 9821.0], [2808.0, 2446.0, 9910.0], [2807.0, 2279.0, 10009.0], [2805.0, 2979.0, 9017.0], [2805.0, 2288.0, 9983.0], [2804.0, 2946.0, 9179.0], [2804.0, 2258.0, 10049.0], [2803.0, 2629.0, 9734.0], [2803.0, 2443.0, 9915.0], [2802.0, 2979.0, 9299.0], [2802.0, 2632.0, 9732.0], [2802.0, 2614.0, 9805.0], [2802.0, 2379.0, 9974.0], [2799.0, 2466.0, 9886.0], [2798.0, 2956.0, 9421.0], [2798.0, 2523.0, 9823.0], [2798.0, 2333.0, 10000.0], [2796.0, 2585.0, 9812.0], [2796.0, 2581.0, 9836.0], [2795.0, 2341.0, 9983.0], [2794.0, 2692.0, 9771.0], [2792.0, 2808.0, 9455.0], [2792.0, 2264.0, 10119.0], [2791.0, 2711.0, 9658.0], [2791.0, 2459.0, 9928.0], [2790.0, 2557.0, 9886.0], [2790.0, 2417.0, 9939.0], [2789.0, 2447.0, 9931.0], [2789.0, 2418.0, 9960.0], [2789.0, 2304.0, 10044.0], [2787.0, 2387.0, 9997.0], [2786.0, 2374.0, 9998.0], [2783.0, 2785.0, 9564.0], [2783.0, 2568.0, 9842.0], [2781.0, 2758.0, 9594.0], [2780.0, 2801.0, 9552.0], [2780.0, 2352.0, 10101.0], [2780.0, 2101.0, 10185.0], [2779.0, 2655.0, 9814.0], [2779.0, 2441.0, 9932.0], [2779.0, 2428.0, 9981.0], [2778.0, 2731.0, 9598.0], [2775.0, 2967.0, 9311.0], [2775.0, 2844.0, 9446.0], [2775.0, 2571.0, 9864.0], [2775.0, 2475.0, 9933.0], [2774.0, 2762.0, 9594.0], [2774.0, 2759.0, 9611.0], [2774.0, 2282.0, 10110.0], [2773.0, 2812.0, 9505.0], [2773.0, 2380.0, 10068.0], [2770.0, 2588.0, 9832.0], [2769.0, 2789.0, 9627.0], [2768.0, 2713.0, 9636.0], [2768.0, 2441.0, 9998.0], [2767.0, 2843.0, 9492.0], [2767.0, 2609.0, 9836.0], [2767.0, 2483.0, 9909.0], [2765.0, 2724.0, 9652.0], [2765.0, 2548.0, 9895.0], [2765.0, 2466.0, 9954.0], [2763.0, 2759.0, 9699.0], [2761.0, 2638.0, 9850.0], [2761.0, 2531.0, 9930.0], [2760.0, 2621.0, 9878.0], [2758.0, 2833.0, 9512.0], [2757.0, 2477.0, 9960.0], [2756.0, 2800.0, 9591.0], [2755.0, 2873.0, 9493.0], [2752.0, 2844.0, 9593.0], [2752.0, 2473.0, 9970.0], [2750.0, 2103.0, 10199.0], [2749.0, 2429.0, 10047.0], [2749.0, 2209.0, 10123.0], [2748.0, 2702.0, 9704.0], [2747.0, 3033.0, 8884.0], [2746.0, 2699.0, 9711.0], [2745.0, 3015.0, 9093.0], [2745.0, 2861.0, 9509.0], [2745.0, 2550.0, 9900.0], [2745.0, 2435.0, 9999.0], [2745.0, 2145.0, 10242.0], [2744.0, 2873.0, 9581.0], [2744.0, 2469.0, 9978.0], [2743.0, 2804.0, 9595.0], [2742.0, 3074.0, 8571.0], [2742.0, 2639.0, 9854.0], [2742.0, 2506.0, 9945.0], [2741.0, 2509.0, 9934.0], [2740.0, 2456.0, 10020.0], [2740.0, 2177.0, 10128.0], [2738.0, 2494.0, 9955.0], [2736.0, 2507.0, 9947.0], [2735.0, 2892.0, 9465.0], [2735.0, 2721.0, 9700.0], [2734.0, 2484.0, 9987.0], [2733.0, 2242.0, 10137.0], [2731.0, 3009.0, 9170.0], [2731.0, 2718.0, 9778.0], [2731.0, 2573.0, 9898.0], [2731.0, 2450.0, 10028.0], [2731.0, 2152.0, 10212.0], [2730.0, 2650.0, 9818.0], [2729.0, 2542.0, 9934.0], [2729.0, 2508.0, 9969.0], [2728.0, 2547.0, 9923.0], [2727.0, 2657.0, 9788.0], [2726.0, 3050.0, 8999.0], [2726.0, 2302.0, 10162.0], [2725.0, 2774.0, 9628.0], [2725.0, 2400.0, 10120.0], [2723.0, 2677.0, 9799.0], [2719.0, 2650.0, 9906.0], [2719.0, 2330.0, 10129.0], [2717.0, 2749.0, 9714.0], [2716.0, 2997.0, 9239.0], [2716.0, 2583.0, 9907.0], [2715.0, 2732.0, 9762.0], [2714.0, 2523.0, 10001.0], [2714.0, 2331.0, 10190.0], [2714.0, 2212.0, 10230.0], [2713.0, 3025.0, 9173.0], [2713.0, 2930.0, 9519.0], [2713.0, 2526.0, 9999.0], [2713.0, 2407.0, 10070.0], [2712.0, 2682.0, 9796.0], [2712.0, 2580.0, 9916.0], [2712.0, 2441.0, 10055.0], [2708.0, 2863.0, 9601.0], [2708.0, 2762.0, 9704.0], [2707.0, 2422.0, 10073.0], [2706.0, 2785.0, 9713.0], [2706.0, 2661.0, 9816.0], [2706.0, 2484.0, 10047.0], [2705.0, 2748.0, 9736.0], [2705.0, 2735.0, 9804.0], [2703.0, 2745.0, 9748.0], [2703.0, 2334.0, 10124.0], [2702.0, 3008.0, 9300.0], [2702.0, 2806.0, 9614.0], [2702.0, 2559.0, 9925.0], [2701.0, 2608.0, 9917.0], [2701.0, 2495.0, 10052.0], [2700.0, 2739.0, 9782.0], [2699.0, 2852.0, 9647.0], [2698.0, 2533.0, 9967.0], [2698.0, 2413.0, 10081.0], [2696.0, 2862.0, 9625.0], [2694.0, 2582.0, 9943.0], [2693.0, 3125.0, 8711.0], [2693.0, 2875.0, 9550.0], [2693.0, 2796.0, 9660.0], [2692.0, 2555.0, 9996.0], [2691.0, 2760.0, 9744.0], [2690.0, 3135.0, 8671.0], [2690.0, 2564.0, 9964.0], [2690.0, 2502.0, 10006.0], [2689.0, 2818.0, 9706.0], [2689.0, 2532.0, 10010.0], [2689.0, 2352.0, 10126.0], [2688.0, 2436.0, 10067.0], [2687.0, 3135.0, 9095.0], [2687.0, 2770.0, 9743.0], [2687.0, 2081.0, 10251.0], [2686.0, 2720.0, 9807.0], [2683.0, 2377.0, 10128.0], [2682.0, 2738.0, 9818.0], [2682.0, 2435.0, 10095.0], [2681.0, 2634.0, 9920.0], [2681.0, 2343.0, 10178.0], [2679.0, 2848.0, 9709.0], [2679.0, 2487.0, 10096.0], [2679.0, 2102.0, 10293.0], [2678.0, 2339.0, 10179.0], [2678.0, 2221.0, 10229.0], [2677.0, 2745.0, 9814.0], [2677.0, 2691.0, 9819.0], [2676.0, 2670.0, 9856.0], [2676.0, 2525.0, 10087.0], [2675.0, 2713.0, 9824.0], [2675.0, 2374.0, 10154.0], [2675.0, 2163.0, 10266.0], [2674.0, 3111.0, 9099.0], [2674.0, 2578.0, 9954.0], [2674.0, 2387.0, 10182.0], [2672.0, 2603.0, 9946.0], [2672.0, 2593.0, 9954.0], [2672.0, 2571.0, 9970.0], [2669.0, 3044.0, 9323.0], [2669.0, 2978.0, 9372.0], [2669.0, 2669.0, 9882.0], [2668.0, 2848.0, 9797.0], [2668.0, 2738.0, 9832.0], [2668.0, 2657.0, 9948.0], [2668.0, 2322.0, 10223.0], [2666.0, 2609.0, 9977.0], [2665.0, 2217.0, 10256.0], [2664.0, 2606.0, 9997.0], [2664.0, 2545.0, 10035.0], [2664.0, 2444.0, 10099.0], [2663.0, 2887.0, 9536.0], [2661.0, 2603.0, 10034.0], [2660.0, 2408.0, 10144.0], [2660.0, 2137.0, 10311.0], [2659.0, 2744.0, 9834.0], [2659.0, 2260.0, 10249.0], [2658.0, 2968.0, 9443.0], [2658.0, 2714.0, 9868.0], [2656.0, 2424.0, 10103.0], [2656.0, 2418.0, 10153.0], [2652.0, 2910.0, 9524.0], [2652.0, 2747.0, 9874.0], [2652.0, 2725.0, 9891.0], [2651.0, 2422.0, 10114.0], [2650.0, 2681.0, 9915.0], [2649.0, 2367.0, 10252.0], [2648.0, 2915.0, 9637.0], [2648.0, 2470.0, 10115.0], [2648.0, 2465.0, 10210.0], [2645.0, 2777.0, 9816.0], [2644.0, 2607.0, 9986.0], [2644.0, 2606.0, 10027.0], [2644.0, 2255.0, 10283.0], [2642.0, 2966.0, 9456.0], [2641.0, 2236.0, 10325.0], [2640.0, 2281.0, 10262.0], [2639.0, 2535.0, 10047.0], [2639.0, 2533.0, 10136.0], [2638.0, 2631.0, 9952.0], [2638.0, 2264.0, 10347.0], [2637.0, 2537.0, 10114.0], [2636.0, 2543.0, 10055.0], [2635.0, 2369.0, 10271.0], [2634.0, 2679.0, 9932.0], [2634.0, 2488.0, 10145.0], [2633.0, 2752.0, 9834.0], [2632.0, 2949.0, 9457.0], [2631.0, 2633.0, 9986.0], [2631.0, 2587.0, 10035.0], [2629.0, 3029.0, 9519.0], [2629.0, 2919.0, 9554.0], [2629.0, 2723.0, 9952.0], [2629.0, 2544.0, 10038.0], [2628.0, 2960.0, 9533.0], [2628.0, 2612.0, 10060.0], [2627.0, 2710.0, 10018.0], [2626.0, 2441.0, 10229.0], [2624.0, 2482.0, 10159.0], [2622.0, 2208.0, 10353.0], [2620.0, 2925.0, 9556.0], [2620.0, 2165.0, 10391.0], [2617.0, 2382.0, 10231.0], [2617.0, 2146.0, 10394.0], [2616.0, 2577.0, 10085.0], [2614.0, 2310.0, 10321.0], [2613.0, 2613.0, 10075.0], [2610.0, 2726.0, 9900.0], [2609.0, 2541.0, 10137.0], [2606.0, 2547.0, 10090.0], [2604.0, 2332.0, 10300.0], [2603.0, 2178.0, 10354.0], [2601.0, 2390.0, 10232.0], [2600.0, 2888.0, 9700.0], [2600.0, 2862.0, 9725.0], [2599.0, 2812.0, 9816.0], [2599.0, 2127.0, 10402.0], [2599.0, 2103.0, 10403.0], [2598.0, 2731.0, 9880.0], [2597.0, 2603.0, 10093.0], [2594.0, 2470.0, 10184.0], [2593.0, 2751.0, 9894.0], [2592.0, 2568.0, 10101.0], [2592.0, 2385.0, 10274.0], [2591.0, 2904.0, 9653.0], [2591.0, 2456.0, 10241.0], [2591.0, 2101.0, 10467.0], [2590.0, 2904.0, 9674.0], [2590.0, 2891.0, 9742.0], [2590.0, 2427.0, 10251.0], [2589.0, 2643.0, 10050.0], [2589.0, 2476.0, 10193.0], [2588.0, 2733.0, 9938.0], [2588.0, 2720.0, 9970.0], [2587.0, 2962.0, 9552.0], [2587.0, 2575.0, 10110.0], [2587.0, 2517.0, 10185.0], [2586.0, 2789.0, 9840.0], [2586.0, 2764.0, 9855.0], [2586.0, 2186.0, 10384.0], [2585.0, 2749.0, 9926.0], [2585.0, 2483.0, 10197.0], [2584.0, 2595.0, 10145.0], [2584.0, 2581.0, 10155.0], [2584.0, 2464.0, 10260.0], [2584.0, 2214.0, 10408.0], [2583.0, 2312.0, 10366.0], [2580.0, 2797.0, 9819.0], [2580.0, 2535.0, 10165.0], [2580.0, 2350.0, 10310.0], [2579.0, 2338.0, 10376.0], [2575.0, 2474.0, 10231.0], [2575.0, 2247.0, 10386.0], [2573.0, 2672.0, 10021.0], [2573.0, 2419.0, 10369.0], [2572.0, 2602.0, 10101.0], [2572.0, 2522.0, 10183.0], [2571.0, 2876.0, 9745.0], [2571.0, 2276.0, 10408.0], [2570.0, 2853.0, 9751.0], [2568.0, 2257.0, 10411.0], [2567.0, 2894.0, 9756.0], [2566.0, 2187.0, 10450.0], [2565.0, 2770.0, 9848.0], [2564.0, 2325.0, 10397.0], [2563.0, 2688.0, 10036.0], [2563.0, 2540.0, 10169.0], [2562.0, 2638.0, 10127.0], [2560.0, 2193.0, 10484.0], [2557.0, 2765.0, 9858.0], [2557.0, 2727.0, 10050.0], [2556.0, 2847.0, 9828.0], [2555.0, 2759.0, 9896.0], [2555.0, 2512.0, 10227.0], [2555.0, 2432.0, 10329.0], [2553.0, 3070.0, 9236.0], [2553.0, 2766.0, 9870.0], [2553.0, 2643.0, 10100.0], [2551.0, 2801.0, 9860.0], [2551.0, 2764.0, 9925.0], [2551.0, 2214.0, 10439.0], [2550.0, 2653.0, 10078.0], [2550.0, 2458.0, 10277.0], [2548.0, 2465.0, 10243.0], [2546.0, 2896.0, 9677.0], [2546.0, 2759.0, 9972.0], [2545.0, 2790.0, 9949.0], [2545.0, 2473.0, 10255.0], [2543.0, 2570.0, 10205.0], [2542.0, 2301.0, 10416.0], [2541.0, 2926.0, 9690.0], [2540.0, 2347.0, 10371.0], [2538.0, 2273.0, 10438.0], [2537.0, 3066.0, 9320.0], [2537.0, 2519.0, 10230.0], [2534.0, 2962.0, 9586.0], [2533.0, 2084.0, 10595.0], [2532.0, 2806.0, 9956.0], [2531.0, 2472.0, 10276.0], [2531.0, 2446.0, 10285.0], [2529.0, 2762.0, 9965.0], [2529.0, 2473.0, 10262.0], [2528.0, 2434.0, 10296.0], [2527.0, 2661.0, 10055.0], [2526.0, 2224.0, 10509.0], [2525.0, 2501.0, 10247.0], [2525.0, 2342.0, 10474.0], [2524.0, 2689.0, 10074.0], [2524.0, 2599.0, 10183.0], [2524.0, 2566.0, 10209.0], [2523.0, 2787.0, 10032.0], [2522.0, 2693.0, 10052.0], [2522.0, 2639.0, 10108.0], [2522.0, 2602.0, 10131.0], [2522.0, 2518.0, 10243.0], [2521.0, 2257.0, 10481.0], [2519.0, 2644.0, 10083.0], [2518.0, 2908.0, 9772.0], [2518.0, 2585.0, 10263.0], [2517.0, 2652.0, 10102.0], [2516.0, 2817.0, 9837.0], [2516.0, 2441.0, 10324.0], [2514.0, 2494.0, 10273.0], [2512.0, 2866.0, 9956.0], [2512.0, 2623.0, 10128.0], [2509.0, 2376.0, 10378.0], [2509.0, 2235.0, 10493.0], [2508.0, 2474.0, 10336.0], [2505.0, 2621.0, 10193.0], [2505.0, 2408.0, 10375.0], [2505.0, 1960.0, 10658.0], [2504.0, 2772.0, 10035.0], [2504.0, 2678.0, 10093.0], [2504.0, 2641.0, 10150.0], [2499.0, 2898.0, 9788.0], [2499.0, 2512.0, 10268.0], [2499.0, 2149.0, 10567.0], [2498.0, 2527.0, 10299.0], [2497.0, 2658.0, 10122.0], [2497.0, 2645.0, 10168.0], [2497.0, 2218.0, 10537.0], [2496.0, 2130.0, 10570.0], [2495.0, 3032.0, 9374.0], [2494.0, 2697.0, 10075.0], [2494.0, 2397.0, 10377.0], [2493.0, 2680.0, 10107.0], [2492.0, 2488.0, 10312.0], [2492.0, 2125.0, 10574.0], [2489.0, 2279.0, 10556.0], [2488.0, 2490.0, 10328.0], [2488.0, 2377.0, 10514.0], [2487.0, 2633.0, 10198.0], [2486.0, 2885.0, 9789.0], [2484.0, 2968.0, 9754.0], [2484.0, 2556.0, 10283.0], [2483.0, 2887.0, 9818.0], [2483.0, 2820.0, 9972.0], [2480.0, 2693.0, 10083.0], [2480.0, 2609.0, 10227.0], [2480.0, 2400.0, 10454.0], [2479.0, 2432.0, 10355.0], [2478.0, 2696.0, 10090.0], [2475.0, 2654.0, 10136.0], [2475.0, 2412.0, 10436.0], [2474.0, 2510.0, 10394.0], [2473.0, 3047.0, 9536.0], [2469.0, 2751.0, 10083.0], [2468.0, 2006.0, 10633.0], [2465.0, 2953.0, 9757.0], [2465.0, 2665.0, 10135.0], [2465.0, 2471.0, 10396.0], [2458.0, 2575.0, 10307.0], [2457.0, 2678.0, 10121.0], [2457.0, 2673.0, 10265.0], [2456.0, 2776.0, 10057.0], [2455.0, 2512.0, 10366.0], [2453.0, 2524.0, 10325.0], [2449.0, 2403.0, 10441.0], [2449.0, 2391.0, 10497.0], [2448.0, 2693.0, 10101.0], [2448.0, 2215.0, 10594.0], [2447.0, 2794.0, 10065.0], [2444.0, 2630.0, 10268.0], [2443.0, 2004.0, 10759.0], [2440.0, 2675.0, 10153.0], [2438.0, 2338.0, 10523.0], [2435.0, 2268.0, 10635.0], [2433.0, 2288.0, 10561.0], [2433.0, 2108.0, 10644.0], [2432.0, 2194.0, 10636.0], [2431.0, 2177.0, 10645.0], [2427.0, 2566.0, 10340.0], [2423.0, 2919.0, 9811.0], [2422.0, 2675.0, 10168.0], [2422.0, 2515.0, 10368.0], [2421.0, 2810.0, 9992.0], [2420.0, 2873.0, 9899.0], [2418.0, 2412.0, 10440.0], [2417.0, 2686.0, 10175.0], [2417.0, 2585.0, 10308.0], [2416.0, 2683.0, 10266.0], [2414.0, 2662.0, 10277.0], [2412.0, 2429.0, 10442.0], [2412.0, 2404.0, 10492.0], [2410.0, 2498.0, 10412.0], [2410.0, 2278.0, 10563.0], [2410.0, 2269.0, 10652.0], [2409.0, 2755.0, 10121.0], [2407.0, 2290.0, 10569.0], [2406.0, 2765.0, 10099.0], [2404.0, 2520.0, 10379.0], [2404.0, 2070.0, 10699.0], [2403.0, 2896.0, 9860.0], [2403.0, 2741.0, 10201.0], [2401.0, 2169.0, 10700.0], [2399.0, 2360.0, 10570.0], [2398.0, 2458.0, 10528.0], [2397.0, 2685.0, 10238.0], [2396.0, 2598.0, 10303.0], [2395.0, 2883.0, 9969.0], [2395.0, 2294.0, 10573.0], [2388.0, 2520.0, 10413.0], [2386.0, 2541.0, 10348.0], [2383.0, 2544.0, 10351.0], [2382.0, 2630.0, 10279.0], [2382.0, 2145.0, 10715.0], [2379.0, 2530.0, 10449.0], [2378.0, 2751.0, 10271.0], [2378.0, 2641.0, 10306.0], [2376.0, 2179.0, 10770.0], [2375.0, 2843.0, 9999.0], [2375.0, 2595.0, 10345.0], [2375.0, 2552.0, 10410.0], [2370.0, 2272.0, 10721.0], [2369.0, 2672.0, 10284.0], [2368.0, 2800.0, 10022.0], [2366.0, 2987.0, 9787.0], [2365.0, 2556.0, 10392.0], [2364.0, 2654.0, 10328.0], [2359.0, 2666.0, 10332.0], [2357.0, 2447.0, 10578.0], [2356.0, 2284.0, 10634.0], [2350.0, 2853.0, 10069.0], [2348.0, 2548.0, 10510.0], [2346.0, 2964.0, 9831.0], [2345.0, 2036.0, 10836.0], [2343.0, 2891.0, 9919.0], [2343.0, 2217.0, 10757.0], [2340.0, 2668.0, 10304.0], [2339.0, 2932.0, 9993.0], [2336.0, 2900.0, 10015.0], [2335.0, 2562.0, 10354.0], [2335.0, 2320.0, 10638.0], [2334.0, 2559.0, 10379.0], [2331.0, 2762.0, 10150.0], [2329.0, 2554.0, 10406.0], [2326.0, 2449.0, 10593.0], [2323.0, 2558.0, 10438.0], [2318.0, 2805.0, 10076.0], [2316.0, 2806.0, 10102.0], [2314.0, 2995.0, 9595.0], [2312.0, 2074.0, 10823.0], [2309.0, 2557.0, 10505.0], [2304.0, 2338.0, 10699.0], [2297.0, 2342.0, 10654.0], [2294.0, 2662.0, 10346.0], [2279.0, 2348.0, 10769.0], [2272.0, 2568.0, 10412.0], [2264.0, 2371.0, 10647.0], [2263.0, 2783.0, 10127.0], [2257.0, 2692.0, 10291.0], [2255.0, 2580.0, 10368.0], [2249.0, 2664.0, 10363.0], [2247.0, 2149.0, 10835.0], [2245.0, 2249.0, 10834.0], [2242.0, 2622.0, 10373.0], [2241.0, 2586.0, 10473.0], [2231.0, 2707.0, 10366.0], [2228.0, 2809.0, 10148.0], [2216.0, 2596.0, 10543.0], [2186.0, 2501.0, 10584.0], [2182.0, 2097.0, 10944.0], [2134.0, 2322.0, 10840.0], [2084.0, 2129.0, 10879.0]]
