heur = false
LBS_limit = 3
preproc = 0
tight_root = 0
total_time = 1800.13
NDP = 753
total_nodes = 68181
pruned_nodes = 34075
pruned_dominance_nodes = 21365
heur_time = 0.0
Y_N = Any[[3297.0, 2253.0, 9714.0], [3292.0, 2283.0, 9921.0], [3285.0, 1998.0, 10086.0], [3280.0, 2183.0, 10049.0], [3279.0, 2448.0, 9477.0], [3275.0, 2217.0, 9949.0], [3269.0, 2159.0, 10113.0], [3264.0, 2344.0, 9928.0], [3262.0, 2200.0, 10076.0], [3261.0, 2219.0, 10062.0], [3260.0, 2415.0, 9699.0], [3252.0, 2477.0, 9746.0], [3248.0, 2270.0, 10004.0], [3243.0, 2300.0, 10063.0], [3240.0, 2131.0, 10191.0], [3238.0, 2414.0, 9761.0], [3233.0, 2444.0, 9820.0], [3230.0, 2465.0, 9767.0], [3227.0, 2273.0, 10073.0], [3221.0, 2413.0, 9887.0], [3220.0, 1989.0, 10356.0], [3217.0, 2417.0, 9830.0], [3216.0, 2168.0, 10193.0], [3211.0, 2432.0, 9841.0], [3208.0, 2319.0, 9938.0], [3208.0, 2309.0, 10073.0], [3208.0, 2174.0, 10177.0], [3207.0, 2350.0, 9902.0], [3206.0, 2312.0, 9950.0], [3204.0, 2150.0, 10235.0], [3203.0, 2494.0, 9888.0], [3202.0, 2380.0, 9961.0], [3202.0, 2221.0, 10116.0], [3201.0, 2350.0, 10036.0], [3200.0, 2236.0, 10109.0], [3197.0, 2406.0, 9931.0], [3189.0, 2431.0, 9903.0], [3186.0, 2353.0, 9971.0], [3183.0, 2200.0, 10122.0], [3182.0, 2317.0, 10110.0], [3181.0, 2348.0, 10059.0], [3179.0, 2148.0, 10238.0], [3177.0, 2186.0, 10161.0], [3177.0, 2018.0, 10365.0], [3175.0, 2394.0, 9952.0], [3173.0, 2193.0, 10194.0], [3173.0, 1825.0, 10376.0], [3169.0, 2077.0, 10379.0], [3168.0, 2434.0, 9972.0], [3167.0, 2142.0, 10294.0], [3166.0, 2290.0, 10120.0], [3164.0, 2262.0, 10194.0], [3164.0, 1819.0, 10457.0], [3162.0, 2118.0, 10342.0], [3161.0, 2150.0, 10255.0], [3159.0, 2006.0, 10403.0], [3157.0, 2329.0, 10092.0], [3154.0, 2160.0, 10220.0], [3153.0, 2238.0, 10258.0], [3152.0, 2281.0, 10133.0], [3151.0, 2146.0, 10335.0], [3148.0, 2178.0, 10313.0], [3148.0, 1980.0, 10484.0], [3146.0, 2279.0, 10221.0], [3146.0, 2185.0, 10282.0], [3143.0, 2210.0, 10274.0], [3141.0, 2286.0, 10130.0], [3141.0, 2124.0, 10349.0], [3140.0, 2444.0, 9937.0], [3140.0, 2292.0, 10113.0], [3140.0, 2010.0, 10424.0], [3137.0, 2154.0, 10377.0], [3134.0, 2356.0, 9980.0], [3134.0, 2018.0, 10385.0], [3133.0, 2354.0, 10031.0], [3132.0, 2513.0, 9798.0], [3132.0, 2339.0, 10192.0], [3129.0, 2465.0, 9930.0], [3126.0, 2402.0, 10061.0], [3124.0, 2210.0, 10336.0], [3122.0, 2350.0, 10082.0], [3118.0, 2498.0, 9899.0], [3116.0, 2471.0, 9901.0], [3114.0, 2354.0, 10093.0], [3113.0, 2469.0, 9968.0], [3113.0, 2049.0, 10439.0], [3112.0, 1996.0, 10507.0], [3111.0, 2403.0, 9979.0], [3110.0, 2512.0, 9860.0], [3109.0, 2038.0, 10442.0], [3109.0, 1898.0, 10541.0], [3108.0, 2126.0, 10455.0], [3105.0, 2542.0, 9919.0], [3104.0, 2068.0, 10501.0], [3103.0, 2407.0, 10043.0], [3103.0, 2404.0, 10099.0], [3102.0, 2429.0, 10016.0], [3100.0, 2475.0, 9971.0], [3100.0, 2413.0, 10017.0], [3097.0, 2078.0, 10466.0], [3093.0, 1919.0, 10610.0], [3089.0, 2515.0, 9929.0], [3089.0, 2341.0, 10114.0], [3089.0, 2260.0, 10229.0], [3089.0, 2141.0, 10383.0], [3088.0, 1984.0, 10620.0], [3085.0, 2373.0, 10122.0], [3085.0, 2345.0, 10136.0], [3084.0, 2371.0, 10173.0], [3082.0, 2447.0, 10029.0], [3081.0, 2457.0, 10023.0], [3081.0, 2258.0, 10270.0], [3080.0, 2490.0, 9945.0], [3078.0, 2221.0, 10301.0], [3077.0, 2096.0, 10462.0], [3077.0, 2080.0, 10489.0], [3077.0, 1936.0, 10631.0], [3075.0, 2260.0, 10234.0], [3074.0, 2237.0, 10274.0], [3072.0, 2281.0, 10277.0], [3072.0, 2145.0, 10499.0], [3070.0, 2227.0, 10303.0], [3069.0, 2289.0, 10241.0], [3068.0, 2344.0, 10183.0], [3068.0, 2181.0, 10434.0], [3066.0, 2420.0, 10039.0], [3065.0, 2507.0, 9939.0], [3065.0, 2280.0, 10292.0], [3063.0, 2227.0, 10383.0], [3062.0, 2289.0, 10256.0], [3062.0, 2009.0, 10513.0], [3061.0, 2097.0, 10510.0], [3061.0, 2084.0, 10530.0], [3060.0, 2326.0, 10197.0], [3059.0, 2502.0, 10010.0], [3059.0, 2055.0, 10543.0], [3057.0, 2239.0, 10303.0], [3057.0, 1986.0, 10608.0], [3057.0, 1904.0, 10669.0], [3054.0, 2520.0, 9978.0], [3054.0, 2049.0, 10547.0], [3053.0, 2413.0, 10048.0], [3052.0, 2376.0, 10126.0], [3051.0, 2195.0, 10386.0], [3050.0, 1827.0, 10697.0], [3049.0, 2287.0, 10354.0], [3048.0, 2415.0, 10071.0], [3048.0, 2336.0, 10228.0], [3048.0, 2068.0, 10540.0], [3048.0, 2052.0, 10567.0], [3046.0, 2418.0, 10117.0], [3046.0, 2197.0, 10425.0], [3045.0, 2013.0, 10629.0], [3043.0, 2492.0, 10026.0], [3043.0, 2418.0, 10129.0], [3043.0, 2346.0, 10184.0], [3043.0, 2085.0, 10548.0], [3042.0, 2314.0, 10272.0], [3041.0, 2348.0, 10174.0], [3038.0, 2239.0, 10365.0], [3035.0, 2439.0, 10071.0], [3032.0, 2056.0, 10608.0], [3032.0, 1923.0, 10673.0], [3029.0, 2357.0, 10175.0], [3029.0, 2145.0, 10519.0], [3028.0, 1926.0, 10705.0], [3028.0, 1910.0, 10732.0], [3027.0, 2329.0, 10306.0], [3026.0, 2032.0, 10616.0], [3024.0, 2422.0, 10099.0], [3024.0, 2395.0, 10163.0], [3024.0, 2126.0, 10525.0], [3023.0, 2350.0, 10191.0], [3022.0, 2349.0, 10251.0], [3022.0, 2166.0, 10462.0], [3022.0, 2155.0, 10484.0], [3022.0, 1970.0, 10651.0], [3020.0, 2213.0, 10415.0], [3019.0, 2065.0, 10555.0], [3018.0, 2237.0, 10370.0], [3018.0, 2097.0, 10530.0], [3016.0, 2107.0, 10538.0], [3013.0, 2379.0, 10179.0], [3012.0, 2087.0, 10584.0], [3012.0, 1914.0, 10773.0], [3011.0, 2424.0, 10107.0], [3010.0, 2193.0, 10495.0], [3009.0, 2308.0, 10344.0], [3008.0, 2353.0, 10220.0], [3008.0, 2023.0, 10625.0], [3007.0, 2407.0, 10155.0], [3007.0, 2267.0, 10373.0], [3007.0, 1953.0, 10720.0], [3005.0, 2452.0, 10130.0], [3005.0, 2367.0, 10218.0], [3005.0, 2214.0, 10416.0], [3004.0, 2430.0, 10252.0], [3003.0, 2528.0, 9986.0], [3003.0, 2044.0, 10634.0], [3003.0, 1999.0, 10642.0], [3003.0, 1885.0, 10792.0], [3002.0, 2465.0, 10030.0], [3002.0, 2445.0, 10143.0], [3002.0, 2013.0, 10649.0], [3002.0, 1892.0, 10787.0], [3001.0, 1778.0, 10862.0], [3000.0, 2550.0, 10046.0], [3000.0, 2234.0, 10420.0], [3000.0, 2198.0, 10447.0], [2999.0, 2200.0, 10442.0], [2996.0, 2459.0, 10100.0], [2996.0, 2158.0, 10531.0], [2996.0, 2075.0, 10652.0], [2995.0, 2254.0, 10412.0], [2995.0, 2210.0, 10446.0], [2994.0, 2437.0, 10170.0], [2993.0, 2259.0, 10394.0], [2992.0, 1975.0, 10706.0], [2991.0, 2374.0, 10301.0], [2991.0, 2114.0, 10599.0], [2991.0, 1995.0, 10687.0], [2989.0, 2474.0, 10087.0], [2989.0, 2467.0, 10103.0], [2989.0, 2229.0, 10439.0], [2989.0, 2077.0, 10603.0], [2987.0, 2477.0, 10058.0], [2987.0, 2295.0, 10417.0], [2987.0, 2160.0, 10521.0], [2986.0, 2174.0, 10528.0], [2986.0, 2053.0, 10666.0], [2985.0, 2129.0, 10596.0], [2985.0, 1955.0, 10714.0], [2985.0, 1939.0, 10741.0], [2984.0, 2466.0, 10165.0], [2984.0, 2150.0, 10539.0], [2983.0, 2483.0, 10100.0], [2982.0, 2239.0, 10434.0], [2982.0, 2176.0, 10512.0], [2981.0, 2196.0, 10470.0], [2980.0, 2085.0, 10601.0], [2979.0, 2218.0, 10457.0], [2978.0, 2137.0, 10569.0], [2977.0, 1904.0, 10778.0], [2976.0, 2386.0, 10277.0], [2976.0, 2316.0, 10326.0], [2976.0, 1828.0, 10797.0], [2975.0, 2030.0, 10718.0], [2975.0, 1877.0, 10832.0], [2974.0, 2509.0, 10080.0], [2974.0, 2346.0, 10323.0], [2974.0, 2239.0, 10466.0], [2974.0, 2145.0, 10543.0], [2973.0, 2467.0, 10177.0], [2972.0, 2487.0, 10150.0], [2971.0, 2056.0, 10669.0], [2970.0, 2378.0, 10292.0], [2970.0, 2219.0, 10472.0], [2969.0, 2351.0, 10335.0], [2969.0, 2087.0, 10604.0], [2968.0, 2575.0, 9975.0], [2968.0, 2170.0, 10539.0], [2967.0, 2517.0, 10083.0], [2966.0, 2325.0, 10380.0], [2966.0, 2201.0, 10475.0], [2966.0, 2188.0, 10500.0], [2965.0, 2198.0, 10558.0], [2965.0, 2089.0, 10617.0], [2965.0, 1987.0, 10761.0], [2964.0, 2083.0, 10637.0], [2963.0, 2268.0, 10438.0], [2963.0, 1813.0, 10843.0], [2961.0, 2533.0, 10080.0], [2961.0, 2456.0, 10187.0], [2960.0, 2497.0, 10098.0], [2960.0, 2040.0, 10678.0], [2958.0, 2155.0, 10585.0], [2955.0, 2225.0, 10493.0], [2955.0, 1766.0, 10882.0], [2954.0, 2561.0, 10011.0], [2954.0, 2444.0, 10236.0], [2954.0, 2358.0, 10307.0], [2954.0, 1927.0, 10805.0], [2954.0, 1911.0, 10832.0], [2953.0, 2340.0, 10400.0], [2953.0, 2221.0, 10497.0], [2953.0, 2096.0, 10647.0], [2953.0, 1629.0, 10899.0], [2952.0, 2455.0, 10197.0], [2952.0, 1811.0, 10868.0], [2951.0, 2068.0, 10659.0], [2951.0, 1879.0, 10843.0], [2949.0, 2148.0, 10640.0], [2949.0, 1998.0, 10770.0], [2948.0, 2485.0, 10209.0], [2948.0, 2063.0, 10723.0], [2948.0, 1818.0, 10849.0], [2948.0, 1745.0, 10962.0], [2946.0, 2401.0, 10285.0], [2946.0, 2293.0, 10449.0], [2946.0, 1792.0, 10895.0], [2945.0, 2372.0, 10306.0], [2944.0, 2287.0, 10463.0], [2944.0, 2205.0, 10533.0], [2943.0, 2090.0, 10668.0], [2941.0, 2468.0, 10236.0], [2940.0, 2228.0, 10494.0], [2939.0, 2306.0, 10414.0], [2939.0, 2207.0, 10517.0], [2939.0, 2157.0, 10616.0], [2938.0, 2088.0, 10684.0], [2937.0, 2546.0, 10054.0], [2937.0, 1999.0, 10764.0], [2935.0, 2430.0, 10280.0], [2935.0, 2357.0, 10337.0], [2934.0, 2374.0, 10335.0], [2934.0, 1933.0, 10816.0], [2933.0, 2231.0, 10509.0], [2932.0, 2594.0, 10019.0], [2932.0, 1979.0, 10842.0], [2931.0, 1829.0, 10865.0], [2930.0, 2505.0, 10177.0], [2930.0, 2238.0, 10502.0], [2930.0, 2128.0, 10683.0], [2927.0, 2164.0, 10657.0], [2927.0, 2050.0, 10807.0], [2926.0, 2375.0, 10342.0], [2924.0, 2333.0, 10401.0], [2924.0, 2300.0, 10417.0], [2924.0, 2245.0, 10466.0], [2924.0, 1896.0, 10861.0], [2922.0, 1866.0, 10900.0], [2922.0, 1850.0, 10927.0], [2921.0, 2220.0, 10526.0], [2920.0, 2512.0, 10095.0], [2920.0, 1576.0, 11036.0], [2919.0, 2430.0, 10281.0], [2919.0, 2353.0, 10368.0], [2919.0, 2235.0, 10561.0], [2919.0, 1707.0, 11081.0], [2918.0, 1977.0, 10865.0], [2916.0, 2410.0, 10335.0], [2916.0, 2290.0, 10461.0], [2916.0, 2140.0, 10721.0], [2916.0, 2002.0, 10818.0], [2914.0, 2507.0, 10153.0], [2914.0, 1757.0, 10929.0], [2913.0, 2295.0, 10428.0], [2913.0, 2276.0, 10514.0], [2912.0, 2349.0, 10384.0], [2912.0, 1737.0, 10963.0], [2910.0, 1886.0, 10872.0], [2908.0, 2317.0, 10418.0], [2908.0, 2247.0, 10552.0], [2908.0, 1955.0, 10879.0], [2907.0, 1817.0, 10976.0], [2906.0, 2179.0, 10610.0], [2904.0, 2338.0, 10406.0], [2903.0, 1868.0, 10960.0], [2902.0, 2355.0, 10354.0], [2901.0, 2336.0, 10426.0], [2901.0, 2018.0, 10808.0], [2900.0, 1918.0, 10937.0], [2900.0, 1824.0, 10966.0], [2898.0, 2367.0, 10366.0], [2898.0, 2196.0, 10639.0], [2898.0, 2150.0, 10682.0], [2898.0, 2098.0, 10750.0], [2897.0, 2396.0, 10379.0], [2896.0, 2141.0, 10699.0], [2895.0, 1835.0, 10977.0], [2894.0, 2003.0, 10861.0], [2892.0, 2300.0, 10474.0], [2889.0, 2450.0, 10271.0], [2888.0, 2280.0, 10475.0], [2888.0, 2199.0, 10584.0], [2887.0, 2380.0, 10405.0], [2887.0, 2268.0, 10535.0], [2887.0, 2205.0, 10628.0], [2887.0, 2100.0, 10771.0], [2887.0, 1721.0, 11051.0], [2886.0, 2427.0, 10303.0], [2885.0, 2306.0, 10487.0], [2885.0, 2162.0, 10662.0], [2884.0, 2327.0, 10451.0], [2884.0, 1948.0, 10894.0], [2882.0, 2390.0, 10443.0], [2880.0, 2003.0, 10867.0], [2879.0, 1837.0, 10981.0], [2879.0, 1821.0, 11008.0], [2877.0, 2213.0, 10655.0], [2877.0, 2076.0, 10777.0], [2876.0, 2346.0, 10449.0], [2876.0, 1736.0, 11090.0], [2875.0, 2325.0, 10485.0], [2875.0, 2074.0, 10832.0], [2874.0, 2230.0, 10604.0], [2873.0, 1973.0, 10899.0], [2873.0, 1849.0, 10978.0], [2873.0, 1767.0, 11026.0], [2872.0, 2397.0, 10361.0], [2871.0, 2334.0, 10471.0], [2871.0, 2275.0, 10590.0], [2871.0, 2261.0, 10650.0], [2869.0, 2278.0, 10532.0], [2868.0, 2338.0, 10450.0], [2867.0, 1919.0, 10917.0], [2866.0, 2019.0, 10894.0], [2866.0, 1925.0, 10908.0], [2865.0, 2417.0, 10313.0], [2865.0, 2401.0, 10340.0], [2865.0, 1850.0, 10969.0], [2865.0, 1820.0, 11059.0], [2864.0, 2164.0, 10746.0], [2864.0, 1926.0, 10918.0], [2863.0, 2451.0, 10265.0], [2861.0, 2292.0, 10489.0], [2861.0, 2282.0, 10508.0], [2861.0, 1880.0, 11013.0], [2860.0, 1589.0, 11181.0], [2857.0, 2332.0, 10493.0], [2857.0, 2277.0, 10575.0], [2857.0, 1928.0, 10905.0], [2857.0, 1889.0, 11018.0], [2856.0, 2468.0, 10265.0], [2854.0, 2346.0, 10468.0], [2854.0, 1929.0, 10901.0], [2852.0, 2180.0, 10657.0], [2852.0, 1689.0, 11138.0], [2851.0, 2297.0, 10495.0], [2851.0, 2080.0, 10796.0], [2851.0, 1999.0, 10905.0], [2850.0, 2189.0, 10666.0], [2850.0, 1919.0, 10938.0], [2849.0, 2082.0, 10781.0], [2848.0, 2402.0, 10356.0], [2848.0, 1842.0, 11037.0], [2847.0, 1651.0, 11154.0], [2846.0, 2407.0, 10346.0], [2846.0, 2212.0, 10696.0], [2846.0, 2020.0, 10851.0], [2844.0, 1750.0, 11060.0], [2843.0, 2333.0, 10499.0], [2843.0, 1906.0, 10972.0], [2843.0, 1872.0, 11096.0], [2842.0, 2326.0, 10557.0], [2841.0, 2158.0, 10749.0], [2841.0, 2112.0, 10792.0], [2841.0, 2079.0, 10836.0], [2841.0, 1932.0, 10948.0], [2839.0, 2036.0, 10857.0], [2839.0, 2020.0, 10875.0], [2838.0, 1688.0, 11189.0], [2838.0, 1672.0, 11216.0], [2836.0, 2084.0, 10818.0], [2836.0, 1906.0, 10986.0], [2835.0, 2192.0, 10736.0], [2835.0, 1996.0, 10915.0], [2833.0, 2214.0, 10677.0], [2833.0, 2017.0, 10902.0], [2833.0, 1736.0, 11110.0], [2832.0, 2473.0, 10239.0], [2832.0, 2350.0, 10502.0], [2832.0, 2003.0, 10916.0], [2832.0, 1934.0, 10926.0], [2832.0, 1824.0, 11107.0], [2831.0, 2091.0, 10801.0], [2830.0, 1960.0, 10925.0], [2830.0, 1944.0, 10952.0], [2829.0, 2436.0, 10357.0], [2829.0, 2392.0, 10389.0], [2829.0, 2067.0, 10891.0], [2828.0, 2393.0, 10411.0], [2828.0, 2147.0, 10820.0], [2826.0, 1873.0, 11028.0], [2825.0, 2093.0, 10827.0], [2823.0, 2264.0, 10605.0], [2823.0, 2015.0, 10938.0], [2822.0, 2079.0, 10853.0], [2820.0, 2052.0, 10895.0], [2820.0, 1954.0, 10946.0], [2819.0, 2387.0, 10448.0], [2819.0, 2004.0, 10950.0], [2819.0, 1958.0, 10993.0], [2818.0, 2088.0, 10854.0], [2816.0, 1740.0, 11226.0], [2815.0, 2561.0, 10129.0], [2814.0, 2282.0, 10582.0], [2813.0, 2218.0, 10668.0], [2812.0, 2421.0, 10400.0], [2812.0, 2309.0, 10560.0], [2810.0, 2034.0, 10907.0], [2809.0, 2009.0, 10946.0], [2806.0, 1995.0, 10972.0], [2805.0, 2370.0, 10461.0], [2805.0, 1913.0, 11043.0], [2804.0, 2021.0, 10961.0], [2804.0, 1965.0, 10973.0], [2802.0, 2043.0, 10902.0], [2801.0, 1760.0, 11139.0], [2800.0, 2220.0, 10653.0], [2800.0, 1925.0, 11054.0], [2800.0, 1901.0, 11105.0], [2799.0, 2195.0, 10763.0], [2798.0, 2376.0, 10463.0], [2798.0, 2050.0, 10917.0], [2797.0, 1976.0, 11045.0], [2796.0, 2086.0, 10860.0], [2794.0, 2397.0, 10424.0], [2793.0, 2282.0, 10608.0], [2793.0, 2032.0, 10918.0], [2792.0, 2407.0, 10410.0], [2792.0, 1767.0, 11119.0], [2791.0, 1896.0, 11121.0], [2786.0, 2356.0, 10480.0], [2786.0, 2317.0, 10587.0], [2786.0, 2080.0, 10899.0], [2786.0, 2066.0, 10959.0], [2786.0, 1907.0, 11061.0], [2785.0, 2102.0, 10854.0], [2784.0, 2348.0, 10515.0], [2784.0, 1841.0, 11173.0], [2781.0, 2335.0, 10566.0], [2775.0, 2398.0, 10416.0], [2773.0, 2397.0, 10443.0], [2773.0, 2224.0, 10661.0], [2773.0, 2154.0, 10782.0], [2773.0, 1794.0, 11198.0], [2772.0, 2402.0, 10412.0], [2772.0, 2082.0, 10884.0], [2772.0, 1699.0, 11255.0], [2771.0, 2121.0, 10824.0], [2771.0, 1867.0, 11139.0], [2771.0, 1851.0, 11166.0], [2769.0, 2261.0, 10696.0], [2768.0, 2161.0, 10768.0], [2768.0, 2024.0, 10988.0], [2768.0, 2002.0, 11052.0], [2767.0, 2342.0, 10524.0], [2767.0, 2295.0, 10617.0], [2766.0, 2383.0, 10463.0], [2765.0, 2105.0, 10826.0], [2764.0, 2360.0, 10577.0], [2763.0, 2014.0, 11005.0], [2762.0, 2243.0, 10711.0], [2762.0, 2215.0, 10735.0], [2761.0, 2115.0, 10845.0], [2761.0, 2017.0, 11005.0], [2761.0, 1812.0, 11192.0], [2760.0, 2163.0, 10809.0], [2757.0, 2315.0, 10661.0], [2757.0, 2120.0, 10829.0], [2757.0, 2119.0, 10851.0], [2757.0, 1954.0, 11063.0], [2757.0, 1901.0, 11125.0], [2756.0, 2426.0, 10454.0], [2756.0, 1809.0, 11196.0], [2755.0, 2039.0, 10998.0], [2754.0, 2206.0, 10758.0], [2753.0, 2085.0, 10863.0], [2752.0, 2163.0, 10825.0], [2752.0, 2150.0, 10893.0], [2752.0, 2040.0, 11002.0], [2752.0, 1918.0, 11064.0], [2746.0, 2365.0, 10529.0], [2746.0, 2176.0, 10770.0], [2746.0, 1632.0, 11299.0], [2744.0, 2201.0, 10767.0], [2744.0, 1969.0, 11109.0], [2742.0, 2079.0, 10904.0], [2741.0, 2280.0, 10730.0], [2741.0, 1870.0, 11182.0], [2741.0, 1860.0, 11206.0], [2737.0, 2167.0, 10785.0], [2735.0, 2223.0, 10740.0], [2734.0, 2211.0, 10773.0], [2734.0, 2098.0, 10919.0], [2734.0, 1899.0, 11163.0], [2731.0, 2209.0, 10814.0], [2731.0, 2121.0, 10902.0], [2730.0, 2115.0, 10909.0], [2729.0, 2321.0, 10644.0], [2729.0, 2293.0, 10668.0], [2728.0, 1825.0, 11229.0], [2725.0, 2271.0, 10749.0], [2725.0, 2243.0, 10773.0], [2725.0, 2021.0, 11085.0], [2723.0, 2069.0, 10948.0], [2722.0, 2175.0, 10832.0], [2721.0, 2052.0, 10979.0], [2720.0, 1770.0, 11250.0], [2720.0, 1754.0, 11277.0], [2719.0, 1953.0, 11113.0], [2716.0, 2054.0, 10965.0], [2716.0, 1939.0, 11139.0], [2714.0, 2234.0, 10825.0], [2714.0, 1863.0, 11204.0], [2713.0, 1798.0, 11334.0], [2712.0, 2345.0, 10637.0], [2712.0, 2028.0, 11038.0], [2711.0, 2045.0, 10981.0], [2710.0, 2095.0, 10921.0], [2708.0, 2075.0, 10965.0], [2705.0, 2154.0, 10878.0], [2705.0, 2059.0, 10973.0], [2705.0, 2043.0, 11000.0], [2704.0, 2004.0, 11129.0], [2700.0, 2388.0, 10491.0], [2699.0, 1814.0, 11259.0], [2698.0, 1888.0, 11197.0], [2698.0, 1622.0, 11343.0], [2697.0, 1959.0, 11213.0], [2696.0, 2077.0, 10951.0], [2694.0, 1827.0, 11232.0], [2694.0, 1785.0, 11340.0], [2689.0, 2401.0, 10530.0], [2689.0, 1975.0, 11173.0], [2688.0, 2285.0, 10676.0], [2684.0, 2300.0, 10681.0], [2683.0, 2063.0, 11050.0], [2682.0, 1610.0, 11344.0], [2682.0, 1577.0, 11444.0], [2679.0, 2102.0, 10962.0], [2678.0, 2167.0, 10874.0], [2678.0, 2151.0, 10901.0], [2678.0, 1946.0, 11219.0], [2676.0, 2105.0, 10929.0], [2675.0, 1654.0, 11350.0], [2674.0, 1851.0, 11247.0], [2674.0, 1835.0, 11274.0], [2671.0, 1850.0, 11307.0], [2670.0, 1880.0, 11223.0], [2669.0, 2036.0, 11062.0], [2668.0, 2409.0, 10481.0], [2667.0, 2325.0, 10692.0], [2667.0, 2066.0, 11053.0], [2665.0, 1858.0, 11231.0], [2663.0, 1566.0, 11474.0], [2661.0, 1673.0, 11410.0], [2660.0, 1601.0, 11424.0], [2659.0, 2100.0, 11003.0], [2656.0, 2085.0, 11039.0], [2653.0, 2129.0, 10902.0], [2651.0, 2273.0, 10771.0], [2651.0, 1798.0, 11340.0], [2651.0, 1688.0, 11372.0], [2650.0, 1909.0, 11228.0], [2647.0, 1674.0, 11423.0], [2646.0, 2376.0, 10548.0], [2646.0, 2125.0, 10974.0], [2643.0, 1998.0, 11136.0], [2641.0, 2108.0, 10976.0], [2640.0, 2244.0, 10774.0], [2640.0, 1889.0, 11233.0], [2639.0, 2005.0, 11096.0], [2639.0, 1880.0, 11276.0], [2637.0, 2291.0, 10753.0], [2637.0, 1900.0, 11235.0], [2636.0, 2127.0, 10950.0], [2636.0, 1714.0, 11360.0], [2636.0, 1658.0, 11441.0], [2635.0, 2221.0, 10842.0], [2633.0, 2012.0, 11122.0], [2633.0, 1673.0, 11474.0], [2633.0, 1657.0, 11501.0], [2632.0, 2149.0, 10959.0], [2632.0, 2085.0, 11050.0], [2632.0, 1903.0, 11276.0], [2632.0, 1887.0, 11303.0], [2631.0, 2176.0, 10845.0], [2628.0, 1929.0, 11228.0], [2627.0, 1977.0, 11240.0], [2626.0, 2351.0, 10579.0], [2625.0, 2176.0, 10856.0], [2623.0, 2112.0, 11027.0], [2623.0, 1738.0, 11343.0], [2620.0, 2167.0, 10897.0], [2619.0, 2189.0, 10880.0], [2616.0, 1687.0, 11405.0], [2612.0, 1827.0, 11361.0], [2611.0, 2064.0, 11056.0], [2606.0, 2055.0, 11072.0], [2606.0, 2027.0, 11096.0], [2606.0, 1948.0, 11249.0], [2605.0, 2212.0, 10869.0], [2605.0, 1988.0, 11143.0], [2604.0, 1727.0, 11373.0], [2603.0, 2315.0, 10713.0], [2602.0, 1834.0, 11309.0], [2600.0, 2282.0, 10756.0], [2600.0, 2266.0, 10783.0], [2600.0, 2058.0, 11065.0], [2600.0, 1848.0, 11432.0], [2594.0, 1710.0, 11470.0], [2591.0, 2070.0, 11127.0], [2588.0, 2073.0, 11094.0], [2586.0, 2237.0, 10819.0], [2586.0, 2221.0, 10846.0], [2586.0, 1889.0, 11282.0], [2585.0, 1866.0, 11358.0], [2583.0, 2159.0, 10966.0], [2582.0, 2018.0, 11156.0], [2581.0, 2078.0, 11073.0], [2578.0, 1985.0, 11192.0], [2575.0, 2269.0, 10772.0], [2571.0, 2014.0, 11189.0], [2570.0, 2031.0, 11162.0], [2567.0, 1922.0, 11259.0], [2567.0, 1902.0, 11279.0], [2566.0, 2184.0, 10977.0], [2565.0, 2148.0, 10983.0], [2565.0, 2140.0, 11021.0], [2562.0, 2190.0, 10893.0], [2554.0, 2039.0, 11200.0], [2548.0, 2095.0, 11115.0], [2547.0, 1689.0, 11525.0], [2544.0, 2236.0, 10907.0], [2539.0, 1860.0, 11387.0], [2539.0, 1590.0, 11573.0], [2536.0, 2188.0, 10962.0], [2536.0, 2075.0, 11121.0], [2535.0, 2013.0, 11202.0], [2533.0, 2098.0, 11121.0], [2531.0, 1910.0, 11326.0], [2523.0, 1868.0, 11425.0], [2518.0, 1944.0, 11278.0], [2517.0, 2184.0, 10981.0], [2508.0, 1839.0, 11469.0], [2505.0, 1904.0, 11346.0], [2499.0, 2151.0, 10993.0], [2495.0, 1977.0, 11247.0], [2495.0, 1961.0, 11274.0], [2490.0, 1875.0, 11390.0], [2489.0, 2240.0, 10791.0], [2489.0, 2181.0, 11060.0], [2486.0, 1966.0, 11250.0], [2486.0, 1950.0, 11277.0], [2484.0, 2284.0, 10837.0], [2483.0, 1891.0, 11374.0], [2480.0, 1751.0, 11472.0], [2475.0, 2199.0, 11042.0], [2472.0, 2269.0, 10950.0], [2472.0, 2086.0, 11180.0], [2468.0, 1672.0, 11528.0], [2467.0, 2372.0, 10579.0], [2467.0, 2000.0, 11206.0], [2460.0, 1972.0, 11272.0], [2457.0, 2097.0, 11169.0], [2455.0, 2186.0, 11048.0], [2444.0, 1965.0, 11338.0], [2432.0, 2011.0, 11216.0], [2414.0, 1968.0, 11277.0], [2400.0, 1916.0, 11358.0], [2381.0, 2101.0, 11097.0]]
