heur = false
LBS_limit = 3
preproc = 0
tight_root = 0
total_time = 1800.01
NDP = 631
total_nodes = 77325
pruned_nodes = 38650
pruned_dominance_nodes = 21189
heur_time = 0.0
Y_N = Any[[4712.0, 2823.0, 2382.0], [4687.0, 2784.0, 2491.0], [4684.0, 2815.0, 2481.0], [4670.0, 2869.0, 2362.0], [4661.0, 2955.0, 2199.0], [4651.0, 2905.0, 2436.0], [4642.0, 2916.0, 2445.0], [4629.0, 2944.0, 2374.0], [4623.0, 3003.0, 2177.0], [4620.0, 2873.0, 2455.0], [4617.0, 2952.0, 2318.0], [4615.0, 2967.0, 2353.0], [4615.0, 2950.0, 2368.0], [4615.0, 2936.0, 2506.0], [4612.0, 2962.0, 2379.0], [4605.0, 3047.0, 2267.0], [4605.0, 2950.0, 2388.0], [4604.0, 2960.0, 2454.0], [4602.0, 3027.0, 2305.0], [4600.0, 2976.0, 2419.0], [4599.0, 2969.0, 2481.0], [4597.0, 2926.0, 2523.0], [4594.0, 2980.0, 2386.0], [4593.0, 2900.0, 2524.0], [4592.0, 3115.0, 2154.0], [4591.0, 3057.0, 2293.0], [4589.0, 3038.0, 2294.0], [4586.0, 2978.0, 2449.0], [4582.0, 2983.0, 2363.0], [4581.0, 2986.0, 2356.0], [4581.0, 2858.0, 2576.0], [4580.0, 3017.0, 2366.0], [4580.0, 2976.0, 2482.0], [4579.0, 2979.0, 2387.0], [4574.0, 3123.0, 2182.0], [4574.0, 3032.0, 2325.0], [4574.0, 3010.0, 2430.0], [4573.0, 3031.0, 2336.0], [4572.0, 2938.0, 2490.0], [4568.0, 3076.0, 2215.0], [4568.0, 3064.0, 2345.0], [4568.0, 2948.0, 2487.0], [4568.0, 2941.0, 2496.0], [4566.0, 3028.0, 2432.0], [4566.0, 2998.0, 2487.0], [4562.0, 3136.0, 2197.0], [4558.0, 2953.0, 2489.0], [4557.0, 3058.0, 2348.0], [4556.0, 3079.0, 2213.0], [4554.0, 3116.0, 2297.0], [4553.0, 3075.0, 2353.0], [4553.0, 3039.0, 2481.0], [4551.0, 3057.0, 2406.0], [4548.0, 3167.0, 2201.0], [4545.0, 3067.0, 2393.0], [4545.0, 2997.0, 2535.0], [4541.0, 3058.0, 2479.0], [4537.0, 3078.0, 2482.0], [4534.0, 3102.0, 2344.0], [4534.0, 2956.0, 2547.0], [4531.0, 3190.0, 2135.0], [4531.0, 3136.0, 2313.0], [4529.0, 3092.0, 2419.0], [4528.0, 3003.0, 2493.0], [4527.0, 3150.0, 2226.0], [4525.0, 3031.0, 2484.0], [4523.0, 3088.0, 2438.0], [4522.0, 3104.0, 2333.0], [4522.0, 3098.0, 2518.0], [4519.0, 2871.0, 2637.0], [4516.0, 3157.0, 2326.0], [4515.0, 3208.0, 2125.0], [4514.0, 3117.0, 2348.0], [4514.0, 3106.0, 2404.0], [4513.0, 3166.0, 2235.0], [4513.0, 3144.0, 2448.0], [4513.0, 2969.0, 2550.0], [4512.0, 3166.0, 2309.0], [4511.0, 3111.0, 2478.0], [4509.0, 3193.0, 2239.0], [4506.0, 3024.0, 2546.0], [4504.0, 3147.0, 2351.0], [4503.0, 3181.0, 2276.0], [4503.0, 2989.0, 2585.0], [4501.0, 2999.0, 2559.0], [4499.0, 3195.0, 2301.0], [4499.0, 3176.0, 2354.0], [4498.0, 3221.0, 2268.0], [4498.0, 3193.0, 2304.0], [4497.0, 3035.0, 2525.0], [4496.0, 3131.0, 2476.0], [4494.0, 3147.0, 2399.0], [4494.0, 3117.0, 2480.0], [4493.0, 3121.0, 2510.0], [4491.0, 3182.0, 2378.0], [4490.0, 2937.0, 2642.0], [4489.0, 3142.0, 2455.0], [4487.0, 3233.0, 2313.0], [4487.0, 3086.0, 2520.0], [4485.0, 2972.0, 2592.0], [4483.0, 3264.0, 2134.0], [4483.0, 3192.0, 2319.0], [4482.0, 3237.0, 2205.0], [4481.0, 3288.0, 2170.0], [4478.0, 3236.0, 2241.0], [4476.0, 3186.0, 2361.0], [4476.0, 3079.0, 2566.0], [4476.0, 2950.0, 2594.0], [4474.0, 3173.0, 2420.0], [4474.0, 2960.0, 2671.0], [4470.0, 3260.0, 2210.0], [4470.0, 3017.0, 2580.0], [4469.0, 3256.0, 2235.0], [4469.0, 2994.0, 2605.0], [4468.0, 3141.0, 2460.0], [4467.0, 3238.0, 2326.0], [4467.0, 3202.0, 2421.0], [4466.0, 3270.0, 2201.0], [4465.0, 3272.0, 2225.0], [4463.0, 3241.0, 2250.0], [4463.0, 3213.0, 2360.0], [4461.0, 3169.0, 2443.0], [4460.0, 3308.0, 2210.0], [4460.0, 3185.0, 2437.0], [4457.0, 3246.0, 2241.0], [4457.0, 3228.0, 2339.0], [4456.0, 3212.0, 2399.0], [4455.0, 3153.0, 2460.0], [4454.0, 3252.0, 2254.0], [4454.0, 3220.0, 2372.0], [4454.0, 3105.0, 2563.0], [4453.0, 3242.0, 2350.0], [4452.0, 3265.0, 2279.0], [4451.0, 3223.0, 2357.0], [4451.0, 3138.0, 2507.0], [4450.0, 3294.0, 2239.0], [4450.0, 3206.0, 2410.0], [4450.0, 3139.0, 2463.0], [4449.0, 3270.0, 2270.0], [4449.0, 3036.0, 2631.0], [4448.0, 3251.0, 2319.0], [4447.0, 3271.0, 2328.0], [4447.0, 3259.0, 2337.0], [4446.0, 3196.0, 2457.0], [4446.0, 3114.0, 2517.0], [4445.0, 3280.0, 2324.0], [4444.0, 3303.0, 2351.0], [4444.0, 3233.0, 2353.0], [4444.0, 3152.0, 2513.0], [4443.0, 3154.0, 2467.0], [4442.0, 3178.0, 2461.0], [4441.0, 3153.0, 2505.0], [4441.0, 3049.0, 2596.0], [4438.0, 3118.0, 2518.0], [4437.0, 3173.0, 2480.0], [4436.0, 3252.0, 2353.0], [4436.0, 3183.0, 2505.0], [4436.0, 3163.0, 2510.0], [4436.0, 3068.0, 2568.0], [4434.0, 3240.0, 2420.0], [4434.0, 3189.0, 2499.0], [4434.0, 3039.0, 2637.0], [4433.0, 3341.0, 2222.0], [4433.0, 3203.0, 2423.0], [4432.0, 3352.0, 2154.0], [4432.0, 3242.0, 2366.0], [4432.0, 3193.0, 2462.0], [4432.0, 3137.0, 2530.0], [4431.0, 3248.0, 2366.0], [4431.0, 3117.0, 2576.0], [4430.0, 3246.0, 2372.0], [4428.0, 3161.0, 2518.0], [4427.0, 3282.0, 2387.0], [4426.0, 3182.0, 2527.0], [4425.0, 3293.0, 2352.0], [4425.0, 3231.0, 2505.0], [4422.0, 3124.0, 2544.0], [4421.0, 3188.0, 2542.0], [4420.0, 3311.0, 2227.0], [4418.0, 3388.0, 2054.0], [4417.0, 3260.0, 2404.0], [4416.0, 3315.0, 2232.0], [4413.0, 3204.0, 2515.0], [4412.0, 3345.0, 2190.0], [4411.0, 3152.0, 2551.0], [4409.0, 3248.0, 2422.0], [4408.0, 3283.0, 2356.0], [4407.0, 3313.0, 2242.0], [4407.0, 3300.0, 2363.0], [4407.0, 3292.0, 2371.0], [4406.0, 3246.0, 2431.0], [4405.0, 3332.0, 2238.0], [4404.0, 3218.0, 2540.0], [4403.0, 3371.0, 2169.0], [4403.0, 3362.0, 2321.0], [4401.0, 3135.0, 2559.0], [4400.0, 3285.0, 2401.0], [4398.0, 3387.0, 2237.0], [4397.0, 3392.0, 2121.0], [4397.0, 3258.0, 2415.0], [4397.0, 3068.0, 2603.0], [4395.0, 3321.0, 2346.0], [4393.0, 3085.0, 2584.0], [4392.0, 3247.0, 2444.0], [4392.0, 3084.0, 2604.0], [4391.0, 3285.0, 2405.0], [4391.0, 3158.0, 2544.0], [4390.0, 3309.0, 2377.0], [4390.0, 3290.0, 2380.0], [4389.0, 3303.0, 2387.0], [4389.0, 3175.0, 2548.0], [4388.0, 3142.0, 2558.0], [4387.0, 3407.0, 2068.0], [4387.0, 3194.0, 2562.0], [4385.0, 3248.0, 2499.0], [4385.0, 3105.0, 2608.0], [4383.0, 3328.0, 2341.0], [4383.0, 3314.0, 2371.0], [4383.0, 3257.0, 2477.0], [4382.0, 3390.0, 2175.0], [4382.0, 3280.0, 2436.0], [4381.0, 3262.0, 2457.0], [4380.0, 3363.0, 2322.0], [4380.0, 3316.0, 2358.0], [4380.0, 3266.0, 2478.0], [4379.0, 3315.0, 2401.0], [4379.0, 3275.0, 2445.0], [4378.0, 3335.0, 2333.0], [4378.0, 3323.0, 2372.0], [4377.0, 3408.0, 2166.0], [4375.0, 3227.0, 2517.0], [4374.0, 3285.0, 2481.0], [4374.0, 3258.0, 2491.0], [4374.0, 3138.0, 2584.0], [4373.0, 3405.0, 2228.0], [4372.0, 3395.0, 2260.0], [4372.0, 3344.0, 2325.0], [4371.0, 3437.0, 2093.0], [4371.0, 3339.0, 2352.0], [4370.0, 3323.0, 2438.0], [4368.0, 3276.0, 2496.0], [4367.0, 3239.0, 2501.0], [4366.0, 3418.0, 2110.0], [4366.0, 3225.0, 2533.0], [4366.0, 3155.0, 2563.0], [4365.0, 3289.0, 2439.0], [4364.0, 3338.0, 2406.0], [4364.0, 3287.0, 2453.0], [4361.0, 3417.0, 2153.0], [4361.0, 3140.0, 2584.0], [4360.0, 3418.0, 2240.0], [4360.0, 3318.0, 2513.0], [4360.0, 3123.0, 2587.0], [4359.0, 3370.0, 2304.0], [4359.0, 3354.0, 2366.0], [4358.0, 3442.0, 2109.0], [4358.0, 3355.0, 2329.0], [4357.0, 3365.0, 2332.0], [4357.0, 3293.0, 2517.0], [4357.0, 3194.0, 2590.0], [4355.0, 3342.0, 2410.0], [4354.0, 3384.0, 2331.0], [4354.0, 3361.0, 2346.0], [4352.0, 3421.0, 2125.0], [4351.0, 3226.0, 2538.0], [4350.0, 3439.0, 2166.0], [4349.0, 3433.0, 2170.0], [4349.0, 3386.0, 2322.0], [4349.0, 3236.0, 2523.0], [4349.0, 3201.0, 2563.0], [4348.0, 3438.0, 2210.0], [4348.0, 3396.0, 2285.0], [4348.0, 3366.0, 2343.0], [4347.0, 3322.0, 2449.0], [4347.0, 3305.0, 2520.0], [4344.0, 3407.0, 2241.0], [4344.0, 3361.0, 2421.0], [4344.0, 3325.0, 2455.0], [4343.0, 3365.0, 2365.0], [4343.0, 3358.0, 2425.0], [4343.0, 3329.0, 2442.0], [4343.0, 3324.0, 2481.0], [4342.0, 3465.0, 2126.0], [4341.0, 3440.0, 2208.0], [4340.0, 3384.0, 2400.0], [4339.0, 3445.0, 2135.0], [4339.0, 3431.0, 2225.0], [4339.0, 3421.0, 2286.0], [4338.0, 3472.0, 2019.0], [4338.0, 3468.0, 2105.0], [4338.0, 3387.0, 2344.0], [4338.0, 3327.0, 2481.0], [4337.0, 3472.0, 2114.0], [4337.0, 3324.0, 2516.0], [4337.0, 3258.0, 2536.0], [4336.0, 3443.0, 2140.0], [4336.0, 3429.0, 2355.0], [4336.0, 3289.0, 2528.0], [4336.0, 3277.0, 2555.0], [4336.0, 3216.0, 2595.0], [4335.0, 3450.0, 2195.0], [4335.0, 3300.0, 2523.0], [4334.0, 3460.0, 2152.0], [4334.0, 3438.0, 2308.0], [4332.0, 3469.0, 2133.0], [4332.0, 3466.0, 2138.0], [4332.0, 3459.0, 2168.0], [4331.0, 3467.0, 2141.0], [4331.0, 3451.0, 2205.0], [4331.0, 3351.0, 2430.0], [4329.0, 3486.0, 2064.0], [4329.0, 3340.0, 2485.0], [4328.0, 3531.0, 2075.0], [4327.0, 3494.0, 2107.0], [4327.0, 3251.0, 2578.0], [4323.0, 3288.0, 2537.0], [4323.0, 3255.0, 2562.0], [4322.0, 3391.0, 2375.0], [4322.0, 3319.0, 2517.0], [4321.0, 3404.0, 2376.0], [4321.0, 3325.0, 2506.0], [4320.0, 3481.0, 2116.0], [4320.0, 3461.0, 2181.0], [4320.0, 3417.0, 2374.0], [4319.0, 3452.0, 2204.0], [4319.0, 3365.0, 2435.0], [4319.0, 3345.0, 2449.0], [4317.0, 3370.0, 2410.0], [4316.0, 3508.0, 2119.0], [4316.0, 3451.0, 2272.0], [4314.0, 3465.0, 2169.0], [4314.0, 3460.0, 2211.0], [4313.0, 3488.0, 2143.0], [4313.0, 3475.0, 2153.0], [4313.0, 3472.0, 2180.0], [4313.0, 3448.0, 2279.0], [4313.0, 3254.0, 2590.0], [4312.0, 3452.0, 2224.0], [4312.0, 3386.0, 2436.0], [4311.0, 3509.0, 2170.0], [4311.0, 3291.0, 2568.0], [4310.0, 3506.0, 2177.0], [4310.0, 3352.0, 2482.0], [4310.0, 3309.0, 2525.0], [4310.0, 3306.0, 2532.0], [4309.0, 3500.0, 2194.0], [4308.0, 3257.0, 2573.0], [4306.0, 3477.0, 2208.0], [4306.0, 3229.0, 2624.0], [4305.0, 3534.0, 2112.0], [4305.0, 3454.0, 2216.0], [4305.0, 3326.0, 2497.0], [4304.0, 3464.0, 2252.0], [4304.0, 3431.0, 2356.0], [4304.0, 3361.0, 2445.0], [4303.0, 3484.0, 2235.0], [4303.0, 3452.0, 2257.0], [4302.0, 3463.0, 2283.0], [4302.0, 3334.0, 2499.0], [4302.0, 3271.0, 2606.0], [4301.0, 3552.0, 2110.0], [4301.0, 3472.0, 2261.0], [4301.0, 3397.0, 2381.0], [4301.0, 3322.0, 2532.0], [4300.0, 3423.0, 2377.0], [4300.0, 3410.0, 2437.0], [4300.0, 3360.0, 2456.0], [4299.0, 3456.0, 2318.0], [4299.0, 3364.0, 2450.0], [4299.0, 3351.0, 2510.0], [4297.0, 3491.0, 2225.0], [4297.0, 3470.0, 2273.0], [4296.0, 3422.0, 2448.0], [4296.0, 3364.0, 2454.0], [4295.0, 3529.0, 2147.0], [4295.0, 3502.0, 2294.0], [4294.0, 3295.0, 2546.0], [4294.0, 3236.0, 2630.0], [4293.0, 3356.0, 2501.0], [4292.0, 3490.0, 2338.0], [4292.0, 3432.0, 2350.0], [4292.0, 3372.0, 2449.0], [4291.0, 3531.0, 2114.0], [4291.0, 3305.0, 2533.0], [4291.0, 3290.0, 2586.0], [4290.0, 3512.0, 2164.0], [4290.0, 3432.0, 2386.0], [4290.0, 3314.0, 2543.0], [4289.0, 3556.0, 2065.0], [4288.0, 3498.0, 2333.0], [4288.0, 3326.0, 2529.0], [4286.0, 3538.0, 2179.0], [4286.0, 3464.0, 2356.0], [4285.0, 3417.0, 2501.0], [4285.0, 3345.0, 2537.0], [4284.0, 3519.0, 2196.0], [4284.0, 3440.0, 2371.0], [4283.0, 3318.0, 2571.0], [4282.0, 3561.0, 2058.0], [4282.0, 3438.0, 2375.0], [4281.0, 3466.0, 2385.0], [4280.0, 3550.0, 2115.0], [4279.0, 3514.0, 2264.0], [4279.0, 3330.0, 2543.0], [4276.0, 3433.0, 2395.0], [4275.0, 3540.0, 2122.0], [4275.0, 3530.0, 2194.0], [4274.0, 3455.0, 2400.0], [4273.0, 3559.0, 2091.0], [4273.0, 3517.0, 2277.0], [4272.0, 3532.0, 2267.0], [4272.0, 3437.0, 2421.0], [4272.0, 3393.0, 2504.0], [4272.0, 3328.0, 2596.0], [4270.0, 3440.0, 2434.0], [4268.0, 3422.0, 2452.0], [4267.0, 3473.0, 2352.0], [4267.0, 3449.0, 2416.0], [4267.0, 3423.0, 2474.0], [4266.0, 3561.0, 2115.0], [4266.0, 3554.0, 2193.0], [4265.0, 3562.0, 2111.0], [4265.0, 3479.0, 2339.0], [4264.0, 3584.0, 2105.0], [4264.0, 3492.0, 2344.0], [4264.0, 3431.0, 2462.0], [4264.0, 3347.0, 2533.0], [4263.0, 3522.0, 2318.0], [4263.0, 3401.0, 2520.0], [4263.0, 3288.0, 2607.0], [4262.0, 3410.0, 2517.0], [4260.0, 3574.0, 2112.0], [4259.0, 3439.0, 2450.0], [4259.0, 3364.0, 2589.0], [4258.0, 3622.0, 2041.0], [4258.0, 3585.0, 2138.0], [4258.0, 3141.0, 2646.0], [4257.0, 3557.0, 2166.0], [4257.0, 3537.0, 2222.0], [4257.0, 3471.0, 2376.0], [4257.0, 3462.0, 2432.0], [4256.0, 3547.0, 2218.0], [4255.0, 3594.0, 2109.0], [4255.0, 3569.0, 2148.0], [4255.0, 3448.0, 2447.0], [4255.0, 3446.0, 2467.0], [4253.0, 3565.0, 2176.0], [4252.0, 3383.0, 2523.0], [4251.0, 3628.0, 2064.0], [4250.0, 3554.0, 2231.0], [4250.0, 3486.0, 2395.0], [4250.0, 3472.0, 2405.0], [4247.0, 3556.0, 2184.0], [4246.0, 3604.0, 2073.0], [4246.0, 3537.0, 2323.0], [4246.0, 3501.0, 2331.0], [4246.0, 3432.0, 2524.0], [4246.0, 3387.0, 2528.0], [4245.0, 3605.0, 2070.0], [4244.0, 3630.0, 2076.0], [4244.0, 3563.0, 2221.0], [4243.0, 3585.0, 2147.0], [4243.0, 3543.0, 2283.0], [4240.0, 3541.0, 2302.0], [4239.0, 3638.0, 1979.0], [4239.0, 3566.0, 2253.0], [4239.0, 3552.0, 2264.0], [4239.0, 3511.0, 2363.0], [4239.0, 3509.0, 2364.0], [4237.0, 3611.0, 2122.0], [4237.0, 3589.0, 2124.0], [4237.0, 3451.0, 2498.0], [4236.0, 3489.0, 2397.0], [4235.0, 3475.0, 2414.0], [4234.0, 3576.0, 2150.0], [4234.0, 3421.0, 2528.0], [4233.0, 3597.0, 2177.0], [4233.0, 3503.0, 2386.0], [4232.0, 3484.0, 2411.0], [4230.0, 3598.0, 2142.0], [4230.0, 3569.0, 2232.0], [4227.0, 3576.0, 2209.0], [4227.0, 3544.0, 2280.0], [4227.0, 3480.0, 2435.0], [4227.0, 3455.0, 2441.0], [4225.0, 3546.0, 2401.0], [4224.0, 3629.0, 2135.0], [4224.0, 3589.0, 2331.0], [4224.0, 3394.0, 2542.0], [4223.0, 3500.0, 2436.0], [4222.0, 3625.0, 2151.0], [4222.0, 3488.0, 2441.0], [4222.0, 3474.0, 2449.0], [4221.0, 3666.0, 2040.0], [4221.0, 3591.0, 2199.0], [4220.0, 3602.0, 2178.0], [4219.0, 3592.0, 2247.0], [4218.0, 3510.0, 2421.0], [4218.0, 3394.0, 2558.0], [4217.0, 3443.0, 2521.0], [4215.0, 3401.0, 2553.0], [4214.0, 3470.0, 2454.0], [4212.0, 3683.0, 1985.0], [4212.0, 3454.0, 2466.0], [4212.0, 3410.0, 2534.0], [4210.0, 3634.0, 2054.0], [4210.0, 3512.0, 2437.0], [4208.0, 3643.0, 2155.0], [4206.0, 3611.0, 2174.0], [4206.0, 3513.0, 2428.0], [4206.0, 3452.0, 2519.0], [4205.0, 3645.0, 2045.0], [4205.0, 3594.0, 2220.0], [4204.0, 3626.0, 2184.0], [4204.0, 3507.0, 2451.0], [4204.0, 3468.0, 2526.0], [4203.0, 3612.0, 2295.0], [4202.0, 3621.0, 2268.0], [4201.0, 3448.0, 2547.0], [4201.0, 3422.0, 2550.0], [4200.0, 3677.0, 2073.0], [4200.0, 3622.0, 2188.0], [4199.0, 3691.0, 2079.0], [4197.0, 3547.0, 2343.0], [4196.0, 3520.0, 2409.0], [4195.0, 3559.0, 2333.0], [4195.0, 3557.0, 2389.0], [4194.0, 3674.0, 2196.0], [4194.0, 3634.0, 2221.0], [4193.0, 3519.0, 2416.0], [4191.0, 3485.0, 2518.0], [4189.0, 3460.0, 2543.0], [4186.0, 3602.0, 2342.0], [4186.0, 3568.0, 2377.0], [4186.0, 3543.0, 2405.0], [4185.0, 3443.0, 2548.0], [4183.0, 3434.0, 2553.0], [4180.0, 3628.0, 2232.0], [4180.0, 3488.0, 2489.0], [4179.0, 3604.0, 2329.0], [4178.0, 3575.0, 2506.0], [4176.0, 3456.0, 2547.0], [4175.0, 3709.0, 2116.0], [4173.0, 3668.0, 2242.0], [4173.0, 3626.0, 2252.0], [4173.0, 3580.0, 2390.0], [4171.0, 3652.0, 2257.0], [4171.0, 3595.0, 2354.0], [4168.0, 3585.0, 2376.0], [4166.0, 3733.0, 2084.0], [4165.0, 3679.0, 2125.0], [4165.0, 3661.0, 2248.0], [4160.0, 3641.0, 2301.0], [4160.0, 3455.0, 2595.0], [4158.0, 3622.0, 2378.0], [4157.0, 3654.0, 2364.0], [4154.0, 3688.0, 2154.0], [4153.0, 3615.0, 2459.0], [4153.0, 3479.0, 2594.0], [4152.0, 3704.0, 2165.0], [4151.0, 3683.0, 2326.0], [4150.0, 3424.0, 2613.0], [4147.0, 3625.0, 2368.0], [4144.0, 3707.0, 2263.0], [4142.0, 3632.0, 2409.0], [4141.0, 3532.0, 2538.0], [4140.0, 3492.0, 2541.0], [4132.0, 3714.0, 2089.0], [4131.0, 3730.0, 2104.0], [4128.0, 3747.0, 2051.0], [4128.0, 3633.0, 2395.0], [4126.0, 3646.0, 2390.0], [4125.0, 3716.0, 2112.0], [4124.0, 3730.0, 2107.0], [4123.0, 3501.0, 2544.0], [4122.0, 3759.0, 1992.0], [4121.0, 3711.0, 2149.0], [4117.0, 3734.0, 2150.0], [4116.0, 3713.0, 2312.0], [4114.0, 3725.0, 2202.0], [4114.0, 3714.0, 2227.0], [4113.0, 3727.0, 2171.0], [4112.0, 3652.0, 2395.0], [4110.0, 3785.0, 2111.0], [4106.0, 3744.0, 2144.0], [4103.0, 3734.0, 2191.0], [4103.0, 3720.0, 2208.0], [4099.0, 3573.0, 2518.0], [4094.0, 3673.0, 2340.0], [4091.0, 3750.0, 2186.0], [4090.0, 3789.0, 2102.0], [4090.0, 3684.0, 2368.0], [4089.0, 3760.0, 2119.0], [4089.0, 3745.0, 2230.0], [4084.0, 3750.0, 2198.0], [4083.0, 3823.0, 2084.0], [4081.0, 3761.0, 2112.0], [4077.0, 3768.0, 2184.0], [4071.0, 3757.0, 2241.0], [4065.0, 3782.0, 2130.0], [4064.0, 3734.0, 2262.0], [4061.0, 3832.0, 2138.0], [4061.0, 3713.0, 2420.0], [4060.0, 3775.0, 2209.0], [4053.0, 3801.0, 2254.0], [4050.0, 3813.0, 2184.0], [4046.0, 3719.0, 2266.0], [4044.0, 3824.0, 2198.0], [4040.0, 3846.0, 2000.0], [4039.0, 3728.0, 2277.0], [4038.0, 3833.0, 2265.0], [4035.0, 3735.0, 2285.0], [4031.0, 3842.0, 2094.0], [4031.0, 3760.0, 2346.0], [4023.0, 3840.0, 2139.0], [4022.0, 3677.0, 2458.0], [4016.0, 3848.0, 2051.0], [4009.0, 3840.0, 2305.0], [4007.0, 3847.0, 2176.0], [3994.0, 3855.0, 2039.0], [3988.0, 3861.0, 2029.0], [3983.0, 3865.0, 2094.0], [3979.0, 3776.0, 2308.0], [3958.0, 3804.0, 2355.0], [3948.0, 3859.0, 2167.0], [3916.0, 3862.0, 2246.0], [3901.0, 3884.0, 1935.0], [3893.0, 3880.0, 1996.0], [3881.0, 3866.0, 2257.0], [3868.0, 3869.0, 2124.0], [3857.0, 3876.0, 2085.0]]
