heur = false
LBS_limit = 3
preproc = 0
tight_root = 0
total_time = 1800.07
NDP = 892
total_nodes = 39537
pruned_nodes = 19762
pruned_dominance_nodes = 4591
heur_time = 0.0
Y_N = Any[[953.0, 493.0, 2177.0], [938.0, 641.0, 2013.0], [938.0, 629.0, 2021.0], [938.0, 425.0, 2250.0], [933.0, 503.0, 2178.0], [931.0, 653.0, 2006.0], [926.0, 608.0, 2077.0], [925.0, 667.0, 1997.0], [924.0, 535.0, 2142.0], [919.0, 634.0, 2079.0], [913.0, 724.0, 1956.0], [911.0, 563.0, 2143.0], [905.0, 353.0, 2362.0], [904.0, 636.0, 2064.0], [902.0, 647.0, 2064.0], [900.0, 523.0, 2207.0], [899.0, 486.0, 2243.0], [898.0, 726.0, 1941.0], [897.0, 644.0, 2067.0], [897.0, 509.0, 2229.0], [896.0, 565.0, 2128.0], [894.0, 494.0, 2259.0], [893.0, 421.0, 2295.0], [892.0, 624.0, 2086.0], [890.0, 526.0, 2203.0], [890.0, 355.0, 2347.0], [889.0, 673.0, 2048.0], [888.0, 473.0, 2274.0], [885.0, 659.0, 2051.0], [885.0, 455.0, 2280.0], [884.0, 690.0, 2001.0], [884.0, 622.0, 2087.0], [884.0, 418.0, 2316.0], [883.0, 768.0, 1921.0], [882.0, 367.0, 2344.0], [881.0, 585.0, 2122.0], [881.0, 570.0, 2204.0], [881.0, 491.0, 2297.0], [879.0, 535.0, 2209.0], [879.0, 496.0, 2244.0], [878.0, 683.0, 2036.0], [875.0, 597.0, 2113.0], [874.0, 758.0, 1966.0], [873.0, 638.0, 2107.0], [873.0, 609.0, 2118.0], [873.0, 405.0, 2347.0], [872.0, 601.0, 2143.0], [871.0, 825.0, 1880.0], [870.0, 421.0, 2350.0], [868.0, 642.0, 2115.0], [867.0, 397.0, 2364.0], [866.0, 664.0, 2109.0], [866.0, 423.0, 2370.0], [865.0, 609.0, 2146.0], [865.0, 558.0, 2208.0], [864.0, 579.0, 2182.0], [864.0, 529.0, 2258.0], [862.0, 732.0, 1992.0], [862.0, 706.0, 2030.0], [861.0, 784.0, 1950.0], [861.0, 650.0, 2118.0], [861.0, 588.0, 2174.0], [861.0, 514.0, 2288.0], [860.0, 754.0, 1986.0], [860.0, 349.0, 2407.0], [858.0, 643.0, 2132.0], [858.0, 593.0, 2173.0], [857.0, 681.0, 2050.0], [856.0, 630.0, 2137.0], [856.0, 574.0, 2240.0], [855.0, 431.0, 2320.0], [854.0, 532.0, 2254.0], [854.0, 361.0, 2398.0], [853.0, 615.0, 2167.0], [852.0, 479.0, 2325.0], [852.0, 383.0, 2392.0], [850.0, 431.0, 2351.0], [849.0, 841.0, 1909.0], [849.0, 677.0, 2094.0], [849.0, 665.0, 2102.0], [849.0, 461.0, 2331.0], [848.0, 581.0, 2179.0], [848.0, 435.0, 2332.0], [847.0, 443.0, 2344.0], [846.0, 720.0, 2049.0], [846.0, 650.0, 2132.0], [846.0, 446.0, 2361.0], [845.0, 576.0, 2255.0], [845.0, 497.0, 2348.0], [844.0, 640.0, 2150.0], [844.0, 586.0, 2189.0], [844.0, 539.0, 2259.0], [844.0, 397.0, 2419.0], [843.0, 502.0, 2295.0], [842.0, 689.0, 2087.0], [842.0, 595.0, 2170.0], [842.0, 561.0, 2285.0], [841.0, 524.0, 2289.0], [841.0, 506.0, 2313.0], [840.0, 403.0, 2406.0], [839.0, 664.0, 2117.0], [838.0, 617.0, 2152.0], [838.0, 578.0, 2229.0], [837.0, 718.0, 2053.0], [837.0, 644.0, 2158.0], [837.0, 627.0, 2161.0], [837.0, 615.0, 2169.0], [837.0, 411.0, 2398.0], [836.0, 703.0, 2078.0], [836.0, 614.0, 2189.0], [836.0, 584.0, 2241.0], [835.0, 750.0, 2004.0], [835.0, 722.0, 2048.0], [834.0, 629.0, 2188.0], [834.0, 325.0, 2476.0], [833.0, 681.0, 2103.0], [832.0, 719.0, 2055.0], [832.0, 458.0, 2367.0], [831.0, 729.0, 2021.0], [830.0, 670.0, 2160.0], [830.0, 429.0, 2421.0], [829.0, 564.0, 2259.0], [828.0, 759.0, 2031.0], [828.0, 388.0, 2445.0], [827.0, 563.0, 2270.0], [827.0, 515.0, 2315.0], [825.0, 594.0, 2225.0], [825.0, 507.0, 2349.0], [824.0, 853.0, 1932.0], [824.0, 760.0, 2037.0], [824.0, 395.0, 2431.0], [823.0, 682.0, 2093.0], [823.0, 521.0, 2290.0], [823.0, 443.0, 2385.0], [822.0, 649.0, 2183.0], [822.0, 599.0, 2224.0], [822.0, 575.0, 2267.0], [820.0, 399.0, 2429.0], [818.0, 626.0, 2206.0], [818.0, 519.0, 2302.0], [817.0, 512.0, 2319.0], [817.0, 451.0, 2380.0], [816.0, 389.0, 2443.0], [815.0, 694.0, 2107.0], [815.0, 652.0, 2162.0], [814.0, 673.0, 2129.0], [814.0, 590.0, 2239.0], [814.0, 578.0, 2247.0], [813.0, 397.0, 2430.0], [812.0, 607.0, 2209.0], [812.0, 454.0, 2375.0], [811.0, 700.0, 2100.0], [811.0, 697.0, 2132.0], [811.0, 651.0, 2173.0], [811.0, 449.0, 2395.0], [811.0, 422.0, 2432.0], [811.0, 393.0, 2452.0], [810.0, 716.0, 2094.0], [810.0, 538.0, 2321.0], [810.0, 463.0, 2377.0], [808.0, 680.0, 2148.0], [808.0, 576.0, 2272.0], [808.0, 562.0, 2312.0], [808.0, 453.0, 2394.0], [808.0, 368.0, 2466.0], [807.0, 659.0, 2161.0], [807.0, 594.0, 2250.0], [806.0, 775.0, 2060.0], [806.0, 631.0, 2187.0], [806.0, 439.0, 2401.0], [805.0, 653.0, 2177.0], [805.0, 634.0, 2187.0], [805.0, 602.0, 2220.0], [805.0, 582.0, 2276.0], [805.0, 530.0, 2340.0], [805.0, 522.0, 2343.0], [805.0, 401.0, 2447.0], [805.0, 388.0, 2500.0], [804.0, 681.0, 2138.0], [804.0, 661.0, 2164.0], [804.0, 628.0, 2198.0], [804.0, 601.0, 2223.0], [804.0, 588.0, 2253.0], [804.0, 490.0, 2382.0], [804.0, 411.0, 2475.0], [803.0, 660.0, 2167.0], [803.0, 604.0, 2270.0], [802.0, 467.0, 2385.0], [802.0, 442.0, 2400.0], [801.0, 609.0, 2208.0], [801.0, 442.0, 2406.0], [800.0, 655.0, 2198.0], [800.0, 628.0, 2199.0], [800.0, 590.0, 2292.0], [799.0, 527.0, 2354.0], [798.0, 702.0, 2133.0], [798.0, 498.0, 2377.0], [798.0, 497.0, 2382.0], [798.0, 419.0, 2470.0], [797.0, 794.0, 1979.0], [797.0, 740.0, 2072.0], [797.0, 459.0, 2407.0], [797.0, 436.0, 2408.0], [796.0, 502.0, 2358.0], [795.0, 631.0, 2206.0], [795.0, 611.0, 2209.0], [794.0, 626.0, 2225.0], [793.0, 710.0, 2136.0], [793.0, 683.0, 2137.0], [793.0, 681.0, 2154.0], [792.0, 656.0, 2199.0], [792.0, 606.0, 2285.0], [792.0, 527.0, 2378.0], [791.0, 610.0, 2234.0], [791.0, 569.0, 2321.0], [791.0, 484.0, 2390.0], [790.0, 653.0, 2205.0], [790.0, 451.0, 2414.0], [790.0, 390.0, 2485.0], [789.0, 591.0, 2315.0], [789.0, 431.0, 2457.0], [788.0, 536.0, 2343.0], [788.0, 529.0, 2353.0], [787.0, 614.0, 2245.0], [786.0, 709.0, 2155.0], [786.0, 664.0, 2163.0], [786.0, 581.0, 2318.0], [785.0, 728.0, 2117.0], [785.0, 611.0, 2257.0], [785.0, 398.0, 2501.0], [785.0, 340.0, 2527.0], [783.0, 650.0, 2216.0], [783.0, 613.0, 2256.0], [783.0, 500.0, 2389.0], [782.0, 678.0, 2177.0], [782.0, 677.0, 2193.0], [782.0, 441.0, 2425.0], [780.0, 556.0, 2352.0], [780.0, 477.0, 2445.0], [779.0, 620.0, 2247.0], [779.0, 403.0, 2496.0], [778.0, 503.0, 2400.0], [778.0, 442.0, 2461.0], [777.0, 682.0, 2159.0], [777.0, 459.0, 2451.0], [777.0, 372.0, 2519.0], [776.0, 778.0, 2045.0], [776.0, 645.0, 2227.0], [776.0, 594.0, 2289.0], [775.0, 667.0, 2221.0], [775.0, 418.0, 2475.0], [774.0, 481.0, 2424.0], [773.0, 738.0, 2073.0], [773.0, 627.0, 2244.0], [773.0, 558.0, 2326.0], [773.0, 502.0, 2413.0], [772.0, 642.0, 2254.0], [772.0, 615.0, 2255.0], [772.0, 568.0, 2363.0], [771.0, 716.0, 2141.0], [771.0, 389.0, 2527.0], [770.0, 478.0, 2427.0], [769.0, 679.0, 2213.0], [769.0, 622.0, 2286.0], [769.0, 576.0, 2324.0], [768.0, 722.0, 2159.0], [768.0, 584.0, 2317.0], [767.0, 739.0, 2142.0], [767.0, 610.0, 2321.0], [767.0, 526.0, 2379.0], [767.0, 508.0, 2411.0], [766.0, 506.0, 2416.0], [765.0, 747.0, 2128.0], [765.0, 409.0, 2518.0], [764.0, 651.0, 2248.0], [764.0, 613.0, 2296.0], [763.0, 681.0, 2165.0], [763.0, 571.0, 2333.0], [763.0, 502.0, 2424.0], [762.0, 825.0, 1996.0], [762.0, 642.0, 2271.0], [762.0, 522.0, 2396.0], [762.0, 495.0, 2433.0], [760.0, 740.0, 2140.0], [760.0, 547.0, 2389.0], [759.0, 695.0, 2161.0], [759.0, 694.0, 2171.0], [759.0, 691.0, 2224.0], [759.0, 648.0, 2254.0], [759.0, 592.0, 2343.0], [759.0, 587.0, 2347.0], [759.0, 489.0, 2458.0], [759.0, 445.0, 2475.0], [759.0, 407.0, 2520.0], [758.0, 662.0, 2239.0], [758.0, 452.0, 2462.0], [757.0, 629.0, 2280.0], [757.0, 570.0, 2348.0], [757.0, 331.0, 2579.0], [755.0, 636.0, 2284.0], [755.0, 539.0, 2392.0], [755.0, 415.0, 2492.0], [754.0, 672.0, 2235.0], [754.0, 457.0, 2465.0], [753.0, 754.0, 2087.0], [753.0, 597.0, 2366.0], [753.0, 512.0, 2414.0], [752.0, 703.0, 2198.0], [752.0, 668.0, 2249.0], [752.0, 542.0, 2394.0], [752.0, 535.0, 2404.0], [752.0, 418.0, 2530.0], [751.0, 520.0, 2412.0], [751.0, 441.0, 2505.0], [751.0, 378.0, 2535.0], [749.0, 549.0, 2388.0], [749.0, 346.0, 2578.0], [748.0, 797.0, 2099.0], [748.0, 715.0, 2167.0], [748.0, 650.0, 2259.0], [748.0, 557.0, 2401.0], [748.0, 457.0, 2480.0], [747.0, 654.0, 2277.0], [747.0, 620.0, 2322.0], [747.0, 478.0, 2482.0], [746.0, 719.0, 2198.0], [746.0, 622.0, 2302.0], [746.0, 506.0, 2419.0], [746.0, 499.0, 2439.0], [745.0, 508.0, 2426.0], [744.0, 491.0, 2443.0], [744.0, 443.0, 2488.0], [743.0, 348.0, 2563.0], [742.0, 668.0, 2250.0], [742.0, 535.0, 2409.0], [742.0, 381.0, 2539.0], [741.0, 752.0, 2100.0], [741.0, 617.0, 2336.0], [741.0, 529.0, 2410.0], [740.0, 745.0, 2151.0], [740.0, 727.0, 2162.0], [740.0, 669.0, 2246.0], [740.0, 656.0, 2254.0], [740.0, 642.0, 2297.0], [740.0, 628.0, 2319.0], [740.0, 541.0, 2411.0], [740.0, 502.0, 2440.0], [740.0, 492.0, 2472.0], [740.0, 365.0, 2566.0], [739.0, 672.0, 2256.0], [739.0, 503.0, 2440.0], [739.0, 391.0, 2572.0], [738.0, 643.0, 2281.0], [738.0, 544.0, 2404.0], [738.0, 487.0, 2475.0], [737.0, 837.0, 2019.0], [737.0, 677.0, 2272.0], [737.0, 521.0, 2415.0], [737.0, 480.0, 2509.0], [736.0, 720.0, 2183.0], [736.0, 422.0, 2511.0], [736.0, 366.0, 2586.0], [735.0, 706.0, 2229.0], [735.0, 584.0, 2386.0], [734.0, 629.0, 2327.0], [734.0, 523.0, 2458.0], [734.0, 399.0, 2541.0], [734.0, 312.0, 2594.0], [733.0, 611.0, 2348.0], [733.0, 499.0, 2459.0], [733.0, 493.0, 2486.0], [733.0, 465.0, 2527.0], [733.0, 383.0, 2589.0], [731.0, 557.0, 2410.0], [731.0, 538.0, 2417.0], [730.0, 719.0, 2227.0], [730.0, 572.0, 2404.0], [730.0, 530.0, 2419.0], [729.0, 664.0, 2279.0], [728.0, 727.0, 2166.0], [728.0, 411.0, 2532.0], [727.0, 604.0, 2381.0], [727.0, 293.0, 2625.0], [726.0, 524.0, 2448.0], [725.0, 649.0, 2283.0], [725.0, 634.0, 2324.0], [725.0, 558.0, 2418.0], [725.0, 533.0, 2430.0], [723.0, 754.0, 2156.0], [723.0, 692.0, 2268.0], [723.0, 653.0, 2305.0], [723.0, 639.0, 2319.0], [723.0, 494.0, 2474.0], [722.0, 626.0, 2336.0], [720.0, 701.0, 2248.0], [720.0, 532.0, 2443.0], [720.0, 498.0, 2467.0], [720.0, 482.0, 2488.0], [719.0, 640.0, 2320.0], [719.0, 598.0, 2393.0], [719.0, 514.0, 2462.0], [719.0, 455.0, 2533.0], [718.0, 618.0, 2366.0], [718.0, 546.0, 2434.0], [718.0, 407.0, 2541.0], [717.0, 729.0, 2165.0], [717.0, 658.0, 2304.0], [717.0, 485.0, 2506.0], [717.0, 398.0, 2563.0], [717.0, 359.0, 2603.0], [716.0, 764.0, 2123.0], [716.0, 674.0, 2300.0], [716.0, 559.0, 2410.0], [716.0, 357.0, 2608.0], [715.0, 599.0, 2385.0], [715.0, 526.0, 2463.0], [715.0, 447.0, 2556.0], [714.0, 783.0, 2105.0], [713.0, 688.0, 2284.0], [713.0, 609.0, 2377.0], [713.0, 501.0, 2489.0], [713.0, 406.0, 2580.0], [713.0, 371.0, 2592.0], [712.0, 563.0, 2452.0], [712.0, 511.0, 2493.0], [712.0, 453.0, 2544.0], [711.0, 577.0, 2416.0], [711.0, 498.0, 2509.0], [710.0, 653.0, 2322.0], [710.0, 566.0, 2429.0], [709.0, 640.0, 2350.0], [709.0, 467.0, 2528.0], [708.0, 466.0, 2532.0], [708.0, 402.0, 2583.0], [708.0, 375.0, 2610.0], [707.0, 808.0, 2098.0], [707.0, 711.0, 2232.0], [707.0, 588.0, 2407.0], [707.0, 568.0, 2425.0], [706.0, 528.0, 2461.0], [706.0, 519.0, 2488.0], [705.0, 750.0, 2159.0], [705.0, 731.0, 2250.0], [705.0, 623.0, 2387.0], [704.0, 397.0, 2595.0], [704.0, 382.0, 2596.0], [703.0, 500.0, 2500.0], [703.0, 476.0, 2530.0], [703.0, 427.0, 2558.0], [703.0, 397.0, 2623.0], [702.0, 637.0, 2371.0], [702.0, 546.0, 2455.0], [701.0, 644.0, 2330.0], [701.0, 527.0, 2466.0], [701.0, 502.0, 2520.0], [700.0, 494.0, 2529.0], [699.0, 735.0, 2162.0], [699.0, 665.0, 2311.0], [699.0, 611.0, 2388.0], [699.0, 567.0, 2434.0], [698.0, 642.0, 2349.0], [698.0, 498.0, 2528.0], [698.0, 433.0, 2562.0], [697.0, 629.0, 2374.0], [697.0, 572.0, 2440.0], [696.0, 650.0, 2332.0], [696.0, 605.0, 2394.0], [696.0, 590.0, 2406.0], [696.0, 394.0, 2636.0], [695.0, 584.0, 2414.0], [695.0, 530.0, 2460.0], [695.0, 300.0, 2644.0], [694.0, 671.0, 2321.0], [694.0, 625.0, 2386.0], [694.0, 567.0, 2444.0], [694.0, 525.0, 2478.0], [694.0, 453.0, 2577.0], [693.0, 575.0, 2452.0], [693.0, 566.0, 2453.0], [693.0, 520.0, 2491.0], [692.0, 666.0, 2326.0], [691.0, 610.0, 2432.0], [691.0, 529.0, 2474.0], [691.0, 452.0, 2578.0], [691.0, 409.0, 2597.0], [691.0, 299.0, 2676.0], [690.0, 580.0, 2437.0], [690.0, 481.0, 2544.0], [688.0, 624.0, 2416.0], [688.0, 567.0, 2466.0], [688.0, 466.0, 2562.0], [687.0, 464.0, 2567.0], [687.0, 344.0, 2644.0], [686.0, 586.0, 2438.0], [686.0, 543.0, 2469.0], [685.0, 548.0, 2491.0], [685.0, 517.0, 2505.0], [685.0, 399.0, 2612.0], [684.0, 652.0, 2327.0], [684.0, 460.0, 2575.0], [683.0, 676.0, 2287.0], [683.0, 635.0, 2391.0], [683.0, 616.0, 2419.0], [683.0, 536.0, 2510.0], [683.0, 531.0, 2514.0], [683.0, 428.0, 2585.0], [683.0, 312.0, 2666.0], [682.0, 640.0, 2360.0], [682.0, 577.0, 2451.0], [681.0, 653.0, 2357.0], [680.0, 681.0, 2289.0], [680.0, 649.0, 2375.0], [680.0, 612.0, 2431.0], [680.0, 545.0, 2498.0], [680.0, 504.0, 2530.0], [679.0, 552.0, 2471.0], [679.0, 313.0, 2663.0], [678.0, 614.0, 2438.0], [678.0, 564.0, 2479.0], [677.0, 698.0, 2254.0], [677.0, 689.0, 2306.0], [677.0, 436.0, 2580.0], [677.0, 403.0, 2627.0], [676.0, 753.0, 2163.0], [676.0, 499.0, 2539.0], [676.0, 404.0, 2598.0], [675.0, 577.0, 2459.0], [675.0, 509.0, 2520.0], [674.0, 676.0, 2334.0], [674.0, 423.0, 2591.0], [674.0, 322.0, 2720.0], [673.0, 540.0, 2508.0], [673.0, 340.0, 2666.0], [672.0, 657.0, 2369.0], [672.0, 573.0, 2467.0], [672.0, 415.0, 2616.0], [671.0, 598.0, 2444.0], [671.0, 586.0, 2464.0], [671.0, 549.0, 2482.0], [671.0, 477.0, 2579.0], [670.0, 626.0, 2401.0], [670.0, 589.0, 2461.0], [670.0, 547.0, 2494.0], [670.0, 354.0, 2650.0], [669.0, 699.0, 2276.0], [669.0, 659.0, 2360.0], [668.0, 733.0, 2281.0], [668.0, 654.0, 2374.0], [668.0, 608.0, 2442.0], [668.0, 473.0, 2583.0], [668.0, 388.0, 2647.0], [667.0, 684.0, 2310.0], [667.0, 507.0, 2538.0], [667.0, 434.0, 2591.0], [666.0, 578.0, 2467.0], [666.0, 346.0, 2653.0], [665.0, 692.0, 2297.0], [665.0, 541.0, 2508.0], [665.0, 514.0, 2518.0], [665.0, 485.0, 2574.0], [664.0, 500.0, 2552.0], [664.0, 485.0, 2578.0], [664.0, 469.0, 2599.0], [664.0, 440.0, 2601.0], [663.0, 690.0, 2300.0], [663.0, 616.0, 2423.0], [663.0, 563.0, 2498.0], [663.0, 491.0, 2557.0], [663.0, 400.0, 2663.0], [662.0, 667.0, 2375.0], [661.0, 781.0, 2186.0], [661.0, 606.0, 2447.0], [661.0, 512.0, 2541.0], [660.0, 630.0, 2407.0], [660.0, 596.0, 2457.0], [660.0, 585.0, 2475.0], [660.0, 554.0, 2522.0], [660.0, 408.0, 2620.0], [660.0, 400.0, 2687.0], [659.0, 650.0, 2396.0], [659.0, 593.0, 2482.0], [659.0, 575.0, 2488.0], [659.0, 502.0, 2555.0], [658.0, 653.0, 2388.0], [658.0, 573.0, 2494.0], [657.0, 610.0, 2441.0], [657.0, 528.0, 2523.0], [657.0, 501.0, 2577.0], [656.0, 528.0, 2552.0], [656.0, 422.0, 2622.0], [656.0, 411.0, 2625.0], [655.0, 690.0, 2308.0], [655.0, 654.0, 2411.0], [655.0, 575.0, 2504.0], [655.0, 504.0, 2563.0], [655.0, 342.0, 2694.0], [654.0, 627.0, 2416.0], [654.0, 595.0, 2487.0], [654.0, 516.0, 2571.0], [654.0, 436.0, 2617.0], [653.0, 557.0, 2510.0], [653.0, 492.0, 2582.0], [652.0, 339.0, 2700.0], [651.0, 695.0, 2329.0], [651.0, 606.0, 2452.0], [651.0, 604.0, 2459.0], [651.0, 530.0, 2555.0], [650.0, 703.0, 2363.0], [650.0, 624.0, 2456.0], [649.0, 563.0, 2515.0], [649.0, 405.0, 2663.0], [648.0, 351.0, 2689.0], [647.0, 549.0, 2529.0], [646.0, 583.0, 2502.0], [645.0, 562.0, 2533.0], [645.0, 424.0, 2621.0], [644.0, 483.0, 2591.0], [644.0, 447.0, 2625.0], [644.0, 421.0, 2634.0], [643.0, 597.0, 2486.0], [643.0, 534.0, 2538.0], [642.0, 584.0, 2511.0], [642.0, 473.0, 2596.0], [641.0, 483.0, 2607.0], [640.0, 708.0, 2290.0], [640.0, 606.0, 2458.0], [640.0, 507.0, 2577.0], [640.0, 322.0, 2722.0], [639.0, 598.0, 2487.0], [639.0, 447.0, 2639.0], [637.0, 599.0, 2471.0], [637.0, 484.0, 2612.0], [636.0, 738.0, 2243.0], [636.0, 532.0, 2540.0], [636.0, 482.0, 2617.0], [636.0, 450.0, 2621.0], [636.0, 421.0, 2667.0], [635.0, 525.0, 2562.0], [635.0, 521.0, 2563.0], [634.0, 627.0, 2423.0], [634.0, 528.0, 2558.0], [633.0, 665.0, 2411.0], [633.0, 651.0, 2425.0], [633.0, 586.0, 2504.0], [633.0, 572.0, 2518.0], [633.0, 478.0, 2625.0], [633.0, 430.0, 2663.0], [632.0, 552.0, 2537.0], [631.0, 535.0, 2544.0], [631.0, 512.0, 2592.0], [630.0, 679.0, 2395.0], [630.0, 613.0, 2481.0], [630.0, 602.0, 2486.0], [630.0, 600.0, 2488.0], [629.0, 667.0, 2425.0], [629.0, 566.0, 2521.0], [629.0, 563.0, 2548.0], [629.0, 426.0, 2668.0], [628.0, 585.0, 2505.0], [628.0, 571.0, 2556.0], [628.0, 526.0, 2576.0], [628.0, 435.0, 2643.0], [627.0, 358.0, 2699.0], [626.0, 556.0, 2558.0], [626.0, 488.0, 2611.0], [626.0, 279.0, 2773.0], [625.0, 671.0, 2398.0], [625.0, 592.0, 2491.0], [625.0, 546.0, 2559.0], [625.0, 461.0, 2641.0], [623.0, 547.0, 2563.0], [623.0, 446.0, 2659.0], [622.0, 496.0, 2606.0], [622.0, 446.0, 2667.0], [622.0, 394.0, 2688.0], [621.0, 542.0, 2572.0], [621.0, 531.0, 2577.0], [621.0, 524.0, 2587.0], [620.0, 485.0, 2615.0], [619.0, 528.0, 2581.0], [618.0, 598.0, 2491.0], [618.0, 507.0, 2609.0], [617.0, 422.0, 2674.0], [616.0, 669.0, 2417.0], [616.0, 626.0, 2448.0], [616.0, 585.0, 2508.0], [616.0, 575.0, 2528.0], [616.0, 548.0, 2559.0], [615.0, 636.0, 2466.0], [615.0, 629.0, 2472.0], [615.0, 525.0, 2595.0], [614.0, 507.0, 2628.0], [614.0, 489.0, 2631.0], [614.0, 449.0, 2652.0], [613.0, 656.0, 2445.0], [613.0, 577.0, 2538.0], [613.0, 483.0, 2639.0], [613.0, 462.0, 2640.0], [612.0, 518.0, 2605.0], [612.0, 400.0, 2699.0], [612.0, 357.0, 2740.0], [611.0, 533.0, 2604.0], [610.0, 632.0, 2475.0], [610.0, 395.0, 2712.0], [609.0, 672.0, 2413.0], [609.0, 403.0, 2688.0], [608.0, 578.0, 2554.0], [607.0, 430.0, 2717.0], [606.0, 709.0, 2322.0], [605.0, 615.0, 2490.0], [605.0, 569.0, 2558.0], [605.0, 556.0, 2560.0], [605.0, 497.0, 2629.0], [604.0, 585.0, 2536.0], [603.0, 584.0, 2537.0], [603.0, 572.0, 2561.0], [603.0, 461.0, 2646.0], [603.0, 438.0, 2691.0], [602.0, 688.0, 2389.0], [601.0, 598.0, 2509.0], [601.0, 540.0, 2574.0], [600.0, 523.0, 2621.0], [600.0, 458.0, 2658.0], [600.0, 449.0, 2693.0], [600.0, 334.0, 2761.0], [599.0, 571.0, 2568.0], [599.0, 552.0, 2587.0], [599.0, 521.0, 2626.0], [598.0, 598.0, 2514.0], [597.0, 606.0, 2548.0], [596.0, 535.0, 2610.0], [596.0, 517.0, 2634.0], [595.0, 534.0, 2619.0], [595.0, 437.0, 2705.0], [595.0, 380.0, 2784.0], [594.0, 623.0, 2487.0], [593.0, 501.0, 2636.0], [592.0, 602.0, 2557.0], [592.0, 574.0, 2560.0], [591.0, 540.0, 2602.0], [591.0, 471.0, 2654.0], [589.0, 559.0, 2606.0], [589.0, 501.0, 2642.0], [588.0, 545.0, 2634.0], [586.0, 429.0, 2732.0], [586.0, 411.0, 2735.0], [586.0, 400.0, 2739.0], [583.0, 505.0, 2653.0], [582.0, 513.0, 2660.0], [581.0, 587.0, 2561.0], [580.0, 568.0, 2596.0], [580.0, 554.0, 2610.0], [579.0, 634.0, 2475.0], [579.0, 463.0, 2683.0], [579.0, 448.0, 2730.0], [578.0, 574.0, 2589.0], [578.0, 561.0, 2605.0], [578.0, 514.0, 2635.0], [578.0, 495.0, 2682.0], [577.0, 582.0, 2580.0], [575.0, 550.0, 2619.0], [575.0, 511.0, 2663.0], [574.0, 618.0, 2526.0], [574.0, 427.0, 2736.0], [574.0, 384.0, 2763.0], [572.0, 631.0, 2536.0], [572.0, 552.0, 2629.0], [572.0, 515.0, 2651.0], [572.0, 471.0, 2706.0], [572.0, 408.0, 2749.0], [571.0, 593.0, 2571.0], [571.0, 493.0, 2696.0], [569.0, 556.0, 2609.0], [567.0, 409.0, 2752.0], [566.0, 580.0, 2588.0], [565.0, 560.0, 2615.0], [564.0, 660.0, 2448.0], [564.0, 498.0, 2694.0], [564.0, 419.0, 2787.0], [563.0, 577.0, 2619.0], [562.0, 523.0, 2644.0], [562.0, 450.0, 2712.0], [560.0, 632.0, 2501.0], [560.0, 591.0, 2603.0], [558.0, 433.0, 2753.0], [558.0, 389.0, 2790.0], [557.0, 504.0, 2671.0], [557.0, 346.0, 2811.0], [553.0, 527.0, 2635.0], [553.0, 371.0, 2799.0], [552.0, 579.0, 2618.0], [552.0, 449.0, 2723.0], [551.0, 522.0, 2662.0], [550.0, 454.0, 2729.0], [549.0, 542.0, 2636.0], [549.0, 441.0, 2738.0], [546.0, 482.0, 2700.0], [545.0, 508.0, 2691.0], [545.0, 420.0, 2765.0], [544.0, 511.0, 2676.0], [544.0, 453.0, 2732.0], [543.0, 599.0, 2583.0], [543.0, 553.0, 2651.0], [543.0, 453.0, 2743.0], [543.0, 435.0, 2756.0], [541.0, 526.0, 2653.0], [541.0, 355.0, 2800.0], [539.0, 461.0, 2746.0], [539.0, 448.0, 2757.0], [539.0, 439.0, 2787.0], [538.0, 647.0, 2475.0], [537.0, 571.0, 2630.0], [537.0, 427.0, 2806.0], [535.0, 498.0, 2695.0], [535.0, 486.0, 2703.0], [535.0, 469.0, 2731.0], [534.0, 560.0, 2634.0], [533.0, 610.0, 2542.0], [533.0, 538.0, 2676.0], [533.0, 505.0, 2704.0], [533.0, 491.0, 2714.0], [531.0, 498.0, 2732.0], [531.0, 484.0, 2753.0], [530.0, 554.0, 2647.0], [530.0, 516.0, 2683.0], [530.0, 501.0, 2713.0], [529.0, 459.0, 2764.0], [528.0, 440.0, 2772.0], [528.0, 382.0, 2813.0], [526.0, 548.0, 2665.0], [525.0, 569.0, 2665.0], [525.0, 555.0, 2679.0], [525.0, 500.0, 2717.0], [523.0, 518.0, 2705.0], [522.0, 504.0, 2723.0], [522.0, 491.0, 2746.0], [521.0, 614.0, 2566.0], [521.0, 579.0, 2653.0], [520.0, 623.0, 2585.0], [520.0, 522.0, 2681.0], [520.0, 519.0, 2708.0], [519.0, 375.0, 2827.0], [517.0, 529.0, 2720.0], [516.0, 453.0, 2772.0], [515.0, 380.0, 2827.0], [513.0, 449.0, 2775.0], [512.0, 440.0, 2780.0], [511.0, 493.0, 2745.0], [510.0, 581.0, 2652.0], [509.0, 534.0, 2698.0], [509.0, 426.0, 2817.0], [508.0, 517.0, 2727.0], [508.0, 448.0, 2779.0], [508.0, 389.0, 2827.0], [505.0, 477.0, 2775.0], [502.0, 624.0, 2563.0], [502.0, 347.0, 2880.0], [500.0, 628.0, 2573.0], [500.0, 419.0, 2830.0], [495.0, 555.0, 2722.0], [495.0, 497.0, 2758.0], [492.0, 439.0, 2803.0], [492.0, 396.0, 2855.0], [491.0, 611.0, 2594.0], [489.0, 421.0, 2829.0], [488.0, 604.0, 2615.0], [486.0, 413.0, 2836.0], [485.0, 414.0, 2846.0], [481.0, 507.0, 2779.0], [481.0, 328.0, 2893.0], [479.0, 612.0, 2639.0], [478.0, 517.0, 2770.0], [478.0, 459.0, 2806.0], [476.0, 435.0, 2833.0], [475.0, 499.0, 2796.0], [470.0, 478.0, 2843.0], [465.0, 574.0, 2686.0], [465.0, 523.0, 2750.0], [465.0, 376.0, 2908.0], [462.0, 397.0, 2880.0], [457.0, 439.0, 2847.0], [456.0, 562.0, 2707.0], [456.0, 516.0, 2775.0], [445.0, 360.0, 2917.0], [443.0, 401.0, 2894.0], [442.0, 524.0, 2754.0], [435.0, 409.0, 2892.0], [432.0, 524.0, 2780.0], [432.0, 423.0, 2876.0], [424.0, 494.0, 2836.0], [421.0, 508.0, 2820.0], [380.0, 410.0, 2961.0]]
