heur = false
LBS_limit = 3
preproc = 0
tight_root = 0
total_time = 2.95
NDP = 133
total_nodes = 1675
pruned_nodes = 838
pruned_dominance_nodes = 113
heur_time = 0.0
Y_N = Any[[362.0, 248.0, 750.0], [341.0, 165.0, 797.0], [340.0, 196.0, 756.0], [337.0, 196.0, 816.0], [336.0, 167.0, 855.0], [333.0, 199.0, 826.0], [312.0, 124.0, 868.0], [311.0, 141.0, 915.0], [309.0, 308.0, 700.0], [308.0, 211.0, 800.0], [307.0, 202.0, 853.0], [306.0, 143.0, 857.0], [306.0, 87.0, 969.0], [305.0, 127.0, 938.0], [304.0, 144.0, 869.0], [303.0, 213.0, 858.0], [303.0, 143.0, 917.0], [299.0, 146.0, 927.0], [293.0, 275.0, 754.0], [289.0, 279.0, 745.0], [288.0, 277.0, 812.0], [286.0, 159.0, 922.0], [284.0, 236.0, 868.0], [280.0, 240.0, 859.0], [279.0, 162.0, 876.0], [278.0, 161.0, 924.0], [276.0, 201.0, 912.0], [274.0, 230.0, 872.0], [274.0, 178.0, 915.0], [274.0, 164.0, 934.0], [273.0, 133.0, 972.0], [270.0, 181.0, 925.0], [264.0, 207.0, 913.0], [263.0, 186.0, 923.0], [262.0, 160.0, 959.0], [259.0, 312.0, 810.0], [259.0, 242.0, 869.0], [258.0, 197.0, 926.0], [258.0, 165.0, 969.0], [257.0, 196.0, 928.0], [255.0, 245.0, 879.0], [255.0, 201.0, 925.0], [251.0, 275.0, 857.0], [251.0, 205.0, 916.0], [251.0, 204.0, 935.0], [251.0, 149.0, 978.0], [250.0, 160.0, 973.0], [250.0, 158.0, 975.0], [250.0, 120.0, 1017.0], [247.0, 208.0, 926.0], [247.0, 152.0, 988.0], [245.0, 168.0, 967.0], [243.0, 206.0, 937.0], [242.0, 109.0, 1037.0], [241.0, 163.0, 982.0], [240.0, 114.0, 1021.0], [239.0, 154.0, 990.0], [235.0, 172.0, 970.0], [235.0, 158.0, 989.0], [233.0, 165.0, 984.0], [233.0, 124.0, 1031.0], [231.0, 199.0, 969.0], [231.0, 175.0, 980.0], [230.0, 303.0, 862.0], [229.0, 206.0, 962.0], [229.0, 168.0, 994.0], [229.0, 124.0, 1040.0], [227.0, 173.0, 991.0], [226.0, 223.0, 923.0], [225.0, 127.0, 1050.0], [223.0, 177.0, 982.0], [222.0, 226.0, 933.0], [221.0, 193.0, 973.0], [219.0, 136.0, 1038.0], [217.0, 96.0, 1079.0], [215.0, 195.0, 980.0], [214.0, 270.0, 916.0], [214.0, 241.0, 935.0], [213.0, 99.0, 1089.0], [210.0, 274.0, 907.0], [210.0, 189.0, 988.0], [208.0, 205.0, 975.0], [206.0, 233.0, 963.0], [206.0, 231.0, 965.0], [205.0, 128.0, 1070.0], [204.0, 200.0, 982.0], [204.0, 159.0, 1029.0], [203.0, 171.0, 1021.0], [202.0, 164.0, 1026.0], [200.0, 207.0, 977.0], [200.0, 203.0, 992.0], [200.0, 168.0, 1022.0], [198.0, 167.0, 1036.0], [196.0, 210.0, 987.0], [196.0, 187.0, 1011.0], [195.0, 114.0, 1076.0], [194.0, 212.0, 980.0], [194.0, 154.0, 1045.0], [192.0, 170.0, 1024.0], [190.0, 169.0, 1038.0], [188.0, 173.0, 1034.0], [186.0, 133.0, 1075.0], [181.0, 79.0, 1129.0], [180.0, 307.0, 856.0], [177.0, 266.0, 963.0], [176.0, 151.0, 1079.0], [176.0, 87.0, 1141.0], [173.0, 91.0, 1135.0], [172.0, 131.0, 1104.0], [172.0, 90.0, 1151.0], [171.0, 268.0, 970.0], [164.0, 111.0, 1137.0], [163.0, 157.0, 1092.0], [152.0, 194.0, 1015.0], [151.0, 239.0, 1015.0], [151.0, 187.0, 1066.0], [147.0, 77.0, 1193.0], [142.0, 188.0, 1019.0], [141.0, 188.0, 1084.0], [137.0, 152.0, 1119.0], [136.0, 190.0, 1026.0], [129.0, 194.0, 1032.0], [129.0, 164.0, 1125.0], [121.0, 159.0, 1129.0], [120.0, 184.0, 1127.0], [113.0, 114.0, 1133.0], [110.0, 178.0, 1131.0], [107.0, 72.0, 1233.0], [94.0, 86.0, 1181.0], [86.0, 221.0, 1067.0], [85.0, 106.0, 1183.0], [56.0, 141.0, 1181.0], [51.0, 143.0, 1239.0]]
