heur = false
LBS_limit = 3
preproc = 0
tight_root = 0
total_time = 1800.0
NDP = 87
total_nodes = 869913
pruned_nodes = 434927
pruned_dominance_nodes = 131587
heur_time = 0.0
Y_N = Any[[3358.0, 2104.0], [3326.0, 2175.0], [3283.0, 2327.0], [3225.0, 2374.0], [3201.0, 2395.0], [3192.0, 2401.0], [3184.0, 2477.0], [3176.0, 2549.0], [3161.0, 2553.0], [3118.0, 2601.0], [3112.0, 2608.0], [3082.0, 2616.0], [3074.0, 2625.0], [3073.0, 2631.0], [3067.0, 2646.0], [3060.0, 2651.0], [3059.0, 2724.0], [3057.0, 2742.0], [3023.0, 2768.0], [2999.0, 2777.0], [2998.0, 2802.0], [2993.0, 2822.0], [2970.0, 2846.0], [2954.0, 2865.0], [2948.0, 2877.0], [2932.0, 2898.0], [2925.0, 2918.0], [2924.0, 2945.0], [2913.0, 2972.0], [2896.0, 2999.0], [2865.0, 3036.0], [2864.0, 3041.0], [2824.0, 3053.0], [2820.0, 3054.0], [2816.0, 3064.0], [2812.0, 3078.0], [2803.0, 3085.0], [2796.0, 3098.0], [2792.0, 3107.0], [2787.0, 3124.0], [2784.0, 3133.0], [2761.0, 3172.0], [2740.0, 3182.0], [2734.0, 3186.0], [2722.0, 3187.0], [2719.0, 3201.0], [2703.0, 3216.0], [2700.0, 3241.0], [2681.0, 3245.0], [2675.0, 3264.0], [2666.0, 3287.0], [2649.0, 3294.0], [2648.0, 3321.0], [2630.0, 3338.0], [2623.0, 3364.0], [2595.0, 3383.0], [2585.0, 3407.0], [2554.0, 3435.0], [2547.0, 3442.0], [2529.0, 3475.0], [2511.0, 3477.0], [2500.0, 3490.0], [2485.0, 3491.0], [2483.0, 3508.0], [2477.0, 3514.0], [2471.0, 3526.0], [2463.0, 3529.0], [2452.0, 3531.0], [2443.0, 3537.0], [2439.0, 3559.0], [2417.0, 3568.0], [2405.0, 3599.0], [2387.0, 3602.0], [2385.0, 3616.0], [2360.0, 3670.0], [2355.0, 3689.0], [2311.0, 3693.0], [2305.0, 3729.0], [2276.0, 3775.0], [2237.0, 3778.0], [2226.0, 3785.0], [2223.0, 3818.0], [2184.0, 3843.0], [2155.0, 3870.0], [2077.0, 3899.0], [2040.0, 3916.0], [1921.0, 4005.0]]
