heur = false
LBS_limit = 3
preproc = 0
tight_root = 0
total_time = 205.0
NDP = 68
total_nodes = 107385
pruned_nodes = 53693
pruned_dominance_nodes = 142
heur_time = 0.0
Y_N = Any[[822.0, 109.0], [749.0, 220.0], [732.0, 297.0], [680.0, 311.0], [674.0, 330.0], [671.0, 332.0], [668.0, 341.0], [663.0, 364.0], [662.0, 379.0], [621.0, 396.0], [619.0, 417.0], [601.0, 432.0], [584.0, 434.0], [583.0, 469.0], [567.0, 484.0], [560.0, 485.0], [543.0, 490.0], [539.0, 506.0], [537.0, 533.0], [523.0, 539.0], [521.0, 574.0], [494.0, 575.0], [490.0, 583.0], [487.0, 588.0], [485.0, 600.0], [480.0, 610.0], [451.0, 621.0], [449.0, 624.0], [444.0, 627.0], [443.0, 655.0], [425.0, 660.0], [422.0, 672.0], [406.0, 680.0], [394.0, 699.0], [393.0, 708.0], [368.0, 709.0], [365.0, 718.0], [364.0, 735.0], [363.0, 752.0], [340.0, 755.0], [329.0, 758.0], [328.0, 759.0], [326.0, 774.0], [317.0, 781.0], [315.0, 782.0], [312.0, 812.0], [291.0, 825.0], [284.0, 828.0], [279.0, 846.0], [259.0, 866.0], [247.0, 878.0], [229.0, 895.0], [227.0, 907.0], [213.0, 928.0], [190.0, 944.0], [166.0, 959.0], [153.0, 965.0], [140.0, 969.0], [116.0, 975.0], [114.0, 991.0], [91.0, 993.0], [85.0, 994.0], [74.0, 995.0], [66.0, 996.0], [64.0, 997.0], [59.0, 998.0], [48.0, 999.0], [21.0, 1000.0]]
