heur = false
LBS_limit = 3
preproc = 0
tight_root = 0
total_time = 156.35
NDP = 59
total_nodes = 94503
pruned_nodes = 47252
pruned_dominance_nodes = 1346
heur_time = 0.0
Y_N = Any[[832.0, 593.0], [818.0, 704.0], [792.0, 714.0], [775.0, 716.0], [768.0, 735.0], [765.0, 777.0], [731.0, 790.0], [723.0, 811.0], [719.0, 828.0], [706.0, 830.0], [691.0, 848.0], [687.0, 855.0], [686.0, 862.0], [685.0, 881.0], [683.0, 895.0], [679.0, 896.0], [663.0, 906.0], [649.0, 917.0], [644.0, 958.0], [615.0, 979.0], [611.0, 1034.0], [568.0, 1059.0], [537.0, 1065.0], [527.0, 1091.0], [526.0, 1100.0], [518.0, 1105.0], [508.0, 1107.0], [505.0, 1108.0], [500.0, 1141.0], [490.0, 1168.0], [472.0, 1174.0], [449.0, 1196.0], [444.0, 1233.0], [373.0, 1243.0], [367.0, 1249.0], [365.0, 1257.0], [354.0, 1259.0], [353.0, 1262.0], [340.0, 1270.0], [335.0, 1272.0], [332.0, 1285.0], [320.0, 1287.0], [308.0, 1298.0], [306.0, 1312.0], [283.0, 1338.0], [272.0, 1347.0], [247.0, 1359.0], [241.0, 1368.0], [219.0, 1371.0], [213.0, 1381.0], [200.0, 1382.0], [192.0, 1421.0], [170.0, 1434.0], [131.0, 1462.0], [104.0, 1470.0], [56.0, 1474.0], [53.0, 1477.0], [51.0, 1479.0], [19.0, 1488.0]]
