heur = false
LBS_limit = 3
preproc = 0
tight_root = 0
total_time = 6.06
NDP = 35
total_nodes = 4121
pruned_nodes = 2061
pruned_dominance_nodes = 3
heur_time = 0.0
Y_N = Any[[514.0, 49.0], [498.0, 67.0], [483.0, 118.0], [480.0, 122.0], [465.0, 156.0], [452.0, 161.0], [433.0, 185.0], [423.0, 188.0], [410.0, 206.0], [406.0, 231.0], [391.0, 296.0], [390.0, 299.0], [339.0, 309.0], [336.0, 317.0], [330.0, 336.0], [328.0, 347.0], [322.0, 371.0], [313.0, 373.0], [304.0, 388.0], [282.0, 415.0], [259.0, 431.0], [233.0, 457.0], [228.0, 476.0], [215.0, 485.0], [199.0, 492.0], [165.0, 527.0], [158.0, 531.0], [125.0, 541.0], [112.0, 546.0], [107.0, 569.0], [91.0, 576.0], [88.0, 583.0], [72.0, 589.0], [45.0, 599.0], [-0.0, 600.0]]
