heur = false
LBS_limit = 3
preproc = 0
tight_root = 0
total_time = 79.65
NDP = 59
total_nodes = 58025
pruned_nodes = 29013
pruned_dominance_nodes = 875
heur_time = 0.0
Y_N = Any[[1356.0, 578.0], [1336.0, 600.0], [1329.0, 617.0], [1314.0, 634.0], [1294.0, 700.0], [1283.0, 745.0], [1249.0, 754.0], [1247.0, 789.0], [1245.0, 795.0], [1230.0, 804.0], [1223.0, 812.0], [1211.0, 813.0], [1203.0, 825.0], [1199.0, 828.0], [1193.0, 842.0], [1182.0, 879.0], [1178.0, 913.0], [1158.0, 945.0], [1117.0, 946.0], [1116.0, 995.0], [1090.0, 1011.0], [1081.0, 1073.0], [1027.0, 1081.0], [1021.0, 1090.0], [1016.0, 1091.0], [1013.0, 1143.0], [994.0, 1161.0], [993.0, 1163.0], [975.0, 1177.0], [968.0, 1188.0], [939.0, 1195.0], [931.0, 1210.0], [926.0, 1222.0], [919.0, 1240.0], [909.0, 1247.0], [896.0, 1256.0], [889.0, 1269.0], [885.0, 1295.0], [863.0, 1327.0], [857.0, 1366.0], [828.0, 1368.0], [824.0, 1383.0], [795.0, 1388.0], [785.0, 1389.0], [773.0, 1395.0], [766.0, 1424.0], [756.0, 1437.0], [751.0, 1463.0], [743.0, 1468.0], [729.0, 1487.0], [694.0, 1511.0], [679.0, 1534.0], [644.0, 1551.0], [623.0, 1576.0], [614.0, 1581.0], [564.0, 1598.0], [552.0, 1613.0], [528.0, 1646.0], [523.0, 1669.0]]
