heur = false
LBS_limit = 3
preproc = 0
tight_root = 0
total_time = 1800.0
NDP = 70
total_nodes = 717921
pruned_nodes = 358926
pruned_dominance_nodes = 12467
heur_time = 0.0
Y_N = Any[[1135.0, 312.0], [1105.0, 338.0], [1088.0, 346.0], [1084.0, 393.0], [1071.0, 399.0], [1069.0, 415.0], [1068.0, 419.0], [1065.0, 460.0], [1053.0, 508.0], [1051.0, 524.0], [1043.0, 527.0], [1013.0, 566.0], [1002.0, 601.0], [975.0, 603.0], [973.0, 623.0], [964.0, 653.0], [956.0, 692.0], [933.0, 703.0], [915.0, 719.0], [914.0, 743.0], [895.0, 764.0], [891.0, 767.0], [889.0, 771.0], [887.0, 776.0], [886.0, 791.0], [876.0, 810.0], [856.0, 838.0], [839.0, 851.0], [837.0, 855.0], [835.0, 862.0], [829.0, 866.0], [822.0, 872.0], [816.0, 880.0], [801.0, 889.0], [793.0, 903.0], [786.0, 923.0], [785.0, 932.0], [771.0, 970.0], [744.0, 981.0], [729.0, 999.0], [713.0, 1001.0], [712.0, 1025.0], [700.0, 1030.0], [693.0, 1032.0], [689.0, 1062.0], [672.0, 1073.0], [659.0, 1077.0], [655.0, 1082.0], [651.0, 1090.0], [649.0, 1092.0], [643.0, 1102.0], [635.0, 1114.0], [634.0, 1115.0], [626.0, 1119.0], [616.0, 1130.0], [615.0, 1140.0], [599.0, 1141.0], [588.0, 1155.0], [578.0, 1192.0], [552.0, 1225.0], [508.0, 1236.0], [507.0, 1248.0], [492.0, 1266.0], [476.0, 1276.0], [457.0, 1296.0], [453.0, 1312.0], [433.0, 1339.0], [389.0, 1349.0], [357.0, 1351.0], [344.0, 1368.0]]
