heur = false
LBS_limit = 3
preproc = 0
tight_root = 0
total_time = 1800.0
NDP = 105
total_nodes = 659333
pruned_nodes = 329633
pruned_dominance_nodes = 108583
heur_time = 0.0
Y_N = Any[[3538.0, 3184.0], [3475.0, 3235.0], [3458.0, 3248.0], [3445.0, 3325.0], [3416.0, 3349.0], [3402.0, 3365.0], [3387.0, 3415.0], [3358.0, 3434.0], [3352.0, 3437.0], [3336.0, 3465.0], [3330.0, 3497.0], [3279.0, 3513.0], [3269.0, 3515.0], [3267.0, 3542.0], [3260.0, 3593.0], [3245.0, 3600.0], [3225.0, 3611.0], [3209.0, 3668.0], [3207.0, 3678.0], [3181.0, 3695.0], [3160.0, 3739.0], [3149.0, 3747.0], [3148.0, 3760.0], [3122.0, 3767.0], [3116.0, 3776.0], [3111.0, 3786.0], [3108.0, 3790.0], [3106.0, 3799.0], [3084.0, 3816.0], [3077.0, 3824.0], [3067.0, 3850.0], [3054.0, 3886.0], [3030.0, 3930.0], [3009.0, 3932.0], [2998.0, 3939.0], [2993.0, 3962.0], [2974.0, 3981.0], [2968.0, 3996.0], [2944.0, 4006.0], [2943.0, 4013.0], [2930.0, 4018.0], [2928.0, 4037.0], [2912.0, 4065.0], [2882.0, 4073.0], [2880.0, 4094.0], [2856.0, 4132.0], [2818.0, 4162.0], [2817.0, 4177.0], [2790.0, 4179.0], [2773.0, 4208.0], [2754.0, 4212.0], [2746.0, 4225.0], [2744.0, 4244.0], [2733.0, 4247.0], [2727.0, 4251.0], [2722.0, 4273.0], [2701.0, 4276.0], [2692.0, 4289.0], [2683.0, 4313.0], [2678.0, 4323.0], [2654.0, 4337.0], [2642.0, 4352.0], [2623.0, 4385.0], [2607.0, 4393.0], [2604.0, 4404.0], [2577.0, 4430.0], [2558.0, 4443.0], [2551.0, 4461.0], [2542.0, 4492.0], [2495.0, 4503.0], [2481.0, 4507.0], [2474.0, 4523.0], [2458.0, 4533.0], [2447.0, 4545.0], [2435.0, 4592.0], [2416.0, 4603.0], [2376.0, 4635.0], [2373.0, 4648.0], [2321.0, 4649.0], [2317.0, 4665.0], [2314.0, 4668.0], [2313.0, 4704.0], [2305.0, 4720.0], [2262.0, 4734.0], [2219.0, 4739.0], [2214.0, 4750.0], [2198.0, 4754.0], [2190.0, 4758.0], [2188.0, 4780.0], [2185.0, 4790.0], [2177.0, 4792.0], [2150.0, 4802.0], [2130.0, 4849.0], [2092.0, 4875.0], [2066.0, 4907.0], [2018.0, 4924.0], [2002.0, 4930.0], [1999.0, 4947.0], [1991.0, 4971.0], [1973.0, 4975.0], [1960.0, 5000.0], [1932.0, 5006.0], [1910.0, 5007.0], [1863.0, 5037.0], [1835.0, 5101.0]]
