n = 25
density = 100
Q1 = [56 0 0 0 0 0 0 0 0 0 0 0 0 0 0 0 0 0 0 0 0 0 0 0 0; 4 45 0 0 0 0 0 0 0 0 0 0 0 0 0 0 0 0 0 0 0 0 0 0 0; 12 87 64 0 0 0 0 0 0 0 0 0 0 0 0 0 0 0 0 0 0 0 0 0 0; 91 8 10 65 0 0 0 0 0 0 0 0 0 0 0 0 0 0 0 0 0 0 0 0 0; 41 100 81 46 64 0 0 0 0 0 0 0 0 0 0 0 0 0 0 0 0 0 0 0 0; 55 84 79 2 50 37 0 0 0 0 0 0 0 0 0 0 0 0 0 0 0 0 0 0 0; 15 41 14 62 28 71 15 0 0 0 0 0 0 0 0 0 0 0 0 0 0 0 0 0 0; 86 83 18 99 6 43 78 5 0 0 0 0 0 0 0 0 0 0 0 0 0 0 0 0 0; 10 32 92 89 81 73 87 11 99 0 0 0 0 0 0 0 0 0 0 0 0 0 0 0 0; 29 38 15 42 67 26 43 1 98 12 0 0 0 0 0 0 0 0 0 0 0 0 0 0 0; 50 4 56 84 69 67 75 72 75 68 19 0 0 0 0 0 0 0 0 0 0 0 0 0 0; 24 9 62 51 89 73 87 53 84 76 49 88 0 0 0 0 0 0 0 0 0 0 0 0 0; 39 55 44 41 62 41 92 28 20 11 26 41 27 0 0 0 0 0 0 0 0 0 0 0 0; 78 98 47 30 92 94 31 8 13 85 25 83 65 73 0 0 0 0 0 0 0 0 0 0 0; 100 62 72 67 13 11 52 93 40 25 96 13 86 83 99 0 0 0 0 0 0 0 0 0 0; 53 21 36 91 33 26 15 64 75 93 84 66 29 83 93 37 0 0 0 0 0 0 0 0 0; 34 65 15 41 47 89 75 33 6 90 79 18 40 71 74 3 93 0 0 0 0 0 0 0 0; 36 68 27 64 65 46 96 27 17 24 79 96 29 69 24 11 20 70 0 0 0 0 0 0 0; 37 84 75 43 67 68 11 46 86 57 3 2 84 26 86 20 23 62 81 0 0 0 0 0 0; 81 39 93 5 61 27 14 8 65 83 98 82 97 23 8 29 46 50 43 32 0 0 0 0 0; 8 25 94 95 91 38 46 36 79 19 66 33 32 30 82 83 21 11 20 61 83 0 0 0 0; 59 73 44 21 48 44 38 42 9 53 11 44 17 39 34 46 33 95 37 43 45 77 0 0 0; 11 61 100 69 69 87 48 67 6 79 88 97 88 27 93 93 94 53 81 25 93 86 18 0 0; 3 25 12 94 26 20 37 65 12 64 8 86 98 33 24 63 85 38 17 71 62 69 72 68 0; 4 100 10 86 99 73 8 21 16 87 71 22 21 31 40 1 35 22 61 50 6 16 67 84 65]
w = [18, 6, 14, 43, 40, 24, 26, 26, 38, 21, 8, 38, 39, 6, 36, 10, 11, 7, 3, 1, 5, 28, 25, 24, 1]
W = 67
k = 3
inst_name = "QKP_25_100_100" 
feasible = true 
Q2 = [11 0 0 0 0 0 0 0 0 0 0 0 0 0 0 0 0 0 0 0 0 0 0 0 0; 98 71 0 0 0 0 0 0 0 0 0 0 0 0 0 0 0 0 0 0 0 0 0 0 0; 95 9 2 0 0 0 0 0 0 0 0 0 0 0 0 0 0 0 0 0 0 0 0 0 0; 9 92 99 8 0 0 0 0 0 0 0 0 0 0 0 0 0 0 0 0 0 0 0 0 0; 60 0 7 69 6 0 0 0 0 0 0 0 0 0 0 0 0 0 0 0 0 0 0 0 0; 29 4 3 100 17 79 0 0 0 0 0 0 0 0 0 0 0 0 0 0 0 0 0 0 0; 89 75 97 17 84 20 97 0 0 0 0 0 0 0 0 0 0 0 0 0 0 0 0 0 0; 4 4 87 1 97 81 18 95 0 0 0 0 0 0 0 0 0 0 0 0 0 0 0 0 0; 97 70 0 7 5 8 8 92 0 0 0 0 0 0 0 0 0 0 0 0 0 0 0 0 0; 80 94 99 77 14 81 89 99 0 91 0 0 0 0 0 0 0 0 0 0 0 0 0 0 0; 5 96 11 16 15 21 5 10 22 9 97 0 0 0 0 0 0 0 0 0 0 0 0 0 0; 84 100 25 12 8 15 6 36 1 21 78 12 0 0 0 0 0 0 0 0 0 0 0 0 0; 71 17 75 65 10 85 6 76 80 91 79 63 94 0 0 0 0 0 0 0 0 0 0 0 0; 17 2 57 87 5 6 92 97 91 4 99 10 32 15 0 0 0 0 0 0 0 0 0 0 0; 0 37 0 22 100 97 12 2 74 78 3 95 1 15 0 0 0 0 0 0 0 0 0 0 0; 37 95 88 9 74 100 97 29 6 0 4 22 91 4 2 64 0 0 0 0 0 0 0 0 0; 96 22 100 71 72 1 5 99 100 6 15 93 72 17 20 97 7 0 0 0 0 0 0 0 0; 88 28 91 4 6 59 1 77 89 77 13 4 91 28 93 92 89 3 0 0 0 0 0 0 0; 78 7 5 99 29 20 98 84 9 35 99 98 9 93 8 92 83 5 17 0 0 0 0 0 0; 6 96 5 98 17 92 95 100 12 3 0 8 0 100 97 100 57 39 81 78 0 0 0 0 0; 94 95 0 5 8 65 73 82 6 85 0 86 76 98 13 3 94 94 93 32 1 0 0 0 0; 10 25 71 96 60 84 73 84 91 13 90 56 98 62 70 56 92 1 90 62 76 1 0 0 0; 96 12 0 15 2 10 79 10 99 21 12 0 12 80 1 7 1 2 11 93 5 7 95 0 0; 99 78 98 0 84 91 97 3 96 10 95 13 1 93 99 10 6 79 89 4 10 27 26 19 0; 100 0 95 3 1 6 95 93 93 5 14 82 86 97 82 99 81 98 20 13 97 99 26 10 4]
Q3 = [92 0 0 0 0 0 0 0 0 0 0 0 0 0 0 0 0 0 0 0 0 0 0 0 0; 16 9 0 0 0 0 0 0 0 0 0 0 0 0 0 0 0 0 0 0 0 0 0 0 0; 20 31 81 0 0 0 0 0 0 0 0 0 0 0 0 0 0 0 0 0 0 0 0 0 0; 39 0 30 15 0 0 0 0 0 0 0 0 0 0 0 0 0 0 0 0 0 0 0 0 0; 1 6 20 9 84 0 0 0 0 0 0 0 0 0 0 0 0 0 0 0 0 0 0 0 0; 38 16 8 35 98 11 0 0 0 0 0 0 0 0 0 0 0 0 0 0 0 0 0 0 0; 12 10 24 28 13 34 23 0 0 0 0 0 0 0 0 0 0 0 0 0 0 0 0 0 0; 16 14 11 25 22 10 37 1 0 0 0 0 0 0 0 0 0 0 0 0 0 0 0 0 0; 24 3 5 29 14 19 29 10 2 0 0 0 0 0 0 0 0 0 0 0 0 0 0 0 0; 10 9 26 10 27 9 8 6 4 9 0 0 0 0 0 0 0 0 0 0 0 0 0 0 0; 93 7 92 42 29 34 12 21 40 18 22 0 0 0 0 0 0 0 0 0 0 0 0 0 0; 12 32 36 95 32 30 24 40 4 40 8 41 0 0 0 0 0 0 0 0 0 0 0 0 0; 8 27 10 5 20 10 32 5 0 9 7 4 16 0 0 0 0 0 0 0 0 0 0 0 0; 37 36 3 14 26 39 14 24 11 16 18 28 41 30 0 0 0 0 0 0 0 0 0 0 0; 33 41 2 35 28 25 95 13 10 4 35 20 5 38 8 0 0 0 0 0 0 0 0 0 0; 41 20 12 41 7 16 23 39 16 5 14 34 15 13 14 1 0 0 0 0 0 0 0 0 0; 11 35 27 8 9 8 13 10 35 26 35 20 9 31 37 0 39 0 0 0 0 0 0 0 0; 12 40 16 83 12 4 17 6 13 2 31 36 15 40 18 11 15 7 0 0 0 0 0 0 0; 11 22 13 0 40 34 25 8 31 41 22 9 28 17 26 18 10 84 40 0 0 0 0 0 0; 19 7 28 24 28 16 20 34 23 11 1 24 6 19 23 13 3 42 10 10 0 0 0 0 0; 11 18 3 38 36 3 10 12 18 8 77 13 8 13 35 11 19 18 18 40 5 0 0 0 0; 90 40 9 20 6 9 9 10 3 94 5 0 23 1 5 2 13 12 11 4 10 5 0 0 0; 21 21 3 28 6 34 9 20 30 41 40 5 41 9 7 42 7 90 28 18 31 24 21 0 0; 28 5 26 2 12 16 8 80 22 18 13 39 26 13 18 20 22 11 12 11 19 39 40 32 0; 37 4 18 12 36 15 15 18 18 19 28 7 12 13 11 9 12 20 32 95 22 25 39 30 81]
