n = 20
density = 75
Q1 = [0 0 0 0 0 0 0 0 0 0 0 0 0 0 0 0 0 0 0 0; 36 0 0 0 0 0 0 0 0 0 0 0 0 0 0 0 0 0 0 0; 138 0 173 0 0 0 0 0 0 0 0 0 0 0 0 0 0 0 0 0; 35 65 32 48 0 0 0 0 0 0 0 0 0 0 0 0 0 0 0 0; 47 0 5 72 17 0 0 0 0 0 0 0 0 0 0 0 0 0 0 0; 77 0 0 49 138 109 0 0 0 0 0 0 0 0 0 0 0 0 0 0; 101 0 66 156 0 52 26 0 0 0 0 0 0 0 0 0 0 0 0 0; 117 3 105 151 187 49 116 37 0 0 0 0 0 0 0 0 0 0 0 0; 35 0 92 154 159 0 75 75 9 0 0 0 0 0 0 0 0 0 0 0; 94 81 45 79 68 62 28 53 0 0 0 0 0 0 0 0 0 0 0 0; 22 80 0 78 196 0 137 0 62 0 0 0 0 0 0 0 0 0 0 0; 59 116 147 75 0 0 22 0 0 99 61 75 0 0 0 0 0 0 0 0; 103 0 0 130 0 83 66 0 77 0 124 0 165 0 0 0 0 0 0 0; 75 178 156 77 0 0 28 52 131 67 18 70 132 147 0 0 0 0 0 0; 0 82 146 0 4 50 52 17 70 79 70 70 169 0 51 0 0 0 0 0; 185 53 0 0 38 143 165 17 32 127 124 147 162 157 162 131 0 0 0 0; 48 0 63 113 0 81 10 76 0 0 149 54 19 33 0 187 68 0 0 0; 107 165 10 20 0 71 0 146 172 0 12 17 168 177 140 134 0 11 0 0; 0 0 17 110 134 137 193 182 146 35 101 77 178 0 0 120 0 160 0 0; 0 6 45 46 0 18 53 0 164 0 0 0 0 0 0 0 31 142 89 0]
w = [80, 10, 35, 7, 12, 79, 63, 67, 23, 55, 35, 95, 32, 68, 19, 98, 26, 69, 21, 65]
W = 67
k = 3
inst_name = "QKP_20_200_75" 
feasible = true 
Q2 = [196 0 0 0 0 0 0 0 0 0 0 0 0 0 0 0 0 0 0 0; 164 196 0 0 0 0 0 0 0 0 0 0 0 0 0 0 0 0 0 0; 55 196 3 0 0 0 0 0 0 0 0 0 0 0 0 0 0 0 0 0; 178 160 186 170 0 0 0 0 0 0 0 0 0 0 0 0 0 0 0 0; 189 196 193 172 184 0 0 0 0 0 0 0 0 0 0 0 0 0 0 0; 128 196 196 161 51 60 0 0 0 0 0 0 0 0 0 0 0 0 0 0; 54 196 154 18 196 191 186 0 0 0 0 0 0 0 0 0 0 0 0 0; 12 196 29 15 8 160 79 184 0 0 0 0 0 0 0 0 0 0 0 0; 174 196 154 8 20 196 192 149 192 0 0 0 0 0 0 0 0 0 0 0; 168 140 176 168 189 147 191 181 196 196 0 0 0 0 0 0 0 0 0 0; 191 178 196 182 0 196 47 196 192 196 196 0 0 0 0 0 0 0 0 0; 154 64 22 162 196 196 175 196 196 14 178 145 0 0 0 0 0 0 0 0; 6 196 196 33 196 192 131 196 134 196 32 196 14 0 0 0 0 0 0 0; 138 7 8 132 196 196 179 186 56 176 196 138 42 4 0 0 0 0 0 0; 196 143 0 196 192 189 175 179 168 187 190 136 21 196 149 0 0 0 0 0; 8 174 196 196 185 50 15 194 174 32 69 38 25 2 15 62 0 0 0 0; 193 196 137 58 196 144 190 158 196 196 10 161 179 186 196 5 162 0 0 0; 43 17 189 179 196 176 196 7 19 196 186 187 13 18 36 3 196 193 0 0; 196 196 185 27 1 11 0 0 20 182 38 160 15 196 196 60 196 21 196 0; 196 195 171 153 196 196 165 196 9 196 196 196 196 196 196 196 194 31 149 196]
Q3 = [37 0 0 0 0 0 0 0 0 0 0 0 0 0 0 0 0 0 0 0; 9 14 0 0 0 0 0 0 0 0 0 0 0 0 0 0 0 0 0 0; 78 2 14 0 0 0 0 0 0 0 0 0 0 0 0 0 0 0 0 0; 30 22 40 27 0 0 0 0 0 0 0 0 0 0 0 0 0 0 0 0; 34 40 35 21 22 0 0 0 0 0 0 0 0 0 0 0 0 0 0 0; 8 55 38 18 75 73 0 0 0 0 0 0 0 0 0 0 0 0 0 0; 68 70 20 47 0 29 39 0 0 0 0 0 0 0 0 0 0 0 0 0; 166 62 184 36 70 18 79 37 0 0 0 0 0 0 0 0 0 0 0 0; 25 66 16 22 52 24 8 19 41 0 0 0 0 0 0 0 0 0 0 0; 9 16 30 18 17 14 46 29 26 79 0 0 0 0 0 0 0 0 0 0; 47 13 53 13 54 48 73 13 20 74 62 0 0 0 0 0 0 0 0 0; 18 76 47 21 24 30 4 56 38 178 25 17 0 0 0 0 0 0 0 0; 173 61 25 55 70 0 1 65 12 24 53 23 44 0 0 0 0 0 0 0; 14 35 23 11 40 23 27 30 76 23 61 12 66 10 0 0 0 0 0 0; 44 18 0 67 6 31 28 1 22 8 14 10 66 72 5 0 0 0 0 0; 60 28 50 24 37 77 47 55 22 53 79 69 65 6 42 78 0 0 0 0; 32 12 5 73 48 18 28 21 47 37 26 21 9 39 13 44 22 0 0 0; 60 51 21 12 41 20 20 19 65 60 16 33 44 74 63 145 51 53 0 0; 29 64 24 181 143 25 16 1 43 35 54 20 69 60 73 75 29 54 69 0; 72 59 26 4 7 60 24 75 30 35 13 26 54 59 42 65 47 59 17 73]
