n = 20
density = 50
Q1 = [87 0 0 0 0 0 0 0 0 0 0 0 0 0 0 0 0 0 0 0; 0 0 0 0 0 0 0 0 0 0 0 0 0 0 0 0 0 0 0 0; 0 93 35 0 0 0 0 0 0 0 0 0 0 0 0 0 0 0 0 0; 0 0 0 78 0 0 0 0 0 0 0 0 0 0 0 0 0 0 0 0; 0 85 8 0 80 0 0 0 0 0 0 0 0 0 0 0 0 0 0 0; 0 12 0 62 0 99 0 0 0 0 0 0 0 0 0 0 0 0 0 0; 0 0 0 0 0 0 0 0 0 0 0 0 0 0 0 0 0 0 0 0; 0 29 50 56 77 0 67 0 0 0 0 0 0 0 0 0 0 0 0 0; 75 65 33 42 0 0 0 98 0 0 0 0 0 0 0 0 0 0 0 0; 0 13 0 61 29 0 11 0 96 0 0 0 0 0 0 0 0 0 0 0; 0 55 0 14 78 23 12 0 2 0 0 0 0 0 0 0 0 0 0 0; 0 69 0 60 0 85 15 0 0 0 0 0 0 0 0 0 0 0 0 0; 0 3 0 0 0 0 82 99 0 0 0 0 70 0 0 0 0 0 0 0; 7 0 47 72 27 0 0 0 0 0 0 0 67 79 0 0 0 0 0 0; 0 23 0 50 0 0 39 32 0 0 76 0 0 0 0 0 0 0 0 0; 9 97 22 0 0 82 61 0 82 2 75 52 0 50 71 0 0 0 0 0; 48 0 23 58 0 0 7 99 0 0 0 0 0 0 0 0 2 0 0 0; 38 13 14 0 99 0 0 0 0 0 29 73 60 0 0 0 0 30 0 0; 0 0 56 71 0 14 0 7 20 51 0 0 0 8 0 33 53 16 0 0; 0 0 42 0 0 62 0 39 69 0 74 89 99 18 21 0 0 0 4 0]
w = [27, 33, 10, 14, 21, 36, 47, 2, 4, 8, 12, 39, 25, 15, 42, 36, 4, 32, 40, 15]
W = 68
k = 5
inst_name = "QKP_20_100_50" 
feasible = true 
Q2 = [0 0 0 0 0 0 0 0 0 0 0 0 0 0 0 0 0 0 0 0; 99 99 0 0 0 0 0 0 0 0 0 0 0 0 0 0 0 0 0 0; 99 1 81 0 0 0 0 0 0 0 0 0 0 0 0 0 0 0 0 0; 99 99 99 1 0 0 0 0 0 0 0 0 0 0 0 0 0 0 0 0; 99 13 97 99 7 0 0 0 0 0 0 0 0 0 0 0 0 0 0 0; 99 95 99 13 99 0 0 0 0 0 0 0 0 0 0 0 0 0 0 0; 99 99 99 99 99 99 99 0 0 0 0 0 0 0 0 0 0 0 0 0; 99 87 20 41 22 99 9 99 0 0 0 0 0 0 0 0 0 0 0 0; 19 12 99 90 99 99 99 0 99 0 0 0 0 0 0 0 0 0 0 0; 99 98 99 22 79 99 89 99 3 99 0 0 0 0 0 0 0 0 0 0; 99 26 99 93 18 79 97 99 99 99 99 0 0 0 0 0 0 0 0 0; 99 10 99 29 99 12 98 99 99 99 99 99 0 0 0 0 0 0 0 0; 99 98 99 99 99 99 3 0 99 99 99 99 27 0 0 0 0 0 0 0; 96 99 93 22 80 99 99 99 99 99 99 99 13 9 0 0 0 0 0 0; 99 87 99 38 99 99 62 91 99 99 13 99 99 99 99 0 0 0 0 0; 96 2 87 99 99 3 15 99 11 99 24 7 99 25 9 99 0 0 0 0; 60 99 76 34 99 99 98 0 99 99 99 99 99 99 99 99 99 0 0 0; 94 97 89 99 0 99 99 99 99 99 83 26 4 99 99 99 99 75 0 0; 99 99 41 21 99 87 99 95 85 3 99 99 99 93 99 79 9 97 99 0; 99 99 74 99 99 34 99 66 5 99 14 5 0 89 87 99 99 99 99 99]
Q3 = [2 0 0 0 0 0 0 0 0 0 0 0 0 0 0 0 0 0 0 0; 27 7 0 0 0 0 0 0 0 0 0 0 0 0 0 0 0 0 0 0; 29 11 12 0 0 0 0 0 0 0 0 0 0 0 0 0 0 0 0 0; 27 8 6 3 0 0 0 0 0 0 0 0 0 0 0 0 0 0 0 0; 8 38 25 41 19 0 0 0 0 0 0 0 0 0 0 0 0 0 0 0; 41 22 37 23 24 13 0 0 0 0 0 0 0 0 0 0 0 0 0 0; 8 11 26 40 10 14 1 0 0 0 0 0 0 0 0 0 0 0 0 0; 7 14 28 41 40 37 19 20 0 0 0 0 0 0 0 0 0 0 0 0; 36 22 8 6 2 30 29 20 35 0 0 0 0 0 0 0 0 0 0 0; 3 26 6 33 10 12 5 19 37 40 0 0 0 0 0 0 0 0 0 0; 33 34 31 18 37 6 26 21 36 22 15 0 0 0 0 0 0 0 0 0; 0 21 9 38 35 36 26 35 24 23 22 5 0 0 0 0 0 0 0 0; 2 26 38 7 15 36 11 35 39 11 39 0 40 0 0 0 0 0 0 0; 20 22 0 37 10 13 22 12 13 39 34 7 25 24 0 0 0 0 0 0; 34 14 31 40 6 40 2 13 38 7 30 10 23 20 14 0 0 0 0 0; 22 37 13 16 4 10 25 35 31 33 40 90 41 33 19 37 0 0 0 0; 6 27 1 40 34 37 28 7 26 15 12 12 34 21 17 20 39 0 0 0; 7 26 11 39 25 27 37 28 34 39 12 41 82 12 23 12 41 8 0 0; 1 38 41 36 3 7 7 17 11 89 2 1 14 11 4 11 90 23 26 0; 17 26 9 25 34 41 34 6 11 0 29 22 21 15 14 25 18 6 35 7]
