n = 25
density = 50
Q1 = [98 0 0 0 0 0 0 0 0 0 0 0 0 0 0 0 0 0 0 0 0 0 0 0 0; 88 53 0 0 0 0 0 0 0 0 0 0 0 0 0 0 0 0 0 0 0 0 0 0 0; 53 0 55 0 0 0 0 0 0 0 0 0 0 0 0 0 0 0 0 0 0 0 0 0 0; 27 62 0 29 0 0 0 0 0 0 0 0 0 0 0 0 0 0 0 0 0 0 0 0 0; 75 67 22 31 36 0 0 0 0 0 0 0 0 0 0 0 0 0 0 0 0 0 0 0 0; 0 82 66 89 0 0 0 0 0 0 0 0 0 0 0 0 0 0 0 0 0 0 0 0 0; 0 44 52 81 6 0 0 0 0 0 0 0 0 0 0 0 0 0 0 0 0 0 0 0 0; 0 0 9 19 73 45 35 0 0 0 0 0 0 0 0 0 0 0 0 0 0 0 0 0 0; 27 0 77 35 0 0 59 0 0 0 0 0 0 0 0 0 0 0 0 0 0 0 0 0 0; 0 0 0 0 0 0 0 0 0 0 0 0 0 0 0 0 0 0 0 0 0 0 0 0 0; 0 85 94 28 0 0 0 95 53 0 41 0 0 0 0 0 0 0 0 0 0 0 0 0 0; 90 4 16 0 66 72 97 0 81 14 1 0 0 0 0 0 0 0 0 0 0 0 0 0 0; 0 0 4 0 67 0 79 0 0 0 61 0 46 0 0 0 0 0 0 0 0 0 0 0 0; 69 0 8 0 0 31 66 29 62 0 11 0 14 79 0 0 0 0 0 0 0 0 0 0 0; 0 22 14 0 0 0 0 76 40 82 0 0 0 0 24 0 0 0 0 0 0 0 0 0 0; 0 0 18 0 0 0 0 0 0 48 37 88 0 90 44 0 0 0 0 0 0 0 0 0 0; 0 63 23 0 18 0 85 91 0 98 0 61 0 74 34 31 0 0 0 0 0 0 0 0 0; 0 1 65 96 0 92 26 55 12 0 0 21 15 40 0 59 0 25 0 0 0 0 0 0 0; 0 24 0 73 0 0 56 16 0 0 0 0 36 59 0 0 39 0 91 0 0 0 0 0 0; 0 0 16 0 0 0 11 0 39 0 57 78 77 84 0 84 0 52 0 39 0 0 0 0 0; 0 27 0 78 78 0 28 0 71 30 0 65 37 0 0 46 14 66 71 0 21 0 0 0 0; 97 87 40 36 46 0 80 0 0 0 0 0 0 0 0 78 80 0 0 85 0 92 0 0 0; 0 62 0 0 0 0 0 0 0 3 0 0 0 4 70 0 0 0 0 42 0 0 75 0 0; 0 39 94 79 97 0 0 0 0 0 0 39 13 0 52 0 0 0 0 0 0 79 0 45 0; 98 68 0 78 0 0 0 49 34 48 39 0 0 0 0 0 0 97 0 0 0 0 0 10 0]
w = [38, 48, 7, 41, 37, 7, 5, 38, 9, 14, 10, 23, 12, 34, 26, 11, 45, 41, 45, 29, 31, 50, 37, 4, 13]
W = 64
k = 4
inst_name = "QKP_25_100_50" 
feasible = true 
Q2 = [0 0 0 0 0 0 0 0 0 0 0 0 0 0 0 0 0 0 0 0 0 0 0 0 0; 0 30 0 0 0 0 0 0 0 0 0 0 0 0 0 0 0 0 0 0 0 0 0 0 0; 32 98 17 0 0 0 0 0 0 0 0 0 0 0 0 0 0 0 0 0 0 0 0 0 0; 71 17 98 72 0 0 0 0 0 0 0 0 0 0 0 0 0 0 0 0 0 0 0 0 0; 11 2 80 93 91 0 0 0 0 0 0 0 0 0 0 0 0 0 0 0 0 0 0 0 0; 98 2 27 4 98 98 0 0 0 0 0 0 0 0 0 0 0 0 0 0 0 0 0 0 0; 98 97 23 3 93 98 98 0 0 0 0 0 0 0 0 0 0 0 0 0 0 0 0 0 0; 98 98 93 88 13 56 79 98 0 0 0 0 0 0 0 0 0 0 0 0 0 0 0 0 0; 82 98 10 67 98 98 36 98 98 0 0 0 0 0 0 0 0 0 0 0 0 0 0 0 0; 98 98 98 98 98 98 98 98 98 98 0 0 0 0 0 0 0 0 0 0 0 0 0 0 0; 98 11 3 89 98 98 98 1 35 98 57 0 0 0 0 0 0 0 0 0 0 0 0 0 0; 0 96 96 98 31 13 0 98 1 94 98 98 0 0 0 0 0 0 0 0 0 0 0 0 0; 98 98 98 98 30 98 7 98 98 98 13 98 86 0 0 0 0 0 0 0 0 0 0 0 0; 3 98 95 98 98 86 25 94 30 98 93 98 84 12 0 0 0 0 0 0 0 0 0 0 0; 98 88 92 98 98 98 98 19 70 6 98 98 98 98 95 0 0 0 0 0 0 0 0 0 0; 98 98 92 98 98 98 98 98 98 93 69 5 98 3 91 98 0 0 0 0 0 0 0 0 0; 98 16 82 98 83 98 12 0 98 0 98 6 98 10 86 72 98 0 0 0 0 0 0 0 0; 98 97 24 0 98 2 94 8 93 98 98 96 94 76 98 0 98 85 0 0 0 0 0 0 0; 98 92 98 4 98 98 0 90 98 98 98 98 96 8 98 98 81 98 6 0 0 0 0 0 0; 98 98 93 98 98 98 94 98 97 98 11 16 6 2 98 0 98 21 98 75 0 0 0 0 0; 98 88 98 4 16 98 81 98 10 89 98 3 81 98 98 68 93 1 17 98 85 0 0 0 0; 0 3 85 79 63 98 0 98 98 98 98 98 98 98 98 10 11 98 98 6 98 4 0 0 0; 98 1 98 98 98 98 98 98 98 96 98 98 98 97 27 98 98 98 98 71 98 98 12 0 0; 98 69 0 15 0 98 98 98 98 98 98 84 92 98 10 98 98 98 98 98 98 14 98 87 0; 0 26 98 9 98 98 98 46 75 52 59 98 98 98 98 98 98 1 98 98 98 98 98 98 98]
Q3 = [36 0 0 0 0 0 0 0 0 0 0 0 0 0 0 0 0 0 0 0 0 0 0 0 0; 4 39 0 0 0 0 0 0 0 0 0 0 0 0 0 0 0 0 0 0 0 0 0 0 0; 40 30 27 0 0 0 0 0 0 0 0 0 0 0 0 0 0 0 0 0 0 0 0 0 0; 0 29 5 4 0 0 0 0 0 0 0 0 0 0 0 0 0 0 0 0 0 0 0 0 0; 26 77 8 14 12 0 0 0 0 0 0 0 0 0 0 0 0 0 0 0 0 0 0 0 0; 23 7 41 20 13 3 0 0 0 0 0 0 0 0 0 0 0 0 0 0 0 0 0 0 0; 17 0 32 12 6 9 1 0 0 0 0 0 0 0 0 0 0 0 0 0 0 0 0 0 0; 16 0 17 16 29 2 12 35 0 0 0 0 0 0 0 0 0 0 0 0 0 0 0 0 0; 13 23 26 4 10 22 42 4 17 0 0 0 0 0 0 0 0 0 0 0 0 0 0 0 0; 13 39 20 31 25 13 31 2 21 0 0 0 0 0 0 0 0 0 0 0 0 0 0 0 0; 39 39 27 17 27 5 30 15 41 39 0 0 0 0 0 0 0 0 0 0 0 0 0 0 0; 3 21 25 13 42 28 21 12 4 23 38 12 0 0 0 0 0 0 0 0 0 0 0 0 0; 23 32 39 12 42 7 21 14 27 16 24 20 7 0 0 0 0 0 0 0 0 0 0 0 0; 8 38 25 7 22 15 38 15 41 30 20 8 2 30 0 0 0 0 0 0 0 0 0 0 0; 38 17 19 36 32 39 35 39 9 19 40 2 43 13 19 0 0 0 0 0 0 0 0 0 0; 28 34 20 24 17 24 3 25 27 0 8 25 39 19 5 24 0 0 0 0 0 0 0 0 0; 21 28 11 1 7 42 39 1 9 23 30 84 19 24 14 7 40 0 0 0 0 0 0 0 0; 29 11 38 11 11 17 18 90 21 9 0 22 22 11 15 83 2 15 0 0 0 0 0 0 0; 26 19 40 10 19 11 85 17 31 28 20 2 9 89 17 33 12 0 35 0 0 0 0 0 0; 41 30 22 41 9 39 21 1 5 25 92 38 17 11 14 0 24 30 4 11 0 0 0 0 0; 24 17 7 12 38 31 13 28 22 15 31 80 13 37 5 9 21 76 33 27 14 0 0 0 0; 4 16 11 12 8 5 2 21 27 12 12 6 22 29 38 26 31 12 24 24 38 26 0 0 0; 15 80 12 20 31 42 36 2 19 15 39 38 10 27 42 35 32 32 37 10 31 26 28 0 0; 31 9 1 37 19 39 21 16 18 9 20 12 19 19 93 20 17 24 2 6 35 34 3 7 0; 16 40 4 24 33 43 27 43 10 2 1 10 23 29 32 36 42 36 20 7 11 13 31 32 22]
