n = 20
density = 25
Q1 = [171 0 0 0 0 0 0 0 0 0 0 0 0 0 0 0 0 0 0 0; 147 0 0 0 0 0 0 0 0 0 0 0 0 0 0 0 0 0 0 0; 0 0 0 0 0 0 0 0 0 0 0 0 0 0 0 0 0 0 0 0; 0 0 69 0 0 0 0 0 0 0 0 0 0 0 0 0 0 0 0 0; 0 0 0 0 0 0 0 0 0 0 0 0 0 0 0 0 0 0 0 0; 0 0 0 0 0 148 0 0 0 0 0 0 0 0 0 0 0 0 0 0; 86 49 0 0 0 0 0 0 0 0 0 0 0 0 0 0 0 0 0 0; 0 0 0 0 0 77 0 0 0 0 0 0 0 0 0 0 0 0 0 0; 155 33 0 0 0 0 0 0 0 0 0 0 0 0 0 0 0 0 0 0; 0 0 54 0 129 0 0 0 62 0 0 0 0 0 0 0 0 0 0 0; 0 0 0 49 35 0 0 0 0 0 0 0 0 0 0 0 0 0 0 0; 0 0 0 0 80 0 23 0 0 0 0 104 0 0 0 0 0 0 0 0; 0 0 0 0 10 0 0 0 0 0 0 0 77 0 0 0 0 0 0 0; 0 0 0 0 0 0 0 10 0 96 53 0 0 0 0 0 0 0 0 0; 0 76 22 0 0 0 0 0 0 51 0 0 117 0 23 0 0 0 0 0; 0 28 0 0 0 0 0 0 0 0 0 0 0 0 0 0 0 0 0 0; 0 0 0 0 0 41 145 0 0 106 0 0 0 0 0 0 0 0 0 0; 0 0 163 0 179 0 0 24 0 0 0 64 30 0 119 0 106 0 0 0; 0 179 110 0 0 0 0 0 0 84 0 0 180 0 0 0 6 184 0 0; 0 0 0 85 54 8 0 0 5 0 0 0 0 0 0 138 0 143 0 0]
w = [77, 60, 95, 18, 64, 70, 42, 77, 61, 37, 16, 5, 56, 35, 92, 96, 78, 6, 21, 23]
W = 56
k = 3
inst_name = "QKP_20_200_25" 
feasible = true 
Q2 = [4 0 0 0 0 0 0 0 0 0 0 0 0 0 0 0 0 0 0 0; 26 184 0 0 0 0 0 0 0 0 0 0 0 0 0 0 0 0 0 0; 184 184 184 0 0 0 0 0 0 0 0 0 0 0 0 0 0 0 0 0; 184 184 145 184 0 0 0 0 0 0 0 0 0 0 0 0 0 0 0 0; 184 184 184 184 184 0 0 0 0 0 0 0 0 0 0 0 0 0 0 0; 184 184 184 184 184 33 0 0 0 0 0 0 0 0 0 0 0 0 0 0; 163 165 184 184 184 184 184 0 0 0 0 0 0 0 0 0 0 0 0 0; 184 184 184 184 184 146 184 184 0 0 0 0 0 0 0 0 0 0 0 0; 28 151 184 184 184 184 184 184 184 0 0 0 0 0 0 0 0 0 0 0; 184 184 153 184 12 184 184 184 131 184 0 0 0 0 0 0 0 0 0 0; 184 184 184 146 165 184 184 184 184 184 184 0 0 0 0 0 0 0 0 0; 184 184 184 184 181 184 168 184 184 184 184 71 0 0 0 0 0 0 0 0; 184 184 184 184 180 184 184 184 184 184 184 184 139 0 0 0 0 0 0 0; 184 184 184 184 184 184 184 175 184 75 145 184 184 184 0 0 0 0 0 0; 184 114 179 184 184 184 184 184 184 141 184 184 60 184 178 0 0 0 0 0; 184 184 184 184 184 184 184 184 184 184 184 184 184 184 184 184 0 0 0 0; 184 184 184 184 184 158 26 184 184 63 184 184 184 184 184 184 184 0 0 0; 184 184 9 184 1 184 184 176 184 184 184 166 169 184 10 184 10 184 0 0; 184 5 16 184 184 184 184 184 184 129 184 184 2 184 184 184 184 0 184 0; 184 184 184 167 170 177 184 184 179 184 184 184 184 184 184 33 184 39 184 184]
Q3 = [25 0 0 0 0 0 0 0 0 0 0 0 0 0 0 0 0 0 0 0; 62 12 0 0 0 0 0 0 0 0 0 0 0 0 0 0 0 0 0 0; 55 6 48 0 0 0 0 0 0 0 0 0 0 0 0 0 0 0 0 0; 62 44 20 37 0 0 0 0 0 0 0 0 0 0 0 0 0 0 0 0; 20 48 62 50 11 0 0 0 0 0 0 0 0 0 0 0 0 0 0 0; 6 28 35 61 37 74 0 0 0 0 0 0 0 0 0 0 0 0 0 0; 9 29 63 43 24 62 19 0 0 0 0 0 0 0 0 0 0 0 0 0; 55 11 17 3 49 19 25 5 0 0 0 0 0 0 0 0 0 0 0 0; 75 0 39 25 7 55 71 5 49 0 0 0 0 0 0 0 0 0 0 0; 76 43 23 57 26 73 33 3 10 63 0 0 0 0 0 0 0 0 0 0; 37 20 51 15 28 47 9 56 37 7 42 0 0 0 0 0 0 0 0 0; 40 31 53 56 0 21 22 20 22 7 74 76 0 0 0 0 0 0 0 0; 54 35 58 56 43 16 41 16 41 22 13 31 19 0 0 0 0 0 0 0; 70 39 52 47 18 29 36 7 59 77 17 64 34 66 0 0 0 0 0 0; 5 6 47 24 59 9 30 67 71 11 39 72 75 15 43 0 0 0 0 0; 6 49 23 56 24 37 29 14 31 15 52 24 37 21 23 11 0 0 0 0; 72 6 72 65 46 23 61 30 60 74 54 16 28 11 19 34 35 0 0 0; 24 59 39 21 26 11 8 41 40 77 76 22 31 46 153 6 160 10 0 0; 3 72 162 11 22 32 15 68 61 16 58 55 46 20 13 62 69 44 30 0; 40 56 44 7 27 11 1 60 7 56 45 55 53 67 54 64 73 74 57 0]
