n = 25
density = 100
Q1 = [87 0 0 0 0 0 0 0 0 0 0 0 0 0 0 0 0 0 0 0 0 0 0 0 0; 85 66 0 0 0 0 0 0 0 0 0 0 0 0 0 0 0 0 0 0 0 0 0 0 0; 26 134 10 0 0 0 0 0 0 0 0 0 0 0 0 0 0 0 0 0 0 0 0 0 0; 88 153 22 98 0 0 0 0 0 0 0 0 0 0 0 0 0 0 0 0 0 0 0 0 0; 172 23 80 9 175 0 0 0 0 0 0 0 0 0 0 0 0 0 0 0 0 0 0 0 0; 68 117 8 38 95 101 0 0 0 0 0 0 0 0 0 0 0 0 0 0 0 0 0 0 0; 178 51 17 108 139 197 54 0 0 0 0 0 0 0 0 0 0 0 0 0 0 0 0 0 0; 166 52 55 32 175 139 135 109 0 0 0 0 0 0 0 0 0 0 0 0 0 0 0 0 0; 45 34 98 56 11 32 109 185 5 0 0 0 0 0 0 0 0 0 0 0 0 0 0 0 0; 137 63 120 75 51 150 92 113 127 169 0 0 0 0 0 0 0 0 0 0 0 0 0 0 0; 169 59 154 82 19 2 66 178 181 194 10 0 0 0 0 0 0 0 0 0 0 0 0 0 0; 137 54 194 39 45 74 171 97 64 28 125 176 0 0 0 0 0 0 0 0 0 0 0 0 0; 98 121 59 108 197 107 51 66 18 97 85 19 122 0 0 0 0 0 0 0 0 0 0 0 0; 111 123 96 63 37 79 172 73 82 57 145 76 173 166 0 0 0 0 0 0 0 0 0 0 0; 18 60 79 198 84 130 199 132 166 3 23 92 104 57 61 0 0 0 0 0 0 0 0 0 0; 13 10 132 112 153 39 75 21 4 177 24 155 158 143 90 118 0 0 0 0 0 0 0 0 0; 153 3 146 76 105 171 17 119 24 192 109 197 26 42 140 38 7 0 0 0 0 0 0 0 0; 161 196 132 49 149 150 40 152 189 4 187 76 161 129 17 80 121 10 0 0 0 0 0 0 0; 4 174 170 110 2 130 54 125 104 180 81 144 110 109 53 98 117 33 59 0 0 0 0 0 0; 97 139 81 101 49 99 3 144 66 108 39 154 41 39 56 146 127 114 100 57 0 0 0 0 0; 130 7 36 69 21 84 29 142 37 61 85 92 103 8 160 5 7 45 102 139 158 0 0 0 0; 52 90 61 157 68 56 151 111 85 177 127 184 142 167 163 83 134 39 110 184 33 161 0 0 0; 181 111 74 167 100 38 198 169 77 81 178 164 155 5 16 75 56 200 68 128 139 169 69 0 0; 91 121 165 66 131 200 69 89 33 41 108 14 111 161 112 108 106 146 2 144 22 198 156 105 0; 51 190 5 124 90 199 106 64 147 138 42 93 103 9 182 80 122 28 4 104 105 163 177 158 180]
w = [27, 21, 86, 88, 79, 13, 42, 60, 99, 44, 4, 31, 91, 11, 34, 12, 21, 33, 68, 60, 2, 2, 23, 2, 9]
W = 76
k = 3
inst_name = "QKP_25_200_100" 
feasible = true 
Q2 = [135 0 0 0 0 0 0 0 0 0 0 0 0 0 0 0 0 0 0 0 0 0 0 0 0; 150 158 0 0 0 0 0 0 0 0 0 0 0 0 0 0 0 0 0 0 0 0 0 0 0; 189 44 190 0 0 0 0 0 0 0 0 0 0 0 0 0 0 0 0 0 0 0 0 0 0; 193 0 198 124 0 0 0 0 0 0 0 0 0 0 0 0 0 0 0 0 0 0 0 0 0; 1 180 150 194 4 0 0 0 0 0 0 0 0 0 0 0 0 0 0 0 0 0 0 0 0; 176 24 193 195 138 43 0 0 0 0 0 0 0 0 0 0 0 0 0 0 0 0 0 0 0; 7 169 196 40 26 2 187 0 0 0 0 0 0 0 0 0 0 0 0 0 0 0 0 0 0; 10 162 162 187 14 34 53 3 0 0 0 0 0 0 0 0 0 0 0 0 0 0 0 0 0; 185 169 111 179 192 178 56 4 195 0 0 0 0 0 0 0 0 0 0 0 0 0 0 0 0; 19 190 74 159 171 13 175 12 6 7 0 0 0 0 0 0 0 0 0 0 0 0 0 0 0; 3 151 12 199 190 199 147 8 17 2 199 0 0 0 0 0 0 0 0 0 0 0 0 0 0; 22 198 4 171 187 167 14 176 140 197 42 23 0 0 0 0 0 0 0 0 0 0 0 0 0; 127 31 167 14 1 58 187 144 182 126 131 183 60 0 0 0 0 0 0 0 0 0 0 0 0; 70 65 113 172 184 194 21 175 142 160 53 167 25 19 0 0 0 0 0 0 0 0 0 0 0; 196 198 123 1 195 51 0 19 12 197 196 163 8 192 150 0 0 0 0 0 0 0 0 0 0; 197 198 46 85 10 199 183 196 197 2 182 29 28 14 136 2 0 0 0 0 0 0 0 0 0; 42 199 53 146 39 4 186 77 199 5 66 2 182 182 46 162 200 0 0 0 0 0 0 0 0; 26 4 46 157 9 6 175 8 4 196 8 190 27 63 195 143 35 191 0 0 0 0 0 0 0; 198 11 6 88 200 43 187 48 63 17 164 12 51 67 176 160 22 171 194 0 0 0 0 0 0; 136 55 170 61 172 171 199 56 158 18 161 21 165 200 179 53 5 68 55 161 0 0 0 0 0; 20 199 166 193 197 123 183 29 174 152 116 162 24 200 30 196 198 177 61 50 3 0 0 0 0; 161 191 160 35 144 180 14 56 122 6 8 0 49 1 5 121 49 171 65 2 183 3 0 0 0; 11 27 132 16 9 191 1 10 184 198 21 4 44 196 186 200 152 0 170 52 43 15 180 0 0; 173 10 29 137 27 0 194 119 189 170 31 199 53 31 84 26 40 24 199 9 184 2 40 55 0; 199 1 197 17 188 0 37 177 28 23 179 125 33 199 10 137 36 197 198 25 52 34 18 26 2]
Q3 = [15 0 0 0 0 0 0 0 0 0 0 0 0 0 0 0 0 0 0 0 0 0 0 0 0; 19 21 0 0 0 0 0 0 0 0 0 0 0 0 0 0 0 0 0 0 0 0 0 0 0; 37 68 6 0 0 0 0 0 0 0 0 0 0 0 0 0 0 0 0 0 0 0 0 0 0; 0 2 55 13 0 0 0 0 0 0 0 0 0 0 0 0 0 0 0 0 0 0 0 0 0; 4 12 19 26 17 0 0 0 0 0 0 0 0 0 0 0 0 0 0 0 0 0 0 0 0; 24 41 11 42 16 59 0 0 0 0 0 0 0 0 0 0 0 0 0 0 0 0 0 0 0; 30 24 53 58 50 55 30 0 0 0 0 0 0 0 0 0 0 0 0 0 0 0 0 0 0; 32 18 20 37 51 59 75 173 0 0 0 0 0 0 0 0 0 0 0 0 0 0 0 0 0; 34 6 7 29 19 22 72 24 4 0 0 0 0 0 0 0 0 0 0 0 0 0 0 0 0; 38 24 80 21 26 32 10 174 159 25 0 0 0 0 0 0 0 0 0 0 0 0 0 0 0; 12 12 30 0 36 51 13 34 73 24 60 0 0 0 0 0 0 0 0 0 0 0 0 0 0; 42 28 54 18 34 22 47 6 5 49 63 79 0 0 0 0 0 0 0 0 0 0 0 0 0; 14 50 24 178 23 73 32 10 0 14 12 8 76 0 0 0 0 0 0 0 0 0 0 0 0; 78 79 6 26 34 8 65 22 16 19 79 22 75 54 0 0 0 0 0 0 0 0 0 0 0; 53 22 2 55 2 72 21 36 35 9 50 16 179 28 13 0 0 0 0 0 0 0 0 0 0; 55 55 70 81 25 42 18 51 20 11 19 62 64 30 16 165 0 0 0 0 0 0 0 0 0; 76 50 80 17 57 16 17 81 56 48 76 52 23 33 73 1 69 0 0 0 0 0 0 0 0; 62 71 70 10 22 14 25 20 32 5 53 13 64 79 49 16 55 8 0 0 0 0 0 0 0; 33 42 22 81 68 67 30 69 75 69 20 28 68 77 28 14 180 10 25 0 0 0 0 0 0; 16 78 19 74 26 8 48 81 20 180 1 48 11 41 29 80 159 78 69 20 0 0 0 0 0; 38 59 6 17 52 6 29 54 22 14 1 16 185 67 67 16 52 29 74 76 10 0 0 0 0; 17 0 21 72 12 29 34 71 6 26 162 1 75 4 16 3 72 18 76 11 31 9 0 0 0; 53 184 6 47 181 39 47 32 16 2 78 13 79 22 12 6 11 4 24 73 70 47 23 0 0; 12 167 71 4 48 43 17 6 39 19 188 62 70 70 81 185 57 50 27 21 21 69 77 70 0; 30 8 39 31 3 19 55 26 57 45 30 12 192 66 49 14 57 49 41 186 68 78 68 60 11]
