n = 25
density = 50
Q1 = [0 0 0 0 0 0 0 0 0 0 0 0 0 0 0 0 0 0 0 0 0 0 0 0 0; 0 160 0 0 0 0 0 0 0 0 0 0 0 0 0 0 0 0 0 0 0 0 0 0 0; 184 0 0 0 0 0 0 0 0 0 0 0 0 0 0 0 0 0 0 0 0 0 0 0 0; 155 0 0 139 0 0 0 0 0 0 0 0 0 0 0 0 0 0 0 0 0 0 0 0 0; 0 0 0 77 0 0 0 0 0 0 0 0 0 0 0 0 0 0 0 0 0 0 0 0 0; 0 0 114 0 104 0 0 0 0 0 0 0 0 0 0 0 0 0 0 0 0 0 0 0 0; 94 74 0 0 65 155 0 0 0 0 0 0 0 0 0 0 0 0 0 0 0 0 0 0 0; 84 177 0 32 9 0 0 0 0 0 0 0 0 0 0 0 0 0 0 0 0 0 0 0 0; 31 0 0 0 0 31 0 0 107 0 0 0 0 0 0 0 0 0 0 0 0 0 0 0 0; 0 134 0 0 184 117 99 92 0 0 0 0 0 0 0 0 0 0 0 0 0 0 0 0 0; 42 135 60 144 28 0 12 122 0 59 193 0 0 0 0 0 0 0 0 0 0 0 0 0 0; 0 0 0 2 88 0 0 0 162 0 186 89 0 0 0 0 0 0 0 0 0 0 0 0 0; 0 130 0 194 152 0 52 0 91 167 0 177 0 0 0 0 0 0 0 0 0 0 0 0 0; 0 0 0 0 110 73 0 164 0 11 26 69 0 139 0 0 0 0 0 0 0 0 0 0 0; 64 106 0 80 21 82 190 74 0 0 110 175 0 0 170 0 0 0 0 0 0 0 0 0 0; 64 136 0 0 0 144 0 73 39 0 125 0 124 6 188 0 0 0 0 0 0 0 0 0 0; 130 0 3 91 4 45 0 0 0 62 11 133 0 0 190 0 0 0 0 0 0 0 0 0 0; 64 0 156 0 0 119 0 0 0 0 0 0 88 162 129 0 31 0 0 0 0 0 0 0 0; 0 95 57 0 2 0 41 0 0 80 0 132 189 94 4 0 0 0 158 0 0 0 0 0 0; 182 0 28 180 137 0 0 171 0 103 52 0 86 173 0 20 0 39 176 18 0 0 0 0 0; 0 0 0 70 0 0 0 20 180 0 55 0 180 45 0 0 190 0 0 50 22 0 0 0 0; 0 164 91 0 0 155 0 0 196 26 2 151 27 33 0 0 76 0 144 112 0 0 0 0 0; 0 0 0 0 0 68 0 0 143 0 167 138 0 165 0 170 0 0 93 0 0 0 57 0 0; 0 131 177 86 0 0 0 129 13 0 0 0 69 0 132 0 148 0 0 118 0 0 0 0 0; 0 30 92 0 0 98 93 0 79 0 72 0 0 0 0 0 99 58 0 0 0 0 0 0 26]
w = [90, 12, 7, 38, 94, 62, 64, 77, 69, 11, 78, 24, 85, 41, 40, 69, 7, 56, 71, 95, 97, 44, 99, 89, 8]
W = 95
k = 5
inst_name = "QKP_25_200_50" 
feasible = true 
Q2 = [196 0 0 0 0 0 0 0 0 0 0 0 0 0 0 0 0 0 0 0 0 0 0 0 0; 196 24 0 0 0 0 0 0 0 0 0 0 0 0 0 0 0 0 0 0 0 0 0 0 0; 9 196 196 0 0 0 0 0 0 0 0 0 0 0 0 0 0 0 0 0 0 0 0 0 0; 0 196 196 6 0 0 0 0 0 0 0 0 0 0 0 0 0 0 0 0 0 0 0 0 0; 196 196 196 182 196 0 0 0 0 0 0 0 0 0 0 0 0 0 0 0 0 0 0 0 0; 196 196 69 196 29 196 0 0 0 0 0 0 0 0 0 0 0 0 0 0 0 0 0 0 0; 139 194 196 196 141 9 196 0 0 0 0 0 0 0 0 0 0 0 0 0 0 0 0 0 0; 143 0 196 179 192 196 196 196 0 0 0 0 0 0 0 0 0 0 0 0 0 0 0 0 0; 177 196 196 196 196 181 196 196 36 0 0 0 0 0 0 0 0 0 0 0 0 0 0 0 0; 196 56 196 196 7 24 70 108 196 196 0 0 0 0 0 0 0 0 0 0 0 0 0 0 0; 192 53 173 36 185 196 193 25 196 190 0 0 0 0 0 0 0 0 0 0 0 0 0 0 0; 196 196 196 194 192 196 196 196 2 196 9 132 0 0 0 0 0 0 0 0 0 0 0 0 0; 196 49 196 0 42 196 164 196 163 11 196 9 196 0 0 0 0 0 0 0 0 0 0 0 0; 196 196 196 196 44 168 196 27 196 193 184 140 196 35 0 0 0 0 0 0 0 0 0 0 0; 189 49 196 182 191 189 5 185 196 196 80 1 196 196 22 0 0 0 0 0 0 0 0 0 0; 174 48 196 196 196 30 196 166 182 196 17 196 65 192 7 196 0 0 0 0 0 0 0 0 0; 32 196 194 107 192 195 196 196 196 167 193 10 196 196 4 196 196 0 0 0 0 0 0 0 0; 175 196 29 196 196 27 196 196 196 196 196 196 169 16 24 196 167 196 0 0 0 0 0 0 0; 196 173 192 196 195 196 155 196 196 168 196 3 7 123 193 196 196 196 31 0 0 0 0 0 0; 14 196 187 16 13 196 196 1 196 54 158 196 136 4 196 176 196 174 2 186 0 0 0 0 0; 196 196 196 140 196 196 196 189 6 196 180 196 9 190 196 196 4 196 196 177 183 0 0 0 0; 196 10 167 196 196 5 196 196 0 177 194 7 183 186 196 196 167 196 29 40 196 196 0 0 0; 196 196 196 196 196 194 196 196 24 196 27 51 196 21 196 21 196 196 183 196 196 196 168 0 0; 196 17 0 178 196 196 196 25 188 196 196 196 163 196 14 196 19 196 196 10 196 196 196 196 0; 196 192 113 196 196 97 161 196 142 196 125 196 196 196 196 196 94 186 196 196 196 196 196 196 184]
Q3 = [69 0 0 0 0 0 0 0 0 0 0 0 0 0 0 0 0 0 0 0 0 0 0 0 0; 6 65 0 0 0 0 0 0 0 0 0 0 0 0 0 0 0 0 0 0 0 0 0 0 0; 62 58 33 0 0 0 0 0 0 0 0 0 0 0 0 0 0 0 0 0 0 0 0 0 0; 2 39 9 14 0 0 0 0 0 0 0 0 0 0 0 0 0 0 0 0 0 0 0 0 0; 40 6 18 17 68 0 0 0 0 0 0 0 0 0 0 0 0 0 0 0 0 0 0 0 0; 44 10 82 35 189 7 0 0 0 0 0 0 0 0 0 0 0 0 0 0 0 0 0 0 0; 19 12 41 18 11 26 3 0 0 0 0 0 0 0 0 0 0 0 0 0 0 0 0 0 0; 20 2 36 32 41 5 38 69 0 0 0 0 0 0 0 0 0 0 0 0 0 0 0 0 0; 29 45 41 10 20 35 76 8 55 0 0 0 0 0 0 0 0 0 0 0 0 0 0 0 0; 26 81 40 60 51 43 81 3 40 0 0 0 0 0 0 0 0 0 0 0 0 0 0 0 0; 42 79 29 69 42 9 53 46 64 28 0 0 0 0 0 0 0 0 0 0 0 0 0 0 0; 5 43 72 25 0 42 41 24 7 59 76 17 0 0 0 0 0 0 0 0 0 0 0 0 0; 46 74 84 24 82 14 24 27 17 39 30 44 62 0 0 0 0 0 0 0 0 0 0 0 0; 10 74 55 14 64 24 64 75 70 54 38 13 5 64 0 0 0 0 0 0 0 0 0 0 0; 24 68 46 15 51 9 69 18 26 30 84 5 83 26 75 0 0 0 0 0 0 0 0 0 0; 28 77 54 46 33 60 6 24 37 75 32 44 83 33 71 47 0 0 0 0 0 0 0 0 0; 58 38 26 2 15 40 74 2 19 27 53 21 38 35 55 15 78 0 0 0 0 0 0 0 0; 28 21 69 20 22 48 70 17 48 19 1 75 16 47 45 1 5 40 0 0 0 0 0 0 0; 50 9 29 13 36 22 0 40 60 21 38 151 79 14 32 65 47 0 73 0 0 0 0 0 0; 80 59 45 81 28 75 49 4 81 71 19 68 17 20 28 0 47 30 10 32 0 0 0 0 0; 47 53 14 14 68 61 34 46 34 58 32 9 50 39 9 29 52 2 52 33 30 0 0 0 0; 7 34 15 40 20 14 3 41 52 21 24 19 35 42 73 42 23 24 59 61 74 48 0 0 0; 30 3 24 39 61 18 70 3 51 30 78 80 20 64 79 73 62 63 4 30 60 51 28 0 0; 61 35 2 13 36 77 40 46 33 18 38 53 25 38 30 40 45 46 5 169 67 60 6 62 0; 31 49 7 38 63 84 16 79 19 5 2 20 45 57 62 70 85 30 40 13 21 26 60 81 37]
