n = 20
density = 50
Q1 = [64 0 0 0 0 0 0 0 0 0 0 0 0 0 0 0 0 0 0 0; 0 0 0 0 0 0 0 0 0 0 0 0 0 0 0 0 0 0 0 0; 90 96 0 0 0 0 0 0 0 0 0 0 0 0 0 0 0 0 0 0; 4 0 23 4 0 0 0 0 0 0 0 0 0 0 0 0 0 0 0 0; 0 0 57 0 0 0 0 0 0 0 0 0 0 0 0 0 0 0 0 0; 75 0 50 0 54 75 0 0 0 0 0 0 0 0 0 0 0 0 0 0; 84 48 0 0 14 90 0 0 0 0 0 0 0 0 0 0 0 0 0 0; 0 0 74 26 8 3 71 0 0 0 0 0 0 0 0 0 0 0 0 0; 82 0 42 0 0 0 0 39 10 0 0 0 0 0 0 0 0 0 0 0; 82 0 0 92 0 20 25 0 0 0 0 0 0 0 0 0 0 0 0 0; 72 29 0 72 81 0 0 81 0 0 0 0 0 0 0 0 0 0 0 0; 8 0 41 42 0 0 0 0 17 82 0 96 0 0 0 0 0 0 0 0; 30 91 21 2 68 0 0 0 41 0 1 38 71 0 0 0 0 0 0 0; 0 0 47 0 97 32 0 0 77 92 0 91 0 0 0 0 0 0 0 0; 0 45 78 0 0 32 0 0 0 0 0 50 0 0 0 0 0 0 0 0; 47 0 31 31 79 0 0 77 92 0 76 0 92 19 0 75 0 0 0 0; 100 40 0 47 0 0 0 91 0 0 0 7 0 89 0 0 0 0 0 0; 20 37 46 47 7 4 50 31 0 0 0 0 62 69 92 94 0 0 0 0; 12 42 33 0 99 44 26 54 0 0 91 41 3 0 3 0 1 42 70 0; 34 0 0 0 0 0 0 0 39 9 16 60 11 59 75 77 0 0 48 67]
w = [48, 38, 15, 29, 16, 3, 23, 8, 19, 12, 46, 40, 32, 16, 41, 39, 21, 23, 26, 37]
W = 57
k = 2
inst_name = "QKP_20_100_50" 
feasible = true 
Q2 = [1 0 0 0 0 0 0 0 0 0 0 0 0 0 0 0 0 0 0 0; 100 100 0 0 0 0 0 0 0 0 0 0 0 0 0 0 0 0 0 0; 7 1 100 0 0 0 0 0 0 0 0 0 0 0 0 0 0 0 0 0; 99 100 80 96 0 0 0 0 0 0 0 0 0 0 0 0 0 0 0 0; 100 100 31 100 100 0 0 0 0 0 0 0 0 0 0 0 0 0 0 0; 25 100 45 100 27 8 0 0 0 0 0 0 0 0 0 0 0 0 0 0; 3 65 100 100 89 3 100 0 0 0 0 0 0 0 0 0 0 0 0 0; 100 100 10 99 100 100 8 100 0 0 0 0 0 0 0 0 0 0 0 0; 14 100 100 100 100 100 100 80 99 0 0 0 0 0 0 0 0 0 0 0; 1 100 100 5 100 86 78 100 100 100 0 0 0 0 0 0 0 0 0 0; 22 88 100 15 16 100 100 10 100 100 100 0 0 0 0 0 0 0 0 0; 92 100 68 89 100 100 100 100 93 10 100 0 0 0 0 0 0 0 0 0; 71 6 99 98 11 100 100 100 98 100 100 62 27 0 0 0 0 0 0 0; 100 100 94 100 1 78 100 100 7 8 100 1 100 100 0 0 0 0 0 0; 100 76 17 100 100 99 100 100 100 100 100 12 100 100 100 0 0 0 0 0; 82 100 82 81 2 100 100 20 5 100 24 100 8 91 100 23 0 0 0 0; 0 86 100 92 100 100 100 1 100 100 100 95 100 6 100 100 100 0 0 0; 98 95 68 98 97 99 45 91 100 100 100 100 4 9 5 2 100 100 0 0; 88 97 99 100 0 64 78 20 100 100 0 60 98 100 97 100 99 94 19 0; 80 100 100 100 100 100 100 100 67 91 93 19 95 19 11 14 100 100 97 5]
Q3 = [83 0 0 0 0 0 0 0 0 0 0 0 0 0 0 0 0 0 0 0; 30 7 0 0 0 0 0 0 0 0 0 0 0 0 0 0 0 0 0 0; 34 12 22 0 0 0 0 0 0 0 0 0 0 0 0 0 0 0 0 0; 27 8 6 2 0 0 0 0 0 0 0 0 0 0 0 0 0 0 0 0; 9 41 41 45 16 0 0 0 0 0 0 0 0 0 0 0 0 0 0 0; 45 30 45 16 38 19 0 0 0 0 0 0 0 0 0 0 0 0 0 0; 12 9 28 44 10 18 1 0 0 0 0 0 0 0 0 0 0 0 0 0; 8 26 25 19 36 38 19 22 0 0 0 0 0 0 0 0 0 0 0 0; 39 15 3 35 2 33 32 12 31 0 0 0 0 0 0 0 0 0 0 0; 4 39 6 28 14 12 6 21 40 44 0 0 0 0 0 0 0 0 0 0; 40 16 34 32 40 7 37 28 42 24 17 0 0 0 0 0 0 0 0 0; 0 15 8 11 38 38 43 39 20 30 25 6 0 0 0 0 0 0 0 0; 2 32 24 8 24 39 9 39 6 12 42 1 44 0 0 0 0 0 0 0; 24 24 4 36 14 11 24 14 20 42 37 9 18 21 0 0 0 0 0 0; 37 11 38 35 7 14 3 34 41 7 26 98 26 22 15 0 0 0 0 0; 10 40 14 13 6 8 18 41 32 38 44 7 45 18 14 42 0 0 0 0; 8 13 1 5 38 41 36 9 28 17 13 13 37 26 18 22 44 0 0 0; 24 11 9 0 25 28 45 16 37 43 19 45 86 20 27 15 45 10 0 0; 2 6 13 34 4 7 7 31 14 3 3 1 16 13 4 18 9 8 35 0; 13 28 18 28 37 41 37 7 6 0 20 31 20 31 26 33 20 7 0 85]
