n = 25
density = 25
Q1 = [0 0 0 0 0 0 0 0 0 0 0 0 0 0 0 0 0 0 0 0 0 0 0 0 0; 71 0 0 0 0 0 0 0 0 0 0 0 0 0 0 0 0 0 0 0 0 0 0 0 0; 0 0 0 0 0 0 0 0 0 0 0 0 0 0 0 0 0 0 0 0 0 0 0 0 0; 0 0 0 32 0 0 0 0 0 0 0 0 0 0 0 0 0 0 0 0 0 0 0 0 0; 0 0 0 0 0 0 0 0 0 0 0 0 0 0 0 0 0 0 0 0 0 0 0 0 0; 19 0 0 0 21 0 0 0 0 0 0 0 0 0 0 0 0 0 0 0 0 0 0 0 0; 0 0 64 0 0 10 0 0 0 0 0 0 0 0 0 0 0 0 0 0 0 0 0 0 0; 0 0 0 0 0 48 0 28 0 0 0 0 0 0 0 0 0 0 0 0 0 0 0 0 0; 0 0 0 90 0 0 0 89 0 0 0 0 0 0 0 0 0 0 0 0 0 0 0 0 0; 16 0 0 0 53 76 0 0 0 0 0 0 0 0 0 0 0 0 0 0 0 0 0 0 0; 88 0 0 0 78 0 0 0 35 63 0 0 0 0 0 0 0 0 0 0 0 0 0 0 0; 0 0 0 0 0 59 0 0 17 0 89 0 0 0 0 0 0 0 0 0 0 0 0 0 0; 0 0 0 0 0 0 0 0 0 0 92 0 0 0 0 0 0 0 0 0 0 0 0 0 0; 0 82 0 0 13 0 0 0 0 0 0 6 0 6 0 0 0 0 0 0 0 0 0 0 0; 0 79 0 0 29 87 0 0 0 0 0 84 0 50 0 0 0 0 0 0 0 0 0 0 0; 0 86 0 0 0 20 72 2 0 0 85 0 0 65 80 8 0 0 0 0 0 0 0 0 0; 0 0 0 0 0 0 0 88 0 0 0 54 0 0 38 0 22 0 0 0 0 0 0 0 0; 0 0 0 0 0 0 41 18 18 42 0 0 0 0 0 75 0 0 0 0 0 0 0 0 0; 0 0 0 0 0 0 55 0 0 75 0 0 0 0 0 0 0 0 0 0 0 0 0 0 0; 0 78 49 0 0 0 0 0 0 0 0 9 0 0 0 0 0 18 0 41 0 0 0 0 0; 0 0 0 0 0 0 0 0 0 0 0 0 0 0 47 69 27 0 32 0 0 0 0 0 0; 96 0 27 22 0 69 0 87 0 38 0 0 0 0 0 0 43 0 34 0 29 0 0 0 0; 0 0 18 86 47 0 0 0 0 0 0 0 0 0 0 47 86 0 0 81 0 0 0 0 0; 0 0 96 0 21 0 0 0 0 0 62 0 53 0 0 0 0 0 0 0 0 0 0 91 0; 0 0 16 0 51 0 0 40 82 0 66 7 0 0 0 0 0 17 0 0 0 0 0 79 0]
w = [26, 40, 40, 50, 29, 17, 7, 31, 16, 21, 15, 30, 46, 39, 3, 24, 19, 45, 6, 33, 39, 45, 50, 18, 15]
W = 69
k = 5
inst_name = "QKP_25_100_25" 
feasible = true 
Q2 = [96 0 0 0 0 0 0 0 0 0 0 0 0 0 0 0 0 0 0 0 0 0 0 0 0; 13 96 0 0 0 0 0 0 0 0 0 0 0 0 0 0 0 0 0 0 0 0 0 0 0; 96 96 96 0 0 0 0 0 0 0 0 0 0 0 0 0 0 0 0 0 0 0 0 0 0; 96 96 96 91 0 0 0 0 0 0 0 0 0 0 0 0 0 0 0 0 0 0 0 0 0; 96 96 96 96 96 0 0 0 0 0 0 0 0 0 0 0 0 0 0 0 0 0 0 0 0; 95 96 96 96 84 96 0 0 0 0 0 0 0 0 0 0 0 0 0 0 0 0 0 0 0; 96 96 8 96 96 92 96 0 0 0 0 0 0 0 0 0 0 0 0 0 0 0 0 0 0; 96 96 96 96 96 2 96 80 0 0 0 0 0 0 0 0 0 0 0 0 0 0 0 0 0; 96 96 96 2 96 96 96 4 96 0 0 0 0 0 0 0 0 0 0 0 0 0 0 0 0; 86 96 96 96 1 13 96 96 96 96 0 0 0 0 0 0 0 0 0 0 0 0 0 0 0; 0 96 96 96 6 96 96 96 72 14 96 0 0 0 0 0 0 0 0 0 0 0 0 0 0; 96 96 96 96 96 1 96 96 86 96 2 96 0 0 0 0 0 0 0 0 0 0 0 0 0; 96 96 96 96 96 96 96 96 96 96 2 96 96 0 0 0 0 0 0 0 0 0 0 0 0; 96 1 96 96 96 96 96 96 96 96 96 95 96 96 0 0 0 0 0 0 0 0 0 0 0; 96 7 96 96 72 6 96 96 96 96 96 5 96 44 96 0 0 0 0 0 0 0 0 0 0; 96 7 96 96 96 88 6 95 96 96 4 96 96 8 2 93 0 0 0 0 0 0 0 0 0; 96 96 96 96 96 96 96 5 96 96 96 1 96 96 72 96 81 0 0 0 0 0 0 0 0; 96 96 96 96 96 96 56 89 90 67 96 96 96 96 96 0 96 96 0 0 0 0 0 0 0; 96 96 96 96 96 96 17 96 96 9 96 96 96 96 96 96 96 96 96 0 0 0 0 0 0; 96 8 45 96 96 96 96 96 96 96 96 96 96 96 96 96 96 86 96 69 0 0 0 0 0; 96 96 96 96 96 96 96 96 96 96 96 96 96 96 60 14 76 96 64 96 96 0 0 0 0; 0 96 91 78 96 20 96 2 96 68 96 96 96 96 96 96 73 96 83 96 80 96 0 0 0; 96 96 93 7 55 96 96 96 96 96 96 96 96 96 96 74 7 96 96 4 96 96 96 0 0; 96 96 0 96 93 96 96 96 96 96 25 96 14 96 96 96 96 96 96 96 96 96 96 5 0; 96 96 83 96 22 96 96 95 11 96 0 90 96 96 96 96 96 86 96 96 96 96 96 6 96]
Q3 = [30 0 0 0 0 0 0 0 0 0 0 0 0 0 0 0 0 0 0 0 0 0 0 0 0; 26 26 0 0 0 0 0 0 0 0 0 0 0 0 0 0 0 0 0 0 0 0 0 0 0; 4 12 35 0 0 0 0 0 0 0 0 0 0 0 0 0 0 0 0 0 0 0 0 0 0; 39 20 14 10 0 0 0 0 0 0 0 0 0 0 0 0 0 0 0 0 0 0 0 0 0; 2 6 15 9 24 0 0 0 0 0 0 0 0 0 0 0 0 0 0 0 0 0 0 0 0; 20 28 14 2 13 14 0 0 0 0 0 0 0 0 0 0 0 0 0 0 0 0 0 0 0; 1 32 16 39 25 19 2 0 0 0 0 0 0 0 0 0 0 0 0 0 0 0 0 0 0; 8 29 11 25 16 87 5 12 0 0 0 0 0 0 0 0 0 0 0 0 0 0 0 0 0; 10 16 1 17 13 30 7 24 21 0 0 0 0 0 0 0 0 0 0 0 0 0 0 0 0; 12 14 38 7 83 30 5 0 33 11 0 0 0 0 0 0 0 0 0 0 0 0 0 0 0; 2 27 2 7 18 1 2 23 9 24 39 0 0 0 0 0 0 0 0 0 0 0 0 0 0; 4 28 33 33 32 77 13 10 13 3 11 4 0 0 0 0 0 0 0 0 0 0 0 0 0; 9 35 2 30 37 30 38 24 21 4 17 18 17 0 0 0 0 0 0 0 0 0 0 0 0; 34 5 20 38 26 13 1 7 14 5 33 29 17 30 0 0 0 0 0 0 0 0 0 0 0; 29 19 37 13 6 27 21 24 17 16 9 19 14 39 12 0 0 0 0 0 0 0 0 0 0; 32 30 34 37 23 16 14 16 22 29 19 0 12 16 9 20 0 0 0 0 0 0 0 0 0; 24 12 34 31 17 18 6 26 16 0 31 82 20 15 9 1 10 0 0 0 0 0 0 0 0; 38 21 6 39 18 26 1 17 18 8 38 9 24 19 27 0 22 27 0 0 0 0 0 0 0; 20 31 23 13 6 4 27 23 28 23 15 3 27 24 25 31 7 23 10 0 0 0 0 0 0; 6 21 39 7 14 33 39 33 16 2 21 29 0 0 4 23 35 15 36 8 0 0 0 0 0; 21 5 9 0 34 28 9 4 25 35 9 32 8 16 7 27 8 37 0 24 4 0 0 0 0; 24 24 14 7 9 34 8 10 36 8 24 2 38 0 11 38 9 34 11 38 12 32 0 0 0; 0 14 21 29 4 29 18 20 3 3 20 3 39 33 38 7 28 0 10 13 16 19 16 0 0; 8 31 33 24 18 0 38 37 12 20 36 24 90 30 0 3 24 5 26 34 22 0 13 37 0; 38 9 8 33 30 2 20 0 33 25 70 7 29 35 17 16 34 13 31 39 19 1 17 17 16]
