n = 20
density = 25
Q1 = [0 0 0 0 0 0 0 0 0 0 0 0 0 0 0 0 0 0 0 0; 0 6 0 0 0 0 0 0 0 0 0 0 0 0 0 0 0 0 0 0; 0 0 0 0 0 0 0 0 0 0 0 0 0 0 0 0 0 0 0 0; 91 0 0 0 0 0 0 0 0 0 0 0 0 0 0 0 0 0 0 0; 68 0 23 3 0 0 0 0 0 0 0 0 0 0 0 0 0 0 0 0; 0 0 0 0 36 0 0 0 0 0 0 0 0 0 0 0 0 0 0 0; 0 0 0 0 0 0 0 0 0 0 0 0 0 0 0 0 0 0 0 0; 71 0 54 0 0 0 8 0 0 0 0 0 0 0 0 0 0 0 0 0; 0 69 12 0 0 0 39 0 0 0 0 0 0 0 0 0 0 0 0 0; 0 0 1 0 48 0 0 84 18 0 0 0 0 0 0 0 0 0 0 0; 0 67 0 0 0 0 0 66 41 0 0 0 0 0 0 0 0 0 0 0; 0 0 27 0 0 36 37 99 50 0 9 0 0 0 0 0 0 0 0 0; 0 18 53 0 42 0 0 0 0 27 84 0 0 0 0 0 0 0 0 0; 0 0 0 0 63 87 65 0 87 0 0 0 88 0 0 0 0 0 0 0; 0 0 0 0 0 25 0 28 0 41 0 0 0 2 80 0 0 0 0 0; 0 0 55 0 0 0 0 0 0 0 58 0 93 89 0 0 0 0 0 0; 0 0 0 0 62 0 0 0 0 0 0 0 0 0 47 0 66 0 0 0; 0 0 0 0 0 24 0 0 33 0 0 0 0 0 0 0 0 0 0 0; 5 47 0 71 38 0 0 38 31 0 80 0 47 0 0 0 9 0 0 0; 0 87 41 0 0 0 0 0 0 95 0 0 0 3 0 0 0 0 0 0]
w = [16, 14, 1, 23, 32, 45, 17, 24, 38, 21, 50, 44, 47, 18, 48, 24, 22, 20, 38, 48]
W = 116
k = 5
inst_name = "QKP_20_100_25" 
feasible = true 
Q2 = [99 0 0 0 0 0 0 0 0 0 0 0 0 0 0 0 0 0 0 0; 99 94 0 0 0 0 0 0 0 0 0 0 0 0 0 0 0 0 0 0; 99 99 99 0 0 0 0 0 0 0 0 0 0 0 0 0 0 0 0 0; 7 99 99 99 0 0 0 0 0 0 0 0 0 0 0 0 0 0 0 0; 8 99 95 98 99 0 0 0 0 0 0 0 0 0 0 0 0 0 0 0; 99 99 99 99 80 99 0 0 0 0 0 0 0 0 0 0 0 0 0 0; 99 99 99 99 99 99 99 0 0 0 0 0 0 0 0 0 0 0 0 0; 20 99 10 99 99 99 93 99 0 0 0 0 0 0 0 0 0 0 0 0; 99 0 93 99 99 99 96 99 99 0 0 0 0 0 0 0 0 0 0 0; 99 99 98 99 61 99 99 0 83 99 0 0 0 0 0 0 0 0 0 0; 99 8 99 99 99 99 99 24 78 99 99 0 0 0 0 0 0 0 0 0; 99 99 91 99 99 73 73 0 14 99 99 99 0 0 0 0 0 0 0 0; 99 89 35 99 83 99 99 99 99 79 2 99 99 0 0 0 0 0 0 0; 99 99 99 99 8 4 16 99 9 99 99 99 5 99 0 0 0 0 0 0; 99 99 99 99 99 77 99 95 99 65 99 99 99 97 14 0 0 0 0 0; 99 99 13 99 99 99 99 99 99 99 28 99 3 3 99 99 0 0 0 0; 99 99 99 99 22 99 99 99 99 99 99 99 99 99 64 99 15 0 0 0; 99 99 99 99 99 78 99 99 83 99 99 99 99 99 99 99 99 99 0 0; 94 96 99 4 72 99 99 95 93 99 15 99 79 99 99 99 99 99 99 0; 99 9 81 99 99 99 99 99 99 3 99 99 99 99 99 99 99 99 99 99]
Q3 = [13 0 0 0 0 0 0 0 0 0 0 0 0 0 0 0 0 0 0 0; 31 7 0 0 0 0 0 0 0 0 0 0 0 0 0 0 0 0 0 0; 32 3 27 0 0 0 0 0 0 0 0 0 0 0 0 0 0 0 0 0; 36 25 19 21 0 0 0 0 0 0 0 0 0 0 0 0 0 0 0 0; 17 28 20 27 6 0 0 0 0 0 0 0 0 0 0 0 0 0 0 0; 3 16 20 35 13 41 0 0 0 0 0 0 0 0 0 0 0 0 0 0; 33 27 36 24 13 35 11 0 0 0 0 0 0 0 0 0 0 0 0 0; 37 6 93 1 28 22 14 3 0 0 0 0 0 0 0 0 0 0 0 0; 43 74 19 14 4 31 8 3 28 0 0 0 0 0 0 0 0 0 0 0; 43 24 19 33 7 42 19 2 6 36 0 0 0 0 0 0 0 0 0 0; 21 17 29 10 20 27 5 39 12 4 24 0 0 0 0 0 0 0 0 0; 23 18 17 32 42 9 10 11 97 4 34 39 0 0 0 0 0 0 0 0; 31 16 41 32 11 9 24 9 23 10 10 18 18 0 0 0 0 0 0 0; 40 22 30 27 89 19 29 4 36 38 12 37 22 38 0 0 0 0 0 0; 3 4 34 14 34 4 17 18 41 6 22 41 39 8 35 0 0 0 0 0; 3 44 96 32 13 21 17 8 18 8 38 14 22 14 13 6 0 0 0 0; 42 3 41 37 35 16 30 17 35 36 31 9 16 6 8 20 28 0 0 0; 14 34 19 12 14 6 5 30 14 44 44 32 22 26 7 3 5 6 0 0; 2 0 9 10 9 18 9 9 15 15 36 31 10 11 8 36 34 25 17 0; 23 34 12 35 33 6 0 34 4 33 26 31 30 36 31 31 42 41 33 0]
