n = 25
density = 25
Q1 = [82 0 0 0 0 0 0 0 0 0 0 0 0 0 0 0 0 0 0 0 0 0 0 0 0; 0 0 0 0 0 0 0 0 0 0 0 0 0 0 0 0 0 0 0 0 0 0 0 0 0; 0 0 0 0 0 0 0 0 0 0 0 0 0 0 0 0 0 0 0 0 0 0 0 0 0; 0 0 0 0 0 0 0 0 0 0 0 0 0 0 0 0 0 0 0 0 0 0 0 0 0; 0 0 0 0 0 0 0 0 0 0 0 0 0 0 0 0 0 0 0 0 0 0 0 0 0; 0 0 0 0 0 0 0 0 0 0 0 0 0 0 0 0 0 0 0 0 0 0 0 0 0; 67 0 111 0 66 54 0 0 0 0 0 0 0 0 0 0 0 0 0 0 0 0 0 0 0; 0 0 0 0 0 0 0 0 0 0 0 0 0 0 0 0 0 0 0 0 0 0 0 0 0; 0 0 0 12 0 143 0 16 49 0 0 0 0 0 0 0 0 0 0 0 0 0 0 0 0; 0 0 0 0 0 0 0 0 0 189 0 0 0 0 0 0 0 0 0 0 0 0 0 0 0; 54 0 0 0 184 0 0 0 0 0 0 0 0 0 0 0 0 0 0 0 0 0 0 0 0; 0 51 0 0 0 0 192 0 184 118 0 0 0 0 0 0 0 0 0 0 0 0 0 0 0; 0 0 0 0 0 0 126 0 0 0 72 0 0 0 0 0 0 0 0 0 0 0 0 0 0; 0 0 0 0 0 157 0 37 93 0 0 0 0 0 0 0 0 0 0 0 0 0 0 0 0; 0 0 0 0 0 189 177 0 0 0 0 0 0 0 0 0 0 0 0 0 0 0 0 0 0; 0 0 151 158 0 0 0 0 0 87 0 0 0 0 0 0 0 0 0 0 0 0 0 0 0; 142 0 114 0 0 0 156 0 0 0 0 0 0 0 30 0 0 0 0 0 0 0 0 0 0; 144 0 0 54 0 147 192 0 0 0 0 0 0 0 120 0 0 0 0 0 0 0 0 0 0; 0 0 0 0 0 24 0 47 0 187 0 0 0 0 0 22 0 0 39 0 0 0 0 0 0; 84 0 0 0 0 0 0 0 0 0 0 0 0 0 0 22 0 0 0 15 0 0 0 0 0; 0 13 0 0 0 0 0 0 0 0 0 0 0 0 0 0 0 136 0 0 170 0 0 0 0; 0 0 0 0 0 0 0 0 0 131 0 0 56 93 0 0 0 73 26 0 0 0 0 0 0; 0 0 0 0 0 0 0 13 0 0 0 0 28 147 0 0 179 0 0 0 0 136 0 0 0; 0 0 0 84 0 0 0 30 166 0 173 0 0 0 0 56 0 0 103 148 0 0 0 0 0; 0 0 151 45 0 0 0 0 75 0 0 0 9 0 140 0 0 0 0 122 0 115 0 0 3]
w = [38, 40, 85, 77, 89, 58, 77, 46, 17, 70, 33, 63, 20, 25, 52, 84, 72, 6, 55, 3, 64, 58, 47, 78, 50]
W = 82
k = 3
inst_name = "QKP_25_200_25" 
feasible = true 
Q2 = [173 0 0 0 0 0 0 0 0 0 0 0 0 0 0 0 0 0 0 0 0 0 0 0 0; 192 192 0 0 0 0 0 0 0 0 0 0 0 0 0 0 0 0 0 0 0 0 0 0 0; 192 192 192 0 0 0 0 0 0 0 0 0 0 0 0 0 0 0 0 0 0 0 0 0 0; 192 192 192 192 0 0 0 0 0 0 0 0 0 0 0 0 0 0 0 0 0 0 0 0 0; 192 192 192 192 192 0 0 0 0 0 0 0 0 0 0 0 0 0 0 0 0 0 0 0 0; 192 192 192 192 192 192 0 0 0 0 0 0 0 0 0 0 0 0 0 0 0 0 0 0 0; 128 192 20 192 168 169 192 0 0 0 0 0 0 0 0 0 0 0 0 0 0 0 0 0 0; 192 192 192 192 192 192 192 192 0 0 0 0 0 0 0 0 0 0 0 0 0 0 0 0 0; 192 192 192 185 192 37 192 185 170 0 0 0 0 0 0 0 0 0 0 0 0 0 0 0 0; 192 192 192 192 192 192 192 192 192 1 0 0 0 0 0 0 0 0 0 0 0 0 0 0 0; 141 192 192 192 3 192 192 192 192 192 192 0 0 0 0 0 0 0 0 0 0 0 0 0 0; 192 177 192 192 192 192 0 192 3 6 192 192 0 0 0 0 0 0 0 0 0 0 0 0 0; 192 192 192 192 192 192 64 192 192 192 150 192 192 0 0 0 0 0 0 0 0 0 0 0 0; 192 192 192 192 192 12 192 162 134 192 192 192 192 192 0 0 0 0 0 0 0 0 0 0 0; 192 192 192 192 192 2 8 192 192 192 192 192 192 192 192 0 0 0 0 0 0 0 0 0 0; 192 192 36 33 192 192 192 192 192 170 192 192 192 192 192 192 0 0 0 0 0 0 0 0 0; 31 192 68 192 192 192 5 192 192 192 192 192 192 192 173 192 192 0 0 0 0 0 0 0 0; 47 192 192 191 192 30 0 192 192 192 192 192 192 192 50 192 192 192 0 0 0 0 0 0 0; 192 192 192 192 192 171 192 173 192 2 192 192 192 192 192 187 192 192 163 0 0 0 0 0 0; 121 192 192 192 192 192 192 192 192 192 192 192 192 192 192 183 192 192 192 182 0 0 0 0 0; 192 180 192 192 192 192 192 192 192 192 192 192 192 192 192 192 192 53 192 192 2 0 0 0 0; 192 192 192 192 192 192 192 192 192 17 192 192 190 99 192 192 192 183 182 192 192 192 0 0 0; 192 192 192 192 192 192 192 186 192 192 192 192 192 38 192 192 9 192 192 192 192 27 192 0 0; 192 192 192 160 192 192 192 191 8 192 14 192 192 192 192 141 192 192 59 39 192 192 192 192 0; 192 192 9 185 192 192 192 192 176 192 192 192 190 192 22 192 192 192 192 70 192 3 192 192 190]
Q3 = [2 0 0 0 0 0 0 0 0 0 0 0 0 0 0 0 0 0 0 0 0 0 0 0 0; 34 42 0 0 0 0 0 0 0 0 0 0 0 0 0 0 0 0 0 0 0 0 0 0 0; 7 21 59 0 0 0 0 0 0 0 0 0 0 0 0 0 0 0 0 0 0 0 0 0 0; 64 33 23 55 0 0 0 0 0 0 0 0 0 0 0 0 0 0 0 0 0 0 0 0 0; 4 10 26 14 40 0 0 0 0 0 0 0 0 0 0 0 0 0 0 0 0 0 0 0 0; 60 46 23 4 28 24 0 0 0 0 0 0 0 0 0 0 0 0 0 0 0 0 0 0 0; 2 53 31 65 15 19 4 0 0 0 0 0 0 0 0 0 0 0 0 0 0 0 0 0 0; 13 49 18 41 27 3 8 28 0 0 0 0 0 0 0 0 0 0 0 0 0 0 0 0 0; 17 27 1 24 21 58 11 32 21 0 0 0 0 0 0 0 0 0 0 0 0 0 0 0 0; 23 23 64 12 2 42 8 0 54 18 0 0 0 0 0 0 0 0 0 0 0 0 0 0 0; 3 46 3 13 25 2 4 38 20 27 65 0 0 0 0 0 0 0 0 0 0 0 0 0 0; 6 21 54 54 53 2 22 17 29 143 17 8 0 0 0 0 0 0 0 0 0 0 0 0 0; 16 57 4 49 61 50 65 40 35 6 15 30 28 0 0 0 0 0 0 0 0 0 0 0 0; 56 6 33 62 64 29 2 11 11 8 55 55 28 58 0 0 0 0 0 0 0 0 0 0 0; 48 26 61 21 12 42 38 40 29 27 16 27 23 62 19 0 0 0 0 0 0 0 0 0 0; 53 46 61 63 38 39 16 28 36 0 26 1 20 17 11 38 0 0 0 0 0 0 0 0 0; 51 20 66 52 29 29 15 40 27 1 51 2 33 25 20 1 20 0 0 0 0 0 0 0 0; 64 35 10 12 29 54 2 39 42 19 63 14 39 32 60 0 36 45 0 0 0 0 0 0 0; 33 51 39 22 10 7 28 22 47 31 25 5 44 40 42 38 12 39 15 0 0 0 0 0 0; 8 28 62 13 24 55 64 54 27 4 35 62 0 0 7 30 58 31 60 20 0 0 0 0 0; 35 8 15 1 56 47 14 7 41 59 15 53 13 27 16 34 16 64 0 40 10 0 0 0 0; 40 39 53 13 15 48 13 15 60 30 40 3 11 0 18 64 30 1 31 64 29 54 0 0 0; 0 23 55 45 8 47 30 29 5 5 33 5 37 60 64 34 46 0 17 17 26 46 26 0 0; 13 52 55 8 55 1 63 34 26 33 52 40 22 50 0 5 40 8 63 61 36 0 22 62 0; 64 15 21 23 32 4 34 64 5 42 1 12 43 57 40 27 57 26 51 65 32 143 29 23 26]
