n = 25
density = 25
Q1 = [93 0 0 0 0 0 0 0 0 0 0 0 0 0 0 0 0 0 0 0 0 0 0 0 0; 0 0 0 0 0 0 0 0 0 0 0 0 0 0 0 0 0 0 0 0 0 0 0 0 0; 0 0 0 0 0 0 0 0 0 0 0 0 0 0 0 0 0 0 0 0 0 0 0 0 0; 0 0 0 167 0 0 0 0 0 0 0 0 0 0 0 0 0 0 0 0 0 0 0 0 0; 0 0 122 0 0 0 0 0 0 0 0 0 0 0 0 0 0 0 0 0 0 0 0 0 0; 63 0 0 96 0 0 0 0 0 0 0 0 0 0 0 0 0 0 0 0 0 0 0 0 0; 5 0 0 0 0 0 0 0 0 0 0 0 0 0 0 0 0 0 0 0 0 0 0 0 0; 19 0 0 114 128 0 54 0 0 0 0 0 0 0 0 0 0 0 0 0 0 0 0 0 0; 39 0 0 0 165 39 0 91 158 0 0 0 0 0 0 0 0 0 0 0 0 0 0 0 0; 0 0 0 0 0 0 0 110 0 0 0 0 0 0 0 0 0 0 0 0 0 0 0 0 0; 0 13 0 33 0 0 142 0 0 37 0 0 0 0 0 0 0 0 0 0 0 0 0 0 0; 0 0 0 0 0 0 0 0 95 0 0 139 0 0 0 0 0 0 0 0 0 0 0 0 0; 0 174 0 0 0 50 0 0 0 19 110 23 0 0 0 0 0 0 0 0 0 0 0 0 0; 144 0 0 199 0 53 104 182 80 37 0 0 0 0 0 0 0 0 0 0 0 0 0 0 0; 134 0 0 198 97 153 0 0 0 9 112 188 129 0 69 0 0 0 0 0 0 0 0 0 0; 0 0 1 181 0 0 100 0 40 84 108 0 104 0 0 0 0 0 0 0 0 0 0 0 0; 0 197 0 0 0 0 0 0 0 109 0 0 0 0 0 0 0 0 0 0 0 0 0 0 0; 0 196 0 0 0 0 0 0 0 0 52 0 0 0 0 0 0 188 0 0 0 0 0 0 0; 0 0 22 0 0 0 39 0 73 0 0 0 109 0 0 0 0 0 0 0 0 0 0 0 0; 25 0 0 108 125 0 0 141 0 0 0 0 57 0 0 0 29 25 0 0 0 0 0 0 0; 0 0 0 0 56 0 0 135 19 0 0 0 113 34 0 163 0 0 0 0 0 0 0 0 0; 21 0 0 0 0 0 0 158 0 0 0 140 0 0 0 0 20 0 0 0 0 0 0 0 0; 0 22 0 0 85 0 0 0 0 41 72 0 0 0 0 0 0 0 0 0 0 0 4 0 0; 0 0 0 7 0 63 0 157 63 0 75 0 0 0 0 79 0 0 0 34 0 0 0 0 0; 0 0 0 0 0 72 111 7 0 40 0 0 0 0 0 199 0 0 0 0 0 0 0 0 32]
w = [27, 87, 45, 79, 42, 51, 36, 63, 55, 90, 30, 29, 11, 82, 83, 56, 29, 78, 94, 50, 93, 82, 66, 84, 26]
W = 54
k = 2
inst_name = "QKP_25_200_25" 
feasible = true 
Q2 = [178 0 0 0 0 0 0 0 0 0 0 0 0 0 0 0 0 0 0 0 0 0 0 0 0; 199 199 0 0 0 0 0 0 0 0 0 0 0 0 0 0 0 0 0 0 0 0 0 0 0; 199 199 199 0 0 0 0 0 0 0 0 0 0 0 0 0 0 0 0 0 0 0 0 0 0; 199 199 199 27 0 0 0 0 0 0 0 0 0 0 0 0 0 0 0 0 0 0 0 0 0; 199 199 31 199 199 0 0 0 0 0 0 0 0 0 0 0 0 0 0 0 0 0 0 0 0; 194 199 199 109 199 199 0 0 0 0 0 0 0 0 0 0 0 0 0 0 0 0 0 0 0; 194 199 199 199 199 199 199 0 0 0 0 0 0 0 0 0 0 0 0 0 0 0 0 0 0; 184 199 199 54 30 199 152 199 0 0 0 0 0 0 0 0 0 0 0 0 0 0 0 0 0; 170 199 199 199 11 190 199 160 22 0 0 0 0 0 0 0 0 0 0 0 0 0 0 0 0; 199 199 199 199 199 199 199 1 199 199 0 0 0 0 0 0 0 0 0 0 0 0 0 0 0; 199 195 199 172 199 199 4 199 199 177 199 0 0 0 0 0 0 0 0 0 0 0 0 0 0; 199 199 199 199 199 199 199 199 144 199 199 7 0 0 0 0 0 0 0 0 0 0 0 0 0; 199 22 199 199 199 187 199 199 199 182 37 186 199 0 0 0 0 0 0 0 0 0 0 0 0; 48 199 199 0 199 164 3 3 149 166 199 199 199 199 0 0 0 0 0 0 0 0 0 0 0; 48 199 199 0 121 29 199 199 199 194 21 4 24 199 151 0 0 0 0 0 0 0 0 0 0; 199 199 199 18 199 199 24 199 181 178 37 199 29 199 199 199 0 0 0 0 0 0 0 0 0; 199 0 199 199 199 199 199 199 199 1 199 199 199 199 199 199 199 0 0 0 0 0 0 0 0; 199 2 199 199 199 199 199 199 199 199 197 199 199 199 199 199 199 8 0 0 0 0 0 0 0; 199 199 190 199 199 199 176 199 178 199 199 199 61 199 199 199 199 199 199 0 0 0 0 0 0; 178 199 199 18 27 199 199 48 199 199 199 199 142 199 199 199 196 186 199 199 0 0 0 0 0; 199 199 199 199 191 199 199 7 192 199 199 199 17 179 199 19 199 199 199 199 199 0 0 0 0; 191 199 199 199 199 199 199 9 199 199 199 3 199 199 199 199 188 199 199 199 199 199 0 0 0; 199 185 199 199 125 199 199 199 199 161 163 199 199 199 199 199 199 199 199 199 199 199 197 0 0; 199 199 199 196 199 137 199 40 156 199 180 199 199 199 199 127 199 199 199 195 199 199 199 199 0; 199 199 199 199 199 132 45 199 199 185 199 199 199 199 199 0 199 199 199 199 199 199 199 199 180]
Q3 = [0 0 0 0 0 0 0 0 0 0 0 0 0 0 0 0 0 0 0 0 0 0 0 0 0; 37 47 0 0 0 0 0 0 0 0 0 0 0 0 0 0 0 0 0 0 0 0 0 0 0; 8 23 65 0 0 0 0 0 0 0 0 0 0 0 0 0 0 0 0 0 0 0 0 0 0; 71 36 25 65 0 0 0 0 0 0 0 0 0 0 0 0 0 0 0 0 0 0 0 0 0; 5 11 47 16 45 0 0 0 0 0 0 0 0 0 0 0 0 0 0 0 0 0 0 0 0; 13 51 25 4 31 27 0 0 0 0 0 0 0 0 0 0 0 0 0 0 0 0 0 0 0; 3 59 18 72 46 41 5 0 0 0 0 0 0 0 0 0 0 0 0 0 0 0 0 0 0; 14 54 20 65 48 3 8 32 0 0 0 0 0 0 0 0 0 0 0 0 0 0 0 0 0; 17 30 2 29 31 32 13 12 50 0 0 0 0 0 0 0 0 0 0 0 0 0 0 0 0; 25 25 70 14 2 46 9 161 60 20 0 0 0 0 0 0 0 0 0 0 0 0 0 0 0; 4 44 4 13 25 2 8 42 22 24 72 0 0 0 0 0 0 0 0 0 0 0 0 0 0; 7 51 60 60 59 3 24 19 13 5 19 15 0 0 0 0 0 0 0 0 0 0 0 0 0; 17 66 4 55 68 26 70 44 39 7 52 28 32 0 0 0 0 0 0 0 0 0 0 0 0; 68 7 36 69 71 18 168 16 16 8 61 61 31 64 0 0 0 0 0 0 0 0 0 0 0; 66 28 67 24 10 57 38 44 32 28 171 33 41 69 15 0 0 0 0 0 0 0 0 0 0; 59 51 62 69 42 44 177 31 28 7 51 1 179 19 12 42 0 0 0 0 0 0 0 0 0; 44 23 63 57 32 32 11 44 30 162 57 2 36 28 26 1 22 0 0 0 0 0 0 0 0; 70 40 12 71 33 49 2 43 47 22 22 16 43 36 50 0 40 52 0 0 0 0 0 0 0; 37 57 35 25 11 9 24 43 14 33 27 6 69 44 46 56 14 43 20 0 0 0 0 0 0; 11 32 69 170 43 61 71 68 30 4 39 69 0 0 7 42 41 28 66 24 0 0 0 0 0; 38 9 17 1 21 52 16 14 38 65 16 58 167 25 17 46 18 68 0 44 9 0 0 0 0; 37 44 59 15 17 53 15 24 67 20 44 7 70 0 20 70 29 63 45 71 33 60 0 0 0; 0 22 61 49 8 53 33 36 5 5 18 5 72 60 71 38 48 0 18 19 29 35 28 0 0; 14 58 60 42 61 1 69 70 16 37 12 44 24 55 0 6 45 9 48 37 40 0 25 68 0; 70 17 16 60 35 4 59 64 57 30 1 14 53 64 31 30 63 29 56 72 35 2 32 25 24]
