n = 25
density = 50
Q1 = [0 0 0 0 0 0 0 0 0 0 0 0 0 0 0 0 0 0 0 0 0 0 0 0 0; 0 31 0 0 0 0 0 0 0 0 0 0 0 0 0 0 0 0 0 0 0 0 0 0 0; 69 0 0 0 0 0 0 0 0 0 0 0 0 0 0 0 0 0 0 0 0 0 0 0 0; 0 59 0 42 0 0 0 0 0 0 0 0 0 0 0 0 0 0 0 0 0 0 0 0 0; 4 24 100 28 31 0 0 0 0 0 0 0 0 0 0 0 0 0 0 0 0 0 0 0 0; 0 0 0 51 0 0 0 0 0 0 0 0 0 0 0 0 0 0 0 0 0 0 0 0 0; 0 67 7 0 41 0 0 0 0 0 0 0 0 0 0 0 0 0 0 0 0 0 0 0 0; 14 92 0 1 87 0 0 0 0 0 0 0 0 0 0 0 0 0 0 0 0 0 0 0 0; 9 5 14 53 0 0 29 0 12 0 0 0 0 0 0 0 0 0 0 0 0 0 0 0 0; 0 41 17 83 0 0 44 0 0 76 0 0 0 0 0 0 0 0 0 0 0 0 0 0 0; 35 68 69 4 97 0 88 62 1 0 0 0 0 0 0 0 0 0 0 0 0 0 0 0 0; 8 9 39 74 0 31 39 47 0 0 0 78 0 0 0 0 0 0 0 0 0 0 0 0 0; 0 0 46 91 0 71 0 46 3 44 3 0 0 0 0 0 0 0 0 0 0 0 0 0 0; 70 0 65 0 27 0 83 0 19 0 50 91 0 0 0 0 0 0 0 0 0 0 0 0 0; 36 90 0 23 0 0 0 0 0 30 0 0 66 17 0 0 0 0 0 0 0 0 0 0 0; 0 70 0 0 0 0 0 0 0 0 100 0 0 30 0 0 0 0 0 0 0 0 0 0 0; 0 0 44 0 31 0 0 91 0 0 88 0 50 86 0 0 58 0 0 0 0 0 0 0 0; 63 0 0 93 26 94 63 0 0 66 8 40 69 80 0 0 13 0 0 0 0 0 0 0 0; 0 75 57 60 42 0 7 0 0 61 0 47 76 62 7 38 46 0 97 0 0 0 0 0 0; 0 0 0 0 39 0 86 5 54 0 0 0 91 19 46 35 0 0 57 0 0 0 0 0 0; 70 0 0 83 50 0 87 32 0 0 0 18 79 5 44 0 0 0 0 37 0 0 0 0 0; 0 75 74 0 97 38 0 0 36 0 75 0 74 47 0 0 0 0 0 0 0 0 0 0 0; 41 0 8 0 0 0 0 18 0 4 21 59 52 82 34 0 0 0 0 1 0 0 0 0 0; 78 0 79 91 0 0 0 0 69 0 0 85 20 82 0 62 0 74 39 94 0 0 22 9 0; 96 0 0 35 0 0 18 0 86 0 1 0 40 0 0 87 45 93 68 0 43 97 0 0 34]
w = [11, 15, 39, 36, 14, 22, 45, 17, 25, 11, 32, 22, 12, 1, 17, 22, 8, 46, 27, 29, 20, 15, 4, 16, 48]
W = 52
k = 2
inst_name = "QKP_25_100_50" 
feasible = true 
Q2 = [100 0 0 0 0 0 0 0 0 0 0 0 0 0 0 0 0 0 0 0 0 0 0 0 0; 100 90 0 0 0 0 0 0 0 0 0 0 0 0 0 0 0 0 0 0 0 0 0 0 0; 22 100 100 0 0 0 0 0 0 0 0 0 0 0 0 0 0 0 0 0 0 0 0 0 0; 100 19 100 62 0 0 0 0 0 0 0 0 0 0 0 0 0 0 0 0 0 0 0 0 0; 98 77 0 95 94 0 0 0 0 0 0 0 0 0 0 0 0 0 0 0 0 0 0 0 0; 100 100 100 20 100 100 0 0 0 0 0 0 0 0 0 0 0 0 0 0 0 0 0 0 0; 100 32 96 100 65 100 100 0 0 0 0 0 0 0 0 0 0 0 0 0 0 0 0 0 0; 91 0 100 99 7 100 100 100 0 0 0 0 0 0 0 0 0 0 0 0 0 0 0 0 0; 95 98 93 5 100 100 98 100 93 0 0 0 0 0 0 0 0 0 0 0 0 0 0 0 0; 100 96 91 12 100 100 88 100 100 0 0 0 0 0 0 0 0 0 0 0 0 0 0 0 0; 97 28 19 99 2 100 9 13 100 100 100 0 0 0 0 0 0 0 0 0 0 0 0 0 0; 92 96 95 8 100 85 80 66 100 100 100 6 0 0 0 0 0 0 0 0 0 0 0 0 0; 100 100 100 2 100 5 100 69 99 73 98 100 100 0 0 0 0 0 0 0 0 0 0 0 0; 3 100 23 100 87 100 13 100 97 100 27 1 100 100 0 0 0 0 0 0 0 0 0 0 0; 96 5 100 96 100 100 100 100 100 81 100 100 34 88 100 0 0 0 0 0 0 0 0 0 0; 100 24 100 100 100 100 100 100 100 100 0 100 100 82 100 100 0 0 0 0 0 0 0 0 0; 100 100 70 100 74 100 100 0 100 100 9 100 22 6 100 100 39 0 0 0 0 0 0 0 0; 25 100 100 1 81 2 31 100 100 7 92 96 22 9 100 100 87 100 0 0 0 0 0 0 0; 100 19 40 6 76 100 93 100 100 26 100 55 23 8 96 91 80 100 3 0 0 0 0 0 0; 100 100 100 100 69 100 8 95 45 100 100 100 3 84 69 65 100 100 4 100 0 0 0 0 0; 17 100 100 3 41 100 5 89 100 100 100 84 12 100 61 100 100 100 100 86 100 0 0 0 0; 100 8 18 100 0 66 100 100 86 100 7 100 13 85 100 100 100 100 100 100 100 100 0 0 0; 73 100 94 100 100 100 100 82 100 97 98 36 11 12 98 100 100 100 100 99 100 100 100 0 0; 16 100 0 7 100 100 100 100 13 100 100 10 90 8 100 18 100 14 63 0 100 100 79 98 0; 1 100 100 81 100 100 93 100 4 100 99 100 82 100 100 11 99 6 15 100 68 1 100 100 84]
Q3 = [38 0 0 0 0 0 0 0 0 0 0 0 0 0 0 0 0 0 0 0 0 0 0 0 0; 3 17 0 0 0 0 0 0 0 0 0 0 0 0 0 0 0 0 0 0 0 0 0 0 0; 39 32 18 0 0 0 0 0 0 0 0 0 0 0 0 0 0 0 0 0 0 0 0 0 0; 0 31 5 4 0 0 0 0 0 0 0 0 0 0 0 0 0 0 0 0 0 0 0 0 0; 21 3 10 19 17 0 0 0 0 0 0 0 0 0 0 0 0 0 0 0 0 0 0 0 0; 24 5 39 104 14 3 0 0 0 0 0 0 0 0 0 0 0 0 0 0 0 0 0 0 0; 18 46 21 10 6 10 1 0 0 0 0 0 0 0 0 0 0 0 0 0 0 0 0 0 0; 15 1 20 21 27 3 21 38 0 0 0 0 0 0 0 0 0 0 0 0 0 0 0 0 0; 17 23 19 95 11 24 18 4 16 0 0 0 0 0 0 0 0 0 0 0 0 0 0 0 0; 14 8 18 36 26 14 10 2 22 0 0 0 0 0 0 0 0 0 0 0 0 0 0 0 0; 13 43 36 30 29 5 34 24 35 42 0 0 0 0 0 0 0 0 0 0 0 0 0 0 0; 2 21 11 19 44 15 13 9 3 32 41 17 0 0 0 0 0 0 0 0 0 0 0 0 0; 25 34 0 15 44 12 17 10 28 11 16 22 34 0 0 0 0 0 0 0 0 0 0 0 0; 9 40 38 8 16 29 38 39 25 32 38 10 2 28 0 0 0 0 0 0 0 0 0 0 0; 13 28 25 23 35 42 37 39 14 12 43 2 46 13 40 0 0 0 0 0 0 0 0 0 0; 30 42 30 25 18 26 3 27 29 41 11 24 42 13 39 26 0 0 0 0 0 0 0 0 0; 23 21 10 1 7 45 41 1 10 24 34 7 106 22 30 8 46 0 0 0 0 0 0 0 0; 39 11 34 12 10 18 43 9 26 16 1 9 38 26 16 0 3 22 0 0 0 0 0 0 0; 28 40 45 90 12 12 0 22 33 39 21 2 44 91 17 13 11 0 37 0 0 0 0 0 0; 44 32 32 44 8 41 30 1 46 27 13 38 16 8 10 0 26 21 91 19 0 0 0 0 0; 33 29 7 12 45 34 22 16 17 32 33 4 30 35 4 16 28 1 29 14 18 0 0 0 0; 4 20 37 22 12 5 1 23 15 13 18 7 30 10 40 23 29 13 25 22 41 26 0 0 0; 11 1 12 21 34 45 38 2 21 16 25 45 98 35 14 38 34 35 40 16 33 28 24 0 0; 38 12 1 38 20 42 22 17 27 10 21 33 19 25 10 31 18 32 2 7 37 33 3 29 0; 18 39 4 13 35 46 22 43 18 2 1 11 13 31 34 40 2 39 30 7 9 15 33 44 15]
