n = 20
density = 25
Q1 = [0 0 0 0 0 0 0 0 0 0 0 0 0 0 0 0 0 0 0 0; 0 117 0 0 0 0 0 0 0 0 0 0 0 0 0 0 0 0 0 0; 0 87 8 0 0 0 0 0 0 0 0 0 0 0 0 0 0 0 0 0; 0 0 0 0 0 0 0 0 0 0 0 0 0 0 0 0 0 0 0 0; 0 167 0 0 0 0 0 0 0 0 0 0 0 0 0 0 0 0 0 0; 0 0 0 0 0 0 0 0 0 0 0 0 0 0 0 0 0 0 0 0; 0 0 0 103 0 21 0 0 0 0 0 0 0 0 0 0 0 0 0 0; 0 108 0 0 0 0 146 0 0 0 0 0 0 0 0 0 0 0 0 0; 0 102 0 0 190 0 0 0 0 0 0 0 0 0 0 0 0 0 0 0; 13 0 199 112 0 0 0 164 0 0 0 0 0 0 0 0 0 0 0 0; 0 0 0 0 0 0 0 0 0 0 0 0 0 0 0 0 0 0 0 0; 0 0 80 0 0 151 0 0 0 0 0 0 0 0 0 0 0 0 0 0; 0 0 0 0 103 0 0 0 0 9 0 135 0 0 0 0 0 0 0 0; 10 177 150 0 0 0 170 0 0 0 0 0 32 0 0 0 0 0 0 0; 177 0 146 0 0 0 21 98 0 0 0 132 156 0 0 0 0 0 0 0; 0 0 168 168 90 59 0 0 0 0 7 0 0 0 0 6 0 0 0 0; 0 92 0 138 0 0 0 0 0 0 0 0 186 0 0 0 0 0 0 0; 0 72 31 141 0 0 0 0 0 0 0 0 0 0 0 0 0 0 0 0; 0 0 0 0 0 0 0 0 0 0 0 0 0 0 0 0 0 0 0 0; 118 0 0 0 0 50 0 0 40 33 0 0 0 74 0 0 0 0 114 112]
w = [83, 13, 38, 20, 88, 59, 44, 3, 9, 77, 97, 56, 65, 96, 25, 53, 28, 53, 17, 19]
W = 87
k = 3
inst_name = "QKP_20_200_25" 
feasible = true 
Q2 = [199 0 0 0 0 0 0 0 0 0 0 0 0 0 0 0 0 0 0 0; 199 13 0 0 0 0 0 0 0 0 0 0 0 0 0 0 0 0 0 0; 199 119 196 0 0 0 0 0 0 0 0 0 0 0 0 0 0 0 0 0; 199 199 199 199 0 0 0 0 0 0 0 0 0 0 0 0 0 0 0 0; 199 20 199 199 199 0 0 0 0 0 0 0 0 0 0 0 0 0 0 0; 199 199 199 199 199 199 0 0 0 0 0 0 0 0 0 0 0 0 0 0; 199 199 199 53 199 195 199 0 0 0 0 0 0 0 0 0 0 0 0 0; 199 12 199 199 199 199 17 199 0 0 0 0 0 0 0 0 0 0 0 0; 199 0 199 199 1 199 199 199 199 0 0 0 0 0 0 0 0 0 0 0; 199 199 0 65 199 199 199 1 199 199 0 0 0 0 0 0 0 0 0 0; 199 199 199 199 199 199 199 199 199 199 199 0 0 0 0 0 0 0 0 0; 199 199 174 199 199 13 199 199 199 199 199 199 0 0 0 0 0 0 0 0; 199 199 199 199 58 199 199 199 199 192 199 26 199 0 0 0 0 0 0 0; 198 11 33 199 199 199 13 199 199 199 199 199 181 199 0 0 0 0 0 0; 1 199 41 199 199 199 186 186 199 199 199 63 38 199 199 0 0 0 0 0; 199 199 9 23 137 168 199 199 199 199 197 199 199 199 199 194 0 0 0 0; 199 114 199 52 199 199 199 199 199 199 199 199 5 199 199 199 199 0 0 0; 199 182 181 16 199 199 199 199 199 199 199 199 199 199 199 199 199 199 0 0; 199 199 199 199 199 199 199 199 199 199 199 199 199 199 199 199 199 199 199 0; 42 199 199 199 199 156 199 199 163 190 199 199 199 190 199 199 199 199 63 0]
Q3 = [25 0 0 0 0 0 0 0 0 0 0 0 0 0 0 0 0 0 0 0; 60 175 0 0 0 0 0 0 0 0 0 0 0 0 0 0 0 0 0 0; 61 6 50 0 0 0 0 0 0 0 0 0 0 0 0 0 0 0 0 0; 68 49 37 41 0 0 0 0 0 0 0 0 0 0 0 0 0 0 0 0; 22 61 68 55 12 0 0 0 0 0 0 0 0 0 0 0 0 0 0 0; 7 31 38 67 41 78 0 0 0 0 0 0 0 0 0 0 0 0 0 0; 64 52 70 71 26 54 21 0 0 0 0 0 0 0 0 0 0 0 0 0; 61 181 19 3 54 43 39 6 0 0 0 0 0 0 0 0 0 0 0 0; 82 182 44 27 9 60 78 6 54 0 0 0 0 0 0 0 0 0 0 0; 71 47 37 80 19 81 36 5 13 69 0 0 0 0 0 0 0 0 0 0; 41 22 56 19 39 52 10 62 41 8 47 0 0 0 0 0 0 0 0 0; 44 35 21 62 82 32 26 22 24 8 82 76 0 0 0 0 0 0 0 0; 60 39 64 62 75 18 46 17 45 23 15 50 35 0 0 0 0 0 0 0; 69 49 68 52 20 32 47 7 65 73 23 71 31 72 0 0 0 0 0 0; 7 7 75 27 65 10 30 0 78 14 43 83 80 16 61 0 0 0 0 0; 7 85 32 68 17 27 32 15 34 16 54 27 40 24 25 12 0 0 0 0; 80 6 79 79 50 32 57 33 67 69 60 18 34 12 21 38 39 0 0 0; 26 23 31 35 28 12 9 57 44 85 84 61 42 51 13 7 11 11 0 0; 4 79 18 12 24 35 17 75 67 29 64 60 49 22 15 69 83 49 33 0; 64 61 48 68 63 11 1 66 8 44 49 61 59 18 59 61 81 80 79 173]
