n = 25
density = 25
Q1 = [0 0 0 0 0 0 0 0 0 0 0 0 0 0 0 0 0 0 0 0 0 0 0 0 0; 13 0 0 0 0 0 0 0 0 0 0 0 0 0 0 0 0 0 0 0 0 0 0 0 0; 58 64 159 0 0 0 0 0 0 0 0 0 0 0 0 0 0 0 0 0 0 0 0 0 0; 0 0 0 0 0 0 0 0 0 0 0 0 0 0 0 0 0 0 0 0 0 0 0 0 0; 0 0 0 0 0 0 0 0 0 0 0 0 0 0 0 0 0 0 0 0 0 0 0 0 0; 0 0 0 0 0 171 0 0 0 0 0 0 0 0 0 0 0 0 0 0 0 0 0 0 0; 36 0 0 0 0 0 0 0 0 0 0 0 0 0 0 0 0 0 0 0 0 0 0 0 0; 0 0 0 0 0 0 0 0 0 0 0 0 0 0 0 0 0 0 0 0 0 0 0 0 0; 0 0 0 38 0 0 0 0 0 0 0 0 0 0 0 0 0 0 0 0 0 0 0 0 0; 0 0 0 0 0 0 0 0 0 0 0 0 0 0 0 0 0 0 0 0 0 0 0 0 0; 0 155 0 109 0 165 0 0 0 0 0 0 0 0 0 0 0 0 0 0 0 0 0 0 0; 0 0 0 57 11 0 189 0 0 0 0 0 0 0 0 0 0 0 0 0 0 0 0 0 0; 0 0 0 0 0 0 70 23 0 0 0 62 0 0 0 0 0 0 0 0 0 0 0 0 0; 0 0 0 174 177 0 193 0 0 95 0 0 0 0 0 0 0 0 0 0 0 0 0 0 0; 0 103 0 0 0 0 0 0 0 0 0 0 0 0 187 0 0 0 0 0 0 0 0 0 0; 89 132 0 0 0 0 0 96 0 0 0 0 0 0 0 0 0 0 0 0 0 0 0 0 0; 0 0 0 0 0 0 0 0 0 0 0 0 0 0 0 0 143 0 0 0 0 0 0 0 0; 0 0 0 0 131 0 32 0 0 15 0 0 0 148 0 61 91 0 0 0 0 0 0 0 0; 0 180 80 0 0 0 0 0 0 0 7 183 0 0 0 0 0 0 0 0 0 0 0 0 0; 61 0 174 0 0 0 0 0 105 0 0 0 0 0 0 0 0 0 29 0 0 0 0 0 0; 118 0 0 0 0 0 0 0 0 120 11 0 0 0 47 0 0 4 81 0 0 0 0 0 0; 0 99 183 0 0 0 0 0 0 0 0 0 0 0 187 2 0 199 0 0 0 0 0 0 0; 0 0 0 56 0 13 0 0 8 0 0 105 0 0 0 0 0 0 0 105 0 0 0 0 0; 0 180 0 0 0 0 112 0 0 0 0 0 0 0 0 11 0 126 0 141 0 0 0 0 0; 0 0 127 0 0 0 0 180 165 0 0 45 0 48 0 0 12 0 0 0 0 89 0 0 0]
w = [16, 82, 87, 45, 57, 46, 87, 55, 16, 35, 48, 90, 53, 56, 71, 40, 22, 73, 54, 56, 75, 96, 51, 78, 32]
W = 102
k = 4
inst_name = "QKP_25_200_25" 
feasible = true 
Q2 = [199 0 0 0 0 0 0 0 0 0 0 0 0 0 0 0 0 0 0 0 0 0 0 0 0; 193 199 0 0 0 0 0 0 0 0 0 0 0 0 0 0 0 0 0 0 0 0 0 0 0; 147 155 36 0 0 0 0 0 0 0 0 0 0 0 0 0 0 0 0 0 0 0 0 0 0; 199 199 199 199 0 0 0 0 0 0 0 0 0 0 0 0 0 0 0 0 0 0 0 0 0; 199 199 199 199 199 0 0 0 0 0 0 0 0 0 0 0 0 0 0 0 0 0 0 0 0; 199 199 199 199 199 10 0 0 0 0 0 0 0 0 0 0 0 0 0 0 0 0 0 0 0; 164 199 199 199 199 199 199 0 0 0 0 0 0 0 0 0 0 0 0 0 0 0 0 0 0; 199 199 199 199 199 199 199 199 0 0 0 0 0 0 0 0 0 0 0 0 0 0 0 0 0; 199 199 199 176 199 199 199 199 199 0 0 0 0 0 0 0 0 0 0 0 0 0 0 0 0; 199 199 199 199 199 199 199 199 199 199 0 0 0 0 0 0 0 0 0 0 0 0 0 0 0; 199 31 199 17 199 1 199 199 199 199 199 0 0 0 0 0 0 0 0 0 0 0 0 0 0; 199 199 199 189 197 199 3 199 199 199 199 199 0 0 0 0 0 0 0 0 0 0 0 0 0; 199 199 199 199 199 199 197 190 199 199 199 165 199 0 0 0 0 0 0 0 0 0 0 0 0; 199 199 199 24 22 199 0 199 199 116 199 199 199 199 0 0 0 0 0 0 0 0 0 0 0; 199 38 199 199 199 199 199 199 199 199 199 199 199 199 3 0 0 0 0 0 0 0 0 0 0; 183 47 199 199 199 199 199 144 199 199 199 199 199 199 199 199 0 0 0 0 0 0 0 0 0; 199 199 199 199 199 199 199 199 199 199 199 199 199 199 199 199 17 0 0 0 0 0 0 0 0; 199 199 199 199 31 199 168 199 199 188 199 199 199 25 199 138 158 199 0 0 0 0 0 0 0; 199 15 166 199 199 199 199 199 199 199 195 1 199 199 199 199 199 199 199 0 0 0 0 0 0; 148 199 24 199 199 199 199 199 40 199 199 199 199 199 199 199 199 199 197 199 0 0 0 0 0; 43 199 199 199 199 199 199 199 199 71 190 199 199 199 163 199 199 199 118 199 199 0 0 0 0; 199 160 13 199 199 199 199 199 199 199 199 199 199 199 3 199 199 0 199 199 199 199 0 0 0; 199 199 199 181 199 196 199 199 191 199 199 7 199 199 199 199 199 199 199 24 199 199 199 0 0; 199 15 199 199 199 199 84 199 199 199 199 199 199 199 199 189 199 9 199 51 199 199 199 199 0; 199 199 16 199 199 199 199 19 27 199 199 162 199 193 199 199 198 199 199 199 199 113 199 199 199]
Q3 = [56 0 0 0 0 0 0 0 0 0 0 0 0 0 0 0 0 0 0 0 0 0 0 0 0; 34 48 0 0 0 0 0 0 0 0 0 0 0 0 0 0 0 0 0 0 0 0 0 0 0; 7 17 70 0 0 0 0 0 0 0 0 0 0 0 0 0 0 0 0 0 0 0 0 0 0; 72 37 26 62 0 0 0 0 0 0 0 0 0 0 0 0 0 0 0 0 0 0 0 0 0; 5 11 29 16 45 0 0 0 0 0 0 0 0 0 0 0 0 0 0 0 0 0 0 0 0; 67 52 26 5 31 34 0 0 0 0 0 0 0 0 0 0 0 0 0 0 0 0 0 0 0; 3 60 18 73 47 42 5 0 0 0 0 0 0 0 0 0 0 0 0 0 0 0 0 0 0; 15 55 20 46 31 3 10 32 0 0 0 0 0 0 0 0 0 0 0 0 0 0 0 0 0; 20 31 2 23 24 55 13 42 40 0 0 0 0 0 0 0 0 0 0 0 0 0 0 0 0; 26 26 71 14 2 47 9 0 61 20 0 0 0 0 0 0 0 0 0 0 0 0 0 0 0; 4 60 4 171 26 4 5 43 23 30 73 0 0 0 0 0 0 0 0 0 0 0 0 0 0; 7 52 61 22 52 3 27 20 31 5 19 9 0 0 0 0 0 0 0 0 0 0 0 0 0; 18 64 4 55 69 56 5 36 39 7 31 20 32 0 0 0 0 0 0 0 0 0 0 0 0; 63 7 37 71 72 24 2 13 27 8 62 62 32 65 0 0 0 0 0 0 0 0 0 0 0; 54 52 68 24 14 46 39 45 32 30 18 30 25 70 25 0 0 0 0 0 0 0 0 0 0; 0 65 63 70 43 44 18 14 41 54 30 1 22 19 13 42 0 0 0 0 0 0 0 0 0; 45 23 64 58 33 33 11 45 31 1 58 2 37 28 26 1 35 0 0 0 0 0 0 0 0; 71 40 12 72 50 49 2 44 47 21 70 16 44 49 51 0 13 50 0 0 0 0 0 0 0; 37 61 15 25 11 9 31 44 52 33 27 7 50 45 47 57 14 44 20 0 0 0 0 0 0; 10 32 70 14 27 62 72 61 54 5 40 70 0 0 8 43 65 35 43 24 0 0 0 0 0; 59 9 17 1 63 52 16 7 47 73 16 59 14 31 15 38 18 65 0 45 9 0 0 0 0; 45 8 62 15 17 54 15 17 68 20 45 4 71 0 22 69 34 64 46 72 33 60 0 0 0; 0 25 62 24 9 46 33 37 5 6 37 168 73 61 72 38 49 0 19 177 29 36 30 0 0; 15 62 61 46 62 1 73 69 23 37 54 45 24 56 0 6 45 154 49 70 41 0 25 69 0; 71 17 29 61 36 5 38 71 63 47 1 12 54 28 31 30 54 30 57 73 36 2 32 25 29]
