n = 20
density = 75
Q1 = [49 0 0 0 0 0 0 0 0 0 0 0 0 0 0 0 0 0 0 0; 61 90 0 0 0 0 0 0 0 0 0 0 0 0 0 0 0 0 0 0; 29 40 0 0 0 0 0 0 0 0 0 0 0 0 0 0 0 0 0 0; 63 30 0 95 0 0 0 0 0 0 0 0 0 0 0 0 0 0 0 0; 86 74 49 18 3 0 0 0 0 0 0 0 0 0 0 0 0 0 0 0; 0 53 18 45 0 95 0 0 0 0 0 0 0 0 0 0 0 0 0 0; 19 87 84 42 23 3 0 0 0 0 0 0 0 0 0 0 0 0 0 0; 48 0 35 7 32 79 0 56 0 0 0 0 0 0 0 0 0 0 0 0; 0 0 87 98 86 45 9 17 66 0 0 0 0 0 0 0 0 0 0 0; 0 89 61 46 7 0 50 2 22 24 0 0 0 0 0 0 0 0 0 0; 51 96 14 0 39 14 99 41 0 0 13 0 0 0 0 0 0 0 0 0; 87 8 30 0 68 61 0 37 0 44 61 18 0 0 0 0 0 0 0 0; 0 17 40 0 42 45 57 62 77 0 64 12 0 0 0 0 0 0 0 0; 10 47 62 41 0 12 63 83 68 96 16 71 39 28 0 0 0 0 0 0; 81 82 21 0 5 58 0 0 50 0 0 78 0 97 49 0 0 0 0 0; 36 6 26 88 20 12 55 8 51 0 46 51 88 0 87 34 0 0 0 0; 72 98 0 62 63 84 17 0 16 73 0 91 0 41 20 25 0 0 0 0; 39 0 41 6 32 97 0 0 0 46 0 63 0 20 27 45 40 0 0 0; 0 76 0 17 61 72 0 0 0 62 83 5 52 58 49 0 41 21 46 0; 61 76 0 21 92 38 81 96 28 44 81 0 0 63 0 68 69 0 0 87]
w = [7, 23, 41, 18, 40, 24, 33, 39, 18, 32, 39, 12, 41, 32, 16, 13, 13, 21, 28, 19]
W = 66
k = 4
inst_name = "QKP_20_100_75" 
feasible = true 
Q2 = [73 0 0 0 0 0 0 0 0 0 0 0 0 0 0 0 0 0 0 0; 4 1 0 0 0 0 0 0 0 0 0 0 0 0 0 0 0 0 0 0; 98 60 99 0 0 0 0 0 0 0 0 0 0 0 0 0 0 0 0 0; 17 82 99 2 0 0 0 0 0 0 0 0 0 0 0 0 0 0 0 0; 11 13 72 93 97 0 0 0 0 0 0 0 0 0 0 0 0 0 0 0; 99 32 90 66 99 3 0 0 0 0 0 0 0 0 0 0 0 0 0 0; 91 11 5 76 76 99 99 0 0 0 0 0 0 0 0 0 0 0 0 0; 58 99 75 94 95 5 99 29 0 0 0 0 0 0 0 0 0 0 0 0; 99 99 7 0 7 68 99 88 18 0 0 0 0 0 0 0 0 0 0 0; 99 3 21 83 99 99 40 99 84 99 0 0 0 0 0 0 0 0 0 0; 37 3 94 99 87 94 0 64 99 99 96 0 0 0 0 0 0 0 0 0; 3 98 82 99 9 15 99 88 99 61 27 87 0 0 0 0 0 0 0 0; 99 95 72 99 94 97 0 31 4 99 15 90 99 0 0 0 0 0 0 0; 91 70 7 65 99 90 14 13 27 2 99 5 86 73 0 0 0 0 0 0; 10 6 78 99 94 35 99 99 30 99 99 3 99 2 53 0 0 0 0 0; 90 97 90 3 93 99 22 98 15 99 97 37 8 99 5 98 0 0 0 0; 26 0 99 26 22 5 88 99 93 12 99 3 99 87 82 87 99 0 0 0; 79 99 69 94 84 2 99 99 99 88 99 16 99 98 89 56 85 99 0 0; 99 19 99 87 0 5 99 99 99 22 6 97 39 31 96 99 73 90 93 0; 35 18 99 79 0 98 8 3 79 74 3 99 99 27 99 26 28 99 99 11]
Q3 = [11 0 0 0 0 0 0 0 0 0 0 0 0 0 0 0 0 0 0 0; 87 10 0 0 0 0 0 0 0 0 0 0 0 0 0 0 0 0 0 0; 17 1 6 0 0 0 0 0 0 0 0 0 0 0 0 0 0 0 0 0; 31 15 32 22 0 0 0 0 0 0 0 0 0 0 0 0 0 0 0 0; 41 29 11 23 13 0 0 0 0 0 0 0 0 0 0 0 0 0 0 0; 5 42 18 9 41 32 0 0 0 0 0 0 0 0 0 0 0 0 0 0; 20 42 21 12 0 39 29 0 0 0 0 0 0 0 0 0 0 0 0 0; 6 38 11 14 16 16 45 41 0 0 0 0 0 0 0 0 0 0 0 0; 18 39 28 9 28 10 35 15 34 0 0 0 0 0 0 0 0 0 0 0; 33 16 35 10 35 10 45 31 13 22 0 0 0 0 0 0 0 0 0 0; 43 36 25 38 13 22 37 6 43 43 28 0 0 0 0 0 0 0 0 0; 16 31 15 25 20 26 2 14 22 5 40 13 0 0 0 0 0 0 0 0; 3 26 10 23 8 3 89 43 12 14 29 13 21 0 0 0 0 0 0 0; 10 11 90 6 23 12 27 39 43 33 30 12 13 3 0 0 0 0 0 0; 30 20 0 39 3 45 27 1 39 41 42 9 36 42 3 0 0 0 0 0; 14 24 19 17 23 32 34 34 100 21 2 44 36 2 23 13 0 0 0 0; 44 7 3 40 37 20 15 23 22 28 10 18 5 12 7 18 23 0 0 0; 13 25 9 7 15 33 11 7 36 9 9 30 21 25 19 2 13 34 0 0; 17 41 15 13 85 13 9 0 18 37 22 23 45 43 0 37 11 20 6 0; 45 41 21 2 4 9 24 44 11 12 10 15 32 41 24 42 45 26 21 44]
