n = 25
density = 75
Q1 = [27 0 0 0 0 0 0 0 0 0 0 0 0 0 0 0 0 0 0 0 0 0 0 0 0; 153 102 0 0 0 0 0 0 0 0 0 0 0 0 0 0 0 0 0 0 0 0 0 0 0; 0 52 156 0 0 0 0 0 0 0 0 0 0 0 0 0 0 0 0 0 0 0 0 0 0; 68 155 123 68 0 0 0 0 0 0 0 0 0 0 0 0 0 0 0 0 0 0 0 0 0; 147 39 59 151 52 0 0 0 0 0 0 0 0 0 0 0 0 0 0 0 0 0 0 0 0; 0 96 9 100 0 168 0 0 0 0 0 0 0 0 0 0 0 0 0 0 0 0 0 0 0; 185 0 0 0 15 165 0 0 0 0 0 0 0 0 0 0 0 0 0 0 0 0 0 0 0; 23 0 48 86 170 168 27 76 0 0 0 0 0 0 0 0 0 0 0 0 0 0 0 0 0; 0 175 107 49 0 25 118 86 108 0 0 0 0 0 0 0 0 0 0 0 0 0 0 0 0; 157 80 108 0 169 138 92 59 200 0 0 0 0 0 0 0 0 0 0 0 0 0 0 0 0; 177 171 119 85 149 60 189 7 38 110 47 0 0 0 0 0 0 0 0 0 0 0 0 0 0; 0 198 126 113 0 108 184 141 122 78 0 179 0 0 0 0 0 0 0 0 0 0 0 0 0; 126 39 0 56 192 103 66 123 0 68 0 0 0 0 0 0 0 0 0 0 0 0 0 0 0; 129 78 187 71 27 162 191 64 0 94 0 0 0 71 0 0 0 0 0 0 0 0 0 0 0; 0 0 118 0 187 88 197 0 0 93 61 168 65 114 0 0 0 0 0 0 0 0 0 0 0; 172 0 3 10 0 164 160 0 192 58 39 67 0 156 81 106 0 0 0 0 0 0 0 0 0; 0 161 0 97 55 100 69 87 0 0 168 145 0 92 0 0 0 0 0 0 0 0 0 0 0; 3 0 70 168 117 55 46 152 77 0 28 155 16 0 140 0 187 0 0 0 0 0 0 0 0; 138 176 192 32 0 158 187 0 32 0 130 0 2 68 108 145 136 0 0 0 0 0 0 0 0; 75 92 0 173 0 179 35 141 0 0 194 118 106 126 0 173 132 118 172 0 0 0 0 0 0; 149 35 27 72 44 0 0 184 0 0 120 0 0 0 42 53 0 0 115 0 7 0 0 0 0; 0 0 0 56 0 42 106 174 102 172 0 163 0 22 180 0 88 143 0 40 41 0 0 0 0; 0 194 0 90 1 0 28 0 0 0 59 0 88 0 0 36 0 73 66 191 42 162 0 0 0; 141 136 179 41 112 178 130 0 13 0 61 0 0 0 163 87 143 114 147 34 0 0 0 40 0; 30 104 105 178 0 24 194 162 0 118 41 148 0 56 175 0 159 23 103 197 98 61 0 39 0]
w = [87, 17, 90, 54, 3, 91, 24, 78, 62, 66, 15, 81, 91, 49, 16, 85, 14, 93, 91, 69, 64, 17, 95, 53, 13]
W = 54
k = 2
inst_name = "QKP_25_200_75" 
feasible = true 
Q2 = [189 0 0 0 0 0 0 0 0 0 0 0 0 0 0 0 0 0 0 0 0 0 0 0 0; 37 31 0 0 0 0 0 0 0 0 0 0 0 0 0 0 0 0 0 0 0 0 0 0 0; 200 178 23 0 0 0 0 0 0 0 0 0 0 0 0 0 0 0 0 0 0 0 0 0 0; 183 32 40 159 0 0 0 0 0 0 0 0 0 0 0 0 0 0 0 0 0 0 0 0 0; 7 161 163 19 177 0 0 0 0 0 0 0 0 0 0 0 0 0 0 0 0 0 0 0 0; 200 157 197 91 200 20 0 0 0 0 0 0 0 0 0 0 0 0 0 0 0 0 0 0 0; 9 200 200 200 199 22 200 0 0 0 0 0 0 0 0 0 0 0 0 0 0 0 0 0 0; 195 200 198 169 6 1 183 179 0 0 0 0 0 0 0 0 0 0 0 0 0 0 0 0 0; 200 15 43 151 200 187 81 115 35 0 0 0 0 0 0 0 0 0 0 0 0 0 0 0 0; 11 124 60 200 15 21 189 148 0 200 0 0 0 0 0 0 0 0 0 0 0 0 0 0 0; 19 11 0 193 13 155 2 197 162 83 185 0 0 0 0 0 0 0 0 0 0 0 0 0 0; 200 2 13 43 200 37 9 41 16 166 200 0 0 0 0 0 0 0 0 0 0 0 0 0 0; 22 176 200 158 1 38 172 26 200 185 200 200 200 0 0 0 0 0 0 0 0 0 0 0 0; 69 171 3 182 190 30 7 138 200 138 200 200 200 170 0 0 0 0 0 0 0 0 0 0 0; 200 200 55 200 4 142 3 200 200 177 191 29 200 21 200 0 0 0 0 0 0 0 0 0 0; 20 200 199 196 200 29 16 200 3 164 183 153 200 4 132 22 0 0 0 0 0 0 0 0 0; 200 4 200 136 145 21 179 139 200 200 17 47 200 127 200 200 200 0 0 0 0 0 0 0 0; 200 200 162 7 73 185 167 40 199 200 180 22 196 200 22 200 7 200 0 0 0 0 0 0 0; 35 1 0 186 200 0 11 200 194 200 4 200 200 192 71 5 24 200 200 0 0 0 0 0 0; 151 174 200 26 200 14 179 35 200 200 1 61 3 6 200 13 46 80 27 200 0 0 0 0 0; 18 189 178 199 178 200 200 12 200 200 66 200 200 200 161 150 200 200 68 200 199 0 0 0 0; 200 200 200 193 200 193 2 25 42 1 200 0 200 197 8 200 154 2 200 199 190 200 0 0 0; 200 0 200 129 199 200 194 200 200 200 177 200 172 200 200 194 200 127 173 2 195 25 200 0 0; 26 45 16 186 9 5 14 200 195 200 142 200 200 200 3 120 4 76 42 179 200 200 200 163 0; 172 66 25 2 200 188 6 2 200 74 177 20 200 159 5 200 21 179 19 3 163 169 200 187 200]
Q3 = [38 0 0 0 0 0 0 0 0 0 0 0 0 0 0 0 0 0 0 0 0 0 0 0 0; 72 191 0 0 0 0 0 0 0 0 0 0 0 0 0 0 0 0 0 0 0 0 0 0 0; 7 30 52 0 0 0 0 0 0 0 0 0 0 0 0 0 0 0 0 0 0 0 0 0 0; 23 67 61 22 0 0 0 0 0 0 0 0 0 0 0 0 0 0 0 0 0 0 0 0 0; 18 1 22 44 29 0 0 0 0 0 0 0 0 0 0 0 0 0 0 0 0 0 0 0 0; 35 16 47 82 26 58 0 0 0 0 0 0 0 0 0 0 0 0 0 0 0 0 0 0 0; 53 34 11 41 60 59 70 0 0 0 0 0 0 0 0 0 0 0 0 0 0 0 0 0 0; 48 9 33 17 20 4 27 19 0 0 0 0 0 0 0 0 0 0 0 0 0 0 0 0 0; 17 55 60 0 32 32 81 1 52 0 0 0 0 0 0 0 0 0 0 0 0 0 0 0 0; 28 4 73 60 46 42 0 9 72 32 0 0 0 0 0 0 0 0 0 0 0 0 0 0 0; 68 39 162 3 30 16 16 44 1 81 33 0 0 0 0 0 0 0 0 0 0 0 0 0 0; 70 55 166 62 13 54 47 68 172 21 23 0 0 0 0 0 0 0 0 0 0 0 0 0 0; 40 25 38 17 18 55 25 45 42 22 67 23 36 0 0 0 0 0 0 0 0 0 0 0 0; 80 20 21 21 40 69 63 3 18 17 60 38 33 23 0 0 0 0 0 0 0 0 0 0 0; 45 1 73 19 31 17 76 15 80 8 25 76 16 180 59 0 0 0 0 0 0 0 0 0 0; 64 45 42 45 55 70 43 78 38 22 34 18 40 12 11 184 0 0 0 0 0 0 0 0 0; 49 11 35 16 0 185 23 17 76 57 50 76 49 13 66 18 0 0 0 0 0 0 0 0 0; 74 40 23 24 80 30 20 74 5 48 20 52 49 78 44 49 47 42 0 0 0 0 0 0 0; 61 5 8 36 39 0 68 16 45 5 154 19 68 19 79 13 45 62 14 0 0 0 0 0 0; 19 11 53 78 61 59 27 63 50 15 16 75 176 160 29 47 69 81 77 10 0 0 0 0 0; 39 39 14 10 29 0 19 63 19 28 78 16 66 30 6 4 49 40 78 56 66 0 0 0 0; 65 12 64 28 25 38 175 77 59 5 26 1 14 53 39 74 19 6 11 41 37 73 0 0 0; 35 1 13 13 37 44 47 76 8 14 27 34 14 11 10 42 77 0 25 17 39 61 25 0 0; 51 70 65 36 172 22 27 24 47 67 4 30 12 55 10 6 9 81 73 26 40 56 70 7 0; 7 77 186 9 38 34 79 6 39 81 27 44 66 18 22 61 51 7 183 62 13 25 56 36 36]
