n = 25
density = 25
Q1 = [0 0 0 0 0 0 0 0 0 0 0 0 0 0 0 0 0 0 0 0 0 0 0 0 0; 0 25 0 0 0 0 0 0 0 0 0 0 0 0 0 0 0 0 0 0 0 0 0 0 0; 3 9 0 0 0 0 0 0 0 0 0 0 0 0 0 0 0 0 0 0 0 0 0 0 0; 0 11 0 0 0 0 0 0 0 0 0 0 0 0 0 0 0 0 0 0 0 0 0 0 0; 0 59 90 0 86 0 0 0 0 0 0 0 0 0 0 0 0 0 0 0 0 0 0 0 0; 0 0 0 0 0 0 0 0 0 0 0 0 0 0 0 0 0 0 0 0 0 0 0 0 0; 0 72 0 0 0 69 0 0 0 0 0 0 0 0 0 0 0 0 0 0 0 0 0 0 0; 0 0 0 0 0 0 0 65 0 0 0 0 0 0 0 0 0 0 0 0 0 0 0 0 0; 0 0 0 0 0 0 0 39 0 0 0 0 0 0 0 0 0 0 0 0 0 0 0 0 0; 0 62 0 0 0 0 0 20 0 0 0 0 0 0 0 0 0 0 0 0 0 0 0 0 0; 67 0 0 37 0 41 0 2 0 0 0 0 0 0 0 0 0 0 0 0 0 0 0 0 0; 0 0 0 0 0 90 0 0 0 50 0 0 0 0 0 0 0 0 0 0 0 0 0 0 0; 0 0 96 0 0 31 0 0 0 0 0 0 0 0 0 0 0 0 0 0 0 0 0 0 0; 0 0 0 0 0 0 0 0 2 99 0 0 0 12 0 0 0 0 0 0 0 0 0 0 0; 29 0 89 50 0 58 0 0 0 0 0 39 0 0 0 0 0 0 0 0 0 0 0 0 0; 0 0 0 0 0 21 15 0 0 0 0 0 0 0 0 92 0 0 0 0 0 0 0 0 0; 0 0 44 87 0 64 0 0 7 0 72 0 0 0 0 0 39 0 0 0 0 0 0 0 0; 0 69 34 90 0 0 76 0 0 46 0 0 0 0 0 0 42 0 0 0 0 0 0 0 0; 0 0 0 0 0 50 65 0 0 0 62 0 23 56 0 0 85 43 60 0 0 0 0 0 0; 0 0 0 0 0 90 0 97 96 10 5 0 0 6 0 0 0 0 0 0 0 0 0 0 0; 75 0 0 8 0 0 0 0 0 84 0 0 0 0 0 0 0 0 0 11 5 0 0 0 0; 0 0 32 0 0 46 0 0 29 0 0 49 58 0 0 0 0 36 0 10 17 13 0 0 0; 0 38 0 0 0 0 0 0 81 0 0 70 0 0 0 0 0 0 80 0 0 52 0 0 0; 0 0 0 0 36 0 0 0 0 63 0 0 0 0 72 27 0 0 83 0 0 93 0 0 0; 0 0 8 0 0 0 0 0 89 90 0 0 20 0 12 37 0 0 0 0 0 0 0 39 30]
w = [49, 35, 12, 18, 19, 41, 30, 17, 31, 20, 14, 46, 3, 9, 17, 19, 15, 12, 13, 3, 12, 27, 15, 20, 39]
W = 53
k = 3
inst_name = "QKP_25_100_25" 
feasible = true 
Q2 = [99 0 0 0 0 0 0 0 0 0 0 0 0 0 0 0 0 0 0 0 0 0 0 0 0; 99 90 0 0 0 0 0 0 0 0 0 0 0 0 0 0 0 0 0 0 0 0 0 0 0; 96 93 99 0 0 0 0 0 0 0 0 0 0 0 0 0 0 0 0 0 0 0 0 0 0; 99 94 99 99 0 0 0 0 0 0 0 0 0 0 0 0 0 0 0 0 0 0 0 0 0; 99 6 3 99 8 0 0 0 0 0 0 0 0 0 0 0 0 0 0 0 0 0 0 0 0; 99 99 99 99 99 99 0 0 0 0 0 0 0 0 0 0 0 0 0 0 0 0 0 0 0; 99 22 99 99 99 17 99 0 0 0 0 0 0 0 0 0 0 0 0 0 0 0 0 0 0; 99 99 99 99 99 99 99 15 0 0 0 0 0 0 0 0 0 0 0 0 0 0 0 0 0; 99 99 99 99 99 99 99 82 99 0 0 0 0 0 0 0 0 0 0 0 0 0 0 0 0; 99 13 99 99 99 99 99 79 99 99 0 0 0 0 0 0 0 0 0 0 0 0 0 0 0; 1 99 99 69 99 59 99 98 99 99 99 0 0 0 0 0 0 0 0 0 0 0 0 0 0; 99 99 99 99 99 0 99 99 99 4 99 99 0 0 0 0 0 0 0 0 0 0 0 0 0; 99 99 0 99 99 92 99 99 99 99 99 99 99 0 0 0 0 0 0 0 0 0 0 0 0; 99 99 99 99 99 99 99 99 98 0 99 99 99 98 0 0 0 0 0 0 0 0 0 0 0; 92 99 10 16 99 26 99 99 99 99 99 76 99 99 99 0 0 0 0 0 0 0 0 0 0; 99 99 99 99 99 91 87 99 99 99 99 99 99 99 99 4 0 0 0 0 0 0 0 0 0; 99 99 94 10 99 16 99 99 95 99 22 99 99 99 99 99 72 0 0 0 0 0 0 0 0; 99 16 70 9 99 99 0 99 99 67 99 99 99 99 99 99 80 99 0 0 0 0 0 0 0; 99 99 99 99 99 6 14 99 99 99 14 99 92 26 99 99 2 82 10 0 0 0 0 0 0; 99 99 99 99 99 8 99 2 1 89 97 99 99 93 99 99 99 99 99 99 0 0 0 0 0; 13 99 99 91 99 99 99 99 99 14 99 99 99 99 99 99 99 99 99 95 94 0 0 0 0; 99 99 93 99 99 87 99 99 97 99 99 53 40 99 99 99 99 95 99 99 90 97 0 0 0; 99 74 99 99 99 99 99 99 1 99 99 2 99 99 99 99 99 99 5 99 99 23 99 0 0; 99 99 99 99 94 99 99 99 99 18 99 99 99 99 0 74 99 99 11 99 99 0 99 99 0; 99 99 93 99 99 99 99 99 8 6 99 99 94 99 92 77 99 99 99 99 99 99 99 74 81]
Q3 = [30 0 0 0 0 0 0 0 0 0 0 0 0 0 0 0 0 0 0 0 0 0 0 0 0; 20 15 0 0 0 0 0 0 0 0 0 0 0 0 0 0 0 0 0 0 0 0 0 0 0; 4 11 35 0 0 0 0 0 0 0 0 0 0 0 0 0 0 0 0 0 0 0 0 0 0; 39 17 14 33 0 0 0 0 0 0 0 0 0 0 0 0 0 0 0 0 0 0 0 0 0; 2 83 18 9 27 0 0 0 0 0 0 0 0 0 0 0 0 0 0 0 0 0 0 0 0; 36 28 14 2 17 14 0 0 0 0 0 0 0 0 0 0 0 0 0 0 0 0 0 0 0; 1 36 10 39 25 30 2 0 0 0 0 0 0 0 0 0 0 0 0 0 0 0 0 0 0; 8 29 11 25 16 1 5 25 0 0 0 0 0 0 0 0 0 0 0 0 0 0 0 0 0; 10 16 1 16 13 30 7 10 21 0 0 0 0 0 0 0 0 0 0 0 0 0 0 0 0; 14 22 38 7 1 25 5 0 33 11 0 0 0 0 0 0 0 0 0 0 0 0 0 0 0; 73 27 2 6 14 1 2 22 12 16 39 0 0 0 0 0 0 0 0 0 0 0 0 0 0; 4 28 33 33 32 2 13 10 16 88 10 4 0 0 0 0 0 0 0 0 0 0 0 0 0; 9 35 2 30 37 12 38 24 21 4 16 18 17 0 0 0 0 0 0 0 0 0 0 0 0; 34 4 20 38 38 13 1 7 14 5 33 33 17 25 0 0 0 0 0 0 0 0 0 0 0; 13 15 37 94 7 34 21 24 17 16 9 9 14 38 12 0 0 0 0 0 0 0 0 0 0; 32 27 34 37 23 16 9 17 22 29 16 0 12 10 7 24 0 0 0 0 0 0 0 0 0; 24 12 0 33 17 26 6 24 15 0 35 1 20 15 14 1 8 0 0 0 0 0 0 0 0; 38 29 5 39 18 26 2 23 25 7 38 9 24 19 27 0 9 27 0 0 0 0 0 0 0; 20 31 23 13 6 89 25 23 28 18 24 3 16 34 25 31 10 8 18 0 0 0 0 0 0; 6 17 37 7 14 34 39 33 17 2 20 38 0 0 4 23 35 18 36 13 0 0 0 0 0; 27 5 9 0 34 28 9 4 25 36 9 32 8 16 9 20 10 37 0 20 4 0 0 0 0; 24 24 11 8 9 4 8 9 11 11 24 2 39 0 11 38 18 6 25 29 14 23 0 0 0; 0 9 33 27 5 29 18 20 4 3 20 5 39 33 38 20 26 0 13 10 16 31 16 0 0; 8 31 33 24 7 0 38 37 12 29 29 24 13 30 0 3 24 5 29 34 22 0 13 37 0; 38 9 8 33 19 2 20 38 33 27 0 7 18 35 14 10 34 16 31 39 19 1 17 9 11]
