n = 25
density = 50
Q1 = [0 0 0 0 0 0 0 0 0 0 0 0 0 0 0 0 0 0 0 0 0 0 0 0 0; 0 99 0 0 0 0 0 0 0 0 0 0 0 0 0 0 0 0 0 0 0 0 0 0 0; 0 13 182 0 0 0 0 0 0 0 0 0 0 0 0 0 0 0 0 0 0 0 0 0 0; 0 184 142 0 0 0 0 0 0 0 0 0 0 0 0 0 0 0 0 0 0 0 0 0 0; 0 166 78 2 181 0 0 0 0 0 0 0 0 0 0 0 0 0 0 0 0 0 0 0 0; 73 0 45 133 81 188 0 0 0 0 0 0 0 0 0 0 0 0 0 0 0 0 0 0 0; 0 0 0 0 147 85 0 0 0 0 0 0 0 0 0 0 0 0 0 0 0 0 0 0 0; 0 0 44 62 180 82 0 67 0 0 0 0 0 0 0 0 0 0 0 0 0 0 0 0 0; 178 0 138 120 184 0 0 117 102 0 0 0 0 0 0 0 0 0 0 0 0 0 0 0 0; 0 72 0 0 0 0 0 0 6 0 0 0 0 0 0 0 0 0 0 0 0 0 0 0 0; 0 112 0 0 0 54 21 162 104 155 93 0 0 0 0 0 0 0 0 0 0 0 0 0 0; 0 151 7 86 0 0 0 168 0 0 0 0 0 0 0 0 0 0 0 0 0 0 0 0 0; 104 0 67 69 102 0 40 122 0 0 8 0 109 0 0 0 0 0 0 0 0 0 0 0 0; 197 0 0 0 0 0 86 0 17 68 0 150 0 0 0 0 0 0 0 0 0 0 0 0 0; 137 26 0 0 0 0 33 160 0 108 57 0 0 82 5 0 0 0 0 0 0 0 0 0 0; 15 0 0 195 0 179 141 0 86 0 0 93 0 0 85 59 0 0 0 0 0 0 0 0 0; 0 0 0 88 114 165 0 32 14 194 129 0 0 37 0 21 26 0 0 0 0 0 0 0 0; 179 188 32 187 0 0 0 161 0 111 0 97 0 0 170 0 23 0 0 0 0 0 0 0 0; 9 60 93 128 84 0 31 0 0 192 106 0 23 174 0 0 0 0 0 0 0 0 0 0 0; 138 0 43 120 104 0 26 0 0 111 0 0 0 0 18 0 0 43 0 0 0 0 0 0 0; 0 174 0 0 0 149 0 0 37 198 15 0 0 0 95 0 151 0 0 0 0 0 0 0 0; 101 0 0 42 39 0 0 0 46 0 0 135 182 36 0 146 0 40 0 0 111 0 0 0 0; 0 71 0 0 0 71 41 21 0 177 38 184 82 61 0 92 120 0 0 62 0 117 0 0 0; 0 0 71 0 48 157 0 0 83 0 120 0 0 10 0 75 83 0 0 90 69 0 0 0 0; 163 0 106 0 148 153 108 100 0 16 147 179 0 0 150 5 165 0 75 0 0 0 46 0 67]
w = [65, 7, 84, 67, 61, 94, 21, 96, 44, 11, 78, 37, 77, 55, 19, 87, 58, 22, 33, 95, 77, 81, 52, 94, 89]
W = 132
k = 6
inst_name = "QKP_25_200_50" 
feasible = true 
Q2 = [198 0 0 0 0 0 0 0 0 0 0 0 0 0 0 0 0 0 0 0 0 0 0 0 0; 198 67 0 0 0 0 0 0 0 0 0 0 0 0 0 0 0 0 0 0 0 0 0 0 0; 198 194 6 0 0 0 0 0 0 0 0 0 0 0 0 0 0 0 0 0 0 0 0 0 0; 198 6 6 198 0 0 0 0 0 0 0 0 0 0 0 0 0 0 0 0 0 0 0 0 0; 198 2 136 198 14 0 0 0 0 0 0 0 0 0 0 0 0 0 0 0 0 0 0 0 0; 164 198 191 27 142 0 0 0 0 0 0 0 0 0 0 0 0 0 0 0 0 0 0 0 0; 198 198 198 198 8 132 198 0 0 0 0 0 0 0 0 0 0 0 0 0 0 0 0 0 0; 198 198 173 165 9 121 198 186 0 0 0 0 0 0 0 0 0 0 0 0 0 0 0 0 0; 8 198 29 9 3 198 198 8 39 0 0 0 0 0 0 0 0 0 0 0 0 0 0 0 0; 198 190 198 198 198 198 198 198 195 198 0 0 0 0 0 0 0 0 0 0 0 0 0 0 0; 198 74 198 198 198 150 192 12 72 39 105 0 0 0 0 0 0 0 0 0 0 0 0 0 0; 198 24 197 138 198 198 198 8 198 198 198 198 0 0 0 0 0 0 0 0 0 0 0 0 0; 51 198 198 148 91 198 173 24 198 198 193 198 65 0 0 0 0 0 0 0 0 0 0 0 0; 0 198 198 198 198 198 178 198 195 178 198 9 198 198 0 0 0 0 0 0 0 0 0 0 0; 54 186 198 198 198 198 192 33 198 32 194 198 198 142 198 0 0 0 0 0 0 0 0 0 0; 193 198 198 2 198 11 4 198 166 198 198 154 198 198 184 172 0 0 0 0 0 0 0 0 0; 198 198 198 112 15 33 198 167 187 2 48 198 198 176 198 181 196 0 0 0 0 0 0 0 0; 13 2 190 2 198 198 198 7 198 19 198 188 198 198 10 198 176 198 0 0 0 0 0 0 0; 194 184 191 10 151 198 167 198 198 4 42 198 197 5 198 198 198 198 198 0 0 0 0 0 0; 57 198 185 75 20 198 187 198 198 50 198 198 198 198 186 198 198 174 198 198 0 0 0 0 0; 198 15 198 198 198 36 198 198 174 0 194 198 198 198 114 198 28 198 198 198 198 0 0 0 0; 9 198 198 176 168 198 198 198 180 198 198 10 8 187 198 26 198 170 198 198 76 198 0 0 0; 198 129 198 198 198 195 191 178 198 8 195 13 136 178 198 181 58 198 198 158 198 49 198 0 0; 198 198 129 198 170 38 198 198 150 198 36 198 198 192 198 159 148 198 198 120 184 198 198 198 0; 13 198 9 198 38 45 56 92 198 183 1 4 198 198 35 197 32 198 159 198 198 198 185 198 166]
Q3 = [72 0 0 0 0 0 0 0 0 0 0 0 0 0 0 0 0 0 0 0 0 0 0 0 0; 6 80 0 0 0 0 0 0 0 0 0 0 0 0 0 0 0 0 0 0 0 0 0 0 0; 62 54 38 0 0 0 0 0 0 0 0 0 0 0 0 0 0 0 0 0 0 0 0 0 0; 1 44 16 9 0 0 0 0 0 0 0 0 0 0 0 0 0 0 0 0 0 0 0 0 0; 41 9 15 70 73 0 0 0 0 0 0 0 0 0 0 0 0 0 0 0 0 0 0 0 0; 25 10 42 52 19 8 0 0 0 0 0 0 0 0 0 0 0 0 0 0 0 0 0 0 0; 34 84 43 19 20 15 3 0 0 0 0 0 0 0 0 0 0 0 0 0 0 0 0 0 0; 32 1 29 27 50 5 39 26 0 0 0 0 0 0 0 0 0 0 0 0 0 0 0 0 0; 40 47 58 172 24 45 79 173 201 0 0 0 0 0 0 0 0 0 0 0 0 0 0 0 0; 27 21 41 62 50 27 63 4 40 0 0 0 0 0 0 0 0 0 0 0 0 0 0 0 0; 79 85 54 60 54 9 51 38 83 82 0 0 0 0 0 0 0 0 0 0 0 0 0 0 0; 5 57 70 18 84 44 42 31 6 61 77 25 0 0 0 0 0 0 0 0 0 0 0 0 0; 71 64 20 19 87 15 27 44 55 33 30 41 81 0 0 0 0 0 0 0 0 0 0 0 0; 11 76 57 15 44 54 16 73 61 28 48 23 5 53 0 0 0 0 0 0 0 0 0 0 0; 84 40 48 72 65 79 48 78 27 195 32 4 86 19 70 0 0 0 0 0 0 0 0 0 0; 51 69 56 48 34 54 10 51 21 78 20 20 79 35 14 30 0 0 0 0 0 0 0 0 0; 43 39 27 2 179 85 77 2 19 47 75 13 39 30 56 15 58 0 0 0 0 0 0 0 0; 62 24 46 23 23 31 72 23 49 184 1 0 60 40 37 1 5 42 0 0 0 0 0 0 0; 49 31 1 168 22 23 0 42 62 58 63 4 61 24 34 67 49 0 70 0 0 0 0 0 0; 86 61 39 86 188 78 42 3 84 71 24 71 26 17 27 0 49 30 9 37 0 0 0 0 0; 49 61 14 18 70 73 36 56 27 60 54 9 48 74 8 30 64 3 54 54 34 0 0 0 0; 185 28 60 32 19 10 3 43 36 24 25 22 48 42 76 56 54 22 48 41 86 50 0 0 0; 31 3 25 40 63 19 44 4 39 36 48 77 16 31 82 10 79 65 75 23 62 72 44 0 0; 63 23 2 69 28 82 42 32 22 19 59 55 45 37 19 24 21 48 5 10 26 62 6 65 0; 41 74 181 39 75 86 75 87 28 5 3 24 47 59 73 69 86 72 24 14 22 27 39 83 27]
