n = 25
density = 25
Q1 = [0 0 0 0 0 0 0 0 0 0 0 0 0 0 0 0 0 0 0 0 0 0 0 0 0; 79 0 0 0 0 0 0 0 0 0 0 0 0 0 0 0 0 0 0 0 0 0 0 0 0; 0 87 0 0 0 0 0 0 0 0 0 0 0 0 0 0 0 0 0 0 0 0 0 0 0; 24 94 0 0 0 0 0 0 0 0 0 0 0 0 0 0 0 0 0 0 0 0 0 0 0; 0 0 0 0 28 0 0 0 0 0 0 0 0 0 0 0 0 0 0 0 0 0 0 0 0; 0 0 0 0 0 0 0 0 0 0 0 0 0 0 0 0 0 0 0 0 0 0 0 0 0; 0 0 0 56 0 0 0 0 0 0 0 0 0 0 0 0 0 0 0 0 0 0 0 0 0; 82 0 73 0 0 0 59 0 0 0 0 0 0 0 0 0 0 0 0 0 0 0 0 0 0; 46 0 0 0 0 0 0 0 0 0 0 0 0 0 0 0 0 0 0 0 0 0 0 0 0; 0 0 48 0 0 0 0 0 0 0 0 0 0 0 0 0 0 0 0 0 0 0 0 0 0; 0 0 96 97 58 0 92 0 0 0 0 0 0 0 0 0 0 0 0 0 0 0 0 0 0; 0 0 0 98 0 30 20 0 0 0 0 0 0 0 0 0 0 0 0 0 0 0 0 0 0; 0 14 76 0 0 0 0 0 0 0 0 0 19 0 0 0 0 0 0 0 0 0 0 0 0; 81 0 0 0 0 0 0 0 0 31 0 0 0 0 0 0 0 0 0 0 0 0 0 0 0; 0 9 0 0 0 0 0 59 31 0 0 0 0 0 64 0 0 0 0 0 0 0 0 0 0; 0 5 0 0 0 0 0 0 46 79 0 0 10 0 0 0 0 0 0 0 0 0 0 0 0; 0 0 62 0 0 44 72 55 0 0 0 69 53 0 0 0 0 0 0 0 0 0 0 0 0; 0 0 0 72 0 0 0 0 0 0 0 0 0 0 59 0 76 0 0 0 0 0 0 0 0; 0 0 0 0 0 0 0 0 27 0 0 0 99 0 0 44 0 0 49 0 0 0 0 0 0; 62 0 0 0 81 47 0 0 0 0 11 46 0 92 0 0 0 4 0 26 0 0 0 0 0; 0 0 0 0 0 0 0 81 0 0 0 0 0 0 0 67 61 0 0 0 0 0 0 0 0; 0 0 0 89 0 0 0 0 0 0 54 59 2 0 0 0 0 0 0 42 0 0 0 0 0; 0 0 0 62 63 0 0 0 0 0 69 0 0 0 0 0 0 0 11 0 0 12 0 0 0; 0 0 0 0 10 0 0 6 0 26 0 0 0 0 0 0 95 0 0 0 0 76 0 0 0; 0 69 0 0 0 61 0 89 37 0 0 0 61 48 40 0 0 0 0 0 0 0 0 46 0]
w = [15, 43, 30, 41, 19, 41, 6, 1, 33, 10, 28, 10, 18, 14, 44, 47, 29, 46, 6, 37, 7, 36, 50, 9, 32]
W = 141
k = 6
inst_name = "QKP_25_100_25" 
feasible = true 
Q2 = [99 0 0 0 0 0 0 0 0 0 0 0 0 0 0 0 0 0 0 0 0 0 0 0 0; 10 99 0 0 0 0 0 0 0 0 0 0 0 0 0 0 0 0 0 0 0 0 0 0 0; 99 4 99 0 0 0 0 0 0 0 0 0 0 0 0 0 0 0 0 0 0 0 0 0 0; 99 3 99 99 0 0 0 0 0 0 0 0 0 0 0 0 0 0 0 0 0 0 0 0 0; 99 99 99 99 88 0 0 0 0 0 0 0 0 0 0 0 0 0 0 0 0 0 0 0 0; 99 99 99 99 99 99 0 0 0 0 0 0 0 0 0 0 0 0 0 0 0 0 0 0 0; 99 99 99 43 99 99 99 0 0 0 0 0 0 0 0 0 0 0 0 0 0 0 0 0 0; 3 99 7 99 99 99 5 99 0 0 0 0 0 0 0 0 0 0 0 0 0 0 0 0 0; 65 99 99 99 99 99 99 99 99 0 0 0 0 0 0 0 0 0 0 0 0 0 0 0 0; 99 99 98 99 99 99 99 99 99 99 0 0 0 0 0 0 0 0 0 0 0 0 0 0 0; 99 99 0 0 14 99 0 99 99 99 99 0 0 0 0 0 0 0 0 0 0 0 0 0 0; 99 99 99 1 99 70 86 99 99 99 99 99 0 0 0 0 0 0 0 0 0 0 0 0 0; 99 98 1 99 99 99 99 99 99 99 99 99 88 0 0 0 0 0 0 0 0 0 0 0 0; 16 99 99 99 99 99 99 99 99 72 99 99 99 99 0 0 0 0 0 0 0 0 0 0 0; 99 93 99 99 99 99 99 25 82 99 99 99 99 99 10 0 0 0 0 0 0 0 0 0 0; 99 98 99 99 99 99 99 99 79 15 99 99 92 99 99 99 0 0 0 0 0 0 0 0 0; 99 99 33 99 99 75 4 27 99 99 99 1 23 99 99 99 99 0 0 0 0 0 0 0 0; 99 99 99 27 99 99 99 99 99 99 99 99 99 99 28 99 13 99 0 0 0 0 0 0 0; 99 99 99 99 99 99 99 99 91 99 99 99 0 99 99 90 99 99 63 0 0 0 0 0 0; 6 99 99 99 6 92 99 99 99 99 94 97 99 0 99 99 99 97 99 82 0 0 0 0 0; 99 99 99 99 99 99 99 2 99 99 99 99 99 99 99 17 9 99 99 99 99 0 0 0 0; 99 99 99 2 99 99 99 99 99 99 28 2 99 99 99 99 99 99 99 98 99 99 0 0 0; 99 99 99 25 4 99 99 99 99 99 15 99 99 99 99 99 99 99 91 99 99 93 99 0 0; 99 99 99 99 98 99 99 99 99 86 99 99 99 99 99 99 3 99 99 99 99 0 99 99 0; 99 7 99 99 99 2 99 10 91 99 99 99 28 93 76 99 99 99 99 99 99 99 99 69 99]
Q3 = [36 0 0 0 0 0 0 0 0 0 0 0 0 0 0 0 0 0 0 0 0 0 0 0 0; 29 31 0 0 0 0 0 0 0 0 0 0 0 0 0 0 0 0 0 0 0 0 0 0 0; 5 17 43 0 0 0 0 0 0 0 0 0 0 0 0 0 0 0 0 0 0 0 0 0 0; 23 25 17 40 0 0 0 0 0 0 0 0 0 0 0 0 0 0 0 0 0 0 0 0 0; 3 7 19 10 19 0 0 0 0 0 0 0 0 0 0 0 0 0 0 0 0 0 0 0 0; 43 34 16 3 20 17 0 0 0 0 0 0 0 0 0 0 0 0 0 0 0 0 0 0 0; 2 39 12 47 30 27 3 0 0 0 0 0 0 0 0 0 0 0 0 0 0 0 0 0 0; 13 35 18 30 20 2 90 21 0 0 0 0 0 0 0 0 0 0 0 0 0 0 0 0 0; 9 20 1 19 15 36 8 27 26 0 0 0 0 0 0 0 0 0 0 0 0 0 0 0 0; 17 16 0 9 1 30 6 0 39 13 0 0 0 0 0 0 0 0 0 0 0 0 0 0 0; 2 33 2 9 99 1 3 28 15 20 47 0 0 0 0 0 0 0 0 0 0 0 0 0 0; 4 33 39 39 38 1 13 13 20 3 12 5 0 0 0 0 0 0 0 0 0 0 0 0 0; 11 30 4 36 44 36 46 29 25 4 20 21 17 0 0 0 0 0 0 0 0 0 0 0 0; 42 4 24 45 46 16 1 8 17 5 40 40 20 42 0 0 0 0 0 0 0 0 0 0 0; 35 17 44 15 9 30 25 38 14 19 11 19 16 45 22 0 0 0 0 0 0 0 0 0 0; 38 30 41 45 28 28 11 20 12 39 19 0 13 12 8 27 0 0 0 0 0 0 0 0 0; 29 15 45 37 21 12 10 39 20 0 37 78 35 18 17 1 14 0 0 0 0 0 0 0 0; 46 26 7 46 21 32 1 28 31 14 46 10 28 23 41 0 31 32 0 0 0 0 0 0 0; 24 37 28 16 7 5 20 28 20 21 18 4 32 29 30 10 9 28 9 0 0 0 0 0 0; 89 21 45 9 21 6 47 39 20 3 22 3 0 0 5 27 42 21 44 13 0 0 0 0 0; 25 6 11 1 40 34 10 6 30 42 11 38 9 20 11 32 93 45 0 29 5 0 0 0 0; 29 29 39 11 11 35 9 11 44 13 39 88 44 0 13 46 22 41 30 6 21 39 0 0 0; 0 16 40 40 88 34 21 24 3 4 31 3 47 39 46 25 32 0 11 12 19 20 19 0 0; 9 38 40 29 33 0 45 39 15 17 35 29 16 36 0 4 30 6 31 41 26 0 16 45 0; 46 16 10 39 23 87 24 46 14 30 0 9 42 5 13 20 41 19 37 47 23 1 21 11 19]
