n = 20
density = 25
Q1 = [0 0 0 0 0 0 0 0 0 0 0 0 0 0 0 0 0 0 0 0; 0 0 0 0 0 0 0 0 0 0 0 0 0 0 0 0 0 0 0 0; 98 0 0 0 0 0 0 0 0 0 0 0 0 0 0 0 0 0 0 0; 0 0 0 0 0 0 0 0 0 0 0 0 0 0 0 0 0 0 0 0; 28 85 14 0 20 0 0 0 0 0 0 0 0 0 0 0 0 0 0 0; 0 71 68 93 0 23 0 0 0 0 0 0 0 0 0 0 0 0 0 0; 0 0 0 0 0 0 0 0 0 0 0 0 0 0 0 0 0 0 0 0; 13 0 0 0 0 0 0 0 0 0 0 0 0 0 0 0 0 0 0 0; 0 0 0 0 5 38 0 0 0 0 0 0 0 0 0 0 0 0 0 0; 0 0 0 32 0 0 0 0 87 13 0 0 0 0 0 0 0 0 0 0; 0 48 97 0 24 0 29 0 0 28 18 0 0 0 0 0 0 0 0 0; 0 0 0 0 0 0 0 0 0 47 66 0 0 0 0 0 0 0 0 0; 0 0 67 0 0 39 0 0 0 0 0 0 58 0 0 0 0 0 0 0; 0 0 0 0 0 0 0 0 0 8 0 0 0 0 0 0 0 0 0 0; 98 95 83 0 54 27 21 0 0 0 19 0 20 40 72 0 0 0 0 0; 63 0 0 0 0 0 0 0 0 0 0 34 0 0 0 0 0 0 0 0; 0 0 71 0 0 19 0 0 0 0 0 0 67 0 0 0 0 0 0 0; 0 0 1 0 0 0 0 0 0 0 0 38 0 0 59 0 0 0 0 0; 0 0 0 0 0 70 0 0 0 0 0 0 8 53 0 77 0 0 0 0; 0 0 0 0 0 0 0 0 87 0 0 0 0 9 0 64 0 0 0 51]
w = [41, 43, 20, 2, 37, 41, 6, 27, 43, 18, 39, 6, 11, 22, 41, 36, 50, 14, 6, 27]
W = 95
k = 4
inst_name = "QKP_20_100_25" 
feasible = true 
Q2 = [98 0 0 0 0 0 0 0 0 0 0 0 0 0 0 0 0 0 0 0; 98 98 0 0 0 0 0 0 0 0 0 0 0 0 0 0 0 0 0 0; 0 98 98 0 0 0 0 0 0 0 0 0 0 0 0 0 0 0 0 0; 98 98 98 98 0 0 0 0 0 0 0 0 0 0 0 0 0 0 0 0; 77 8 95 98 80 0 0 0 0 0 0 0 0 0 0 0 0 0 0 0; 98 10 13 4 98 97 0 0 0 0 0 0 0 0 0 0 0 0 0 0; 98 98 98 98 98 98 98 0 0 0 0 0 0 0 0 0 0 0 0 0; 95 98 98 98 98 98 98 98 0 0 0 0 0 0 0 0 0 0 0 0; 98 98 98 98 93 87 98 98 98 0 0 0 0 0 0 0 0 0 0 0; 98 98 98 90 98 98 98 98 1 96 0 0 0 0 0 0 0 0 0 0; 98 62 1 98 85 98 72 98 98 72 90 0 0 0 0 0 0 0 0 0; 98 98 98 98 98 98 98 98 98 55 31 98 0 0 0 0 0 0 0 0; 98 98 23 98 98 67 98 98 98 98 98 98 17 0 0 0 0 0 0 0; 98 98 98 98 98 98 98 98 98 97 98 98 98 98 0 0 0 0 0 0; 0 0 12 98 34 74 85 98 98 98 89 98 96 65 19 0 0 0 0 0; 3 98 98 98 98 98 98 98 98 98 98 75 98 98 98 98 0 0 0 0; 98 98 25 98 98 86 98 98 98 98 98 98 11 98 98 98 98 0 0 0; 98 98 97 98 98 98 98 98 98 98 98 87 98 98 6 98 98 98 0 0; 98 98 98 98 98 12 98 98 98 98 98 98 95 11 98 17 98 98 98 0; 98 98 98 98 98 98 98 98 1 98 98 98 98 97 98 24 98 98 98 0]
Q3 = [8 0 0 0 0 0 0 0 0 0 0 0 0 0 0 0 0 0 0 0; 19 4 0 0 0 0 0 0 0 0 0 0 0 0 0 0 0 0 0 0; 20 2 17 0 0 0 0 0 0 0 0 0 0 0 0 0 0 0 0 0; 22 16 12 13 0 0 0 0 0 0 0 0 0 0 0 0 0 0 0 0; 5 20 13 18 3 0 0 0 0 0 0 0 0 0 0 0 0 0 0 0; 2 16 20 22 13 5 0 0 0 0 0 0 0 0 0 0 0 0 0 0; 20 17 22 15 8 22 7 0 0 0 0 0 0 0 0 0 0 0 0 0; 12 3 6 1 17 14 9 2 0 0 0 0 0 0 0 0 0 0 0 0; 26 0 14 9 2 0 25 1 17 0 0 0 0 0 0 0 0 0 0 0; 27 15 12 2 6 26 11 1 5 13 0 0 0 0 0 0 0 0 0 0; 13 4 18 6 7 17 3 20 13 2 9 0 0 0 0 0 0 0 0 0; 14 11 19 20 26 7 8 7 7 2 27 24 0 0 0 0 0 0 0 0; 19 12 26 20 17 4 15 5 14 7 4 11 21 0 0 0 0 0 0 0; 25 14 18 17 6 10 12 2 21 17 7 23 12 23 0 0 0 0 0 0; 1 2 24 8 28 2 7 24 25 4 9 26 8 4 24 0 0 0 0 0; 5 27 8 20 8 13 10 5 11 5 18 5 13 7 8 4 0 0 0 0; 26 2 27 23 16 7 18 11 21 22 19 5 17 4 7 12 12 0 0 0; 8 21 12 7 9 4 3 18 14 27 27 0 13 16 9 2 3 3 0 0; 1 25 6 4 7 18 5 24 21 9 21 19 13 16 4 25 27 15 10 0; 14 20 15 22 20 4 0 21 3 20 16 19 19 17 19 26 26 26 20 74]
