n = 20
density = 50
Q1 = [0 0 0 0 0 0 0 0 0 0 0 0 0 0 0 0 0 0 0 0; 200 137 0 0 0 0 0 0 0 0 0 0 0 0 0 0 0 0 0 0; 193 0 162 0 0 0 0 0 0 0 0 0 0 0 0 0 0 0 0 0; 0 85 88 0 0 0 0 0 0 0 0 0 0 0 0 0 0 0 0 0; 48 0 0 0 0 0 0 0 0 0 0 0 0 0 0 0 0 0 0 0; 2 0 0 154 29 0 0 0 0 0 0 0 0 0 0 0 0 0 0 0; 179 0 35 80 0 20 0 0 0 0 0 0 0 0 0 0 0 0 0 0; 157 167 157 3 0 0 39 0 0 0 0 0 0 0 0 0 0 0 0 0; 0 0 0 168 181 0 0 0 74 0 0 0 0 0 0 0 0 0 0 0; 0 140 132 0 151 0 0 36 0 0 0 0 0 0 0 0 0 0 0 0; 0 0 0 0 156 109 76 181 146 0 0 0 0 0 0 0 0 0 0 0; 77 91 0 32 0 153 0 66 0 183 3 0 0 0 0 0 0 0 0 0; 0 0 0 74 20 65 0 175 162 184 0 0 0 0 0 0 0 0 0 0; 56 163 0 0 182 0 0 0 0 0 0 0 0 0 0 0 0 0 0 0; 91 146 0 197 0 192 0 0 0 0 0 0 55 115 86 0 0 0 0 0; 178 0 42 0 73 49 34 0 0 103 197 22 0 0 0 175 0 0 0 0; 0 0 90 24 180 0 107 105 0 96 0 92 0 54 0 0 85 0 0 0; 144 0 100 0 97 86 22 0 112 56 23 0 0 0 81 0 126 0 0 0; 38 200 0 0 0 135 0 198 180 124 102 63 171 0 144 90 32 0 0 0; 0 9 0 119 69 0 163 0 0 181 58 0 0 95 191 0 102 15 168 0]
w = [31, 24, 58, 84, 65, 30, 14, 17, 64, 20, 2, 15, 95, 51, 73, 24, 99, 51, 10, 65]
W = 76
k = 3
inst_name = "QKP_20_200_50" 
feasible = true 
Q2 = [200 0 0 0 0 0 0 0 0 0 0 0 0 0 0 0 0 0 0 0; 0 10 0 0 0 0 0 0 0 0 0 0 0 0 0 0 0 0 0 0; 5 200 19 0 0 0 0 0 0 0 0 0 0 0 0 0 0 0 0 0; 200 131 125 200 0 0 0 0 0 0 0 0 0 0 0 0 0 0 0 0; 161 200 200 200 200 0 0 0 0 0 0 0 0 0 0 0 0 0 0 0; 200 200 200 16 188 200 0 0 0 0 0 0 0 0 0 0 0 0 0 0; 4 200 187 198 200 187 200 0 0 0 0 0 0 0 0 0 0 0 0 0; 8 19 17 200 200 200 172 200 0 0 0 0 0 0 0 0 0 0 0 0; 200 200 200 25 1 200 200 200 189 0 0 0 0 0 0 0 0 0 0 0; 200 52 10 200 15 200 200 181 200 200 0 0 0 0 0 0 0 0 0 0; 200 200 200 200 37 14 187 10 50 200 200 0 0 0 0 0 0 0 0 0; 124 140 200 192 200 39 200 190 200 10 199 200 0 0 0 0 0 0 0 0; 200 200 200 139 187 191 200 22 36 4 200 200 200 0 0 0 0 0 0 0; 174 19 200 200 5 200 200 200 200 200 200 200 200 200 0 0 0 0 0 0; 184 25 200 3 200 8 200 200 200 200 200 200 176 42 143 0 0 0 0 0; 14 200 176 200 134 160 179 200 200 81 3 181 200 200 200 23 0 0 0 0; 200 200 113 196 17 200 75 16 200 140 200 135 200 174 200 200 199 0 0 0; 48 200 31 200 161 170 198 200 73 198 187 200 200 200 165 200 73 200 0 0; 163 0 200 200 200 12 200 1 6 5 5 138 10 200 6 146 174 200 200 0; 200 197 200 50 187 200 31 200 200 0 174 200 200 149 4 200 44 187 30 200]
Q3 = [4 0 0 0 0 0 0 0 0 0 0 0 0 0 0 0 0 0 0 0; 55 23 0 0 0 0 0 0 0 0 0 0 0 0 0 0 0 0 0 0; 61 20 51 0 0 0 0 0 0 0 0 0 0 0 0 0 0 0 0 0; 54 13 11 5 0 0 0 0 0 0 0 0 0 0 0 0 0 0 0 0; 15 76 61 83 30 0 0 0 0 0 0 0 0 0 0 0 0 0 0 0; 81 55 75 40 40 26 0 0 0 0 0 0 0 0 0 0 0 0 0 0; 20 23 39 6 20 26 3 0 0 0 0 0 0 0 0 0 0 0 0 0; 21 57 44 77 81 76 21 42 0 0 0 0 0 0 0 0 0 0 0 0; 66 29 83 71 6 61 60 40 18 0 0 0 0 0 0 0 0 0 0 0; 6 80 21 49 36 26 12 32 75 81 0 0 0 0 0 0 0 0 0 0; 66 49 63 46 76 181 18 48 81 45 32 0 0 0 0 0 0 0 0 0; 1 18 19 44 71 77 79 24 48 51 45 10 0 0 0 0 0 0 0 0; 4 57 78 13 28 24 17 74 82 26 80 1 77 0 0 0 0 0 0 0; 29 54 74 67 30 26 45 26 27 79 69 15 34 39 0 0 0 0 0 0; 8 53 64 65 13 81 6 64 77 14 49 21 30 62 18 0 0 0 0 0; 58 75 29 33 8 14 28 72 56 84 81 12 83 43 27 77 0 0 0 0; 16 55 3 53 72 76 82 183 53 18 24 17 68 29 34 40 0 0 0 0; 79 72 194 80 16 18 58 58 82 29 32 83 8 26 21 25 84 18 0 0; 3 78 80 63 7 27 14 38 31 163 183 2 37 25 14 19 16 71 52 0; 34 49 33 71 23 77 75 14 14 1 29 40 43 19 39 51 62 13 80 14]
