n = 20
density = 75
Q1 = [103 0 0 0 0 0 0 0 0 0 0 0 0 0 0 0 0 0 0 0; 77 66 0 0 0 0 0 0 0 0 0 0 0 0 0 0 0 0 0 0; 0 48 0 0 0 0 0 0 0 0 0 0 0 0 0 0 0 0 0 0; 66 72 89 198 0 0 0 0 0 0 0 0 0 0 0 0 0 0 0 0; 16 196 199 176 161 0 0 0 0 0 0 0 0 0 0 0 0 0 0 0; 175 60 189 160 110 199 0 0 0 0 0 0 0 0 0 0 0 0 0 0; 13 26 27 129 108 187 21 0 0 0 0 0 0 0 0 0 0 0 0 0; 194 198 148 0 108 66 74 0 0 0 0 0 0 0 0 0 0 0 0 0; 0 149 186 104 177 172 170 105 0 0 0 0 0 0 0 0 0 0 0 0; 136 0 0 119 0 0 0 183 148 66 0 0 0 0 0 0 0 0 0 0; 6 92 73 39 0 40 9 0 0 50 66 0 0 0 0 0 0 0 0 0; 115 191 101 135 200 0 98 124 90 66 0 151 0 0 0 0 0 0 0 0; 175 98 25 0 112 156 181 0 119 0 8 98 195 0 0 0 0 0 0 0; 181 11 0 0 0 0 130 105 133 107 90 157 185 0 0 0 0 0 0 0; 109 0 37 0 2 0 0 24 7 181 199 0 77 46 92 0 0 0 0 0; 0 0 87 110 84 130 31 68 0 87 118 13 0 104 0 0 0 0 0 0; 98 0 48 149 0 136 0 105 163 114 52 85 194 0 43 0 75 0 0 0; 186 54 148 73 57 50 0 137 131 185 151 40 176 0 135 1 198 132 0 0; 38 47 186 183 0 60 33 45 190 80 0 170 99 0 67 132 185 113 0 0; 80 0 191 0 0 0 195 199 0 46 26 0 97 88 194 200 157 0 80 30]
w = [95, 57, 56, 60, 72, 9, 56, 16, 72, 95, 10, 3, 64, 49, 6, 74, 59, 28, 61, 63]
W = 59
k = 2
inst_name = "QKP_20_200_75" 
feasible = true 
Q2 = [45 0 0 0 0 0 0 0 0 0 0 0 0 0 0 0 0 0 0 0; 132 146 0 0 0 0 0 0 0 0 0 0 0 0 0 0 0 0 0 0; 200 153 200 0 0 0 0 0 0 0 0 0 0 0 0 0 0 0 0 0; 166 160 173 1 0 0 0 0 0 0 0 0 0 0 0 0 0 0 0 0; 198 2 0 16 11 0 0 0 0 0 0 0 0 0 0 0 0 0 0 0; 3 182 5 11 79 1 0 0 0 0 0 0 0 0 0 0 0 0 0 0; 194 197 183 33 0 12 192 0 0 0 0 0 0 0 0 0 0 0 0 0; 1 2 17 200 80 152 199 200 0 0 0 0 0 0 0 0 0 0 0 0; 200 43 8 18 12 8 29 36 200 0 0 0 0 0 0 0 0 0 0 0; 45 200 200 52 200 200 200 12 17 200 0 0 0 0 0 0 0 0 0 0; 199 180 176 193 200 184 198 200 200 197 186 0 0 0 0 0 0 0 0 0; 24 7 44 36 0 200 107 54 153 143 200 16 0 0 0 0 0 0 0 0; 1 177 183 200 78 42 0 200 16 200 195 131 2 0 0 0 0 0 0 0; 4 193 200 200 200 200 28 76 58 66 200 7 10 200 0 0 0 0 0 0; 50 200 163 200 198 200 200 176 197 17 1 200 183 196 115 0 0 0 0 0; 200 200 168 28 176 66 184 190 200 153 79 197 200 5 200 200 0 0 0 0; 194 200 155 36 200 23 200 48 22 41 159 145 0 200 164 200 162 0 0 0; 7 176 14 138 172 186 200 10 53 12 10 178 11 200 42 199 1 50 0 0; 176 191 5 5 200 152 173 155 4 169 200 16 184 200 195 54 5 50 200 0; 193 200 4 200 200 200 2 1 200 174 178 200 169 178 3 0 40 200 157 198]
Q3 = [67 0 0 0 0 0 0 0 0 0 0 0 0 0 0 0 0 0 0 0; 10 15 0 0 0 0 0 0 0 0 0 0 0 0 0 0 0 0 0 0; 88 3 13 0 0 0 0 0 0 0 0 0 0 0 0 0 0 0 0 0; 29 27 21 43 0 0 0 0 0 0 0 0 0 0 0 0 0 0 0 0; 67 47 42 66 36 0 0 0 0 0 0 0 0 0 0 0 0 0 0 0; 14 35 47 34 90 63 0 0 0 0 0 0 0 0 0 0 0 0 0 0; 48 61 30 60 184 83 49 0 0 0 0 0 0 0 0 0 0 0 0 0; 15 75 41 30 91 20 19 63 0 0 0 0 0 0 0 0 0 0 0 0; 35 84 53 194 55 34 88 204 51 0 0 0 0 0 0 0 0 0 0 0; 78 28 50 78 83 20 75 69 42 26 0 0 0 0 0 0 0 0 0 0; 66 16 29 50 63 41 68 15 87 42 31 0 0 0 0 0 0 0 0 0; 193 75 211 67 27 35 4 81 23 12 64 40 0 0 0 0 0 0 0 0; 8 13 27 45 90 89 2 76 183 28 39 19 43 0 0 0 0 0 0 0; 24 34 19 15 47 27 54 89 87 84 2 22 64 7 0 0 0 0 0 0; 74 32 0 78 7 78 54 2 53 83 85 14 25 46 6 0 0 0 0 0; 67 53 24 197 23 90 38 29 29 24 91 63 68 189 40 88 0 0 0 0; 0 14 6 75 56 48 35 70 64 65 18 22 12 65 14 49 27 0 0 0; 48 34 35 13 33 40 23 22 84 72 27 34 49 85 74 5 60 81 0 0; 28 44 34 32 2 16 16 1 39 26 36 56 8 70 28 84 37 74 80 0; 18 73 43 6 8 90 40 87 27 32 14 30 18 20 50 75 89 53 26 59]
