n = 20
density = 100
Q1 = [151 0 0 0 0 0 0 0 0 0 0 0 0 0 0 0 0 0 0 0; 39 104 0 0 0 0 0 0 0 0 0 0 0 0 0 0 0 0 0 0; 107 106 171 0 0 0 0 0 0 0 0 0 0 0 0 0 0 0 0 0; 170 7 169 152 0 0 0 0 0 0 0 0 0 0 0 0 0 0 0 0; 28 83 120 13 175 0 0 0 0 0 0 0 0 0 0 0 0 0 0 0; 126 147 18 117 177 52 0 0 0 0 0 0 0 0 0 0 0 0 0 0; 26 128 129 65 83 66 150 0 0 0 0 0 0 0 0 0 0 0 0 0; 65 106 137 110 121 2 121 12 0 0 0 0 0 0 0 0 0 0 0 0; 157 135 155 132 100 44 70 174 14 0 0 0 0 0 0 0 0 0 0 0; 132 37 50 9 182 61 198 120 57 7 0 0 0 0 0 0 0 0 0 0; 169 191 83 159 116 134 10 167 94 7 82 0 0 0 0 0 0 0 0 0; 139 196 37 118 104 24 14 144 67 131 64 47 0 0 0 0 0 0 0 0; 162 46 115 48 101 144 83 111 131 190 37 80 194 0 0 0 0 0 0 0; 65 153 98 53 183 29 142 143 68 200 20 106 192 84 0 0 0 0 0 0; 115 9 103 74 20 134 175 104 167 72 119 128 25 14 174 0 0 0 0 0; 64 144 39 14 68 69 134 163 46 136 139 121 192 30 108 92 0 0 0 0; 121 88 98 40 194 72 74 132 121 69 54 129 35 174 37 138 176 0 0 0; 67 75 102 47 24 61 115 110 136 147 158 179 156 64 179 102 83 153 0 0; 100 35 42 50 178 135 14 137 121 160 178 125 135 161 37 15 78 125 20 0; 108 114 28 164 116 66 197 119 124 34 17 137 4 182 187 8 153 161 166 199]
w = [45, 1, 57, 36, 89, 29, 77, 41, 77, 20, 31, 59, 66, 35, 57, 61, 56, 98, 34, 68]
W = 50
k = 2
inst_name = "QKP_20_200_100" 
feasible = true 
Q2 = [13 0 0 0 0 0 0 0 0 0 0 0 0 0 0 0 0 0 0 0; 183 45 0 0 0 0 0 0 0 0 0 0 0 0 0 0 0 0 0 0; 59 20 12 0 0 0 0 0 0 0 0 0 0 0 0 0 0 0 0 0; 14 194 21 20 0 0 0 0 0 0 0 0 0 0 0 0 0 0 0 0; 179 121 10 191 3 0 0 0 0 0 0 0 0 0 0 0 0 0 0 0; 61 40 186 34 23 149 0 0 0 0 0 0 0 0 0 0 0 0 0 0; 188 23 69 141 181 176 5 0 0 0 0 0 0 0 0 0 0 0 0 0; 155 94 36 80 60 199 75 199 0 0 0 0 0 0 0 0 0 0 0 0; 11 30 23 51 57 183 133 2 191 0 0 0 0 0 0 0 0 0 0 0; 8 180 166 193 7 164 1 15 164 195 0 0 0 0 0 0 0 0 0 0; 30 4 195 21 27 38 197 14 111 198 143 0 0 0 0 0 0 0 0 0; 0 1 165 5 16 184 194 22 198 23 154 153 0 0 0 0 0 0 0 0; 6 154 29 175 67 29 152 10 45 7 195 197 6 0 0 0 0 0 0 0; 189 41 152 161 0 200 12 15 171 0 184 69 6 181 0 0 0 0 0 0; 41 200 58 138 186 24 15 71 1 181 32 71 197 200 7 0 0 0 0 0; 140 19 182 197 152 167 13 27 176 63 61 18 4 196 24 150 0 0 0 0; 48 173 102 168 1 137 130 45 70 138 200 69 196 10 195 49 9 0 0 0; 159 198 64 164 198 186 74 1 12 48 17 19 13 152 2 90 170 5 0 0; 77 188 167 181 3 65 187 6 62 14 10 14 19 23 172 188 152 2 200 0; 20 62 183 33 37 172 3 40 61 186 194 10 198 14 10 197 28 26 11 0]
Q3 = [31 0 0 0 0 0 0 0 0 0 0 0 0 0 0 0 0 0 0 0; 32 60 0 0 0 0 0 0 0 0 0 0 0 0 0 0 0 0 0 0; 71 178 39 0 0 0 0 0 0 0 0 0 0 0 0 0 0 0 0 0; 43 14 58 45 0 0 0 0 0 0 0 0 0 0 0 0 0 0 0 0; 17 4 165 23 11 0 0 0 0 0 0 0 0 0 0 0 0 0 0 0; 75 68 15 53 77 2 0 0 0 0 0 0 0 0 0 0 0 0 0 0; 34 40 78 7 11 23 14 0 0 0 0 0 0 0 0 0 0 0 0 0; 18 78 60 78 74 44 77 62 0 0 0 0 0 0 0 0 0 0 0 0; 29 52 50 71 69 32 3 8 27 0 0 0 0 0 0 0 0 0 0 0; 17 28 20 17 33 22 40 169 21 20 0 0 0 0 0 0 0 0 0 0; 75 40 0 49 43 61 50 42 4 46 16 0 0 0 0 0 0 0 0 0; 1 21 4 163 179 23 39 44 13 41 17 1 0 0 0 0 0 0 0 0; 19 0 46 26 75 55 18 171 67 58 40 1 77 0 0 0 0 0 0 0; 20 73 14 17 4 48 25 31 23 3 16 75 55 10 0 0 0 0 0 0; 58 65 70 10 22 44 52 76 4 18 50 77 48 60 28 0 0 0 0 0; 4 39 30 52 17 22 26 65 27 77 77 32 38 44 181 16 0 0 0 0; 66 12 0 15 13 8 4 67 77 7 24 78 42 36 39 72 34 0 0 0; 20 5 73 15 51 24 77 168 24 74 42 72 32 16 9 79 16 13 0 0; 77 36 14 29 13 78 5 14 75 35 39 26 36 56 17 16 18 155 57 0; 178 74 26 75 55 23 75 59 74 35 45 20 31 62 60 49 58 61 34 27]
