n = 20
density = 75
Q1 = [0 0 0 0 0 0 0 0 0 0 0 0 0 0 0 0 0 0 0 0; 0 18 0 0 0 0 0 0 0 0 0 0 0 0 0 0 0 0 0 0; 2 0 41 0 0 0 0 0 0 0 0 0 0 0 0 0 0 0 0 0; 39 0 77 70 0 0 0 0 0 0 0 0 0 0 0 0 0 0 0 0; 85 13 0 84 0 0 0 0 0 0 0 0 0 0 0 0 0 0 0 0; 20 33 100 53 0 19 0 0 0 0 0 0 0 0 0 0 0 0 0 0; 63 28 0 94 51 4 0 0 0 0 0 0 0 0 0 0 0 0 0 0; 89 0 0 0 41 99 47 0 0 0 0 0 0 0 0 0 0 0 0 0; 64 57 0 0 64 40 0 0 3 0 0 0 0 0 0 0 0 0 0 0; 51 0 65 11 74 77 93 11 80 26 0 0 0 0 0 0 0 0 0 0; 0 9 76 72 0 72 56 66 90 69 0 0 0 0 0 0 0 0 0 0; 16 0 0 47 0 0 3 35 71 26 95 0 0 0 0 0 0 0 0 0; 81 67 95 100 0 54 63 96 0 25 17 64 7 0 0 0 0 0 0 0; 41 0 46 16 0 2 0 60 64 19 87 62 34 40 0 0 0 0 0 0; 44 92 100 77 8 38 28 45 50 39 46 42 61 0 95 0 0 0 0 0; 53 25 49 18 31 0 7 12 0 0 15 0 0 68 93 1 0 0 0 0; 0 0 0 60 65 0 65 9 0 86 24 75 97 62 59 81 0 0 0 0; 100 90 35 21 66 0 0 15 97 0 26 57 0 100 0 88 0 14 0 0; 0 19 35 0 9 53 0 0 14 0 19 46 87 0 63 25 73 42 93 0; 60 12 33 18 77 0 94 0 0 67 64 68 52 40 13 82 45 43 17 14]
w = [36, 6, 35, 50, 40, 33, 30, 3, 2, 47, 12, 5, 23, 39, 17, 48, 17, 50, 12, 28]
W = 126
k = 5
inst_name = "QKP_20_100_75" 
feasible = true 
Q2 = [100 0 0 0 0 0 0 0 0 0 0 0 0 0 0 0 0 0 0 0; 100 85 0 0 0 0 0 0 0 0 0 0 0 0 0 0 0 0 0 0; 100 100 64 0 0 0 0 0 0 0 0 0 0 0 0 0 0 0 0 0; 80 100 16 14 0 0 0 0 0 0 0 0 0 0 0 0 0 0 0 0; 13 94 100 11 100 0 0 0 0 0 0 0 0 0 0 0 0 0 0 0; 82 90 0 13 100 94 0 0 0 0 0 0 0 0 0 0 0 0 0 0; 21 97 100 3 0 100 100 0 0 0 0 0 0 0 0 0 0 0 0 0; 1 100 100 100 95 0 99 100 0 0 0 0 0 0 0 0 0 0 0 0; 14 36 100 100 19 72 100 100 99 0 0 0 0 0 0 0 0 0 0 0; 35 100 19 96 24 5 6 97 6 100 0 0 0 0 0 0 0 0 0 0; 100 98 16 23 100 17 35 5 10 29 100 0 0 0 0 0 0 0 0 0; 88 100 100 79 100 100 97 90 14 77 4 100 0 0 0 0 0 0 0 0; 1 26 1 0 100 44 0 4 100 83 90 11 96 0 0 0 0 0 0 0; 68 100 63 86 100 98 100 32 31 95 13 6 88 63 0 0 0 0 0 0; 80 3 0 20 92 95 89 56 30 96 96 64 30 100 0 0 0 0 0 0; 35 89 82 87 91 100 96 99 100 100 100 100 100 1 3 100 0 0 0 0; 100 100 100 28 22 100 13 96 100 7 81 9 0 27 6 10 100 0 0 0; 0 6 74 82 18 100 100 87 3 100 79 20 100 0 100 0 100 97 0 0; 100 97 77 100 91 9 100 100 91 100 88 78 11 100 35 95 10 82 6 0; 37 98 82 83 2 100 2 100 100 14 6 10 33 90 94 15 97 82 91 99]
Q3 = [21 0 0 0 0 0 0 0 0 0 0 0 0 0 0 0 0 0 0 0; 5 8 0 0 0 0 0 0 0 0 0 0 0 0 0 0 0 0 0 0; 42 1 5 0 0 0 0 0 0 0 0 0 0 0 0 0 0 0 0 0; 13 21 37 29 0 0 0 0 0 0 0 0 0 0 0 0 0 0 0 0; 41 20 21 34 14 0 0 0 0 0 0 0 0 0 0 0 0 0 0 0; 5 16 22 98 41 23 0 0 0 0 0 0 0 0 0 0 0 0 0 0; 35 19 17 23 95 38 29 0 0 0 0 0 0 0 0 0 0 0 0 0; 8 38 15 15 9 12 0 32 0 0 0 0 0 0 0 0 0 0 0 0; 26 45 25 9 34 10 44 17 24 0 0 0 0 0 0 0 0 0 0 0; 42 14 34 25 44 14 38 27 20 20 0 0 0 0 0 0 0 0 0 0; 35 30 36 42 32 34 44 86 43 45 36 0 0 0 0 0 0 0 0 0; 12 37 20 11 14 18 2 15 29 6 33 15 0 0 0 0 0 0 0 0; 4 41 16 23 41 46 84 38 9 12 17 21 20 0 0 0 0 0 0 0; 8 18 7 7 23 13 19 43 44 23 46 90 16 3 0 0 0 0 0 0; 12 18 0 42 3 11 17 1 40 10 4 6 43 42 4 0 0 0 0 0; 43 18 10 13 17 43 21 30 15 21 30 35 34 80 22 43 0 0 0 0; 44 7 3 41 36 17 26 21 27 25 9 22 6 40 91 29 23 0 0 0; 22 27 10 6 32 33 11 7 36 35 8 32 21 43 30 3 30 26 0 0; 17 25 11 14 1 96 9 0 16 28 15 12 40 35 45 21 23 13 41 0; 45 29 14 2 6 45 21 44 14 29 87 22 42 12 21 40 4 12 18 31]
