n = 25
density = 75
Q1 = [0 0 0 0 0 0 0 0 0 0 0 0 0 0 0 0 0 0 0 0 0 0 0 0 0; 0 122 0 0 0 0 0 0 0 0 0 0 0 0 0 0 0 0 0 0 0 0 0 0 0; 0 0 0 0 0 0 0 0 0 0 0 0 0 0 0 0 0 0 0 0 0 0 0 0 0; 9 106 0 0 0 0 0 0 0 0 0 0 0 0 0 0 0 0 0 0 0 0 0 0 0; 0 0 52 163 124 0 0 0 0 0 0 0 0 0 0 0 0 0 0 0 0 0 0 0 0; 0 133 93 101 16 1 0 0 0 0 0 0 0 0 0 0 0 0 0 0 0 0 0 0 0; 26 58 175 172 48 177 103 0 0 0 0 0 0 0 0 0 0 0 0 0 0 0 0 0 0; 16 190 0 153 0 0 136 0 0 0 0 0 0 0 0 0 0 0 0 0 0 0 0 0 0; 159 12 53 57 47 79 116 0 34 0 0 0 0 0 0 0 0 0 0 0 0 0 0 0 0; 154 0 0 27 83 109 141 117 114 0 0 0 0 0 0 0 0 0 0 0 0 0 0 0 0; 27 51 45 52 0 137 67 108 82 93 147 0 0 0 0 0 0 0 0 0 0 0 0 0 0; 122 0 52 4 93 119 12 42 6 62 14 39 0 0 0 0 0 0 0 0 0 0 0 0 0; 191 26 0 43 89 0 184 155 174 166 90 169 0 0 0 0 0 0 0 0 0 0 0 0 0; 82 0 138 0 175 50 38 0 80 40 0 47 17 0 0 0 0 0 0 0 0 0 0 0 0; 0 108 53 0 46 0 24 177 194 79 59 0 86 73 10 0 0 0 0 0 0 0 0 0 0; 193 41 181 147 167 17 0 6 47 0 113 0 0 135 157 0 0 0 0 0 0 0 0 0 0; 0 85 74 200 41 11 3 0 120 57 198 41 43 70 76 123 73 0 0 0 0 0 0 0 0; 74 72 0 0 127 121 183 49 31 81 139 144 52 69 0 0 106 0 0 0 0 0 0 0 0; 0 101 57 0 0 14 46 41 34 171 80 0 34 0 107 0 0 97 30 0 0 0 0 0 0; 0 0 36 135 154 158 29 0 173 156 160 177 69 86 0 96 8 159 0 99 0 0 0 0 0; 6 144 172 0 0 181 180 0 45 0 144 0 63 79 119 93 136 34 71 13 0 0 0 0 0; 188 47 129 142 19 116 0 93 40 119 178 0 141 0 0 156 116 3 125 0 29 137 0 0 0; 0 39 110 76 112 97 119 0 37 53 0 149 57 190 172 76 122 0 2 4 112 139 139 0 0; 0 186 195 0 177 84 0 19 0 13 129 0 71 123 119 102 0 178 3 179 9 0 147 48 0; 117 0 58 103 46 161 116 81 122 19 83 168 0 0 115 169 161 91 90 148 16 66 67 187 126]
w = [38, 84, 34, 37, 39, 67, 6, 80, 10, 7, 98, 34, 93, 36, 27, 63, 5, 25, 6, 48, 12, 53, 30, 100, 91]
W = 112
k = 4
inst_name = "QKP_25_200_75" 
feasible = true 
Q2 = [200 0 0 0 0 0 0 0 0 0 0 0 0 0 0 0 0 0 0 0 0 0 0 0 0; 200 25 0 0 0 0 0 0 0 0 0 0 0 0 0 0 0 0 0 0 0 0 0 0 0; 200 200 200 0 0 0 0 0 0 0 0 0 0 0 0 0 0 0 0 0 0 0 0 0 0; 198 67 200 200 0 0 0 0 0 0 0 0 0 0 0 0 0 0 0 0 0 0 0 0 0; 200 200 168 15 42 0 0 0 0 0 0 0 0 0 0 0 0 0 0 0 0 0 0 0 0; 200 37 166 91 189 200 0 0 0 0 0 0 0 0 0 0 0 0 0 0 0 0 0 0 0; 190 166 3 14 195 14 83 0 0 0 0 0 0 0 0 0 0 0 0 0 0 0 0 0 0; 196 1 200 30 200 200 24 200 0 0 0 0 0 0 0 0 0 0 0 0 0 0 0 0 0; 9 195 171 143 172 158 83 200 179 0 0 0 0 0 0 0 0 0 0 0 0 0 0 0 0; 11 200 200 193 157 31 52 10 77 200 0 0 0 0 0 0 0 0 0 0 0 0 0 0 0; 195 169 155 196 200 15 145 52 119 192 36 0 0 0 0 0 0 0 0 0 0 0 0 0 0; 68 200 157 198 122 32 194 187 195 173 190 161 0 0 0 0 0 0 0 0 0 0 0 0 0; 3 184 200 168 129 200 9 15 13 26 185 9 200 0 0 0 0 0 0 0 0 0 0 0 0; 197 200 14 200 16 189 191 200 138 173 200 175 190 200 0 0 0 0 0 0 0 0 0 0 0; 200 1 183 200 170 200 199 4 6 180 191 200 200 145 197 0 0 0 0 0 0 0 0 0 0; 5 182 10 32 23 197 200 200 174 200 49 200 200 6 7 200 0 0 0 0 0 0 0 0 0; 200 123 158 0 159 191 199 200 75 183 1 194 183 144 186 17 127 0 0 0 0 0 0 0 0; 196 164 200 200 64 58 5 192 200 167 17 28 185 198 200 200 50 200 0 0 0 0 0 0 0; 200 5 148 200 200 186 192 167 194 2 124 200 196 200 72 200 200 177 175 0 0 0 0 0 0; 200 200 187 62 35 28 183 200 17 8 7 17 133 121 200 151 198 40 200 114 0 0 0 0 0; 196 38 5 200 200 0 5 200 165 200 46 200 189 150 7 112 38 183 186 196 200 0 0 0 0; 10 160 56 51 187 69 200 194 177 4 7 200 10 200 200 40 40 197 11 200 193 57 0 0 0; 200 161 15 140 41 156 64 200 166 156 200 21 182 1 3 187 75 200 199 197 78 40 19 0 0; 200 10 4 200 2 135 200 186 200 198 3 200 140 52 7 8 200 20 200 8 195 200 46 156 0; 7 200 157 9 176 19 82 123 38 199 153 12 200 200 19 23 20 117 128 40 194 166 179 9 33]
Q3 = [51 0 0 0 0 0 0 0 0 0 0 0 0 0 0 0 0 0 0 0 0 0 0 0 0; 69 45 0 0 0 0 0 0 0 0 0 0 0 0 0 0 0 0 0 0 0 0 0 0 0; 8 51 45 0 0 0 0 0 0 0 0 0 0 0 0 0 0 0 0 0 0 0 0 0 0; 60 81 45 35 0 0 0 0 0 0 0 0 0 0 0 0 0 0 0 0 0 0 0 0 0; 12 1 25 43 67 0 0 0 0 0 0 0 0 0 0 0 0 0 0 0 0 0 0 0 0; 37 65 18 87 27 54 0 0 0 0 0 0 0 0 0 0 0 0 0 0 0 0 0 0 0; 43 26 15 51 39 60 87 0 0 0 0 0 0 0 0 0 0 0 0 0 0 0 0 0 0; 57 11 82 67 17 3 49 63 0 0 0 0 0 0 0 0 0 0 0 0 0 0 0 0 0; 25 49 29 0 27 23 86 1 28 0 0 0 0 0 0 0 0 0 0 0 0 0 0 0 0; 31 5 56 50 22 195 83 175 85 34 0 0 0 0 0 0 0 0 0 0 0 0 0 0 0; 52 26 0 36 22 33 13 72 1 2 71 0 0 0 0 0 0 0 0 0 0 0 0 0 0; 84 59 13 42 12 54 43 40 18 29 24 0 0 0 0 0 0 0 0 0 0 0 0 0 0; 28 29 41 19 14 34 54 39 52 73 10 31 39 0 0 0 0 0 0 0 0 0 0 0 0; 8 55 31 65 60 38 44 3 15 25 64 30 32 50 0 0 0 0 0 0 0 0 0 0 0; 49 179 35 20 24 30 60 19 86 21 32 79 1 17 58 0 0 0 0 0 0 0 0 0 0; 64 36 51 65 66 58 36 78 29 33 71 26 43 160 20 21 0 0 0 0 0 0 0 0 0; 52 8 24 29 0 17 59 26 86 33 46 44 37 15 21 178 0 0 0 0 0 0 0 0 0; 16 25 40 19 84 79 29 39 55 23 36 57 36 20 32 52 70 46 0 0 0 0 0 0 0; 49 186 7 50 42 0 40 16 48 8 4 21 49 77 84 9 32 10 14 0 0 0 0 0 0; 31 63 42 86 73 67 31 52 59 22 23 69 3 6 31 20 54 86 82 9 0 0 0 0 0; 29 71 20 86 43 1 24 65 18 30 80 17 29 21 171 4 68 34 24 54 76 0 0 0 0; 71 12 81 83 25 84 2 0 30 170 33 1 23 75 36 83 63 3 170 85 49 84 0 0 0; 38 1 183 15 62 19 83 81 8 14 53 49 33 13 15 20 86 1 51 17 86 71 40 0 0; 39 64 67 57 11 16 17 24 56 62 162 33 11 76 172 186 6 79 67 38 41 60 82 7 0; 174 60 19 185 31 53 87 4 61 63 22 41 71 24 183 71 53 7 13 76 48 27 28 60 57]
