n = 25
density = 75
Q1 = [94 0 0 0 0 0 0 0 0 0 0 0 0 0 0 0 0 0 0 0 0 0 0 0 0; 50 0 0 0 0 0 0 0 0 0 0 0 0 0 0 0 0 0 0 0 0 0 0 0 0; 32 34 37 0 0 0 0 0 0 0 0 0 0 0 0 0 0 0 0 0 0 0 0 0 0; 0 97 62 100 0 0 0 0 0 0 0 0 0 0 0 0 0 0 0 0 0 0 0 0 0; 47 99 6 75 36 0 0 0 0 0 0 0 0 0 0 0 0 0 0 0 0 0 0 0 0; 72 0 59 0 0 6 0 0 0 0 0 0 0 0 0 0 0 0 0 0 0 0 0 0 0; 44 51 69 0 0 62 12 0 0 0 0 0 0 0 0 0 0 0 0 0 0 0 0 0 0; 94 73 97 68 60 63 12 69 0 0 0 0 0 0 0 0 0 0 0 0 0 0 0 0 0; 25 0 39 0 87 0 0 0 50 0 0 0 0 0 0 0 0 0 0 0 0 0 0 0 0; 99 19 70 50 0 5 94 83 31 87 0 0 0 0 0 0 0 0 0 0 0 0 0 0 0; 69 44 57 0 56 8 95 0 47 92 63 0 0 0 0 0 0 0 0 0 0 0 0 0 0; 59 0 29 35 12 70 0 0 46 22 95 0 0 0 0 0 0 0 0 0 0 0 0 0 0; 13 0 54 0 53 47 54 98 59 82 86 2 28 0 0 0 0 0 0 0 0 0 0 0 0; 11 92 7 14 26 0 76 12 5 69 0 56 85 0 0 0 0 0 0 0 0 0 0 0 0; 21 0 0 7 50 3 71 2 37 70 77 54 66 50 92 0 0 0 0 0 0 0 0 0 0; 27 0 55 0 0 90 0 4 0 0 0 50 0 9 99 8 0 0 0 0 0 0 0 0 0; 34 0 27 0 0 93 95 0 0 81 42 17 31 14 80 75 0 0 0 0 0 0 0 0 0; 95 59 0 48 99 61 95 0 86 0 0 81 34 0 84 33 80 94 0 0 0 0 0 0 0; 10 17 93 67 42 78 13 78 63 8 82 93 0 63 0 37 70 59 79 0 0 0 0 0 0; 3 0 98 72 11 41 12 0 41 85 0 0 89 72 44 0 70 0 0 0 0 0 0 0 0; 56 85 30 44 0 0 31 57 19 0 26 0 15 75 69 32 22 55 0 63 49 0 0 0 0; 0 0 0 0 14 0 91 0 0 0 0 84 7 14 0 0 52 37 85 52 100 98 0 0 0; 27 0 80 35 90 64 80 13 87 21 54 23 1 97 30 48 100 2 56 19 49 26 56 0 0; 61 62 11 65 40 36 0 99 41 45 26 80 0 0 0 58 42 0 0 85 35 8 0 97 0; 0 93 50 0 0 30 33 47 67 32 11 0 47 24 25 0 0 17 0 15 86 35 0 68 0]
w = [36, 39, 10, 7, 7, 14, 40, 26, 2, 24, 26, 12, 40, 49, 37, 19, 23, 7, 38, 14, 44, 7, 45, 6, 24]
W = 80
k = 3
inst_name = "QKP_25_100_75" 
feasible = true 
Q2 = [4 0 0 0 0 0 0 0 0 0 0 0 0 0 0 0 0 0 0 0 0 0 0 0 0; 40 100 0 0 0 0 0 0 0 0 0 0 0 0 0 0 0 0 0 0 0 0 0 0 0; 71 86 82 0 0 0 0 0 0 0 0 0 0 0 0 0 0 0 0 0 0 0 0 0 0; 100 2 20 0 0 0 0 0 0 0 0 0 0 0 0 0 0 0 0 0 0 0 0 0 0; 59 0 96 10 84 0 0 0 0 0 0 0 0 0 0 0 0 0 0 0 0 0 0 0 0; 12 100 26 100 100 98 0 0 0 0 0 0 0 0 0 0 0 0 0 0 0 0 0 0 0; 83 20 4 100 100 24 99 0 0 0 0 0 0 0 0 0 0 0 0 0 0 0 0 0 0; 5 3 3 21 8 1 92 23 0 0 0 0 0 0 0 0 0 0 0 0 0 0 0 0 0; 80 100 79 100 5 100 100 100 19 0 0 0 0 0 0 0 0 0 0 0 0 0 0 0 0; 0 82 20 37 100 97 6 2 97 5 0 0 0 0 0 0 0 0 0 0 0 0 0 0 0; 25 73 0 100 11 94 1 100 53 8 25 0 0 0 0 0 0 0 0 0 0 0 0 0 0; 36 100 76 82 90 12 100 100 63 90 1 100 0 0 0 0 0 0 0 0 0 0 0 0 0; 91 100 22 100 9 71 27 1 21 14 12 98 84 0 0 0 0 0 0 0 0 0 0 0 0; 100 5 94 97 90 100 18 88 96 10 100 21 6 100 0 0 0 0 0 0 0 0 0 0 0; 91 100 100 94 17 98 28 98 100 23 20 42 34 12 6 0 0 0 0 0 0 0 0 0 0; 92 100 24 100 100 8 100 100 100 100 100 15 100 92 0 94 0 0 0 0 0 0 0 0 0; 86 100 85 100 100 1 4 100 100 13 80 98 88 89 17 5 100 0 0 0 0 0 0 0 0; 5 20 100 63 1 29 1 100 14 100 100 9 90 100 6 87 11 3 0 0 0 0 0 0 0; 96 84 0 19 78 0 98 4 31 92 1 1 100 33 100 66 11 31 3 0 0 0 0 0 0; 98 100 1 27 97 86 93 100 84 2 100 100 0 2 72 100 20 100 100 100 0 0 0 0 0; 15 10 75 100 100 100 76 32 85 100 96 100 98 9 2 69 91 22 100 26 94 0 0 0 0; 100 100 100 100 90 100 0 100 100 100 100 0 94 98 100 100 23 64 2 47 0 2 0 0 0; 85 100 3 72 5 20 16 100 1 82 28 86 100 0 74 92 0 98 26 85 95 91 13 0 0; 17 27 98 23 64 72 100 0 85 92 75 7 100 100 100 3 61 100 100 6 82 98 100 0 0; 100 5 13 100 100 85 100 55 16 97 94 100 91 82 80 100 100 84 100 97 9 82 100 21 100]
Q3 = [27 0 0 0 0 0 0 0 0 0 0 0 0 0 0 0 0 0 0 0 0 0 0 0 0; 43 14 0 0 0 0 0 0 0 0 0 0 0 0 0 0 0 0 0 0 0 0 0 0 0; 3 14 13 0 0 0 0 0 0 0 0 0 0 0 0 0 0 0 0 0 0 0 0 0 0; 33 32 32 18 0 0 0 0 0 0 0 0 0 0 0 0 0 0 0 0 0 0 0 0 0; 5 0 16 23 13 0 0 0 0 0 0 0 0 0 0 0 0 0 0 0 0 0 0 0 0; 26 24 37 40 14 25 0 0 0 0 0 0 0 0 0 0 0 0 0 0 0 0 0 0 0; 10 103 9 22 39 36 29 0 0 0 0 0 0 0 0 0 0 0 0 0 0 0 0 0 0; 34 7 42 36 89 82 15 38 0 0 0 0 0 0 0 0 0 0 0 0 0 0 0 0 0; 8 27 12 0 21 20 43 0 101 0 0 0 0 0 0 0 0 0 0 0 0 0 0 0 0; 11 2 35 43 21 14 39 7 15 20 0 0 0 0 0 0 0 0 0 0 0 0 0 0 0; 40 10 87 41 94 10 9 25 0 41 38 0 0 0 0 0 0 0 0 0 0 0 0 0 0; 43 30 6 13 7 25 23 30 7 18 14 0 0 0 0 0 0 0 0 0 0 0 0 0 0; 12 17 32 11 94 10 37 15 33 37 38 12 14 0 0 0 0 0 0 0 0 0 0 0 0; 32 30 10 25 18 34 38 1 9 22 32 31 21 25 0 0 0 0 0 0 0 0 0 0 0; 18 0 30 10 100 15 43 8 7 38 40 44 44 97 33 0 0 0 0 0 0 0 0 0 0; 18 24 35 27 30 37 18 39 19 16 25 98 22 4 7 10 0 0 0 0 0 0 0 0 0; 14 4 14 15 0 10 31 13 42 35 11 25 15 8 38 14 0 0 0 0 0 0 0 0 0; 42 32 20 7 39 39 14 37 44 26 12 27 14 43 20 14 28 25 0 0 0 0 0 0 0; 21 2 4 33 12 0 27 12 41 3 3 12 38 43 34 4 23 41 11 0 0 0 0 0 0; 15 32 29 43 27 11 16 26 12 10 8 33 2 6 10 22 36 43 42 5 0 0 0 0 0; 98 33 7 0 22 0 9 41 9 15 18 9 26 22 79 2 19 33 35 38 1 0 0 0 0; 35 6 35 39 12 36 1 42 19 2 14 0 7 28 18 40 33 1 8 44 33 40 0 0 0; 14 0 10 7 23 33 38 29 5 7 38 14 29 6 5 4 42 0 37 8 0 18 96 0 0; 29 39 27 37 4 8 9 13 12 6 2 21 6 30 4 88 2 39 35 20 13 26 38 4 0; 4 32 98 4 21 14 11 2 29 14 17 17 5 10 8 33 22 4 8 25 31 13 30 36 20]
