n = 25
density = 50
Q1 = [178 0 0 0 0 0 0 0 0 0 0 0 0 0 0 0 0 0 0 0 0 0 0 0 0; 142 0 0 0 0 0 0 0 0 0 0 0 0 0 0 0 0 0 0 0 0 0 0 0 0; 80 94 0 0 0 0 0 0 0 0 0 0 0 0 0 0 0 0 0 0 0 0 0 0 0; 168 0 11 0 0 0 0 0 0 0 0 0 0 0 0 0 0 0 0 0 0 0 0 0 0; 0 0 0 0 63 0 0 0 0 0 0 0 0 0 0 0 0 0 0 0 0 0 0 0 0; 41 1 0 0 36 29 0 0 0 0 0 0 0 0 0 0 0 0 0 0 0 0 0 0 0; 166 46 195 8 116 0 0 0 0 0 0 0 0 0 0 0 0 0 0 0 0 0 0 0 0; 94 92 0 0 51 0 0 0 0 0 0 0 0 0 0 0 0 0 0 0 0 0 0 0 0; 0 184 0 0 160 0 160 73 0 0 0 0 0 0 0 0 0 0 0 0 0 0 0 0 0; 0 0 0 0 126 0 0 0 135 183 0 0 0 0 0 0 0 0 0 0 0 0 0 0 0; 0 0 0 185 81 0 0 0 164 137 0 0 0 0 0 0 0 0 0 0 0 0 0 0 0; 165 52 0 0 199 144 158 0 0 63 0 6 0 0 0 0 0 0 0 0 0 0 0 0 0; 0 0 168 0 45 0 0 0 94 194 42 170 0 0 0 0 0 0 0 0 0 0 0 0 0; 0 19 0 127 95 0 124 0 0 47 0 15 0 182 0 0 0 0 0 0 0 0 0 0 0; 78 36 64 0 104 0 0 110 0 57 108 0 120 11 141 0 0 0 0 0 0 0 0 0 0; 0 0 0 0 0 0 0 178 199 10 115 167 58 5 0 0 0 0 0 0 0 0 0 0 0; 103 123 0 0 133 137 167 0 183 0 149 145 132 93 56 171 0 0 0 0 0 0 0 0 0; 0 0 200 0 0 0 0 0 0 0 143 0 75 140 77 0 68 169 0 0 0 0 0 0 0; 0 35 0 0 0 0 137 38 0 0 0 0 0 0 21 0 21 94 105 0 0 0 0 0 0; 0 22 0 0 142 0 172 46 9 104 173 0 0 0 0 122 0 0 13 101 0 0 0 0 0; 0 16 14 0 0 111 30 174 46 0 95 0 0 0 0 0 122 0 175 0 150 0 0 0 0; 0 101 0 185 0 33 84 44 75 149 64 58 0 0 0 174 0 89 136 0 0 0 0 0 0; 4 102 12 0 107 0 157 7 96 50 63 185 0 123 149 122 55 0 63 33 132 0 0 0 0; 0 0 89 0 181 0 136 0 0 153 0 0 135 177 0 0 113 0 0 149 44 33 0 0 0; 0 113 81 83 21 0 0 110 0 0 0 152 0 184 0 102 0 0 114 0 182 0 41 157 0]
w = [88, 63, 73, 59, 24, 47, 8, 52, 80, 35, 96, 91, 55, 58, 77, 37, 5, 99, 37, 19, 96, 88, 38, 73, 100]
W = 109
k = 4
inst_name = "QKP_25_200_50" 
feasible = true 
Q2 = [18 0 0 0 0 0 0 0 0 0 0 0 0 0 0 0 0 0 0 0 0 0 0 0 0; 4 200 0 0 0 0 0 0 0 0 0 0 0 0 0 0 0 0 0 0 0 0 0 0 0; 177 171 200 0 0 0 0 0 0 0 0 0 0 0 0 0 0 0 0 0 0 0 0 0 0; 0 200 190 200 0 0 0 0 0 0 0 0 0 0 0 0 0 0 0 0 0 0 0 0 0; 200 200 200 200 188 0 0 0 0 0 0 0 0 0 0 0 0 0 0 0 0 0 0 0 0; 181 199 200 200 175 173 0 0 0 0 0 0 0 0 0 0 0 0 0 0 0 0 0 0 0; 13 199 2 193 13 200 200 0 0 0 0 0 0 0 0 0 0 0 0 0 0 0 0 0 0; 141 109 200 200 176 200 200 200 0 0 0 0 0 0 0 0 0 0 0 0 0 0 0 0 0; 200 9 200 200 10 200 37 134 200 0 0 0 0 0 0 0 0 0 0 0 0 0 0 0 0; 200 200 200 200 42 200 200 200 31 0 0 0 0 0 0 0 0 0 0 0 0 0 0 0 0; 200 200 200 11 169 200 200 200 28 57 200 0 0 0 0 0 0 0 0 0 0 0 0 0 0; 2 175 200 200 1 28 20 200 200 181 200 195 0 0 0 0 0 0 0 0 0 0 0 0 0; 200 200 32 200 198 200 200 200 166 2 173 14 200 0 0 0 0 0 0 0 0 0 0 0 0; 200 198 200 13 153 200 58 200 200 186 200 188 200 11 0 0 0 0 0 0 0 0 0 0 0; 191 184 171 200 72 200 200 77 200 163 85 200 79 192 51 0 0 0 0 0 0 0 0 0 0; 200 200 200 200 200 200 200 13 1 199 20 17 195 197 200 200 0 0 0 0 0 0 0 0 0; 48 35 200 200 12 62 29 200 4 200 36 8 30 145 180 5 200 0 0 0 0 0 0 0 0; 200 200 0 200 200 200 200 200 200 200 1 200 177 28 150 200 136 15 0 0 0 0 0 0 0; 200 192 200 200 200 200 0 180 200 200 200 200 200 200 187 200 191 106 76 0 0 0 0 0 0; 200 194 200 200 13 200 16 155 200 55 7 200 200 200 200 0 200 200 188 42 0 0 0 0 0; 200 194 188 200 200 65 182 17 171 200 172 200 200 200 200 200 47 200 16 200 20 0 0 0 0; 200 31 200 7 200 171 119 178 171 14 154 151 200 200 200 13 200 137 35 200 200 200 0 0 0; 197 3 191 200 68 200 36 193 147 168 195 13 200 52 48 64 186 200 191 179 49 200 200 0 0; 200 200 113 200 8 200 31 200 200 10 200 200 34 10 200 200 34 200 200 7 191 191 200 200 0; 200 74 127 154 195 200 200 84 200 200 200 11 200 11 200 81 200 200 41 200 4 200 189 41 200]
Q3 = [60 0 0 0 0 0 0 0 0 0 0 0 0 0 0 0 0 0 0 0 0 0 0 0 0; 9 47 0 0 0 0 0 0 0 0 0 0 0 0 0 0 0 0 0 0 0 0 0 0 0; 9 3 27 0 0 0 0 0 0 0 0 0 0 0 0 0 0 0 0 0 0 0 0 0 0; 1 32 8 7 0 0 0 0 0 0 0 0 0 0 0 0 0 0 0 0 0 0 0 0 0; 33 5 15 57 15 0 0 0 0 0 0 0 0 0 0 0 0 0 0 0 0 0 0 0 0; 25 8 58 29 18 5 0 0 0 0 0 0 0 0 0 0 0 0 0 0 0 0 0 0 0; 36 24 35 15 160 15 2 0 0 0 0 0 0 0 0 0 0 0 0 0 0 0 0 0 0; 13 1 29 32 22 4 31 56 0 0 0 0 0 0 0 0 0 0 0 0 0 0 0 0 0; 28 41 34 8 24 36 65 6 28 0 0 0 0 0 0 0 0 0 0 0 0 0 0 0 0; 21 62 33 49 58 21 50 3 49 0 0 0 0 0 0 0 0 0 0 0 0 0 0 0 0; 63 59 42 50 12 8 48 24 59 68 0 0 0 0 0 0 0 0 0 0 0 0 0 0 0; 6 22 60 21 66 49 44 20 4 18 61 19 0 0 0 0 0 0 0 0 0 0 0 0 0; 38 51 69 19 25 12 26 22 6 28 19 40 51 0 0 0 0 0 0 0 0 0 0 0 0; 8 46 45 22 11 43 66 58 58 25 38 12 4 46 0 0 0 0 0 0 0 0 0 0 0; 0 27 19 57 70 63 56 70 21 17 71 3 69 21 66 0 0 0 0 0 0 0 0 0 0; 46 55 45 38 27 39 5 45 44 54 31 45 15 27 58 38 0 0 0 0 0 0 0 0 0; 58 50 22 2 22 69 65 2 18 37 59 18 48 13 21 17 64 0 0 0 0 0 0 0 0; 46 17 50 17 18 24 57 14 39 15 2 62 12 46 15 1 4 41 0 0 0 0 0 0 0; 41 32 64 10 30 18 0 24 50 45 32 3 65 15 24 53 32 0 70 0 0 0 0 0 0; 66 37 47 66 25 62 47 2 58 63 24 56 21 13 23 147 39 31 7 53 0 0 0 0 0; 39 37 11 14 56 68 23 50 19 48 2 7 38 59 8 24 61 2 49 43 39 0 0 0 0; 6 179 47 37 17 8 2 23 14 30 14 9 35 47 60 41 43 12 54 33 61 40 0 0 0; 24 167 19 32 68 67 63 3 12 18 10 62 16 64 68 68 21 52 13 20 63 42 35 0 0; 50 18 1 55 34 63 49 25 29 23 32 44 52 37 15 33 48 38 4 15 27 32 5 51 0; 26 70 6 14 40 68 43 70 22 4 1 25 37 50 51 72 67 57 54 11 21 21 28 68 36]
