n = 25
density = 100
Q1 = [43 0 0 0 0 0 0 0 0 0 0 0 0 0 0 0 0 0 0 0 0 0 0 0 0; 13 78 0 0 0 0 0 0 0 0 0 0 0 0 0 0 0 0 0 0 0 0 0 0 0; 90 34 62 0 0 0 0 0 0 0 0 0 0 0 0 0 0 0 0 0 0 0 0 0 0; 96 29 70 46 0 0 0 0 0 0 0 0 0 0 0 0 0 0 0 0 0 0 0 0 0; 80 39 20 89 63 0 0 0 0 0 0 0 0 0 0 0 0 0 0 0 0 0 0 0 0; 24 37 80 22 23 45 0 0 0 0 0 0 0 0 0 0 0 0 0 0 0 0 0 0 0; 82 55 21 96 91 65 10 0 0 0 0 0 0 0 0 0 0 0 0 0 0 0 0 0 0; 26 56 3 52 67 27 31 97 0 0 0 0 0 0 0 0 0 0 0 0 0 0 0 0 0; 57 58 94 16 55 80 13 85 93 0 0 0 0 0 0 0 0 0 0 0 0 0 0 0 0; 1 11 28 67 7 98 64 17 87 25 0 0 0 0 0 0 0 0 0 0 0 0 0 0 0; 13 31 2 70 3 58 78 66 33 2 18 0 0 0 0 0 0 0 0 0 0 0 0 0 0; 45 62 10 27 69 30 35 13 60 24 89 84 0 0 0 0 0 0 0 0 0 0 0 0 0; 2 41 67 96 13 39 15 54 38 41 97 27 94 0 0 0 0 0 0 0 0 0 0 0 0; 99 7 96 15 73 3 100 53 94 33 17 68 49 14 0 0 0 0 0 0 0 0 0 0 0; 58 16 99 90 92 2 35 8 14 91 67 60 88 89 45 0 0 0 0 0 0 0 0 0 0; 61 34 36 24 69 11 99 65 80 17 68 11 10 91 18 98 0 0 0 0 0 0 0 0 0; 9 75 86 88 57 27 93 87 60 24 73 89 62 66 80 50 83 0 0 0 0 0 0 0 0; 41 76 4 93 89 78 16 48 1 68 75 16 29 77 57 16 69 30 0 0 0 0 0 0 0; 96 38 30 46 38 82 58 1 40 96 89 72 62 9 89 30 85 37 3 0 0 0 0 0 0; 45 99 97 37 5 23 51 32 50 56 83 10 41 91 28 46 59 90 24 33 0 0 0 0 0; 66 55 60 97 1 16 65 10 13 53 73 88 83 48 28 21 75 21 46 19 10 0 0 0 0; 28 42 81 49 28 44 59 71 81 81 11 8 58 11 23 31 50 7 66 40 69 37 0 0 0; 9 91 82 99 36 86 2 17 61 57 66 36 31 73 44 27 100 48 12 40 47 21 69 0 0; 55 13 37 94 83 60 13 13 85 53 28 10 43 61 56 4 42 78 30 8 14 38 8 29 0; 87 90 17 36 78 7 78 60 87 14 14 81 63 21 86 28 30 36 16 24 89 35 37 38 28]
w = [37, 35, 32, 20, 37, 31, 40, 46, 11, 26, 40, 43, 17, 33, 30, 18, 1, 19, 30, 46, 44, 26, 19, 38, 7]
W = 54
k = 2
inst_name = "QKP_25_100_100" 
feasible = true 
Q2 = [68 0 0 0 0 0 0 0 0 0 0 0 0 0 0 0 0 0 0 0 0 0 0 0 0; 92 8 0 0 0 0 0 0 0 0 0 0 0 0 0 0 0 0 0 0 0 0 0 0 0; 6 89 2 0 0 0 0 0 0 0 0 0 0 0 0 0 0 0 0 0 0 0 0 0 0; 4 71 27 64 0 0 0 0 0 0 0 0 0 0 0 0 0 0 0 0 0 0 0 0 0; 0 67 87 4 6 0 0 0 0 0 0 0 0 0 0 0 0 0 0 0 0 0 0 0 0; 92 74 2 97 85 74 0 0 0 0 0 0 0 0 0 0 0 0 0 0 0 0 0 0 0; 5 17 96 2 4 24 98 0 0 0 0 0 0 0 0 0 0 0 0 0 0 0 0 0 0; 82 11 98 28 18 88 94 0 0 0 0 0 0 0 0 0 0 0 0 0 0 0 0 0 0; 29 3 0 94 11 6 95 4 0 0 0 0 0 0 0 0 0 0 0 0 0 0 0 0 0; 99 99 98 15 96 0 26 85 1 81 0 0 0 0 0 0 0 0 0 0 0 0 0 0 0; 88 74 98 30 98 27 4 12 96 98 97 0 0 0 0 0 0 0 0 0 0 0 0 0 0; 71 37 97 80 22 87 82 97 2 97 6 16 0 0 0 0 0 0 0 0 0 0 0 0 0; 98 75 15 0 90 86 96 7 62 69 0 76 5 0 0 0 0 0 0 0 0 0 0 0 0; 1 99 0 93 15 100 0 31 2 77 100 18 96 94 0 0 0 0 0 0 0 0 0 0 0; 33 100 0 7 8 100 74 94 91 1 27 24 1 10 63 0 0 0 0 0 0 0 0 0 0; 31 92 88 99 6 100 1 28 5 85 8 96 97 2 87 0 0 0 0 0 0 0 0 0 0; 99 16 14 3 18 77 1 13 39 90 20 7 12 19 16 0 16 0 0 0 0 0 0 0 0; 86 21 99 1 2 2 90 60 99 2 16 98 91 21 31 88 14 73 0 0 0 0 0 0 0; 2 79 76 99 95 11 32 100 86 4 6 6 22 98 6 88 4 68 100 0 0 0 0 0 0; 70 1 2 86 97 93 30 100 18 9 0 94 65 9 90 99 3 8 89 77 0 0 0 0 0; 10 36 3 3 100 85 15 95 91 10 0 7 4 96 93 83 17 89 83 97 90 0 0 0 0; 79 96 7 91 77 84 12 18 1 5 90 92 35 89 80 70 37 95 25 65 15 66 0 0 0; 96 3 1 0 67 11 99 88 31 42 33 68 99 7 63 100 0 54 95 89 86 89 22 0 0; 32 88 94 0 7 21 99 88 10 13 81 99 83 31 42 97 76 10 80 93 90 94 100 88 0; 13 1 91 72 19 94 9 26 7 91 93 3 13 98 8 78 84 96 92 82 6 98 92 86 75]
Q3 = [8 0 0 0 0 0 0 0 0 0 0 0 0 0 0 0 0 0 0 0 0 0 0 0 0; 16 21 0 0 0 0 0 0 0 0 0 0 0 0 0 0 0 0 0 0 0 0 0 0 0; 28 15 85 0 0 0 0 0 0 0 0 0 0 0 0 0 0 0 0 0 0 0 0 0 0; 42 0 43 8 0 0 0 0 0 0 0 0 0 0 0 0 0 0 0 0 0 0 0 0 0; 2 6 14 17 88 0 0 0 0 0 0 0 0 0 0 0 0 0 0 0 0 0 0 0 0; 19 10 8 23 13 11 0 0 0 0 0 0 0 0 0 0 0 0 0 0 0 0 0 0 0; 18 101 22 21 22 38 28 0 0 0 0 0 0 0 0 0 0 0 0 0 0 0 0 0 0; 11 96 14 38 33 17 16 1 0 0 0 0 0 0 0 0 0 0 0 0 0 0 0 0 0; 40 89 5 22 95 18 23 15 2 0 0 0 0 0 0 0 0 0 0 0 0 0 0 0 0; 13 30 18 29 18 13 40 6 5 9 0 0 0 0 0 0 0 0 0 0 0 0 0 0 0; 5 6 12 44 22 38 12 24 14 13 25 0 0 0 0 0 0 0 0 0 0 0 0 0 0; 10 45 25 10 38 16 14 27 87 21 28 44 0 0 0 0 0 0 0 0 0 0 0 0 0; 11 11 28 7 12 13 25 93 0 8 9 4 35 0 0 0 0 0 0 0 0 0 0 0 0; 35 33 4 21 32 39 33 40 14 10 27 33 0 21 0 0 0 0 0 0 0 0 0 0 0; 43 28 1 32 43 31 9 12 14 6 41 36 5 40 7 0 0 0 0 0 0 0 0 0 0; 41 15 14 21 15 33 35 41 15 5 18 24 26 13 12 1 0 0 0 0 0 0 0 0 0; 33 34 44 15 29 6 11 43 44 18 38 31 22 34 38 95 43 0 0 0 0 0 0 0 0; 12 42 29 6 9 7 15 6 16 79 33 27 17 42 41 12 27 4 0 0 0 0 0 0 0; 19 12 8 0 11 32 42 28 13 37 28 15 35 28 27 16 15 5 38 0 0 0 0 0 0; 10 40 29 14 19 21 39 13 101 93 1 19 6 44 17 0 87 37 18 11 0 0 0 0 0; 20 43 87 41 37 4 27 20 13 95 1 29 14 1 18 8 37 17 10 24 4 0 0 0 0; 9 7 20 4 7 11 95 35 5 16 5 0 44 1 6 2 43 11 39 5 29 3 0 0 0; 24 15 5 22 3 36 25 12 42 45 44 5 15 18 6 18 7 2 21 12 9 17 38 0 0; 41 5 12 2 22 34 30 4 33 97 12 33 11 42 45 12 11 26 12 7 11 11 34 16 0; 44 5 18 8 42 10 23 38 27 15 19 12 24 24 28 8 14 12 19 10 28 11 13 13 5]
