n = 20
density = 50
Q1 = [0 0 0 0 0 0 0 0 0 0 0 0 0 0 0 0 0 0 0 0; 49 0 0 0 0 0 0 0 0 0 0 0 0 0 0 0 0 0 0 0; 0 61 46 0 0 0 0 0 0 0 0 0 0 0 0 0 0 0 0 0; 88 0 0 85 0 0 0 0 0 0 0 0 0 0 0 0 0 0 0 0; 24 28 0 42 65 0 0 0 0 0 0 0 0 0 0 0 0 0 0 0; 0 0 18 0 0 0 0 0 0 0 0 0 0 0 0 0 0 0 0 0; 47 22 88 0 59 0 21 0 0 0 0 0 0 0 0 0 0 0 0 0; 93 0 100 0 37 0 74 0 0 0 0 0 0 0 0 0 0 0 0 0; 0 31 58 0 66 1 0 0 0 0 0 0 0 0 0 0 0 0 0 0; 0 42 0 62 95 0 0 0 0 59 0 0 0 0 0 0 0 0 0 0; 0 78 24 0 0 67 9 42 0 0 0 0 0 0 0 0 0 0 0 0; 0 73 0 0 0 97 0 0 0 0 0 0 0 0 0 0 0 0 0 0; 52 68 21 36 0 63 97 14 82 0 10 0 0 0 0 0 0 0 0 0; 72 0 85 9 92 11 0 0 0 0 5 0 26 22 0 0 0 0 0 0; 83 0 0 26 27 77 0 9 93 8 53 82 0 0 53 0 0 0 0 0; 55 79 15 0 0 37 28 0 27 56 0 0 0 0 46 63 0 0 0 0; 81 0 0 0 98 63 0 70 0 58 53 0 72 0 0 0 0 0 0 0; 6 0 11 0 0 89 82 39 0 0 0 87 45 65 0 0 62 0 0 0; 34 61 24 37 84 44 74 0 5 68 0 81 0 49 91 65 0 93 0 0; 0 67 0 0 24 62 24 13 0 0 97 0 0 0 83 35 0 19 45 100]
w = [3, 41, 16, 31, 1, 18, 34, 2, 9, 18, 45, 29, 34, 36, 31, 48, 49, 15, 26, 25]
W = 79
k = 5
inst_name = "QKP_20_100_50" 
feasible = true 
Q2 = [100 0 0 0 0 0 0 0 0 0 0 0 0 0 0 0 0 0 0 0; 83 100 0 0 0 0 0 0 0 0 0 0 0 0 0 0 0 0 0 0; 100 9 77 0 0 0 0 0 0 0 0 0 0 0 0 0 0 0 0 0; 8 100 100 0 0 0 0 0 0 0 0 0 0 0 0 0 0 0 0 0; 80 98 100 100 12 0 0 0 0 0 0 0 0 0 0 0 0 0 0 0; 100 100 98 100 100 100 0 0 0 0 0 0 0 0 0 0 0 0 0 0; 62 84 8 100 10 100 79 0 0 0 0 0 0 0 0 0 0 0 0 0; 1 100 0 100 99 100 8 100 0 0 0 0 0 0 0 0 0 0 0 0; 100 80 42 100 2 100 100 100 100 0 0 0 0 0 0 0 0 0 0 0; 100 95 100 22 1 100 100 100 100 40 0 0 0 0 0 0 0 0 0 0; 100 13 94 100 100 5 99 80 100 100 100 0 0 0 0 0 0 0 0 0; 100 9 100 100 100 3 100 100 100 100 100 100 0 0 0 0 0 0 0 0; 2 22 99 70 100 32 0 98 17 100 100 100 100 0 0 0 0 0 0 0; 15 100 13 98 2 92 100 100 100 100 99 100 85 88 0 0 0 0 0 0; 14 100 100 94 77 23 100 98 7 93 27 4 100 100 16 0 0 0 0 0; 28 19 91 100 100 70 83 100 91 37 100 100 100 100 68 33 0 0 0 0; 3 100 100 100 2 34 100 5 100 16 14 100 23 100 100 100 100 0 0 0; 100 100 92 100 100 7 17 88 100 100 100 13 59 11 100 100 38 100 0 0; 67 36 99 91 1 64 4 100 96 2 100 0 100 65 1 14 100 6 100 0; 100 21 100 100 96 35 96 89 100 100 2 100 100 100 7 86 100 84 97 0]
Q3 = [2 0 0 0 0 0 0 0 0 0 0 0 0 0 0 0 0 0 0 0; 7 7 0 0 0 0 0 0 0 0 0 0 0 0 0 0 0 0 0 0; 30 89 9 0 0 0 0 0 0 0 0 0 0 0 0 0 0 0 0 0; 30 8 6 3 0 0 0 0 0 0 0 0 0 0 0 0 0 0 0 0; 7 15 30 0 23 0 0 0 0 0 0 0 0 0 0 0 0 0 0 0; 42 28 23 15 25 13 0 0 0 0 0 0 0 0 0 0 0 0 0 0; 6 10 29 41 90 14 1 0 0 0 0 0 0 0 0 0 0 0 0 0; 8 24 17 40 6 38 18 21 0 0 0 0 0 0 0 0 0 0 0 0; 33 11 42 33 78 30 30 20 36 0 0 0 0 0 0 0 0 0 0 0; 3 5 6 34 14 13 6 20 38 42 0 0 0 0 0 0 0 0 0 0; 33 30 18 23 35 11 28 10 39 23 16 0 0 0 0 0 0 0 0 0; 0 20 9 31 36 35 40 36 24 24 23 5 0 0 0 0 0 0 0 0; 90 35 21 6 15 41 9 26 41 11 31 0 39 0 0 0 0 0 0 0; 29 22 39 28 15 12 22 13 14 40 32 7 13 15 0 0 0 0 0 0; 37 20 32 17 6 41 3 27 38 7 36 14 24 21 96 0 0 0 0 0; 37 39 16 16 4 7 12 36 16 41 41 6 42 21 9 41 0 0 0 0; 11 28 1 35 35 41 34 11 26 25 94 12 38 22 17 20 42 0 0 0; 31 36 12 40 25 30 39 11 35 40 18 42 4 20 24 13 42 9 0 0; 1 42 18 11 5 6 11 19 13 76 2 1 15 8 5 25 8 36 26 0; 17 34 17 26 18 41 18 7 7 0 24 20 21 20 23 13 19 6 0 7]
