n = 20
density = 25
Q1 = [0 0 0 0 0 0 0 0 0 0 0 0 0 0 0 0 0 0 0 0; 13 0 0 0 0 0 0 0 0 0 0 0 0 0 0 0 0 0 0 0; 0 0 0 0 0 0 0 0 0 0 0 0 0 0 0 0 0 0 0 0; 0 0 0 0 0 0 0 0 0 0 0 0 0 0 0 0 0 0 0 0; 0 41 0 0 33 0 0 0 0 0 0 0 0 0 0 0 0 0 0 0; 0 61 0 0 0 0 0 0 0 0 0 0 0 0 0 0 0 0 0 0; 0 0 74 0 0 0 0 0 0 0 0 0 0 0 0 0 0 0 0 0; 36 0 0 0 0 0 79 0 0 0 0 0 0 0 0 0 0 0 0 0; 0 0 94 0 0 0 0 8 0 0 0 0 0 0 0 0 0 0 0 0; 0 0 0 57 26 0 0 0 75 0 0 0 0 0 0 0 0 0 0 0; 0 98 0 0 0 28 0 0 0 0 0 0 0 0 0 0 0 0 0 0; 0 0 0 0 0 0 0 0 0 0 0 0 0 0 0 0 0 0 0 0; 0 0 0 7 0 0 0 0 0 94 0 0 0 0 0 0 0 0 0 0; 0 0 0 0 20 0 10 0 0 7 0 0 0 0 0 0 0 0 0 0; 84 87 0 0 0 0 0 0 61 0 0 0 0 0 0 0 0 0 0 0; 0 74 0 0 0 0 0 76 0 0 84 86 0 0 0 0 0 0 0 0; 0 0 40 0 0 0 0 15 6 0 91 0 0 0 95 0 95 0 0 0; 0 0 0 0 0 0 0 100 0 0 53 0 24 0 0 8 0 67 0 0; 0 0 32 55 0 0 7 0 0 0 0 56 0 0 0 37 0 58 0 0; 0 0 64 2 55 0 19 0 86 0 0 0 0 0 0 0 29 0 0 0]
w = [4, 18, 42, 36, 43, 47, 22, 36, 18, 32, 35, 19, 1, 39, 29, 6, 1, 30, 33, 30]
W = 138
k = 5
inst_name = "QKP_20_100_25" 
feasible = true 
Q2 = [100 0 0 0 0 0 0 0 0 0 0 0 0 0 0 0 0 0 0 0; 96 100 0 0 0 0 0 0 0 0 0 0 0 0 0 0 0 0 0 0; 100 100 100 0 0 0 0 0 0 0 0 0 0 0 0 0 0 0 0 0; 100 100 100 100 0 0 0 0 0 0 0 0 0 0 0 0 0 0 0 0; 100 85 100 100 71 0 0 0 0 0 0 0 0 0 0 0 0 0 0 0; 100 14 100 100 100 100 0 0 0 0 0 0 0 0 0 0 0 0 0 0; 100 100 22 100 100 100 100 0 0 0 0 0 0 0 0 0 0 0 0 0; 90 100 100 100 100 100 7 100 0 0 0 0 0 0 0 0 0 0 0 0; 100 100 3 100 100 100 100 92 100 0 0 0 0 0 0 0 0 0 0 0; 100 100 100 32 79 100 100 100 4 100 0 0 0 0 0 0 0 0 0 0; 100 0 100 100 100 89 100 100 100 100 100 0 0 0 0 0 0 0 0 0; 100 100 100 100 100 100 100 100 100 100 100 100 0 0 0 0 0 0 0 0; 100 100 100 98 100 100 100 100 100 1 100 100 100 0 0 0 0 0 0 0; 100 100 100 100 84 100 95 100 100 99 100 100 100 100 0 0 0 0 0 0; 1 1 100 100 100 100 100 100 36 100 100 100 100 100 100 0 0 0 0 0; 100 26 100 100 100 100 100 4 100 100 11 4 100 100 100 100 0 0 0 0; 100 100 97 100 100 100 100 91 99 100 7 100 100 100 1 100 2 0 0 0; 100 100 100 100 100 100 100 0 100 100 46 100 88 100 100 92 100 4 0 0; 100 100 75 6 100 100 94 100 100 100 100 31 100 100 100 93 100 24 100 0; 100 100 21 100 33 100 81 100 1 100 100 100 100 100 100 100 99 100 100 100]
Q3 = [11 0 0 0 0 0 0 0 0 0 0 0 0 0 0 0 0 0 0 0; 20 6 0 0 0 0 0 0 0 0 0 0 0 0 0 0 0 0 0 0; 27 3 23 0 0 0 0 0 0 0 0 0 0 0 0 0 0 0 0 0; 30 21 16 18 0 0 0 0 0 0 0 0 0 0 0 0 0 0 0 0; 9 7 30 24 4 0 0 0 0 0 0 0 0 0 0 0 0 0 0 0; 3 23 17 29 18 34 0 0 0 0 0 0 0 0 0 0 0 0 0 0; 28 23 34 21 11 30 9 0 0 0 0 0 0 0 0 0 0 0 0 0; 8 5 8 1 24 19 16 2 0 0 0 0 0 0 0 0 0 0 0 0; 36 0 20 12 3 26 34 2 23 0 0 0 0 0 0 0 0 0 0 0; 37 21 16 36 7 36 16 1 9 30 0 0 0 0 0 0 0 0 0 0; 18 10 24 8 17 12 4 27 18 3 20 0 0 0 0 0 0 0 0 0; 19 15 26 27 36 10 11 9 10 3 36 33 0 0 0 0 0 0 0 0; 26 17 28 23 23 8 20 7 20 12 6 15 15 0 0 0 0 0 0 0; 34 19 25 23 8 14 15 3 29 27 10 31 16 32 0 0 0 0 0 0; 3 4 29 12 28 4 14 32 37 6 19 35 33 7 27 0 0 0 0 0; 3 37 11 27 11 18 14 10 15 7 28 15 18 10 11 5 0 0 0 0; 35 3 0 31 22 14 25 12 25 30 28 7 13 5 10 16 18 0 0 0; 11 29 16 10 12 5 4 25 19 37 38 27 12 22 6 3 4 9 0 0; 1 35 6 85 10 15 7 33 29 13 28 36 22 9 6 6 36 31 14 0; 19 27 30 28 36 5 0 29 5 27 22 26 26 32 26 26 9 35 28 0]
