n = 20
density = 50
Q1 = [54 0 0 0 0 0 0 0 0 0 0 0 0 0 0 0 0 0 0 0; 0 0 0 0 0 0 0 0 0 0 0 0 0 0 0 0 0 0 0 0; 0 0 0 0 0 0 0 0 0 0 0 0 0 0 0 0 0 0 0 0; 0 173 0 0 0 0 0 0 0 0 0 0 0 0 0 0 0 0 0 0; 191 91 143 0 84 0 0 0 0 0 0 0 0 0 0 0 0 0 0 0; 114 31 0 101 0 0 0 0 0 0 0 0 0 0 0 0 0 0 0 0; 0 30 0 0 104 0 0 0 0 0 0 0 0 0 0 0 0 0 0 0; 0 77 200 0 128 152 0 0 0 0 0 0 0 0 0 0 0 0 0 0; 0 0 0 0 0 0 0 95 0 0 0 0 0 0 0 0 0 0 0 0; 0 92 0 0 0 0 135 7 170 110 0 0 0 0 0 0 0 0 0 0; 187 131 0 50 2 0 0 8 0 167 0 0 0 0 0 0 0 0 0 0; 3 0 57 0 114 35 60 0 0 59 200 118 0 0 0 0 0 0 0 0; 0 0 196 68 141 0 174 165 0 142 0 0 46 0 0 0 0 0 0 0; 118 0 185 0 14 197 0 0 48 27 166 0 0 0 0 0 0 0 0 0; 105 141 0 0 79 0 0 127 82 54 0 0 173 180 135 0 0 0 0 0; 193 4 0 0 0 93 134 0 0 62 7 0 0 14 0 127 0 0 0 0; 73 114 54 0 153 0 0 0 0 0 195 125 0 197 0 182 55 0 0 0; 0 0 157 79 0 69 0 0 0 131 0 139 0 167 0 0 0 10 0 0; 0 0 115 30 0 126 0 89 0 0 15 169 194 150 0 7 129 0 0 0; 65 0 112 36 0 0 0 6 175 0 0 0 137 71 22 118 17 0 0 89]
w = [96, 80, 70, 80, 15, 50, 100, 23, 32, 18, 43, 60, 93, 78, 1, 18, 12, 18, 49, 19]
W = 59
k = 2
inst_name = "QKP_20_200_50" 
feasible = true 
Q2 = [148 0 0 0 0 0 0 0 0 0 0 0 0 0 0 0 0 0 0 0; 200 200 0 0 0 0 0 0 0 0 0 0 0 0 0 0 0 0 0 0; 200 200 200 0 0 0 0 0 0 0 0 0 0 0 0 0 0 0 0 0; 200 5 200 200 0 0 0 0 0 0 0 0 0 0 0 0 0 0 0 0; 1 191 41 200 146 0 0 0 0 0 0 0 0 0 0 0 0 0 0 0; 85 189 200 34 200 200 0 0 0 0 0 0 0 0 0 0 0 0 0 0; 200 178 200 200 23 200 200 0 0 0 0 0 0 0 0 0 0 0 0 0; 200 168 0 200 70 44 200 200 0 0 0 0 0 0 0 0 0 0 0 0; 200 200 200 200 200 200 200 150 200 0 0 0 0 0 0 0 0 0 0 0; 200 188 200 200 200 200 9 196 27 87 0 0 0 0 0 0 0 0 0 0; 11 40 200 177 200 200 200 196 200 18 200 0 0 0 0 0 0 0 0 0; 197 200 156 200 73 194 197 200 200 174 0 9 0 0 0 0 0 0 0 0; 200 200 4 144 21 200 5 30 200 16 200 200 197 0 0 0 0 0 0 0; 43 200 13 200 190 1 200 200 168 199 28 200 200 200 0 0 0 0 0 0; 79 27 200 200 134 200 200 56 193 155 200 200 15 10 22 0 0 0 0 0; 4 200 200 200 200 125 26 200 200 190 200 200 200 193 200 65 0 0 0 0; 140 56 148 200 39 200 200 200 200 200 1 22 200 2 200 9 199 0 0 0; 200 200 13 196 200 176 200 200 200 66 200 60 200 10 200 200 200 192 0 0; 200 200 81 193 200 14 200 150 200 200 185 0 2 15 200 196 14 200 200 0; 161 200 35 186 200 200 200 195 4 200 200 200 32 162 188 49 191 200 200 126]
Q3 = [4 0 0 0 0 0 0 0 0 0 0 0 0 0 0 0 0 0 0 0; 54 14 0 0 0 0 0 0 0 0 0 0 0 0 0 0 0 0 0 0; 58 20 40 0 0 0 0 0 0 0 0 0 0 0 0 0 0 0 0 0; 53 20 12 4 0 0 0 0 0 0 0 0 0 0 0 0 0 0 0 0; 18 0 71 81 18 0 0 0 0 0 0 0 0 0 0 0 0 0 0 0; 82 41 73 194 48 25 0 0 0 0 0 0 0 0 0 0 0 0 0 0; 16 20 51 80 186 28 3 0 0 0 0 0 0 0 0 0 0 0 0 0; 15 21 33 78 81 78 24 41 0 0 0 0 0 0 0 0 0 0 0 0; 64 28 81 64 4 60 59 18 70 0 0 0 0 0 0 0 0 0 0 0; 6 2 12 48 25 25 20 37 76 82 0 0 0 0 0 0 0 0 0 0; 66 64 62 30 67 13 67 40 75 52 31 0 0 0 0 0 0 0 0 0; 1 28 15 61 81 44 24 70 47 28 45 170 0 0 0 0 0 0 0 0; 4 55 76 13 43 71 21 74 78 34 78 1 36 0 0 0 0 0 0 0; 64 43 74 66 24 26 43 25 21 53 73 14 34 38 0 0 0 0 0 0; 81 53 62 63 11 79 6 75 7 12 48 20 53 45 42 0 0 0 0 0; 53 70 36 32 8 12 49 70 55 25 73 13 81 38 26 80 0 0 0 0; 13 73 3 67 75 74 66 13 51 31 25 40 67 43 33 44 28 0 0 0; 71 70 35 7 49 24 74 57 68 81 36 82 8 32 46 25 81 18 0 0; 3 76 82 45 7 169 14 19 26 5 4 2 31 34 9 31 28 69 51 0; 23 52 54 37 67 75 68 14 17 1 46 39 57 23 32 69 33 13 76 11]
