heur = false
LBS_limit = 3
preproc = 1
tight_root = 0
total_time = 844.04
NDP = 66
total_nodes = 611103
pruned_nodes = 305552
pruned_dominance_nodes = 133
heur_time = 0.0
Y_N = Any[[714.0, 722.0], [700.0, 774.0], [669.0, 794.0], [663.0, 804.0], [654.0, 836.0], [647.0, 873.0], [612.0, 874.0], [601.0, 903.0], [589.0, 907.0], [583.0, 921.0], [573.0, 934.0], [562.0, 946.0], [555.0, 961.0], [537.0, 964.0], [534.0, 975.0], [533.0, 995.0], [525.0, 996.0], [510.0, 1003.0], [509.0, 1023.0], [493.0, 1028.0], [487.0, 1031.0], [484.0, 1056.0], [471.0, 1059.0], [463.0, 1077.0], [457.0, 1085.0], [453.0, 1098.0], [439.0, 1105.0], [434.0, 1127.0], [431.0, 1128.0], [422.0, 1130.0], [412.0, 1156.0], [408.0, 1166.0], [392.0, 1193.0], [390.0, 1205.0], [383.0, 1212.0], [372.0, 1215.0], [366.0, 1218.0], [365.0, 1220.0], [361.0, 1231.0], [355.0, 1264.0], [342.0, 1266.0], [328.0, 1272.0], [322.0, 1275.0], [318.0, 1293.0], [306.0, 1298.0], [304.0, 1305.0], [303.0, 1322.0], [300.0, 1345.0], [299.0, 1347.0], [280.0, 1355.0], [279.0, 1358.0], [267.0, 1362.0], [251.0, 1388.0], [237.0, 1395.0], [235.0, 1402.0], [233.0, 1405.0], [228.0, 1427.0], [216.0, 1443.0], [207.0, 1456.0], [195.0, 1469.0], [185.0, 1471.0], [173.0, 1489.0], [145.0, 1492.0], [123.0, 1496.0], [96.0, 1499.0], [47.0, 1500.0]]
