heur = false
LBS_limit = 3
preproc = 1
tight_root = 0
total_time = 1800.05
NDP = 78
total_nodes = 656529
pruned_nodes = 328240
pruned_dominance_nodes = 9361
heur_time = 0.0
Y_N = Any[[1530.0, 402.0], [1512.0, 433.0], [1505.0, 553.0], [1495.0, 609.0], [1458.0, 619.0], [1449.0, 636.0], [1440.0, 646.0], [1432.0, 647.0], [1427.0, 700.0], [1408.0, 703.0], [1403.0, 710.0], [1395.0, 744.0], [1393.0, 773.0], [1373.0, 809.0], [1360.0, 852.0], [1334.0, 861.0], [1316.0, 867.0], [1313.0, 882.0], [1310.0, 886.0], [1309.0, 902.0], [1308.0, 940.0], [1287.0, 941.0], [1283.0, 981.0], [1273.0, 984.0], [1252.0, 1000.0], [1249.0, 1001.0], [1248.0, 1007.0], [1247.0, 1025.0], [1240.0, 1036.0], [1226.0, 1048.0], [1225.0, 1088.0], [1207.0, 1090.0], [1197.0, 1091.0], [1194.0, 1094.0], [1191.0, 1110.0], [1176.0, 1112.0], [1168.0, 1129.0], [1166.0, 1131.0], [1163.0, 1139.0], [1153.0, 1140.0], [1145.0, 1144.0], [1143.0, 1176.0], [1134.0, 1186.0], [1127.0, 1187.0], [1118.0, 1202.0], [1110.0, 1227.0], [1104.0, 1231.0], [1096.0, 1236.0], [1092.0, 1247.0], [1081.0, 1264.0], [1065.0, 1285.0], [1053.0, 1289.0], [1050.0, 1313.0], [1029.0, 1332.0], [1017.0, 1346.0], [1000.0, 1357.0], [999.0, 1366.0], [993.0, 1381.0], [968.0, 1405.0], [945.0, 1443.0], [934.0, 1484.0], [900.0, 1492.0], [887.0, 1501.0], [865.0, 1523.0], [859.0, 1569.0], [842.0, 1581.0], [784.0, 1607.0], [779.0, 1614.0], [758.0, 1633.0], [751.0, 1636.0], [739.0, 1658.0], [692.0, 1667.0], [687.0, 1725.0], [677.0, 1729.0], [635.0, 1749.0], [622.0, 1751.0], [595.0, 1761.0], [544.0, 1824.0]]
