heur = false
LBS_limit = 3
preproc = 1
tight_root = 0
total_time = 360.87
NDP = 45
total_nodes = 287335
pruned_nodes = 143668
pruned_dominance_nodes = 8700
heur_time = 0.0
Y_N = Any[[1068.0, 449.0], [1039.0, 470.0], [1014.0, 488.0], [1011.0, 519.0], [1001.0, 536.0], [990.0, 562.0], [973.0, 615.0], [943.0, 619.0], [941.0, 646.0], [921.0, 669.0], [918.0, 685.0], [898.0, 705.0], [886.0, 711.0], [879.0, 724.0], [875.0, 764.0], [855.0, 788.0], [825.0, 828.0], [816.0, 833.0], [811.0, 861.0], [809.0, 898.0], [797.0, 900.0], [776.0, 939.0], [764.0, 952.0], [745.0, 975.0], [727.0, 986.0], [723.0, 1074.0], [680.0, 1130.0], [618.0, 1140.0], [616.0, 1152.0], [595.0, 1178.0], [591.0, 1190.0], [572.0, 1220.0], [569.0, 1235.0], [549.0, 1255.0], [548.0, 1266.0], [525.0, 1270.0], [501.0, 1338.0], [447.0, 1357.0], [419.0, 1362.0], [377.0, 1369.0], [358.0, 1379.0], [336.0, 1380.0], [306.0, 1418.0], [238.0, 1424.0], [206.0, 1435.0]]
