heur = false
LBS_limit = 3
preproc = 1
tight_root = 0
total_time = 1800.0
NDP = 104
total_nodes = 520791
pruned_nodes = 260362
pruned_dominance_nodes = 52052
heur_time = 0.0
Y_N = Any[[1699.0, 2626.0], [1686.0, 2762.0], [1653.0, 2781.0], [1652.0, 2790.0], [1623.0, 2809.0], [1622.0, 2913.0], [1619.0, 2923.0], [1591.0, 2954.0], [1568.0, 2973.0], [1552.0, 2982.0], [1550.0, 2988.0], [1538.0, 3013.0], [1521.0, 3020.0], [1518.0, 3023.0], [1510.0, 3081.0], [1508.0, 3109.0], [1492.0, 3131.0], [1471.0, 3142.0], [1465.0, 3163.0], [1454.0, 3165.0], [1444.0, 3182.0], [1435.0, 3185.0], [1428.0, 3187.0], [1414.0, 3191.0], [1410.0, 3234.0], [1388.0, 3236.0], [1387.0, 3259.0], [1381.0, 3263.0], [1370.0, 3274.0], [1355.0, 3288.0], [1353.0, 3315.0], [1339.0, 3330.0], [1324.0, 3343.0], [1320.0, 3352.0], [1310.0, 3372.0], [1297.0, 3377.0], [1290.0, 3392.0], [1279.0, 3396.0], [1262.0, 3411.0], [1248.0, 3417.0], [1241.0, 3420.0], [1234.0, 3457.0], [1198.0, 3464.0], [1197.0, 3465.0], [1196.0, 3501.0], [1179.0, 3523.0], [1144.0, 3527.0], [1137.0, 3543.0], [1136.0, 3553.0], [1132.0, 3559.0], [1112.0, 3574.0], [1104.0, 3576.0], [1095.0, 3588.0], [1088.0, 3606.0], [1066.0, 3612.0], [1064.0, 3621.0], [1049.0, 3630.0], [1047.0, 3654.0], [1017.0, 3679.0], [1013.0, 3683.0], [987.0, 3687.0], [986.0, 3689.0], [981.0, 3694.0], [976.0, 3719.0], [963.0, 3729.0], [949.0, 3732.0], [945.0, 3736.0], [938.0, 3739.0], [928.0, 3771.0], [919.0, 3779.0], [889.0, 3796.0], [875.0, 3807.0], [867.0, 3814.0], [864.0, 3822.0], [854.0, 3823.0], [848.0, 3833.0], [837.0, 3856.0], [834.0, 3869.0], [820.0, 3875.0], [803.0, 3896.0], [783.0, 3897.0], [780.0, 3906.0], [761.0, 3916.0], [756.0, 3947.0], [726.0, 3954.0], [721.0, 3961.0], [715.0, 3971.0], [707.0, 3999.0], [676.0, 4010.0], [675.0, 4013.0], [674.0, 4017.0], [649.0, 4019.0], [645.0, 4025.0], [631.0, 4043.0], [625.0, 4064.0], [621.0, 4067.0], [600.0, 4077.0], [581.0, 4101.0], [552.0, 4124.0], [539.0, 4147.0], [471.0, 4148.0], [464.0, 4150.0], [431.0, 4193.0], [389.0, 4239.0]]
