heur = false
LBS_limit = 3
preproc = 1
tight_root = 0
total_time = 4.76
NDP = 43
total_nodes = 4101
pruned_nodes = 2051
pruned_dominance_nodes = 3
heur_time = 0.0
Y_N = Any[[511.0, 9.0], [497.0, 33.0], [493.0, 74.0], [477.0, 83.0], [472.0, 99.0], [468.0, 115.0], [460.0, 142.0], [448.0, 148.0], [438.0, 157.0], [431.0, 177.0], [418.0, 193.0], [411.0, 194.0], [410.0, 206.0], [401.0, 207.0], [397.0, 212.0], [396.0, 217.0], [395.0, 229.0], [380.0, 241.0], [373.0, 264.0], [368.0, 273.0], [364.0, 279.0], [354.0, 282.0], [346.0, 302.0], [338.0, 304.0], [337.0, 311.0], [324.0, 350.0], [310.0, 362.0], [295.0, 365.0], [288.0, 371.0], [287.0, 372.0], [285.0, 379.0], [281.0, 385.0], [270.0, 389.0], [264.0, 420.0], [261.0, 428.0], [249.0, 433.0], [237.0, 438.0], [226.0, 447.0], [215.0, 455.0], [212.0, 458.0], [203.0, 504.0], [194.0, 517.0], [152.0, 537.0]]
