heur = false
LBS_limit = 3
preproc = 1
tight_root = 0
total_time = 1800.18
NDP = 91
total_nodes = 666829
pruned_nodes = 333377
pruned_dominance_nodes = 16227
heur_time = 0.0
Y_N = Any[[2796.0, 1615.0], [2681.0, 1776.0], [2669.0, 1814.0], [2658.0, 1822.0], [2653.0, 1833.0], [2637.0, 1835.0], [2623.0, 1905.0], [2608.0, 1921.0], [2603.0, 1949.0], [2581.0, 1970.0], [2561.0, 2014.0], [2525.0, 2022.0], [2519.0, 2081.0], [2486.0, 2102.0], [2469.0, 2140.0], [2464.0, 2164.0], [2449.0, 2165.0], [2446.0, 2174.0], [2436.0, 2180.0], [2428.0, 2185.0], [2426.0, 2255.0], [2369.0, 2256.0], [2366.0, 2267.0], [2356.0, 2298.0], [2343.0, 2303.0], [2342.0, 2310.0], [2341.0, 2314.0], [2335.0, 2327.0], [2330.0, 2346.0], [2318.0, 2392.0], [2281.0, 2396.0], [2267.0, 2408.0], [2257.0, 2423.0], [2245.0, 2442.0], [2233.0, 2468.0], [2205.0, 2469.0], [2203.0, 2483.0], [2202.0, 2493.0], [2195.0, 2497.0], [2179.0, 2506.0], [2178.0, 2529.0], [2161.0, 2540.0], [2159.0, 2551.0], [2152.0, 2589.0], [2084.0, 2590.0], [2083.0, 2606.0], [2081.0, 2614.0], [2080.0, 2616.0], [2078.0, 2621.0], [2073.0, 2653.0], [2051.0, 2696.0], [2025.0, 2720.0], [2012.0, 2726.0], [1996.0, 2750.0], [1966.0, 2751.0], [1961.0, 2774.0], [1941.0, 2793.0], [1936.0, 2796.0], [1923.0, 2848.0], [1900.0, 2886.0], [1872.0, 2888.0], [1852.0, 2913.0], [1824.0, 2930.0], [1818.0, 2937.0], [1812.0, 2968.0], [1763.0, 2972.0], [1759.0, 2982.0], [1749.0, 2988.0], [1748.0, 2989.0], [1742.0, 3018.0], [1725.0, 3035.0], [1717.0, 3048.0], [1701.0, 3056.0], [1670.0, 3090.0], [1628.0, 3124.0], [1609.0, 3132.0], [1608.0, 3133.0], [1605.0, 3155.0], [1600.0, 3168.0], [1582.0, 3191.0], [1555.0, 3196.0], [1551.0, 3200.0], [1526.0, 3204.0], [1516.0, 3208.0], [1514.0, 3212.0], [1513.0, 3225.0], [1506.0, 3259.0], [1463.0, 3306.0], [1429.0, 3335.0], [1390.0, 3363.0], [1369.0, 3402.0]]
