heur = false
LBS_limit = 3
preproc = 1
tight_root = 0
total_time = 1800.0
NDP = 103
total_nodes = 614601
pruned_nodes = 307266
pruned_dominance_nodes = 71219
heur_time = 0.0
Y_N = Any[[3538.0, 3184.0], [3475.0, 3235.0], [3458.0, 3248.0], [3445.0, 3325.0], [3416.0, 3349.0], [3402.0, 3365.0], [3387.0, 3415.0], [3358.0, 3434.0], [3334.0, 3439.0], [3313.0, 3467.0], [3312.0, 3478.0], [3303.0, 3485.0], [3276.0, 3487.0], [3271.0, 3492.0], [3270.0, 3509.0], [3269.0, 3515.0], [3267.0, 3542.0], [3260.0, 3593.0], [3232.0, 3597.0], [3228.0, 3599.0], [3225.0, 3611.0], [3201.0, 3627.0], [3200.0, 3628.0], [3192.0, 3670.0], [3159.0, 3682.0], [3143.0, 3705.0], [3127.0, 3727.0], [3121.0, 3751.0], [3116.0, 3776.0], [3097.0, 3783.0], [3077.0, 3824.0], [3052.0, 3838.0], [3050.0, 3884.0], [3012.0, 3889.0], [3010.0, 3895.0], [3002.0, 3905.0], [2987.0, 3906.0], [2979.0, 3930.0], [2965.0, 3949.0], [2963.0, 3979.0], [2935.0, 3982.0], [2915.0, 3983.0], [2912.0, 4004.0], [2895.0, 4043.0], [2890.0, 4056.0], [2867.0, 4086.0], [2834.0, 4110.0], [2822.0, 4119.0], [2812.0, 4149.0], [2791.0, 4161.0], [2789.0, 4167.0], [2786.0, 4168.0], [2777.0, 4173.0], [2773.0, 4208.0], [2754.0, 4212.0], [2746.0, 4225.0], [2733.0, 4247.0], [2703.0, 4253.0], [2701.0, 4276.0], [2692.0, 4289.0], [2679.0, 4301.0], [2678.0, 4323.0], [2642.0, 4352.0], [2613.0, 4360.0], [2596.0, 4372.0], [2593.0, 4378.0], [2590.0, 4385.0], [2577.0, 4430.0], [2551.0, 4461.0], [2537.0, 4463.0], [2531.0, 4465.0], [2513.0, 4483.0], [2507.0, 4486.0], [2495.0, 4503.0], [2481.0, 4507.0], [2456.0, 4531.0], [2427.0, 4588.0], [2416.0, 4603.0], [2376.0, 4635.0], [2373.0, 4648.0], [2321.0, 4649.0], [2315.0, 4663.0], [2314.0, 4668.0], [2313.0, 4704.0], [2305.0, 4720.0], [2238.0, 4724.0], [2227.0, 4732.0], [2219.0, 4739.0], [2214.0, 4750.0], [2198.0, 4754.0], [2188.0, 4780.0], [2185.0, 4790.0], [2150.0, 4802.0], [2130.0, 4849.0], [2092.0, 4875.0], [2066.0, 4907.0], [1999.0, 4932.0], [1991.0, 4971.0], [1973.0, 4975.0], [1932.0, 5006.0], [1910.0, 5007.0], [1863.0, 5037.0], [1835.0, 5101.0]]
