heur = false
LBS_limit = 3
preproc = 1
tight_root = 0
total_time = 43.41
NDP = 53
total_nodes = 39197
pruned_nodes = 19599
pruned_dominance_nodes = 615
heur_time = 0.0
Y_N = Any[[690.0, 256.0], [646.0, 314.0], [645.0, 321.0], [640.0, 349.0], [618.0, 405.0], [592.0, 419.0], [589.0, 421.0], [586.0, 441.0], [583.0, 473.0], [572.0, 480.0], [566.0, 516.0], [558.0, 518.0], [550.0, 546.0], [540.0, 548.0], [518.0, 609.0], [471.0, 646.0], [448.0, 651.0], [447.0, 659.0], [432.0, 660.0], [430.0, 662.0], [418.0, 668.0], [413.0, 678.0], [397.0, 709.0], [385.0, 720.0], [372.0, 732.0], [354.0, 750.0], [351.0, 762.0], [323.0, 766.0], [309.0, 768.0], [307.0, 781.0], [300.0, 784.0], [291.0, 797.0], [282.0, 799.0], [280.0, 811.0], [278.0, 813.0], [276.0, 823.0], [261.0, 856.0], [249.0, 860.0], [238.0, 862.0], [230.0, 871.0], [224.0, 876.0], [206.0, 901.0], [175.0, 902.0], [171.0, 912.0], [169.0, 913.0], [166.0, 932.0], [155.0, 943.0], [134.0, 952.0], [123.0, 965.0], [81.0, 973.0], [75.0, 976.0], [69.0, 994.0], [22.0, 1000.0]]
