heur = false
LBS_limit = 3
preproc = 1
tight_root = 0
total_time = 102.58
NDP = 51
total_nodes = 81027
pruned_nodes = 40514
pruned_dominance_nodes = 128
heur_time = 0.0
Y_N = Any[[512.0, 394.0], [443.0, 481.0], [440.0, 487.0], [429.0, 535.0], [413.0, 550.0], [407.0, 594.0], [385.0, 595.0], [380.0, 619.0], [373.0, 626.0], [369.0, 630.0], [355.0, 634.0], [345.0, 636.0], [344.0, 638.0], [341.0, 639.0], [340.0, 648.0], [336.0, 663.0], [332.0, 667.0], [330.0, 693.0], [321.0, 701.0], [317.0, 718.0], [299.0, 724.0], [282.0, 725.0], [279.0, 743.0], [276.0, 773.0], [263.0, 779.0], [261.0, 798.0], [256.0, 802.0], [243.0, 826.0], [221.0, 879.0], [190.0, 881.0], [183.0, 890.0], [173.0, 894.0], [167.0, 904.0], [155.0, 913.0], [151.0, 922.0], [138.0, 931.0], [128.0, 965.0], [124.0, 981.0], [108.0, 982.0], [107.0, 987.0], [105.0, 988.0], [85.0, 989.0], [78.0, 990.0], [64.0, 992.0], [54.0, 993.0], [51.0, 994.0], [50.0, 995.0], [45.0, 996.0], [42.0, 997.0], [41.0, 999.0], [17.0, 1000.0]]
