heur = false
LBS_limit = 3
preproc = 1
tight_root = 0
total_time = 49.0
NDP = 53
total_nodes = 44031
pruned_nodes = 22016
pruned_dominance_nodes = 1016
heur_time = 0.0
Y_N = Any[[1280.0, 757.0], [1241.0, 818.0], [1202.0, 859.0], [1165.0, 874.0], [1160.0, 976.0], [1144.0, 990.0], [1113.0, 997.0], [1108.0, 1014.0], [1098.0, 1017.0], [1089.0, 1039.0], [1076.0, 1080.0], [1066.0, 1118.0], [1033.0, 1125.0], [1025.0, 1135.0], [1023.0, 1150.0], [1018.0, 1153.0], [1017.0, 1187.0], [989.0, 1196.0], [976.0, 1203.0], [973.0, 1264.0], [952.0, 1309.0], [905.0, 1368.0], [861.0, 1376.0], [858.0, 1394.0], [835.0, 1437.0], [802.0, 1441.0], [797.0, 1442.0], [782.0, 1444.0], [781.0, 1457.0], [775.0, 1463.0], [768.0, 1465.0], [765.0, 1490.0], [758.0, 1513.0], [735.0, 1524.0], [719.0, 1553.0], [707.0, 1589.0], [691.0, 1596.0], [665.0, 1614.0], [651.0, 1625.0], [636.0, 1629.0], [626.0, 1637.0], [611.0, 1663.0], [600.0, 1669.0], [583.0, 1690.0], [578.0, 1708.0], [572.0, 1735.0], [547.0, 1770.0], [529.0, 1775.0], [521.0, 1787.0], [496.0, 1801.0], [475.0, 1838.0], [431.0, 1854.0], [290.0, 1892.0]]
