heur = false
LBS_limit = 3
preproc = 1
tight_root = 0
total_time = 11.13
NDP = 31
total_nodes = 3747
pruned_nodes = 1874
pruned_dominance_nodes = 10
heur_time = 0.0
Y_N = Any[[2191.0, 2236.0], [2182.0, 2299.0], [2126.0, 2422.0], [2069.0, 2465.0], [2028.0, 2491.0], [2026.0, 2574.0], [1990.0, 2617.0], [1989.0, 2629.0], [1966.0, 2685.0], [1920.0, 2730.0], [1887.0, 2738.0], [1884.0, 2779.0], [1869.0, 2786.0], [1837.0, 2820.0], [1818.0, 2859.0], [1810.0, 2884.0], [1764.0, 2898.0], [1761.0, 2918.0], [1721.0, 2942.0], [1716.0, 2989.0], [1687.0, 2994.0], [1680.0, 2995.0], [1670.0, 3009.0], [1636.0, 3075.0], [1581.0, 3143.0], [1561.0, 3177.0], [1493.0, 3217.0], [1464.0, 3256.0], [1362.0, 3316.0], [1301.0, 3347.0], [1249.0, 3360.0]]
