heur = false
LBS_limit = 3
preproc = 1
tight_root = 0
total_time = 3.06
NDP = 24
total_nodes = 803
pruned_nodes = 402
pruned_dominance_nodes = 0
heur_time = 0.0
Y_N = Any[[287.0, 4.0], [283.0, 6.0], [271.0, 16.0], [262.0, 34.0], [254.0, 42.0], [240.0, 47.0], [235.0, 66.0], [233.0, 104.0], [228.0, 110.0], [223.0, 117.0], [211.0, 121.0], [208.0, 134.0], [195.0, 137.0], [186.0, 148.0], [181.0, 197.0], [172.0, 214.0], [131.0, 223.0], [119.0, 226.0], [118.0, 260.0], [104.0, 264.0], [102.0, 265.0], [100.0, 280.0], [91.0, 281.0], [84.0, 284.0]]
