heur = false
LBS_limit = 3
preproc = 1
tight_root = 0
total_time = 1800.14
NDP = 103
total_nodes = 648175
pruned_nodes = 324049
pruned_dominance_nodes = 53496
heur_time = 0.0
Y_N = Any[[1543.0, 4912.0], [1541.0, 4993.0], [1524.0, 5086.0], [1509.0, 5091.0], [1503.0, 5113.0], [1489.0, 5128.0], [1478.0, 5142.0], [1477.0, 5158.0], [1469.0, 5166.0], [1460.0, 5205.0], [1438.0, 5219.0], [1431.0, 5233.0], [1419.0, 5234.0], [1418.0, 5235.0], [1415.0, 5244.0], [1413.0, 5259.0], [1412.0, 5266.0], [1401.0, 5286.0], [1386.0, 5299.0], [1385.0, 5325.0], [1366.0, 5339.0], [1360.0, 5348.0], [1347.0, 5398.0], [1341.0, 5408.0], [1323.0, 5422.0], [1322.0, 5457.0], [1289.0, 5460.0], [1284.0, 5473.0], [1281.0, 5495.0], [1270.0, 5511.0], [1264.0, 5519.0], [1258.0, 5521.0], [1229.0, 5526.0], [1226.0, 5546.0], [1222.0, 5548.0], [1219.0, 5570.0], [1207.0, 5580.0], [1196.0, 5596.0], [1191.0, 5606.0], [1179.0, 5616.0], [1168.0, 5632.0], [1146.0, 5636.0], [1140.0, 5646.0], [1129.0, 5653.0], [1120.0, 5669.0], [1117.0, 5691.0], [1101.0, 5698.0], [1092.0, 5701.0], [1078.0, 5717.0], [1065.0, 5724.0], [1052.0, 5729.0], [1049.0, 5731.0], [1039.0, 5739.0], [1035.0, 5745.0], [1030.0, 5754.0], [1027.0, 5776.0], [1009.0, 5789.0], [1003.0, 5808.0], [978.0, 5818.0], [974.0, 5822.0], [952.0, 5829.0], [951.0, 5841.0], [948.0, 5849.0], [929.0, 5868.0], [927.0, 5877.0], [900.0, 5900.0], [878.0, 5918.0], [868.0, 5924.0], [863.0, 5946.0], [856.0, 5962.0], [833.0, 5981.0], [804.0, 5995.0], [781.0, 5999.0], [772.0, 6012.0], [756.0, 6025.0], [747.0, 6031.0], [743.0, 6045.0], [738.0, 6051.0], [731.0, 6058.0], [728.0, 6069.0], [712.0, 6071.0], [703.0, 6081.0], [700.0, 6086.0], [699.0, 6100.0], [690.0, 6116.0], [687.0, 6138.0], [662.0, 6148.0], [658.0, 6152.0], [635.0, 6171.0], [580.0, 6172.0], [564.0, 6177.0], [561.0, 6182.0], [560.0, 6185.0], [553.0, 6205.0], [524.0, 6219.0], [519.0, 6225.0], [475.0, 6249.0], [457.0, 6285.0], [433.0, 6315.0], [362.0, 6323.0], [341.0, 6330.0], [293.0, 6334.0], [286.0, 6410.0]]
