heur = false
LBS_limit = 3
preproc = 1
tight_root = 0
total_time = 1800.0
NDP = 69
total_nodes = 700173
pruned_nodes = 350049
pruned_dominance_nodes = 17500
heur_time = 0.0
Y_N = Any[[1026.0, 399.0], [976.0, 417.0], [972.0, 435.0], [969.0, 460.0], [965.0, 474.0], [939.0, 574.0], [935.0, 581.0], [922.0, 623.0], [895.0, 648.0], [876.0, 709.0], [874.0, 717.0], [819.0, 729.0], [813.0, 730.0], [809.0, 744.0], [800.0, 747.0], [799.0, 774.0], [783.0, 798.0], [778.0, 814.0], [769.0, 821.0], [763.0, 832.0], [759.0, 850.0], [719.0, 890.0], [696.0, 907.0], [682.0, 972.0], [646.0, 978.0], [631.0, 980.0], [623.0, 1014.0], [618.0, 1051.0], [579.0, 1067.0], [575.0, 1075.0], [569.0, 1081.0], [556.0, 1091.0], [547.0, 1094.0], [539.0, 1114.0], [531.0, 1132.0], [506.0, 1140.0], [504.0, 1146.0], [498.0, 1176.0], [464.0, 1186.0], [451.0, 1191.0], [449.0, 1196.0], [448.0, 1204.0], [443.0, 1213.0], [440.0, 1214.0], [435.0, 1217.0], [426.0, 1244.0], [423.0, 1254.0], [418.0, 1263.0], [417.0, 1270.0], [378.0, 1285.0], [369.0, 1297.0], [357.0, 1348.0], [324.0, 1351.0], [312.0, 1389.0], [270.0, 1411.0], [259.0, 1412.0], [248.0, 1415.0], [237.0, 1416.0], [219.0, 1443.0], [212.0, 1444.0], [211.0, 1470.0], [166.0, 1473.0], [140.0, 1476.0], [123.0, 1479.0], [112.0, 1482.0], [83.0, 1487.0], [82.0, 1490.0], [40.0, 1493.0], [29.0, 1496.0]]
