heur = false
LBS_limit = 3
preproc = 2
tight_root = 1
total_time = 4.0
NDP = 26
total_nodes = 2449
pruned_nodes = 1225
pruned_dominance_nodes = 4
heur_time = 0.0
Y_N = Any[[318.0, 219.0], [297.0, 298.0], [272.0, 308.0], [269.0, 345.0], [259.0, 375.0], [228.0, 376.0], [218.0, 383.0], [212.0, 402.0], [200.0, 404.0], [199.0, 428.0], [179.0, 463.0], [175.0, 467.0], [172.0, 473.0], [159.0, 514.0], [127.0, 516.0], [115.0, 553.0], [95.0, 561.0], [83.0, 562.0], [71.0, 574.0], [61.0, 587.0], [59.0, 588.0], [28.0, 590.0], [25.0, 591.0], [23.0, 592.0], [12.0, 593.0], [-0.0, 594.0]]
