heur = false
LBS_limit = 3
preproc = 2
tight_root = 1
total_time = 11.38
NDP = 57
total_nodes = 10261
pruned_nodes = 5131
pruned_dominance_nodes = 18
heur_time = 0.0
Y_N = Any[[604.0, 850.0], [574.0, 862.0], [573.0, 878.0], [560.0, 903.0], [556.0, 936.0], [539.0, 944.0], [517.0, 952.0], [514.0, 961.0], [501.0, 975.0], [496.0, 996.0], [487.0, 1010.0], [482.0, 1023.0], [480.0, 1033.0], [465.0, 1041.0], [464.0, 1057.0], [443.0, 1102.0], [435.0, 1110.0], [421.0, 1151.0], [403.0, 1163.0], [388.0, 1168.0], [383.0, 1196.0], [375.0, 1208.0], [359.0, 1223.0], [342.0, 1234.0], [341.0, 1239.0], [338.0, 1241.0], [328.0, 1247.0], [326.0, 1281.0], [313.0, 1302.0], [293.0, 1304.0], [288.0, 1317.0], [276.0, 1323.0], [273.0, 1325.0], [260.0, 1339.0], [253.0, 1362.0], [232.0, 1377.0], [222.0, 1387.0], [219.0, 1399.0], [185.0, 1417.0], [172.0, 1420.0], [164.0, 1430.0], [150.0, 1438.0], [141.0, 1440.0], [138.0, 1447.0], [130.0, 1450.0], [112.0, 1452.0], [104.0, 1457.0], [97.0, 1459.0], [91.0, 1461.0], [88.0, 1463.0], [87.0, 1464.0], [77.0, 1476.0], [54.0, 1481.0], [43.0, 1484.0], [37.0, 1486.0], [30.0, 1492.0], [29.0, 1493.0]]
