heur = false
LBS_limit = 3
preproc = 2
tight_root = 1
total_time = 8.25
NDP = 34
total_nodes = 7515
pruned_nodes = 3758
pruned_dominance_nodes = 2
heur_time = 0.0
Y_N = Any[[498.0, 432.0], [490.0, 459.0], [484.0, 531.0], [479.0, 581.0], [415.0, 596.0], [408.0, 608.0], [406.0, 652.0], [389.0, 682.0], [350.0, 695.0], [327.0, 712.0], [319.0, 748.0], [312.0, 756.0], [304.0, 778.0], [285.0, 780.0], [276.0, 803.0], [269.0, 813.0], [259.0, 835.0], [249.0, 839.0], [244.0, 861.0], [208.0, 891.0], [192.0, 912.0], [172.0, 921.0], [167.0, 922.0], [157.0, 933.0], [153.0, 937.0], [152.0, 946.0], [114.0, 958.0], [94.0, 963.0], [93.0, 964.0], [70.0, 965.0], [68.0, 970.0], [48.0, 975.0], [24.0, 977.0], [-0.0, 980.0]]
