heur = false
LBS_limit = 3
preproc = 2
tight_root = 1
total_time = 5.19
NDP = 37
total_nodes = 3931
pruned_nodes = 1966
pruned_dominance_nodes = 8
heur_time = 0.0
Y_N = Any[[791.0, 176.0], [768.0, 206.0], [721.0, 244.0], [717.0, 265.0], [705.0, 269.0], [700.0, 270.0], [690.0, 277.0], [688.0, 315.0], [647.0, 327.0], [645.0, 346.0], [632.0, 360.0], [621.0, 371.0], [619.0, 378.0], [610.0, 379.0], [605.0, 391.0], [599.0, 402.0], [598.0, 405.0], [594.0, 434.0], [567.0, 450.0], [554.0, 481.0], [541.0, 482.0], [529.0, 489.0], [525.0, 511.0], [501.0, 529.0], [498.0, 533.0], [487.0, 538.0], [482.0, 544.0], [481.0, 566.0], [448.0, 586.0], [447.0, 592.0], [416.0, 607.0], [407.0, 613.0], [399.0, 640.0], [368.0, 667.0], [361.0, 672.0], [357.0, 681.0], [330.0, 691.0]]
