heur = false
LBS_limit = 3
preproc = 2
tight_root = 1
total_time = 11.03
NDP = 29
total_nodes = 3801
pruned_nodes = 1901
pruned_dominance_nodes = 23
heur_time = 0.0
Y_N = Any[[512.0, 67.0], [488.0, 83.0], [465.0, 137.0], [460.0, 148.0], [459.0, 163.0], [446.0, 178.0], [442.0, 197.0], [435.0, 204.0], [423.0, 251.0], [382.0, 294.0], [371.0, 295.0], [361.0, 304.0], [357.0, 327.0], [351.0, 349.0], [342.0, 354.0], [313.0, 403.0], [286.0, 404.0], [282.0, 435.0], [245.0, 439.0], [238.0, 462.0], [231.0, 471.0], [225.0, 476.0], [222.0, 481.0], [204.0, 496.0], [175.0, 499.0], [169.0, 524.0], [159.0, 539.0], [130.0, 582.0], [113.0, 588.0]]
