heur = false
LBS_limit = 3
preproc = 2
tight_root = 1
total_time = 24.14
NDP = 69
total_nodes = 21975
pruned_nodes = 10988
pruned_dominance_nodes = 3
heur_time = 0.0
Y_N = Any[[698.0, 196.0], [682.0, 234.0], [636.0, 264.0], [631.0, 334.0], [599.0, 385.0], [582.0, 439.0], [573.0, 441.0], [568.0, 461.0], [561.0, 467.0], [544.0, 485.0], [542.0, 509.0], [529.0, 513.0], [509.0, 514.0], [508.0, 527.0], [505.0, 528.0], [503.0, 534.0], [498.0, 540.0], [496.0, 541.0], [490.0, 566.0], [488.0, 567.0], [482.0, 596.0], [456.0, 600.0], [452.0, 613.0], [448.0, 619.0], [447.0, 623.0], [446.0, 627.0], [442.0, 631.0], [438.0, 648.0], [422.0, 649.0], [418.0, 664.0], [411.0, 667.0], [409.0, 683.0], [397.0, 692.0], [385.0, 696.0], [381.0, 705.0], [368.0, 722.0], [365.0, 731.0], [364.0, 755.0], [339.0, 766.0], [329.0, 769.0], [321.0, 771.0], [320.0, 790.0], [317.0, 795.0], [299.0, 796.0], [295.0, 805.0], [293.0, 806.0], [291.0, 813.0], [290.0, 815.0], [284.0, 825.0], [274.0, 832.0], [270.0, 839.0], [264.0, 841.0], [263.0, 865.0], [258.0, 881.0], [252.0, 890.0], [218.0, 895.0], [208.0, 930.0], [157.0, 932.0], [156.0, 935.0], [155.0, 937.0], [147.0, 938.0], [142.0, 944.0], [136.0, 949.0], [131.0, 958.0], [94.0, 960.0], [76.0, 966.0], [70.0, 967.0], [68.0, 973.0], [24.0, 981.0]]
