heur = false
LBS_limit = 4
preproc = 1
tight_root = 1
total_time = 1800.0
NDP = 650
total_nodes = 116645
pruned_nodes = 58290
pruned_dominance_nodes = 17
heur_time = 0.0
Y_N = Any[[709.0, 268.0, 240.0], [678.0, 281.0, 301.0], [653.0, 270.0, 415.0], [648.0, 280.0, 333.0], [642.0, 337.0, 349.0], [641.0, 344.0, 262.0], [632.0, 369.0, 280.0], [627.0, 284.0, 394.0], [624.0, 285.0, 393.0], [623.0, 320.0, 379.0], [622.0, 337.0, 453.0], [620.0, 358.0, 287.0], [618.0, 381.0, 281.0], [614.0, 434.0, 276.0], [613.0, 374.0, 299.0], [607.0, 345.0, 406.0], [599.0, 301.0, 476.0], [598.0, 370.0, 365.0], [594.0, 420.0, 277.0], [590.0, 423.0, 321.0], [586.0, 436.0, 286.0], [584.0, 364.0, 430.0], [579.0, 489.0, 231.0], [578.0, 387.0, 382.0], [575.0, 441.0, 275.0], [575.0, 421.0, 385.0], [572.0, 449.0, 280.0], [571.0, 396.0, 406.0], [562.0, 375.0, 429.0], [559.0, 494.0, 254.0], [559.0, 424.0, 355.0], [558.0, 451.0, 322.0], [557.0, 441.0, 331.0], [556.0, 510.0, 241.0], [556.0, 455.0, 255.0], [554.0, 443.0, 353.0], [550.0, 422.0, 360.0], [549.0, 349.0, 465.0], [545.0, 536.0, 263.0], [544.0, 383.0, 449.0], [543.0, 453.0, 327.0], [542.0, 502.0, 264.0], [542.0, 429.0, 426.0], [540.0, 433.0, 420.0], [540.0, 352.0, 532.0], [539.0, 447.0, 341.0], [538.0, 458.0, 293.0], [538.0, 406.0, 526.0], [537.0, 463.0, 270.0], [535.0, 480.0, 339.0], [534.0, 489.0, 314.0], [531.0, 447.0, 355.0], [530.0, 483.0, 350.0], [530.0, 419.0, 452.0], [528.0, 528.0, 276.0], [527.0, 430.0, 475.0], [525.0, 539.0, 249.0], [523.0, 451.0, 375.0], [521.0, 501.0, 305.0], [521.0, 444.0, 390.0], [519.0, 447.0, 377.0], [518.0, 458.0, 375.0], [518.0, 440.0, 392.0], [517.0, 432.0, 433.0], [516.0, 490.0, 386.0], [513.0, 502.0, 306.0], [512.0, 505.0, 300.0], [512.0, 443.0, 404.0], [511.0, 443.0, 419.0], [509.0, 561.0, 307.0], [508.0, 586.0, 242.0], [505.0, 484.0, 401.0], [504.0, 607.0, 176.0], [502.0, 562.0, 258.0], [501.0, 514.0, 347.0], [499.0, 475.0, 408.0], [498.0, 517.0, 319.0], [498.0, 431.0, 471.0], [496.0, 444.0, 425.0], [495.0, 606.0, 205.0], [495.0, 603.0, 220.0], [494.0, 596.0, 261.0], [494.0, 447.0, 419.0], [491.0, 519.0, 310.0], [490.0, 414.0, 478.0], [487.0, 432.0, 449.0], [485.0, 518.0, 325.0], [485.0, 506.0, 428.0], [485.0, 355.0, 541.0], [483.0, 524.0, 350.0], [483.0, 523.0, 358.0], [483.0, 427.0, 483.0], [482.0, 530.0, 324.0], [482.0, 508.0, 366.0], [482.0, 449.0, 502.0], [481.0, 602.0, 245.0], [479.0, 455.0, 439.0], [478.0, 549.0, 325.0], [474.0, 609.0, 231.0], [474.0, 591.0, 289.0], [472.0, 554.0, 308.0], [471.0, 551.0, 315.0], [470.0, 427.0, 525.0], [469.0, 566.0, 301.0], [468.0, 499.0, 437.0], [467.0, 608.0, 235.0], [467.0, 542.0, 337.0], [466.0, 529.0, 338.0], [465.0, 564.0, 303.0], [465.0, 541.0, 377.0], [464.0, 653.0, 189.0], [464.0, 603.0, 263.0], [464.0, 508.0, 391.0], [463.0, 623.0, 216.0], [463.0, 465.0, 455.0], [462.0, 552.0, 312.0], [462.0, 545.0, 342.0], [461.0, 554.0, 364.0], [460.0, 563.0, 309.0], [459.0, 572.0, 367.0], [458.0, 522.0, 384.0], [458.0, 480.0, 460.0], [458.0, 400.0, 534.0], [457.0, 607.0, 239.0], [456.0, 617.0, 228.0], [456.0, 616.0, 235.0], [454.0, 632.0, 206.0], [452.0, 574.0, 301.0], [452.0, 451.0, 520.0], [451.0, 612.0, 259.0], [451.0, 598.0, 296.0], [450.0, 663.0, 240.0], [450.0, 580.0, 307.0], [450.0, 575.0, 311.0], [448.0, 575.0, 331.0], [446.0, 626.0, 243.0], [446.0, 526.0, 391.0], [445.0, 537.0, 395.0], [445.0, 513.0, 436.0], [444.0, 624.0, 261.0], [443.0, 668.0, 205.0], [441.0, 638.0, 272.0], [441.0, 502.0, 441.0], [440.0, 614.0, 307.0], [440.0, 412.0, 530.0], [439.0, 603.0, 315.0], [438.0, 435.0, 539.0], [437.0, 516.0, 441.0], [436.0, 612.0, 310.0], [436.0, 463.0, 461.0], [435.0, 555.0, 370.0], [433.0, 623.0, 283.0], [432.0, 485.0, 471.0], [431.0, 595.0, 340.0], [430.0, 459.0, 485.0], [429.0, 582.0, 343.0], [428.0, 546.0, 379.0], [426.0, 694.0, 221.0], [426.0, 535.0, 429.0], [426.0, 532.0, 466.0], [425.0, 621.0, 325.0], [425.0, 561.0, 375.0], [425.0, 463.0, 516.0], [424.0, 649.0, 259.0], [423.0, 538.0, 419.0], [422.0, 697.0, 215.0], [420.0, 584.0, 344.0], [419.0, 605.0, 327.0], [418.0, 600.0, 341.0], [418.0, 568.0, 369.0], [417.0, 626.0, 292.0], [417.0, 541.0, 407.0], [416.0, 628.0, 304.0], [416.0, 606.0, 329.0], [416.0, 503.0, 467.0], [415.0, 553.0, 376.0], [415.0, 541.0, 412.0], [415.0, 539.0, 417.0], [414.0, 582.0, 373.0], [414.0, 493.0, 477.0], [413.0, 553.0, 377.0], [412.0, 530.0, 472.0], [411.0, 652.0, 243.0], [411.0, 612.0, 333.0], [409.0, 589.0, 360.0], [408.0, 554.0, 389.0], [407.0, 700.0, 224.0], [407.0, 625.0, 335.0], [407.0, 539.0, 440.0], [405.0, 664.0, 254.0], [405.0, 636.0, 290.0], [404.0, 599.0, 367.0], [404.0, 569.0, 380.0], [403.0, 639.0, 315.0], [402.0, 610.0, 352.0], [402.0, 562.0, 405.0], [401.0, 669.0, 225.0], [401.0, 602.0, 382.0], [400.0, 656.0, 257.0], [400.0, 645.0, 281.0], [400.0, 541.0, 419.0], [399.0, 617.0, 339.0], [397.0, 611.0, 363.0], [396.0, 498.0, 494.0], [395.0, 639.0, 331.0], [394.0, 713.0, 199.0], [394.0, 677.0, 228.0], [393.0, 673.0, 233.0], [393.0, 547.0, 427.0], [392.0, 650.0, 284.0], [392.0, 636.0, 339.0], [392.0, 501.0, 515.0], [391.0, 667.0, 234.0], [391.0, 651.0, 315.0], [391.0, 617.0, 362.0], [391.0, 473.0, 520.0], [389.0, 706.0, 238.0], [387.0, 665.0, 280.0], [386.0, 669.0, 259.0], [386.0, 604.0, 378.0], [385.0, 613.0, 388.0], [385.0, 577.0, 393.0], [385.0, 536.0, 472.0], [384.0, 656.0, 322.0], [384.0, 538.0, 468.0], [383.0, 676.0, 306.0], [383.0, 599.0, 394.0], [382.0, 742.0, 185.0], [382.0, 717.0, 230.0], [381.0, 689.0, 256.0], [381.0, 629.0, 355.0], [381.0, 554.0, 413.0], [380.0, 564.0, 402.0], [379.0, 580.0, 400.0], [377.0, 720.0, 255.0], [377.0, 670.0, 366.0], [376.0, 554.0, 438.0], [375.0, 706.0, 299.0], [375.0, 520.0, 489.0], [372.0, 618.0, 391.0], [369.0, 676.0, 320.0], [368.0, 732.0, 187.0], [368.0, 680.0, 305.0], [368.0, 601.0, 422.0], [367.0, 566.0, 433.0], [367.0, 558.0, 436.0], [366.0, 745.0, 201.0], [366.0, 710.0, 261.0], [366.0, 708.0, 264.0], [365.0, 603.0, 394.0], [364.0, 507.0, 499.0], [363.0, 681.0, 316.0], [362.0, 689.0, 300.0], [362.0, 630.0, 392.0], [362.0, 565.0, 435.0], [361.0, 751.0, 174.0], [359.0, 731.0, 240.0], [359.0, 613.0, 395.0], [357.0, 640.0, 373.0], [356.0, 602.0, 404.0], [355.0, 763.0, 164.0], [355.0, 646.0, 389.0], [354.0, 723.0, 246.0], [354.0, 685.0, 311.0], [354.0, 541.0, 463.0], [353.0, 552.0, 441.0], [352.0, 728.0, 250.0], [351.0, 543.0, 472.0], [350.0, 799.0, 218.0], [349.0, 722.0, 259.0], [348.0, 696.0, 304.0], [347.0, 680.0, 324.0], [347.0, 545.0, 454.0], [346.0, 708.0, 308.0], [345.0, 616.0, 394.0], [345.0, 575.0, 426.0], [344.0, 669.0, 381.0], [343.0, 644.0, 393.0], [343.0, 570.0, 472.0], [342.0, 606.0, 483.0], [341.0, 687.0, 346.0], [341.0, 649.0, 396.0], [341.0, 521.0, 488.0], [340.0, 781.0, 222.0], [340.0, 724.0, 262.0], [339.0, 741.0, 237.0], [339.0, 726.0, 277.0], [339.0, 665.0, 400.0], [337.0, 733.0, 250.0], [336.0, 741.0, 253.0], [336.0, 694.0, 316.0], [335.0, 692.0, 328.0], [335.0, 623.0, 417.0], [334.0, 711.0, 305.0], [333.0, 744.0, 254.0], [332.0, 706.0, 363.0], [332.0, 626.0, 442.0], [331.0, 542.0, 491.0], [331.0, 507.0, 508.0], [330.0, 752.0, 230.0], [330.0, 720.0, 289.0], [330.0, 545.0, 504.0], [330.0, 516.0, 514.0], [329.0, 709.0, 307.0], [328.0, 726.0, 288.0], [328.0, 714.0, 296.0], [328.0, 680.0, 373.0], [328.0, 671.0, 388.0], [326.0, 614.0, 451.0], [325.0, 725.0, 289.0], [323.0, 748.0, 236.0], [323.0, 731.0, 259.0], [322.0, 722.0, 299.0], [322.0, 612.0, 467.0], [321.0, 518.0, 531.0], [320.0, 732.0, 274.0], [320.0, 713.0, 315.0], [319.0, 826.0, 164.0], [319.0, 758.0, 230.0], [319.0, 731.0, 280.0], [319.0, 728.0, 288.0], [319.0, 691.0, 368.0], [318.0, 736.0, 327.0], [318.0, 679.0, 387.0], [318.0, 648.0, 424.0], [317.0, 774.0, 226.0], [316.0, 747.0, 282.0], [315.0, 748.0, 252.0], [313.0, 783.0, 219.0], [313.0, 782.0, 223.0], [313.0, 771.0, 232.0], [313.0, 707.0, 348.0], [313.0, 663.0, 411.0], [313.0, 530.0, 505.0], [312.0, 596.0, 487.0], [311.0, 785.0, 229.0], [311.0, 718.0, 349.0], [311.0, 546.0, 549.0], [310.0, 740.0, 291.0], [308.0, 787.0, 250.0], [308.0, 747.0, 287.0], [308.0, 627.0, 481.0], [306.0, 800.0, 197.0], [306.0, 682.0, 390.0], [304.0, 767.0, 261.0], [303.0, 812.0, 220.0], [303.0, 805.0, 222.0], [302.0, 833.0, 129.0], [302.0, 751.0, 268.0], [301.0, 763.0, 274.0], [300.0, 698.0, 380.0], [299.0, 792.0, 243.0], [299.0, 737.0, 314.0], [299.0, 678.0, 395.0], [298.0, 815.0, 183.0], [296.0, 753.0, 285.0], [296.0, 741.0, 290.0], [296.0, 724.0, 362.0], [294.0, 768.0, 255.0], [294.0, 705.0, 369.0], [294.0, 650.0, 421.0], [293.0, 821.0, 212.0], [293.0, 789.0, 253.0], [293.0, 743.0, 302.0], [292.0, 798.0, 238.0], [292.0, 628.0, 431.0], [291.0, 836.0, 173.0], [291.0, 632.0, 430.0], [290.0, 803.0, 233.0], [290.0, 795.0, 246.0], [290.0, 736.0, 356.0], [289.0, 746.0, 298.0], [289.0, 686.0, 387.0], [288.0, 766.0, 271.0], [287.0, 813.0, 250.0], [287.0, 760.0, 275.0], [287.0, 759.0, 309.0], [287.0, 739.0, 357.0], [286.0, 772.0, 254.0], [285.0, 808.0, 263.0], [285.0, 772.0, 271.0], [285.0, 733.0, 363.0], [284.0, 708.0, 378.0], [283.0, 792.0, 274.0], [283.0, 693.0, 390.0], [281.0, 799.0, 273.0], [281.0, 680.0, 394.0], [280.0, 835.0, 189.0], [280.0, 750.0, 318.0], [280.0, 743.0, 359.0], [278.0, 818.0, 247.0], [278.0, 683.0, 395.0], [278.0, 651.0, 426.0], [277.0, 816.0, 257.0], [277.0, 685.0, 411.0], [277.0, 646.0, 432.0], [275.0, 840.0, 176.0], [275.0, 765.0, 294.0], [275.0, 754.0, 320.0], [274.0, 787.0, 283.0], [274.0, 710.0, 369.0], [273.0, 842.0, 142.0], [273.0, 798.0, 291.0], [273.0, 629.0, 449.0], [272.0, 763.0, 308.0], [271.0, 846.0, 173.0], [270.0, 609.0, 499.0], [269.0, 828.0, 200.0], [269.0, 723.0, 366.0], [269.0, 687.0, 393.0], [267.0, 792.0, 308.0], [266.0, 825.0, 209.0], [265.0, 671.0, 416.0], [265.0, 658.0, 437.0], [262.0, 712.0, 383.0], [261.0, 857.0, 209.0], [261.0, 822.0, 237.0], [261.0, 726.0, 382.0], [260.0, 865.0, 198.0], [260.0, 721.0, 384.0], [260.0, 708.0, 396.0], [260.0, 657.0, 452.0], [259.0, 830.0, 253.0], [259.0, 811.0, 259.0], [259.0, 671.0, 486.0], [258.0, 745.0, 369.0], [258.0, 694.0, 437.0], [257.0, 758.0, 345.0], [256.0, 834.0, 244.0], [256.0, 775.0, 326.0], [255.0, 874.0, 173.0], [255.0, 792.0, 354.0], [255.0, 729.0, 418.0], [254.0, 865.0, 202.0], [254.0, 794.0, 317.0], [254.0, 748.0, 393.0], [253.0, 801.0, 281.0], [253.0, 797.0, 294.0], [252.0, 817.0, 272.0], [252.0, 721.0, 423.0], [251.0, 869.0, 193.0], [251.0, 842.0, 215.0], [251.0, 809.0, 279.0], [251.0, 648.0, 489.0], [251.0, 613.0, 506.0], [250.0, 868.0, 231.0], [246.0, 811.0, 276.0], [246.0, 738.0, 425.0], [244.0, 818.0, 261.0], [243.0, 810.0, 320.0], [243.0, 761.0, 375.0], [241.0, 913.0, 116.0], [241.0, 837.0, 267.0], [240.0, 856.0, 269.0], [238.0, 884.0, 190.0], [237.0, 874.0, 202.0], [237.0, 857.0, 270.0], [237.0, 767.0, 362.0], [236.0, 873.0, 223.0], [236.0, 844.0, 282.0], [236.0, 677.0, 477.0], [233.0, 885.0, 162.0], [233.0, 816.0, 300.0], [232.0, 801.0, 347.0], [231.0, 907.0, 192.0], [231.0, 772.0, 356.0], [229.0, 759.0, 405.0], [228.0, 875.0, 196.0], [228.0, 744.0, 413.0], [226.0, 769.0, 363.0], [224.0, 865.0, 244.0], [224.0, 859.0, 248.0], [224.0, 774.0, 355.0], [223.0, 778.0, 362.0], [222.0, 893.0, 237.0], [222.0, 831.0, 295.0], [222.0, 746.0, 435.0], [221.0, 909.0, 202.0], [221.0, 873.0, 239.0], [221.0, 768.0, 366.0], [220.0, 864.0, 259.0], [219.0, 911.0, 137.0], [219.0, 784.0, 372.0], [217.0, 797.0, 354.0], [217.0, 786.0, 369.0], [217.0, 739.0, 445.0], [216.0, 812.0, 302.0], [215.0, 824.0, 302.0], [215.0, 765.0, 401.0], [214.0, 867.0, 250.0], [214.0, 858.0, 264.0], [212.0, 804.0, 329.0], [212.0, 763.0, 404.0], [211.0, 818.0, 306.0], [209.0, 869.0, 255.0], [209.0, 849.0, 275.0], [209.0, 816.0, 340.0], [209.0, 751.0, 411.0], [208.0, 706.0, 461.0], [206.0, 932.0, 146.0], [206.0, 741.0, 437.0], [204.0, 872.0, 240.0], [204.0, 824.0, 321.0], [203.0, 854.0, 278.0], [203.0, 827.0, 334.0], [202.0, 901.0, 240.0], [202.0, 707.0, 448.0], [199.0, 914.0, 176.0], [199.0, 869.0, 264.0], [199.0, 847.0, 282.0], [199.0, 747.0, 458.0], [197.0, 877.0, 247.0], [196.0, 875.0, 261.0], [195.0, 867.0, 315.0], [194.0, 832.0, 321.0], [192.0, 876.0, 253.0], [191.0, 954.0, 181.0], [191.0, 760.0, 407.0], [190.0, 885.0, 247.0], [190.0, 880.0, 271.0], [190.0, 769.0, 386.0], [188.0, 903.0, 216.0], [188.0, 887.0, 247.0], [188.0, 837.0, 319.0], [188.0, 797.0, 386.0], [188.0, 756.0, 410.0], [187.0, 915.0, 205.0], [187.0, 798.0, 351.0], [186.0, 901.0, 279.0], [186.0, 837.0, 341.0], [184.0, 960.0, 145.0], [184.0, 843.0, 316.0], [183.0, 809.0, 365.0], [181.0, 934.0, 193.0], [180.0, 923.0, 199.0], [180.0, 827.0, 348.0], [179.0, 925.0, 210.0], [178.0, 812.0, 361.0], [177.0, 804.0, 397.0], [176.0, 949.0, 187.0], [176.0, 828.0, 361.0], [173.0, 916.0, 223.0], [171.0, 903.0, 230.0], [170.0, 923.0, 227.0], [170.0, 841.0, 331.0], [169.0, 869.0, 285.0], [168.0, 884.0, 285.0], [167.0, 817.0, 363.0], [165.0, 953.0, 183.0], [165.0, 902.0, 232.0], [165.0, 899.0, 291.0], [164.0, 929.0, 205.0], [164.0, 845.0, 324.0], [162.0, 920.0, 228.0], [162.0, 916.0, 234.0], [162.0, 813.0, 364.0], [162.0, 808.0, 382.0], [161.0, 908.0, 247.0], [161.0, 828.0, 368.0], [160.0, 969.0, 210.0], [159.0, 910.0, 257.0], [159.0, 880.0, 307.0], [157.0, 817.0, 395.0], [156.0, 911.0, 267.0], [155.0, 835.0, 361.0], [155.0, 825.0, 379.0], [154.0, 965.0, 260.0], [152.0, 852.0, 316.0], [152.0, 848.0, 320.0], [151.0, 911.0, 281.0], [151.0, 801.0, 406.0], [150.0, 972.0, 132.0], [150.0, 907.0, 296.0], [150.0, 853.0, 333.0], [150.0, 852.0, 345.0], [148.0, 882.0, 304.0], [147.0, 841.0, 347.0], [146.0, 870.0, 320.0], [144.0, 976.0, 207.0], [141.0, 917.0, 306.0], [137.0, 869.0, 328.0], [135.0, 869.0, 338.0], [135.0, 836.0, 356.0], [134.0, 982.0, 153.0], [133.0, 969.0, 211.0], [131.0, 898.0, 327.0], [130.0, 918.0, 286.0], [129.0, 841.0, 359.0], [127.0, 919.0, 292.0], [127.0, 880.0, 330.0], [124.0, 978.0, 225.0], [124.0, 896.0, 330.0], [124.0, 845.0, 360.0], [123.0, 838.0, 363.0], [123.0, 823.0, 396.0], [121.0, 901.0, 323.0], [119.0, 840.0, 377.0], [118.0, 848.0, 356.0], [118.0, 841.0, 379.0], [118.0, 813.0, 401.0], [114.0, 924.0, 272.0], [114.0, 816.0, 427.0], [112.0, 990.0, 144.0], [111.0, 922.0, 277.0], [109.0, 980.0, 211.0], [108.0, 904.0, 313.0], [107.0, 968.0, 234.0], [107.0, 924.0, 282.0], [107.0, 903.0, 320.0], [106.0, 973.0, 229.0], [105.0, 896.0, 332.0], [104.0, 928.0, 287.0], [104.0, 906.0, 325.0], [103.0, 971.0, 230.0], [103.0, 909.0, 309.0], [102.0, 982.0, 220.0], [100.0, 917.0, 318.0], [99.0, 987.0, 147.0], [98.0, 976.0, 287.0], [98.0, 918.0, 306.0], [97.0, 918.0, 361.0], [88.0, 994.0, 203.0], [88.0, 920.0, 303.0], [87.0, 984.0, 258.0], [83.0, 993.0, 216.0], [82.0, 907.0, 371.0], [80.0, 924.0, 301.0], [76.0, 919.0, 318.0], [75.0, 920.0, 323.0], [71.0, 995.0, 160.0], [69.0, 986.0, 263.0], [65.0, 926.0, 315.0], [63.0, 990.0, 225.0], [62.0, 991.0, 227.0], [59.0, 965.0, 295.0], [56.0, 998.0, 184.0], [54.0, 988.0, 262.0], [50.0, 988.0, 264.0], [45.0, 992.0, 245.0], [42.0, 995.0, 207.0], [41.0, 991.0, 253.0], [40.0, 978.0, 270.0], [39.0, 999.0, 132.0], [39.0, 995.0, 221.0], [34.0, 987.0, 273.0], [32.0, 996.0, 216.0], [32.0, 986.0, 292.0], [30.0, 999.0, 274.0], [29.0, 991.0, 281.0], [-0.0, 1000.0, 276.0]]
