heur = false
LBS_limit = 4
preproc = 1
tight_root = 1
total_time = 23.74
NDP = 184
total_nodes = 4161
pruned_nodes = 2081
pruned_dominance_nodes = 0
heur_time = 0.0
Y_N = Any[[534.0, 18.0, 100.0], [529.0, 19.0, 159.0], [499.0, 116.0, 118.0], [499.0, 53.0, 154.0], [495.0, 58.0, 161.0], [483.0, 121.0, 101.0], [479.0, 135.0, 118.0], [477.0, 61.0, 160.0], [476.0, 72.0, 148.0], [473.0, 74.0, 173.0], [472.0, 128.0, 147.0], [472.0, 78.0, 187.0], [470.0, 82.0, 154.0], [460.0, 138.0, 153.0], [459.0, 151.0, 117.0], [458.0, 121.0, 158.0], [458.0, 54.0, 212.0], [457.0, 194.0, 124.0], [453.0, 81.0, 169.0], [452.0, 90.0, 186.0], [451.0, 141.0, 131.0], [451.0, 103.0, 201.0], [448.0, 146.0, 168.0], [448.0, 106.0, 208.0], [446.0, 52.0, 226.0], [444.0, 111.0, 198.0], [442.0, 158.0, 174.0], [441.0, 159.0, 192.0], [441.0, 157.0, 201.0], [441.0, 114.0, 204.0], [440.0, 210.0, 182.0], [438.0, 77.0, 242.0], [434.0, 152.0, 206.0], [427.0, 158.0, 206.0], [427.0, 120.0, 221.0], [425.0, 136.0, 227.0], [423.0, 168.0, 201.0], [422.0, 216.0, 132.0], [422.0, 110.0, 238.0], [419.0, 132.0, 230.0], [414.0, 171.0, 189.0], [412.0, 214.0, 151.0], [412.0, 195.0, 184.0], [408.0, 220.0, 125.0], [406.0, 273.0, 139.0], [404.0, 284.0, 105.0], [404.0, 211.0, 162.0], [404.0, 163.0, 207.0], [401.0, 179.0, 188.0], [400.0, 221.0, 156.0], [400.0, 213.0, 198.0], [398.0, 241.0, 184.0], [395.0, 200.0, 207.0], [395.0, 155.0, 210.0], [390.0, 263.0, 183.0], [388.0, 266.0, 178.0], [386.0, 290.0, 144.0], [386.0, 229.0, 187.0], [385.0, 185.0, 225.0], [385.0, 141.0, 234.0], [384.0, 293.0, 125.0], [383.0, 215.0, 215.0], [382.0, 271.0, 145.0], [380.0, 215.0, 227.0], [375.0, 273.0, 146.0], [373.0, 294.0, 116.0], [373.0, 231.0, 193.0], [373.0, 229.0, 198.0], [371.0, 287.0, 163.0], [371.0, 232.0, 223.0], [365.0, 253.0, 187.0], [364.0, 297.0, 143.0], [361.0, 270.0, 178.0], [360.0, 303.0, 161.0], [360.0, 222.0, 239.0], [359.0, 237.0, 198.0], [359.0, 218.0, 250.0], [357.0, 314.0, 136.0], [357.0, 306.0, 143.0], [357.0, 236.0, 199.0], [353.0, 245.0, 188.0], [353.0, 238.0, 210.0], [349.0, 318.0, 103.0], [348.0, 324.0, 156.0], [343.0, 292.0, 168.0], [342.0, 349.0, 81.0], [338.0, 322.0, 165.0], [338.0, 239.0, 236.0], [337.0, 257.0, 202.0], [336.0, 342.0, 125.0], [336.0, 279.0, 175.0], [335.0, 327.0, 165.0], [335.0, 264.0, 197.0], [333.0, 345.0, 86.0], [332.0, 326.0, 171.0], [331.0, 375.0, 128.0], [331.0, 312.0, 190.0], [331.0, 266.0, 222.0], [330.0, 332.0, 135.0], [329.0, 319.0, 181.0], [328.0, 324.0, 179.0], [327.0, 226.0, 250.0], [326.0, 232.0, 283.0], [321.0, 329.0, 145.0], [319.0, 363.0, 130.0], [318.0, 348.0, 133.0], [317.0, 338.0, 182.0], [317.0, 247.0, 225.0], [311.0, 247.0, 232.0], [311.0, 235.0, 239.0], [310.0, 243.0, 247.0], [309.0, 339.0, 152.0], [309.0, 273.0, 207.0], [308.0, 272.0, 216.0], [307.0, 380.0, 76.0], [304.0, 311.0, 192.0], [300.0, 330.0, 186.0], [298.0, 374.0, 141.0], [298.0, 315.0, 214.0], [296.0, 414.0, 51.0], [296.0, 285.0, 226.0], [295.0, 394.0, 144.0], [295.0, 383.0, 152.0], [294.0, 342.0, 204.0], [293.0, 262.0, 232.0], [292.0, 409.0, 85.0], [291.0, 395.0, 143.0], [286.0, 248.0, 259.0], [284.0, 362.0, 155.0], [283.0, 352.0, 166.0], [281.0, 416.0, 114.0], [276.0, 356.0, 164.0], [274.0, 438.0, 73.0], [273.0, 350.0, 183.0], [272.0, 406.0, 146.0], [271.0, 342.0, 211.0], [269.0, 355.0, 183.0], [266.0, 381.0, 158.0], [266.0, 364.0, 208.0], [265.0, 322.0, 212.0], [264.0, 298.0, 225.0], [263.0, 448.0, 102.0], [258.0, 417.0, 132.0], [258.0, 315.0, 217.0], [255.0, 426.0, 123.0], [254.0, 390.0, 174.0], [254.0, 300.0, 228.0], [250.0, 316.0, 225.0], [249.0, 434.0, 125.0], [248.0, 319.0, 223.0], [247.0, 316.0, 231.0], [246.0, 282.0, 238.0], [244.0, 394.0, 161.0], [238.0, 425.0, 168.0], [237.0, 436.0, 126.0], [233.0, 321.0, 248.0], [231.0, 454.0, 128.0], [231.0, 366.0, 183.0], [228.0, 466.0, 115.0], [228.0, 433.0, 129.0], [228.0, 407.0, 180.0], [227.0, 305.0, 264.0], [226.0, 478.0, 120.0], [222.0, 441.0, 174.0], [220.0, 403.0, 215.0], [220.0, 300.0, 334.0], [216.0, 454.0, 131.0], [206.0, 502.0, 45.0], [206.0, 371.0, 222.0], [202.0, 536.0, 74.0], [202.0, 494.0, 125.0], [200.0, 467.0, 139.0], [198.0, 491.0, 137.0], [197.0, 445.0, 182.0], [196.0, 420.0, 183.0], [190.0, 390.0, 227.0], [186.0, 505.0, 92.0], [175.0, 502.0, 140.0], [170.0, 464.0, 148.0], [162.0, 424.0, 234.0], [148.0, 382.0, 274.0], [146.0, 483.0, 163.0], [142.0, 524.0, 97.0], [118.0, 571.0, 95.0]]
