heur = false
LBS_limit = 4
preproc = 1
tight_root = 1
total_time = 1800.05
NDP = 791
total_nodes = 73303
pruned_nodes = 36612
pruned_dominance_nodes = 67
heur_time = 0.0
Y_N = Any[[1541.0, 4993.0, 1507.0], [1520.0, 5020.0, 1446.0], [1497.0, 5043.0, 1507.0], [1494.0, 5065.0, 1428.0], [1491.0, 5085.0, 1476.0], [1478.0, 5068.0, 1483.0], [1475.0, 5124.0, 1458.0], [1473.0, 5087.0, 1541.0], [1467.0, 5132.0, 1443.0], [1455.0, 5126.0, 1481.0], [1455.0, 5091.0, 1540.0], [1454.0, 5135.0, 1554.0], [1451.0, 5137.0, 1481.0], [1449.0, 5158.0, 1384.0], [1448.0, 5140.0, 1471.0], [1448.0, 5064.0, 1588.0], [1434.0, 5172.0, 1489.0], [1432.0, 5149.0, 1552.0], [1427.0, 5186.0, 1478.0], [1425.0, 5163.0, 1493.0], [1418.0, 5193.0, 1463.0], [1417.0, 5186.0, 1593.0], [1417.0, 5086.0, 1606.0], [1417.0, 5076.0, 1640.0], [1415.0, 5187.0, 1471.0], [1402.0, 5232.0, 1411.0], [1400.0, 5133.0, 1602.0], [1399.0, 5252.0, 1490.0], [1393.0, 5201.0, 1492.0], [1388.0, 5190.0, 1496.0], [1386.0, 5215.0, 1504.0], [1383.0, 5155.0, 1610.0], [1381.0, 5278.0, 1404.0], [1379.0, 5189.0, 1563.0], [1377.0, 5239.0, 1562.0], [1377.0, 5191.0, 1597.0], [1376.0, 5203.0, 1587.0], [1376.0, 5123.0, 1659.0], [1374.0, 5124.0, 1675.0], [1367.0, 5271.0, 1425.0], [1364.0, 5287.0, 1323.0], [1363.0, 5161.0, 1653.0], [1362.0, 5223.0, 1567.0], [1361.0, 5280.0, 1427.0], [1359.0, 5257.0, 1512.0], [1359.0, 5164.0, 1601.0], [1358.0, 5241.0, 1519.0], [1356.0, 5262.0, 1478.0], [1356.0, 5237.0, 1605.0], [1356.0, 5204.0, 1639.0], [1355.0, 5282.0, 1369.0], [1355.0, 5249.0, 1610.0], [1352.0, 5163.0, 1658.0], [1351.0, 5259.0, 1518.0], [1351.0, 5182.0, 1662.0], [1350.0, 5209.0, 1627.0], [1347.0, 5269.0, 1470.0], [1346.0, 5297.0, 1477.0], [1346.0, 5262.0, 1541.0], [1344.0, 5306.0, 1447.0], [1344.0, 5294.0, 1556.0], [1344.0, 5225.0, 1622.0], [1342.0, 5269.0, 1583.0], [1340.0, 5307.0, 1406.0], [1339.0, 5321.0, 1335.0], [1338.0, 5303.0, 1519.0], [1337.0, 5318.0, 1398.0], [1337.0, 5252.0, 1599.0], [1336.0, 5353.0, 1359.0], [1336.0, 5341.0, 1392.0], [1328.0, 5328.0, 1474.0], [1324.0, 5238.0, 1628.0], [1323.0, 5340.0, 1549.0], [1323.0, 5234.0, 1647.0], [1321.0, 5240.0, 1612.0], [1319.0, 5278.0, 1592.0], [1319.0, 5210.0, 1649.0], [1318.0, 5379.0, 1278.0], [1318.0, 5367.0, 1333.0], [1316.0, 5289.0, 1557.0], [1315.0, 5399.0, 1356.0], [1315.0, 5266.0, 1640.0], [1315.0, 5233.0, 1654.0], [1314.0, 5278.0, 1689.0], [1312.0, 5311.0, 1564.0], [1305.0, 5346.0, 1418.0], [1304.0, 5347.0, 1523.0], [1302.0, 5299.0, 1671.0], [1300.0, 5332.0, 1555.0], [1299.0, 5359.0, 1427.0], [1299.0, 5353.0, 1438.0], [1298.0, 5324.0, 1573.0], [1293.0, 5363.0, 1359.0], [1293.0, 5219.0, 1695.0], [1290.0, 5383.0, 1402.0], [1289.0, 5331.0, 1579.0], [1285.0, 5349.0, 1450.0], [1285.0, 5315.0, 1586.0], [1284.0, 5368.0, 1435.0], [1283.0, 5345.0, 1553.0], [1282.0, 5381.0, 1425.0], [1282.0, 5369.0, 1583.0], [1281.0, 5390.0, 1416.0], [1281.0, 5383.0, 1448.0], [1279.0, 5324.0, 1586.0], [1278.0, 5304.0, 1608.0], [1277.0, 5408.0, 1284.0], [1277.0, 5405.0, 1316.0], [1275.0, 5405.0, 1324.0], [1274.0, 5428.0, 1358.0], [1273.0, 5370.0, 1519.0], [1272.0, 5221.0, 1714.0], [1271.0, 5288.0, 1690.0], [1270.0, 5390.0, 1612.0], [1269.0, 5392.0, 1374.0], [1268.0, 5365.0, 1632.0], [1268.0, 5201.0, 1766.0], [1267.0, 5271.0, 1715.0], [1266.0, 5394.0, 1381.0], [1266.0, 5391.0, 1453.0], [1265.0, 5429.0, 1379.0], [1265.0, 5417.0, 1397.0], [1264.0, 5395.0, 1417.0], [1263.0, 5426.0, 1380.0], [1263.0, 5269.0, 1716.0], [1262.0, 5449.0, 1413.0], [1262.0, 5306.0, 1634.0], [1260.0, 5429.0, 1446.0], [1259.0, 5361.0, 1646.0], [1256.0, 5454.0, 1255.0], [1254.0, 5315.0, 1671.0], [1253.0, 5329.0, 1653.0], [1253.0, 5244.0, 1747.0], [1252.0, 5416.0, 1486.0], [1246.0, 5395.0, 1537.0], [1244.0, 5475.0, 1350.0], [1244.0, 5318.0, 1655.0], [1242.0, 5310.0, 1684.0], [1242.0, 5255.0, 1754.0], [1241.0, 5412.0, 1495.0], [1241.0, 5321.0, 1670.0], [1241.0, 5291.0, 1692.0], [1240.0, 5369.0, 1647.0], [1238.0, 5392.0, 1554.0], [1237.0, 5415.0, 1531.0], [1237.0, 5323.0, 1692.0], [1236.0, 5398.0, 1581.0], [1236.0, 5359.0, 1654.0], [1235.0, 5338.0, 1698.0], [1234.0, 5280.0, 1737.0], [1231.0, 5261.0, 1739.0], [1230.0, 5443.0, 1571.0], [1230.0, 5415.0, 1616.0], [1229.0, 5407.0, 1629.0], [1227.0, 5290.0, 1712.0], [1225.0, 5467.0, 1464.0], [1225.0, 5455.0, 1474.0], [1223.0, 5369.0, 1653.0], [1222.0, 5300.0, 1727.0], [1220.0, 5480.0, 1255.0], [1220.0, 5432.0, 1596.0], [1219.0, 5470.0, 1439.0], [1219.0, 5458.0, 1494.0], [1219.0, 5415.0, 1631.0], [1218.0, 5263.0, 1753.0], [1215.0, 5492.0, 1237.0], [1215.0, 5480.0, 1314.0], [1215.0, 5345.0, 1680.0], [1213.0, 5337.0, 1705.0], [1211.0, 5445.0, 1508.0], [1209.0, 5448.0, 1502.0], [1208.0, 5453.0, 1625.0], [1207.0, 5491.0, 1495.0], [1207.0, 5479.0, 1503.0], [1205.0, 5356.0, 1674.0], [1204.0, 5367.0, 1657.0], [1203.0, 5504.0, 1340.0], [1203.0, 5294.0, 1803.0], [1200.0, 5405.0, 1643.0], [1200.0, 5383.0, 1647.0], [1200.0, 5375.0, 1709.0], [1199.0, 5395.0, 1663.0], [1198.0, 5516.0, 1410.0], [1197.0, 5458.0, 1510.0], [1197.0, 5298.0, 1764.0], [1195.0, 5473.0, 1618.0], [1195.0, 5427.0, 1626.0], [1192.0, 5493.0, 1555.0], [1192.0, 5382.0, 1699.0], [1189.0, 5519.0, 1369.0], [1189.0, 5517.0, 1374.0], [1189.0, 5413.0, 1695.0], [1187.0, 5528.0, 1347.0], [1187.0, 5517.0, 1417.0], [1187.0, 5505.0, 1464.0], [1187.0, 5388.0, 1714.0], [1186.0, 5537.0, 1466.0], [1185.0, 5442.0, 1662.0], [1185.0, 5370.0, 1721.0], [1185.0, 5332.0, 1755.0], [1177.0, 5496.0, 1489.0], [1176.0, 5438.0, 1665.0], [1171.0, 5478.0, 1576.0], [1171.0, 5374.0, 1734.0], [1170.0, 5366.0, 1747.0], [1168.0, 5384.0, 1730.0], [1167.0, 5497.0, 1520.0], [1167.0, 5486.0, 1609.0], [1167.0, 5482.0, 1678.0], [1166.0, 5538.0, 1415.0], [1166.0, 5496.0, 1540.0], [1165.0, 5461.0, 1679.0], [1164.0, 5415.0, 1702.0], [1162.0, 5542.0, 1376.0], [1158.0, 5419.0, 1749.0], [1157.0, 5523.0, 1565.0], [1155.0, 5479.0, 1680.0], [1155.0, 5424.0, 1716.0], [1153.0, 5541.0, 1379.0], [1153.0, 5347.0, 1766.0], [1152.0, 5498.0, 1571.0], [1152.0, 5368.0, 1787.0], [1150.0, 5503.0, 1577.0], [1148.0, 5546.0, 1400.0], [1148.0, 5528.0, 1476.0], [1146.0, 5543.0, 1412.0], [1146.0, 5441.0, 1685.0], [1145.0, 5566.0, 1488.0], [1145.0, 5554.0, 1491.0], [1145.0, 5542.0, 1541.0], [1144.0, 5432.0, 1689.0], [1143.0, 5487.0, 1611.0], [1139.0, 5488.0, 1624.0], [1138.0, 5500.0, 1592.0], [1137.0, 5489.0, 1616.0], [1137.0, 5483.0, 1657.0], [1136.0, 5426.0, 1703.0], [1134.0, 5527.0, 1561.0], [1133.0, 5510.0, 1578.0], [1133.0, 5445.0, 1699.0], [1132.0, 5528.0, 1556.0], [1132.0, 5507.0, 1583.0], [1132.0, 5434.0, 1725.0], [1131.0, 5487.0, 1631.0], [1129.0, 5369.0, 1792.0], [1127.0, 5594.0, 1314.0], [1127.0, 5592.0, 1345.0], [1126.0, 5514.0, 1582.0], [1126.0, 5502.0, 1605.0], [1125.0, 5603.0, 1330.0], [1125.0, 5405.0, 1761.0], [1124.0, 5509.0, 1614.0], [1124.0, 5499.0, 1623.0], [1123.0, 5558.0, 1495.0], [1123.0, 5548.0, 1531.0], [1122.0, 5567.0, 1362.0], [1122.0, 5526.0, 1562.0], [1121.0, 5581.0, 1392.0], [1121.0, 5571.0, 1409.0], [1121.0, 5554.0, 1513.0], [1120.0, 5475.0, 1698.0], [1119.0, 5587.0, 1425.0], [1119.0, 5454.0, 1713.0], [1117.0, 5523.0, 1571.0], [1117.0, 5511.0, 1632.0], [1116.0, 5584.0, 1457.0], [1116.0, 5535.0, 1597.0], [1116.0, 5307.0, 1814.0], [1115.0, 5604.0, 1316.0], [1115.0, 5592.0, 1368.0], [1115.0, 5528.0, 1648.0], [1115.0, 5368.0, 1804.0], [1114.0, 5543.0, 1579.0], [1114.0, 5496.0, 1685.0], [1114.0, 5472.0, 1710.0], [1114.0, 5377.0, 1788.0], [1113.0, 5613.0, 1474.0], [1113.0, 5379.0, 1776.0], [1112.0, 5550.0, 1601.0], [1112.0, 5446.0, 1752.0], [1111.0, 5574.0, 1477.0], [1111.0, 5406.0, 1776.0], [1109.0, 5560.0, 1587.0], [1108.0, 5459.0, 1723.0], [1107.0, 5562.0, 1514.0], [1107.0, 5537.0, 1608.0], [1107.0, 5519.0, 1664.0], [1107.0, 5350.0, 1810.0], [1106.0, 5549.0, 1612.0], [1106.0, 5393.0, 1786.0], [1105.0, 5532.0, 1665.0], [1105.0, 5496.0, 1721.0], [1104.0, 5583.0, 1548.0], [1104.0, 5571.0, 1608.0], [1104.0, 5566.0, 1636.0], [1102.0, 5604.0, 1484.0], [1102.0, 5463.0, 1726.0], [1101.0, 5448.0, 1768.0], [1100.0, 5612.0, 1475.0], [1099.0, 5630.0, 1422.0], [1095.0, 5497.0, 1693.0], [1093.0, 5505.0, 1674.0], [1092.0, 5623.0, 1442.0], [1090.0, 5392.0, 1801.0], [1089.0, 5532.0, 1695.0], [1088.0, 5417.0, 1774.0], [1087.0, 5640.0, 1446.0], [1087.0, 5628.0, 1466.0], [1086.0, 5545.0, 1637.0], [1085.0, 5492.0, 1722.0], [1085.0, 5460.0, 1737.0], [1084.0, 5633.0, 1452.0], [1083.0, 5629.0, 1522.0], [1083.0, 5619.0, 1624.0], [1083.0, 5537.0, 1667.0], [1081.0, 5577.0, 1631.0], [1081.0, 5508.0, 1725.0], [1081.0, 5454.0, 1768.0], [1080.0, 5475.0, 1768.0], [1080.0, 5344.0, 1823.0], [1079.0, 5552.0, 1651.0], [1079.0, 5550.0, 1684.0], [1078.0, 5643.0, 1500.0], [1078.0, 5631.0, 1522.0], [1078.0, 5586.0, 1660.0], [1077.0, 5517.0, 1698.0], [1074.0, 5479.0, 1738.0], [1073.0, 5386.0, 1805.0], [1070.0, 5555.0, 1713.0], [1070.0, 5522.0, 1719.0], [1066.0, 5484.0, 1744.0], [1066.0, 5482.0, 1758.0], [1064.0, 5578.0, 1667.0], [1063.0, 5561.0, 1732.0], [1061.0, 5621.0, 1533.0], [1060.0, 5644.0, 1339.0], [1059.0, 5624.0, 1577.0], [1058.0, 5509.0, 1738.0], [1055.0, 5647.0, 1443.0], [1055.0, 5506.0, 1745.0], [1055.0, 5469.0, 1771.0], [1055.0, 5418.0, 1786.0], [1054.0, 5490.0, 1775.0], [1054.0, 5406.0, 1800.0], [1053.0, 5524.0, 1743.0], [1052.0, 5599.0, 1691.0], [1050.0, 5657.0, 1387.0], [1050.0, 5574.0, 1717.0], [1049.0, 5656.0, 1526.0], [1049.0, 5374.0, 1809.0], [1046.0, 5494.0, 1782.0], [1045.0, 5661.0, 1332.0], [1044.0, 5526.0, 1753.0], [1043.0, 5347.0, 1827.0], [1042.0, 5662.0, 1476.0], [1042.0, 5636.0, 1592.0], [1042.0, 5444.0, 1787.0], [1041.0, 5667.0, 1399.0], [1041.0, 5664.0, 1478.0], [1041.0, 5602.0, 1628.0], [1040.0, 5503.0, 1781.0], [1039.0, 5575.0, 1694.0], [1038.0, 5649.0, 1556.0], [1038.0, 5646.0, 1644.0], [1035.0, 5695.0, 1295.0], [1034.0, 5500.0, 1792.0], [1033.0, 5670.0, 1524.0], [1033.0, 5658.0, 1556.0], [1032.0, 5605.0, 1678.0], [1032.0, 5581.0, 1702.0], [1031.0, 5682.0, 1409.0], [1030.0, 5690.0, 1431.0], [1030.0, 5683.0, 1527.0], [1029.0, 5591.0, 1703.0], [1027.0, 5559.0, 1745.0], [1025.0, 5715.0, 1423.0], [1025.0, 5686.0, 1572.0], [1025.0, 5524.0, 1758.0], [1025.0, 5414.0, 1831.0], [1023.0, 5610.0, 1651.0], [1023.0, 5597.0, 1714.0], [1022.0, 5573.0, 1755.0], [1022.0, 5392.0, 1856.0], [1021.0, 5650.0, 1576.0], [1018.0, 5665.0, 1700.0], [1016.0, 5490.0, 1815.0], [1015.0, 5533.0, 1773.0], [1014.0, 5612.0, 1712.0], [1013.0, 5677.0, 1586.0], [1012.0, 5461.0, 1826.0], [1011.0, 5727.0, 1400.0], [1009.0, 5722.0, 1423.0], [1009.0, 5713.0, 1447.0], [1008.0, 5530.0, 1778.0], [1003.0, 5701.0, 1457.0], [1001.0, 5697.0, 1553.0], [1001.0, 5667.0, 1591.0], [1000.0, 5700.0, 1479.0], [1000.0, 5696.0, 1607.0], [999.0, 5718.0, 1449.0], [998.0, 5546.0, 1795.0], [997.0, 5724.0, 1483.0], [996.0, 5552.0, 1761.0], [995.0, 5708.0, 1525.0], [995.0, 5573.0, 1770.0], [994.0, 5670.0, 1646.0], [994.0, 5611.0, 1736.0], [993.0, 5491.0, 1806.0], [992.0, 5610.0, 1755.0], [989.0, 5737.0, 1486.0], [989.0, 5679.0, 1669.0], [989.0, 5577.0, 1762.0], [988.0, 5736.0, 1507.0], [985.0, 5638.0, 1726.0], [984.0, 5734.0, 1508.0], [984.0, 5720.0, 1518.0], [981.0, 5715.0, 1666.0], [979.0, 5490.0, 1832.0], [976.0, 5739.0, 1422.0], [976.0, 5727.0, 1558.0], [976.0, 5485.0, 1847.0], [974.0, 5598.0, 1771.0], [974.0, 5523.0, 1810.0], [972.0, 5649.0, 1707.0], [972.0, 5616.0, 1734.0], [971.0, 5748.0, 1454.0], [969.0, 5746.0, 1551.0], [969.0, 5569.0, 1773.0], [968.0, 5639.0, 1735.0], [968.0, 5622.0, 1740.0], [967.0, 5651.0, 1752.0], [966.0, 5666.0, 1703.0], [965.0, 5653.0, 1715.0], [960.0, 5756.0, 1416.0], [959.0, 5568.0, 1794.0], [958.0, 5656.0, 1709.0], [957.0, 5669.0, 1739.0], [957.0, 5595.0, 1774.0], [957.0, 5594.0, 1778.0], [956.0, 5699.0, 1702.0], [956.0, 5429.0, 1873.0], [955.0, 5762.0, 1420.0], [953.0, 5718.0, 1560.0], [953.0, 5717.0, 1654.0], [953.0, 5633.0, 1760.0], [952.0, 5729.0, 1600.0], [951.0, 5562.0, 1798.0], [950.0, 5718.0, 1622.0], [949.0, 5575.0, 1780.0], [948.0, 5701.0, 1702.0], [946.0, 5750.0, 1573.0], [946.0, 5670.0, 1707.0], [945.0, 5751.0, 1451.0], [944.0, 5604.0, 1773.0], [944.0, 5567.0, 1822.0], [943.0, 5743.0, 1574.0], [942.0, 5763.0, 1533.0], [942.0, 5736.0, 1678.0], [940.0, 5672.0, 1734.0], [939.0, 5760.0, 1549.0], [937.0, 5805.0, 1403.0], [937.0, 5750.0, 1592.0], [937.0, 5748.0, 1594.0], [937.0, 5688.0, 1764.0], [937.0, 5657.0, 1766.0], [936.0, 5740.0, 1629.0], [935.0, 5742.0, 1688.0], [933.0, 5607.0, 1776.0], [931.0, 5602.0, 1790.0], [930.0, 5754.0, 1594.0], [930.0, 5689.0, 1709.0], [928.0, 5623.0, 1773.0], [928.0, 5510.0, 1824.0], [927.0, 5775.0, 1594.0], [927.0, 5611.0, 1777.0], [925.0, 5780.0, 1486.0], [925.0, 5570.0, 1823.0], [923.0, 5691.0, 1737.0], [922.0, 5776.0, 1497.0], [921.0, 5816.0, 1508.0], [921.0, 5750.0, 1689.0], [921.0, 5693.0, 1704.0], [918.0, 5717.0, 1705.0], [918.0, 5612.0, 1828.0], [917.0, 5694.0, 1762.0], [916.0, 5650.0, 1777.0], [913.0, 5721.0, 1736.0], [912.0, 5734.0, 1721.0], [911.0, 5832.0, 1491.0], [911.0, 5751.0, 1651.0], [911.0, 5621.0, 1810.0], [911.0, 5578.0, 1833.0], [910.0, 5726.0, 1736.0], [909.0, 5622.0, 1779.0], [906.0, 5756.0, 1657.0], [905.0, 5739.0, 1716.0], [905.0, 5582.0, 1831.0], [904.0, 5786.0, 1634.0], [903.0, 5769.0, 1645.0], [902.0, 5835.0, 1580.0], [902.0, 5518.0, 1857.0], [899.0, 5721.0, 1743.0], [897.0, 5761.0, 1688.0], [894.0, 5806.0, 1637.0], [889.0, 5651.0, 1767.0], [887.0, 5634.0, 1780.0], [886.0, 5694.0, 1790.0], [885.0, 5809.0, 1656.0], [885.0, 5785.0, 1696.0], [885.0, 5629.0, 1834.0], [882.0, 5846.0, 1480.0], [881.0, 5713.0, 1778.0], [880.0, 5821.0, 1593.0], [878.0, 5840.0, 1511.0], [878.0, 5597.0, 1861.0], [875.0, 5777.0, 1711.0], [873.0, 5849.0, 1557.0], [870.0, 5744.0, 1726.0], [867.0, 5830.0, 1584.0], [866.0, 5828.0, 1702.0], [862.0, 5668.0, 1841.0], [861.0, 5840.0, 1613.0], [857.0, 5851.0, 1415.0], [857.0, 5765.0, 1734.0], [856.0, 5862.0, 1590.0], [856.0, 5799.0, 1716.0], [856.0, 5732.0, 1759.0], [853.0, 5748.0, 1807.0], [850.0, 5833.0, 1637.0], [845.0, 5770.0, 1752.0], [844.0, 5881.0, 1484.0], [842.0, 5833.0, 1645.0], [835.0, 5609.0, 1861.0], [834.0, 5878.0, 1504.0], [833.0, 5863.0, 1516.0], [833.0, 5691.0, 1811.0], [833.0, 5689.0, 1815.0], [832.0, 5867.0, 1532.0], [832.0, 5773.0, 1745.0], [831.0, 5845.0, 1649.0], [830.0, 5626.0, 1864.0], [829.0, 5781.0, 1727.0], [827.0, 5876.0, 1602.0], [826.0, 5698.0, 1811.0], [825.0, 5906.0, 1540.0], [825.0, 5839.0, 1657.0], [824.0, 5771.0, 1778.0], [822.0, 5919.0, 1440.0], [822.0, 5907.0, 1484.0], [822.0, 5675.0, 1856.0], [821.0, 5858.0, 1646.0], [820.0, 5855.0, 1743.0], [819.0, 5912.0, 1541.0], [817.0, 5803.0, 1764.0], [815.0, 5935.0, 1517.0], [815.0, 5867.0, 1668.0], [815.0, 5593.0, 1885.0], [813.0, 5755.0, 1786.0], [809.0, 5617.0, 1899.0], [807.0, 5886.0, 1591.0], [806.0, 5759.0, 1795.0], [803.0, 5926.0, 1543.0], [801.0, 5810.0, 1800.0], [796.0, 5860.0, 1697.0], [794.0, 5896.0, 1584.0], [793.0, 5891.0, 1627.0], [791.0, 5863.0, 1690.0], [791.0, 5740.0, 1851.0], [789.0, 5909.0, 1572.0], [786.0, 5916.0, 1584.0], [785.0, 5872.0, 1676.0], [784.0, 5893.0, 1685.0], [783.0, 5905.0, 1690.0], [782.0, 5888.0, 1737.0], [782.0, 5759.0, 1837.0], [780.0, 5935.0, 1556.0], [779.0, 5941.0, 1466.0], [778.0, 5917.0, 1621.0], [774.0, 5940.0, 1495.0], [774.0, 5910.0, 1706.0], [771.0, 5828.0, 1768.0], [770.0, 5936.0, 1525.0], [769.0, 5953.0, 1407.0], [769.0, 5911.0, 1627.0], [767.0, 5935.0, 1669.0], [763.0, 5944.0, 1560.0], [761.0, 5817.0, 1796.0], [760.0, 5846.0, 1753.0], [754.0, 5806.0, 1813.0], [753.0, 5911.0, 1685.0], [751.0, 5948.0, 1423.0], [747.0, 5945.0, 1475.0], [746.0, 6006.0, 1441.0], [746.0, 5959.0, 1567.0], [746.0, 5943.0, 1677.0], [745.0, 5825.0, 1795.0], [744.0, 5879.0, 1742.0], [740.0, 5847.0, 1772.0], [738.0, 5949.0, 1601.0], [735.0, 5899.0, 1708.0], [734.0, 5997.0, 1514.0], [733.0, 5797.0, 1836.0], [729.0, 5771.0, 1840.0], [728.0, 5937.0, 1703.0], [725.0, 5745.0, 1853.0], [723.0, 6000.0, 1585.0], [722.0, 5709.0, 1854.0], [721.0, 5898.0, 1726.0], [721.0, 5816.0, 1802.0], [717.0, 5973.0, 1595.0], [714.0, 5755.0, 1841.0], [713.0, 5944.0, 1630.0], [713.0, 5781.0, 1841.0], [711.0, 5874.0, 1767.0], [710.0, 5952.0, 1715.0], [710.0, 5712.0, 1903.0], [709.0, 5837.0, 1782.0], [708.0, 5818.0, 1803.0], [708.0, 5779.0, 1849.0], [707.0, 5982.0, 1613.0], [707.0, 5915.0, 1719.0], [705.0, 6011.0, 1466.0], [705.0, 5964.0, 1649.0], [704.0, 6025.0, 1613.0], [701.0, 5801.0, 1818.0], [700.0, 5970.0, 1690.0], [698.0, 6006.0, 1620.0], [695.0, 6035.0, 1461.0], [693.0, 5933.0, 1747.0], [691.0, 6043.0, 1467.0], [688.0, 5876.0, 1751.0], [685.0, 5820.0, 1796.0], [683.0, 5871.0, 1771.0], [681.0, 6009.0, 1634.0], [680.0, 6030.0, 1552.0], [679.0, 5937.0, 1722.0], [674.0, 6030.0, 1604.0], [674.0, 5820.0, 1800.0], [673.0, 6019.0, 1665.0], [671.0, 6044.0, 1488.0], [671.0, 5955.0, 1705.0], [668.0, 5979.0, 1668.0], [666.0, 5971.0, 1695.0], [666.0, 5843.0, 1860.0], [665.0, 6045.0, 1475.0], [664.0, 5875.0, 1755.0], [662.0, 5984.0, 1673.0], [661.0, 5953.0, 1710.0], [659.0, 6059.0, 1506.0], [659.0, 6030.0, 1618.0], [655.0, 6039.0, 1522.0], [655.0, 5854.0, 1773.0], [654.0, 5787.0, 1875.0], [652.0, 6023.0, 1619.0], [651.0, 6047.0, 1520.0], [650.0, 5978.0, 1680.0], [650.0, 5880.0, 1797.0], [649.0, 5964.0, 1736.0], [647.0, 6050.0, 1530.0], [647.0, 5960.0, 1774.0], [647.0, 5845.0, 1802.0], [646.0, 6111.0, 1519.0], [646.0, 6031.0, 1652.0], [645.0, 6011.0, 1671.0], [643.0, 6044.0, 1540.0], [640.0, 6033.0, 1594.0], [640.0, 6014.0, 1700.0], [639.0, 5809.0, 1878.0], [637.0, 6035.0, 1591.0], [633.0, 5898.0, 1811.0], [630.0, 5900.0, 1804.0], [629.0, 5909.0, 1803.0], [628.0, 6041.0, 1591.0], [626.0, 5966.0, 1714.0], [624.0, 5971.0, 1726.0], [624.0, 5962.0, 1749.0], [622.0, 6013.0, 1709.0], [618.0, 6064.0, 1533.0], [617.0, 6125.0, 1494.0], [617.0, 5892.0, 1815.0], [616.0, 5936.0, 1792.0], [615.0, 6056.0, 1625.0], [615.0, 6044.0, 1666.0], [611.0, 6065.0, 1548.0], [611.0, 6059.0, 1633.0], [609.0, 5993.0, 1743.0], [608.0, 5900.0, 1862.0], [605.0, 6116.0, 1572.0], [600.0, 6032.0, 1707.0], [597.0, 6135.0, 1481.0], [596.0, 5919.0, 1814.0], [594.0, 6040.0, 1705.0], [587.0, 6135.0, 1495.0], [585.0, 5976.0, 1744.0], [585.0, 5932.0, 1795.0], [583.0, 6137.0, 1519.0], [582.0, 6100.0, 1613.0], [582.0, 6073.0, 1616.0], [582.0, 5943.0, 1789.0], [580.0, 6047.0, 1651.0], [578.0, 6104.0, 1622.0], [576.0, 6100.0, 1701.0], [574.0, 5977.0, 1746.0], [574.0, 5941.0, 1807.0], [571.0, 6120.0, 1606.0], [570.0, 5915.0, 1816.0], [569.0, 6125.0, 1659.0], [568.0, 6009.0, 1723.0], [566.0, 5970.0, 1776.0], [565.0, 6134.0, 1567.0], [561.0, 5998.0, 1755.0], [560.0, 5973.0, 1760.0], [559.0, 5902.0, 1819.0], [556.0, 5977.0, 1770.0], [556.0, 5949.0, 1780.0], [553.0, 5949.0, 1800.0], [550.0, 6131.0, 1583.0], [548.0, 5998.0, 1765.0], [547.0, 6146.0, 1641.0], [547.0, 5985.0, 1782.0], [545.0, 6017.0, 1726.0], [543.0, 6155.0, 1540.0], [536.0, 5970.0, 1819.0], [534.0, 6021.0, 1723.0], [532.0, 6000.0, 1748.0], [528.0, 6152.0, 1573.0], [523.0, 6149.0, 1606.0], [523.0, 6000.0, 1754.0], [520.0, 6164.0, 1561.0], [519.0, 6225.0, 1510.0], [517.0, 6077.0, 1703.0], [515.0, 6079.0, 1703.0], [515.0, 6015.0, 1748.0], [511.0, 6023.0, 1767.0], [511.0, 6004.0, 1769.0], [510.0, 6051.0, 1738.0], [510.0, 6004.0, 1773.0], [509.0, 6116.0, 1676.0], [507.0, 6079.0, 1724.0], [505.0, 6026.0, 1753.0], [499.0, 6043.0, 1765.0], [498.0, 6060.0, 1753.0], [497.0, 5990.0, 1823.0], [486.0, 6120.0, 1683.0], [484.0, 6173.0, 1660.0], [477.0, 6207.0, 1651.0], [476.0, 6035.0, 1766.0], [473.0, 6095.0, 1703.0], [473.0, 6055.0, 1759.0], [473.0, 6049.0, 1775.0], [464.0, 6085.0, 1760.0], [461.0, 6106.0, 1771.0], [455.0, 6214.0, 1567.0], [453.0, 6070.0, 1811.0], [451.0, 6121.0, 1698.0], [449.0, 6237.0, 1390.0], [448.0, 6221.0, 1591.0], [448.0, 6122.0, 1692.0], [446.0, 6138.0, 1680.0], [433.0, 6226.0, 1545.0], [432.0, 6115.0, 1727.0], [427.0, 6151.0, 1697.0], [427.0, 6130.0, 1712.0], [418.0, 6231.0, 1593.0], [415.0, 6232.0, 1562.0], [413.0, 6109.0, 1748.0], [398.0, 6183.0, 1652.0], [396.0, 6230.0, 1674.0], [386.0, 6178.0, 1680.0], [381.0, 6227.0, 1691.0], [374.0, 6251.0, 1644.0], [368.0, 6262.0, 1481.0], [365.0, 6115.0, 1735.0], [359.0, 6248.0, 1678.0], [355.0, 6266.0, 1500.0], [350.0, 6321.0, 1601.0], [350.0, 6169.0, 1709.0], [337.0, 6173.0, 1704.0], [333.0, 6177.0, 1695.0], [326.0, 6192.0, 1722.0], [326.0, 6173.0, 1726.0], [306.0, 6183.0, 1723.0], [300.0, 6198.0, 1715.0], [297.0, 6268.0, 1623.0], [289.0, 6266.0, 1649.0], [287.0, 6202.0, 1718.0], [284.0, 6285.0, 1634.0], [276.0, 6270.0, 1661.0], [242.0, 6272.0, 1735.0], [233.0, 6281.0, 1695.0], [220.0, 6293.0, 1721.0]]
