heur = false
LBS_limit = 4
preproc = 1
tight_root = 1
total_time = 8.31
NDP = 193
total_nodes = 3855
pruned_nodes = 1928
pruned_dominance_nodes = 0
heur_time = 0.0
Y_N = Any[[743.0, 724.0, 277.0], [691.0, 704.0, 350.0], [680.0, 759.0, 270.0], [672.0, 797.0, 323.0], [654.0, 836.0, 297.0], [652.0, 810.0, 439.0], [651.0, 874.0, 311.0], [644.0, 834.0, 332.0], [636.0, 887.0, 264.0], [634.0, 868.0, 340.0], [632.0, 899.0, 323.0], [629.0, 903.0, 240.0], [622.0, 890.0, 340.0], [618.0, 811.0, 428.0], [614.0, 837.0, 450.0], [611.0, 847.0, 383.0], [607.0, 932.0, 243.0], [601.0, 932.0, 310.0], [598.0, 860.0, 398.0], [591.0, 951.0, 271.0], [590.0, 937.0, 284.0], [589.0, 959.0, 202.0], [586.0, 865.0, 376.0], [582.0, 959.0, 261.0], [580.0, 977.0, 232.0], [580.0, 902.0, 350.0], [578.0, 931.0, 332.0], [578.0, 896.0, 394.0], [573.0, 883.0, 420.0], [573.0, 842.0, 460.0], [571.0, 985.0, 215.0], [571.0, 935.0, 378.0], [570.0, 903.0, 413.0], [570.0, 872.0, 456.0], [570.0, 867.0, 497.0], [562.0, 982.0, 265.0], [557.0, 978.0, 299.0], [557.0, 971.0, 339.0], [557.0, 871.0, 474.0], [554.0, 930.0, 481.0], [550.0, 952.0, 392.0], [545.0, 827.0, 565.0], [544.0, 871.0, 500.0], [540.0, 939.0, 397.0], [539.0, 1014.0, 237.0], [539.0, 985.0, 266.0], [538.0, 1070.0, 223.0], [537.0, 974.0, 351.0], [536.0, 980.0, 340.0], [535.0, 955.0, 448.0], [533.0, 1031.0, 328.0], [526.0, 973.0, 402.0], [520.0, 1079.0, 234.0], [519.0, 1011.0, 329.0], [517.0, 1022.0, 329.0], [515.0, 927.0, 499.0], [512.0, 945.0, 472.0], [511.0, 1081.0, 201.0], [511.0, 976.0, 408.0], [509.0, 1017.0, 338.0], [508.0, 991.0, 357.0], [507.0, 1043.0, 241.0], [504.0, 954.0, 522.0], [503.0, 1059.0, 295.0], [503.0, 1005.0, 444.0], [499.0, 1074.0, 267.0], [499.0, 1032.0, 364.0], [492.0, 1109.0, 204.0], [492.0, 1019.0, 428.0], [492.0, 990.0, 445.0], [489.0, 1046.0, 424.0], [484.0, 1062.0, 328.0], [482.0, 1097.0, 275.0], [479.0, 1027.0, 436.0], [479.0, 953.0, 538.0], [477.0, 1047.0, 395.0], [476.0, 1081.0, 299.0], [474.0, 977.0, 450.0], [469.0, 1095.0, 289.0], [469.0, 1066.0, 309.0], [468.0, 1078.0, 306.0], [466.0, 1036.0, 435.0], [465.0, 1106.0, 295.0], [464.0, 1131.0, 288.0], [459.0, 1091.0, 321.0], [457.0, 1063.0, 364.0], [455.0, 1061.0, 483.0], [454.0, 1137.0, 218.0], [452.0, 1068.0, 344.0], [447.0, 961.0, 506.0], [446.0, 1026.0, 496.0], [440.0, 1104.0, 362.0], [440.0, 1086.0, 366.0], [440.0, 1062.0, 399.0], [438.0, 1106.0, 400.0], [437.0, 1126.0, 300.0], [432.0, 1100.0, 407.0], [431.0, 1143.0, 265.0], [429.0, 1077.0, 504.0], [428.0, 1083.0, 419.0], [427.0, 1116.0, 330.0], [425.0, 1168.0, 252.0], [423.0, 1127.0, 360.0], [422.0, 1112.0, 374.0], [420.0, 1170.0, 277.0], [420.0, 1079.0, 466.0], [418.0, 1150.0, 279.0], [416.0, 1172.0, 343.0], [409.0, 1120.0, 429.0], [405.0, 1173.0, 292.0], [403.0, 1163.0, 417.0], [400.0, 1089.0, 451.0], [393.0, 1186.0, 269.0], [391.0, 1200.0, 259.0], [391.0, 1185.0, 290.0], [389.0, 1099.0, 455.0], [387.0, 1175.0, 334.0], [385.0, 1181.0, 291.0], [380.0, 1173.0, 389.0], [378.0, 1224.0, 268.0], [376.0, 1200.0, 324.0], [376.0, 1124.0, 428.0], [374.0, 1093.0, 471.0], [365.0, 1233.0, 298.0], [364.0, 1242.0, 260.0], [364.0, 1215.0, 347.0], [364.0, 1134.0, 421.0], [361.0, 1142.0, 418.0], [361.0, 1139.0, 469.0], [355.0, 1193.0, 368.0], [353.0, 1045.0, 515.0], [350.0, 1148.0, 466.0], [348.0, 1175.0, 389.0], [341.0, 1261.0, 232.0], [338.0, 1117.0, 476.0], [334.0, 1201.0, 380.0], [333.0, 1201.0, 394.0], [331.0, 1165.0, 406.0], [328.0, 1160.0, 452.0], [321.0, 1188.0, 434.0], [320.0, 1220.0, 358.0], [316.0, 1218.0, 364.0], [314.0, 1260.0, 253.0], [313.0, 1239.0, 358.0], [313.0, 1211.0, 385.0], [312.0, 1278.0, 258.0], [305.0, 1150.0, 480.0], [302.0, 1250.0, 259.0], [302.0, 1170.0, 471.0], [300.0, 1177.0, 480.0], [297.0, 1225.0, 374.0], [297.0, 1208.0, 400.0], [296.0, 1276.0, 331.0], [296.0, 1213.0, 381.0], [295.0, 1213.0, 392.0], [294.0, 1223.0, 375.0], [294.0, 1214.0, 407.0], [291.0, 1257.0, 350.0], [289.0, 1200.0, 410.0], [288.0, 1307.0, 266.0], [283.0, 1207.0, 431.0], [282.0, 1257.0, 368.0], [282.0, 1256.0, 378.0], [278.0, 1211.0, 423.0], [277.0, 1279.0, 333.0], [274.0, 1299.0, 277.0], [271.0, 1261.0, 343.0], [269.0, 1215.0, 382.0], [266.0, 1279.0, 357.0], [266.0, 1216.0, 426.0], [264.0, 1232.0, 442.0], [261.0, 1280.0, 300.0], [261.0, 1242.0, 464.0], [258.0, 1304.0, 311.0], [249.0, 1281.0, 382.0], [245.0, 1250.0, 422.0], [239.0, 1302.0, 393.0], [230.0, 1343.0, 324.0], [229.0, 1316.0, 377.0], [220.0, 1320.0, 333.0], [218.0, 1352.0, 291.0], [207.0, 1262.0, 396.0], [197.0, 1329.0, 349.0], [188.0, 1335.0, 396.0], [185.0, 1341.0, 403.0], [182.0, 1357.0, 362.0], [180.0, 1369.0, 322.0], [180.0, 1351.0, 368.0], [177.0, 1302.0, 411.0], [161.0, 1294.0, 420.0], [157.0, 1343.0, 395.0], [155.0, 1347.0, 397.0], [152.0, 1353.0, 364.0]]
