heur = false
LBS_limit = 4
preproc = 1
tight_root = 1
total_time = 1800.03
NDP = 674
total_nodes = 102367
pruned_nodes = 51158
pruned_dominance_nodes = 2
heur_time = 0.0
Y_N = Any[[1039.0, 362.0, 440.0], [1037.0, 361.0, 517.0], [1027.0, 377.0, 455.0], [999.0, 437.0, 405.0], [995.0, 459.0, 336.0], [992.0, 437.0, 466.0], [983.0, 442.0, 385.0], [982.0, 468.0, 492.0], [969.0, 493.0, 371.0], [963.0, 419.0, 508.0], [963.0, 383.0, 645.0], [957.0, 525.0, 303.0], [951.0, 479.0, 466.0], [951.0, 460.0, 528.0], [951.0, 312.0, 682.0], [944.0, 505.0, 409.0], [944.0, 483.0, 472.0], [942.0, 417.0, 607.0], [941.0, 490.0, 443.0], [938.0, 510.0, 504.0], [938.0, 398.0, 623.0], [937.0, 433.0, 559.0], [936.0, 528.0, 415.0], [932.0, 562.0, 353.0], [931.0, 524.0, 460.0], [930.0, 537.0, 424.0], [930.0, 531.0, 434.0], [927.0, 514.0, 476.0], [927.0, 457.0, 608.0], [927.0, 429.0, 685.0], [926.0, 555.0, 435.0], [924.0, 298.0, 747.0], [923.0, 461.0, 549.0], [916.0, 465.0, 543.0], [915.0, 575.0, 338.0], [911.0, 377.0, 718.0], [908.0, 494.0, 525.0], [905.0, 524.0, 520.0], [904.0, 597.0, 388.0], [896.0, 532.0, 449.0], [894.0, 582.0, 509.0], [894.0, 470.0, 607.0], [894.0, 458.0, 653.0], [893.0, 608.0, 409.0], [890.0, 599.0, 487.0], [889.0, 541.0, 543.0], [885.0, 626.0, 323.0], [885.0, 509.0, 544.0], [881.0, 629.0, 275.0], [881.0, 606.0, 426.0], [881.0, 473.0, 611.0], [876.0, 609.0, 394.0], [876.0, 498.0, 553.0], [875.0, 526.0, 579.0], [875.0, 491.0, 618.0], [872.0, 491.0, 632.0], [870.0, 414.0, 704.0], [869.0, 614.0, 366.0], [867.0, 618.0, 474.0], [867.0, 556.0, 514.0], [866.0, 639.0, 325.0], [866.0, 623.0, 440.0], [866.0, 540.0, 652.0], [865.0, 650.0, 466.0], [863.0, 552.0, 580.0], [860.0, 503.0, 665.0], [858.0, 661.0, 396.0], [856.0, 674.0, 338.0], [856.0, 665.0, 417.0], [856.0, 558.0, 594.0], [852.0, 678.0, 316.0], [849.0, 548.0, 670.0], [848.0, 561.0, 561.0], [847.0, 591.0, 587.0], [846.0, 676.0, 362.0], [842.0, 482.0, 684.0], [840.0, 594.0, 507.0], [838.0, 596.0, 538.0], [834.0, 603.0, 483.0], [834.0, 547.0, 690.0], [832.0, 716.0, 421.0], [832.0, 661.0, 517.0], [828.0, 636.0, 538.0], [828.0, 599.0, 572.0], [826.0, 620.0, 565.0], [825.0, 592.0, 590.0], [825.0, 521.0, 708.0], [823.0, 676.0, 436.0], [823.0, 527.0, 702.0], [822.0, 663.0, 519.0], [822.0, 574.0, 652.0], [818.0, 540.0, 691.0], [817.0, 609.0, 574.0], [815.0, 674.0, 443.0], [815.0, 611.0, 592.0], [813.0, 687.0, 466.0], [810.0, 664.0, 499.0], [807.0, 723.0, 358.0], [805.0, 618.0, 586.0], [804.0, 728.0, 378.0], [803.0, 686.0, 544.0], [797.0, 713.0, 437.0], [797.0, 651.0, 580.0], [794.0, 593.0, 617.0], [794.0, 558.0, 665.0], [793.0, 718.0, 390.0], [792.0, 727.0, 425.0], [792.0, 702.0, 440.0], [791.0, 647.0, 641.0], [790.0, 791.0, 370.0], [788.0, 671.0, 581.0], [785.0, 717.0, 440.0], [783.0, 762.0, 447.0], [783.0, 698.0, 472.0], [782.0, 652.0, 596.0], [779.0, 691.0, 532.0], [778.0, 585.0, 670.0], [777.0, 656.0, 619.0], [775.0, 724.0, 501.0], [775.0, 679.0, 552.0], [774.0, 765.0, 409.0], [773.0, 570.0, 687.0], [773.0, 561.0, 704.0], [770.0, 580.0, 676.0], [769.0, 692.0, 547.0], [767.0, 737.0, 459.0], [766.0, 658.0, 585.0], [765.0, 696.0, 577.0], [762.0, 610.0, 647.0], [761.0, 799.0, 293.0], [761.0, 680.0, 618.0], [760.0, 724.0, 504.0], [758.0, 750.0, 494.0], [758.0, 658.0, 620.0], [757.0, 762.0, 503.0], [756.0, 717.0, 602.0], [756.0, 563.0, 689.0], [754.0, 784.0, 411.0], [752.0, 602.0, 686.0], [751.0, 812.0, 339.0], [750.0, 813.0, 372.0], [749.0, 721.0, 507.0], [748.0, 718.0, 518.0], [747.0, 771.0, 438.0], [747.0, 666.0, 626.0], [747.0, 608.0, 717.0], [746.0, 697.0, 631.0], [744.0, 625.0, 665.0], [743.0, 727.0, 506.0], [742.0, 774.0, 413.0], [742.0, 732.0, 551.0], [742.0, 686.0, 662.0], [740.0, 743.0, 506.0], [740.0, 608.0, 748.0], [739.0, 822.0, 342.0], [736.0, 748.0, 546.0], [734.0, 800.0, 436.0], [731.0, 724.0, 576.0], [729.0, 851.0, 303.0], [729.0, 804.0, 375.0], [729.0, 755.0, 518.0], [727.0, 632.0, 664.0], [726.0, 752.0, 563.0], [726.0, 618.0, 666.0], [725.0, 814.0, 364.0], [725.0, 717.0, 606.0], [724.0, 723.0, 578.0], [723.0, 823.0, 419.0], [723.0, 717.0, 615.0], [721.0, 624.0, 670.0], [719.0, 831.0, 418.0], [718.0, 724.0, 595.0], [718.0, 664.0, 727.0], [717.0, 782.0, 447.0], [717.0, 764.0, 465.0], [715.0, 818.0, 422.0], [715.0, 765.0, 481.0], [715.0, 739.0, 673.0], [714.0, 768.0, 460.0], [713.0, 844.0, 343.0], [713.0, 786.0, 498.0], [712.0, 756.0, 518.0], [711.0, 810.0, 477.0], [711.0, 677.0, 685.0], [710.0, 870.0, 355.0], [709.0, 793.0, 486.0], [708.0, 758.0, 507.0], [706.0, 839.0, 487.0], [706.0, 769.0, 533.0], [703.0, 770.0, 613.0], [697.0, 709.0, 711.0], [695.0, 802.0, 556.0], [692.0, 828.0, 496.0], [691.0, 898.0, 316.0], [691.0, 782.0, 557.0], [689.0, 842.0, 356.0], [688.0, 857.0, 417.0], [686.0, 830.0, 489.0], [685.0, 752.0, 626.0], [684.0, 841.0, 432.0], [682.0, 882.0, 318.0], [682.0, 881.0, 369.0], [682.0, 859.0, 494.0], [681.0, 860.0, 371.0], [681.0, 827.0, 501.0], [679.0, 806.0, 525.0], [677.0, 818.0, 544.0], [675.0, 882.0, 349.0], [674.0, 877.0, 385.0], [673.0, 876.0, 474.0], [673.0, 820.0, 544.0], [672.0, 894.0, 325.0], [671.0, 907.0, 241.0], [671.0, 728.0, 712.0], [669.0, 894.0, 441.0], [668.0, 782.0, 558.0], [668.0, 780.0, 582.0], [666.0, 758.0, 652.0], [665.0, 706.0, 761.0], [663.0, 903.0, 313.0], [663.0, 857.0, 509.0], [663.0, 827.0, 521.0], [661.0, 907.0, 277.0], [661.0, 830.0, 511.0], [661.0, 825.0, 526.0], [660.0, 810.0, 624.0], [657.0, 909.0, 241.0], [657.0, 848.0, 550.0], [657.0, 762.0, 627.0], [654.0, 906.0, 315.0], [653.0, 864.0, 524.0], [653.0, 770.0, 633.0], [652.0, 934.0, 298.0], [650.0, 738.0, 696.0], [649.0, 917.0, 304.0], [648.0, 908.0, 322.0], [646.0, 944.0, 322.0], [646.0, 910.0, 408.0], [644.0, 758.0, 658.0], [642.0, 918.0, 351.0], [642.0, 835.0, 553.0], [640.0, 875.0, 489.0], [639.0, 942.0, 329.0], [639.0, 906.0, 439.0], [639.0, 897.0, 451.0], [638.0, 916.0, 382.0], [637.0, 817.0, 557.0], [636.0, 918.0, 367.0], [636.0, 909.0, 454.0], [636.0, 875.0, 512.0], [636.0, 846.0, 590.0], [636.0, 786.0, 641.0], [634.0, 859.0, 615.0], [633.0, 916.0, 462.0], [632.0, 932.0, 375.0], [632.0, 745.0, 716.0], [631.0, 762.0, 656.0], [631.0, 752.0, 688.0], [630.0, 840.0, 616.0], [630.0, 798.0, 625.0], [629.0, 758.0, 706.0], [628.0, 769.0, 653.0], [627.0, 878.0, 485.0], [626.0, 920.0, 403.0], [625.0, 964.0, 372.0], [625.0, 889.0, 469.0], [625.0, 784.0, 662.0], [624.0, 880.0, 540.0], [624.0, 798.0, 639.0], [624.0, 684.0, 776.0], [623.0, 813.0, 627.0], [622.0, 887.0, 482.0], [621.0, 925.0, 400.0], [621.0, 921.0, 454.0], [620.0, 916.0, 484.0], [618.0, 928.0, 400.0], [617.0, 965.0, 243.0], [617.0, 923.0, 462.0], [615.0, 738.0, 745.0], [614.0, 941.0, 393.0], [614.0, 887.0, 544.0], [613.0, 966.0, 256.0], [613.0, 793.0, 664.0], [610.0, 966.0, 323.0], [610.0, 927.0, 434.0], [608.0, 987.0, 288.0], [608.0, 894.0, 548.0], [607.0, 800.0, 628.0], [606.0, 944.0, 377.0], [606.0, 836.0, 618.0], [606.0, 763.0, 685.0], [605.0, 929.0, 431.0], [604.0, 975.0, 396.0], [604.0, 927.0, 436.0], [603.0, 805.0, 640.0], [602.0, 996.0, 308.0], [602.0, 899.0, 498.0], [601.0, 935.0, 406.0], [601.0, 869.0, 557.0], [600.0, 879.0, 585.0], [600.0, 813.0, 654.0], [599.0, 930.0, 461.0], [599.0, 897.0, 542.0], [599.0, 797.0, 656.0], [598.0, 940.0, 407.0], [596.0, 989.0, 366.0], [596.0, 769.0, 692.0], [595.0, 910.0, 504.0], [594.0, 954.0, 425.0], [594.0, 906.0, 530.0], [592.0, 959.0, 442.0], [592.0, 756.0, 740.0], [591.0, 942.0, 510.0], [591.0, 924.0, 536.0], [591.0, 775.0, 670.0], [591.0, 755.0, 743.0], [590.0, 947.0, 488.0], [590.0, 935.0, 519.0], [590.0, 877.0, 605.0], [589.0, 806.0, 658.0], [589.0, 803.0, 705.0], [588.0, 1028.0, 270.0], [588.0, 1001.0, 382.0], [588.0, 849.0, 627.0], [587.0, 867.0, 606.0], [587.0, 813.0, 659.0], [585.0, 968.0, 409.0], [585.0, 886.0, 605.0], [585.0, 826.0, 655.0], [584.0, 983.0, 398.0], [583.0, 930.0, 523.0], [583.0, 847.0, 654.0], [581.0, 905.0, 545.0], [579.0, 815.0, 676.0], [578.0, 969.0, 402.0], [577.0, 976.0, 459.0], [577.0, 757.0, 749.0], [575.0, 1018.0, 325.0], [575.0, 897.0, 597.0], [573.0, 1027.0, 297.0], [573.0, 981.0, 455.0], [572.0, 1010.0, 382.0], [572.0, 883.0, 626.0], [572.0, 875.0, 644.0], [571.0, 1011.0, 345.0], [569.0, 1012.0, 360.0], [569.0, 989.0, 391.0], [568.0, 1017.0, 358.0], [567.0, 1045.0, 241.0], [567.0, 949.0, 531.0], [566.0, 1037.0, 287.0], [565.0, 1038.0, 283.0], [564.0, 952.0, 463.0], [564.0, 771.0, 740.0], [562.0, 1037.0, 290.0], [562.0, 952.0, 516.0], [562.0, 839.0, 666.0], [561.0, 1018.0, 340.0], [561.0, 978.0, 495.0], [561.0, 911.0, 543.0], [560.0, 921.0, 540.0], [560.0, 900.0, 574.0], [560.0, 849.0, 655.0], [559.0, 956.0, 507.0], [558.0, 991.0, 404.0], [558.0, 967.0, 528.0], [557.0, 1030.0, 293.0], [557.0, 983.0, 451.0], [556.0, 1040.0, 356.0], [555.0, 1008.0, 494.0], [554.0, 924.0, 600.0], [553.0, 1047.0, 384.0], [553.0, 899.0, 607.0], [553.0, 884.0, 626.0], [552.0, 944.0, 541.0], [550.0, 1051.0, 301.0], [549.0, 945.0, 542.0], [549.0, 927.0, 569.0], [548.0, 1052.0, 331.0], [548.0, 1030.0, 397.0], [548.0, 908.0, 616.0], [547.0, 950.0, 536.0], [545.0, 860.0, 664.0], [545.0, 731.0, 818.0], [543.0, 1070.0, 333.0], [543.0, 956.0, 531.0], [543.0, 841.0, 666.0], [541.0, 1054.0, 344.0], [541.0, 968.0, 526.0], [540.0, 970.0, 497.0], [539.0, 978.0, 526.0], [538.0, 1011.0, 430.0], [538.0, 938.0, 560.0], [537.0, 1025.0, 427.0], [536.0, 1040.0, 417.0], [534.0, 813.0, 701.0], [533.0, 1079.0, 264.0], [533.0, 1019.0, 456.0], [532.0, 940.0, 561.0], [531.0, 1072.0, 343.0], [531.0, 874.0, 651.0], [530.0, 1025.0, 489.0], [530.0, 946.0, 538.0], [529.0, 1064.0, 382.0], [529.0, 986.0, 519.0], [528.0, 1085.0, 364.0], [527.0, 916.0, 626.0], [526.0, 1004.0, 499.0], [526.0, 794.0, 716.0], [525.0, 1033.0, 455.0], [525.0, 959.0, 543.0], [524.0, 993.0, 540.0], [524.0, 976.0, 554.0], [524.0, 940.0, 588.0], [523.0, 1082.0, 374.0], [523.0, 1053.0, 394.0], [523.0, 938.0, 606.0], [522.0, 922.0, 624.0], [521.0, 952.0, 585.0], [519.0, 958.0, 564.0], [518.0, 1054.0, 390.0], [518.0, 1007.0, 507.0], [516.0, 1099.0, 291.0], [516.0, 1044.0, 412.0], [516.0, 868.0, 668.0], [514.0, 865.0, 683.0], [513.0, 1048.0, 404.0], [513.0, 1034.0, 459.0], [513.0, 934.0, 635.0], [512.0, 839.0, 700.0], [510.0, 966.0, 565.0], [510.0, 913.0, 673.0], [509.0, 997.0, 544.0], [509.0, 853.0, 686.0], [507.0, 982.0, 552.0], [505.0, 997.0, 570.0], [504.0, 1129.0, 329.0], [504.0, 1042.0, 436.0], [503.0, 1097.0, 352.0], [503.0, 1084.0, 377.0], [503.0, 1063.0, 398.0], [503.0, 1036.0, 444.0], [502.0, 857.0, 691.0], [500.0, 951.0, 591.0], [500.0, 914.0, 649.0], [499.0, 1059.0, 424.0], [499.0, 1017.0, 494.0], [499.0, 976.0, 576.0], [498.0, 928.0, 642.0], [498.0, 872.0, 690.0], [497.0, 1059.0, 440.0], [496.0, 1072.0, 403.0], [495.0, 999.0, 540.0], [494.0, 1081.0, 395.0], [494.0, 1045.0, 466.0], [493.0, 1092.0, 354.0], [492.0, 954.0, 621.0], [491.0, 1091.0, 374.0], [491.0, 931.0, 646.0], [491.0, 921.0, 656.0], [490.0, 1082.0, 389.0], [490.0, 1029.0, 470.0], [490.0, 1007.0, 539.0], [490.0, 959.0, 589.0], [489.0, 943.0, 644.0], [488.0, 1046.0, 443.0], [487.0, 1042.0, 474.0], [485.0, 1058.0, 455.0], [485.0, 1022.0, 536.0], [484.0, 1044.0, 475.0], [484.0, 1028.0, 505.0], [483.0, 1096.0, 380.0], [483.0, 1071.0, 432.0], [482.0, 1098.0, 346.0], [481.0, 1086.0, 382.0], [481.0, 1067.0, 474.0], [480.0, 1072.0, 452.0], [480.0, 1038.0, 483.0], [479.0, 1024.0, 510.0], [478.0, 1139.0, 258.0], [478.0, 1125.0, 370.0], [478.0, 1039.0, 500.0], [477.0, 1102.0, 373.0], [476.0, 1080.0, 400.0], [476.0, 1047.0, 489.0], [476.0, 1024.0, 519.0], [475.0, 1116.0, 435.0], [475.0, 984.0, 607.0], [474.0, 988.0, 635.0], [473.0, 1008.0, 587.0], [472.0, 1126.0, 346.0], [472.0, 1089.0, 450.0], [471.0, 1066.0, 499.0], [471.0, 923.0, 649.0], [470.0, 1070.0, 501.0], [469.0, 1013.0, 545.0], [468.0, 991.0, 604.0], [466.0, 1157.0, 283.0], [462.0, 1039.0, 557.0], [461.0, 1149.0, 364.0], [461.0, 1121.0, 411.0], [460.0, 1087.0, 463.0], [459.0, 1176.0, 239.0], [458.0, 1061.0, 523.0], [457.0, 956.0, 654.0], [455.0, 1156.0, 320.0], [455.0, 953.0, 660.0], [453.0, 1084.0, 473.0], [453.0, 1037.0, 576.0], [451.0, 1147.0, 377.0], [450.0, 1094.0, 441.0], [450.0, 1093.0, 450.0], [449.0, 1126.0, 431.0], [448.0, 1118.0, 455.0], [448.0, 1003.0, 605.0], [446.0, 1120.0, 439.0], [446.0, 920.0, 720.0], [445.0, 1090.0, 456.0], [445.0, 1043.0, 528.0], [444.0, 1055.0, 541.0], [444.0, 1023.0, 585.0], [443.0, 1132.0, 397.0], [443.0, 1065.0, 517.0], [442.0, 1134.0, 417.0], [442.0, 933.0, 723.0], [440.0, 1057.0, 554.0], [440.0, 1026.0, 592.0], [439.0, 989.0, 607.0], [437.0, 1163.0, 274.0], [437.0, 1078.0, 482.0], [435.0, 1149.0, 441.0], [435.0, 1069.0, 505.0], [434.0, 1085.0, 518.0], [431.0, 1092.0, 487.0], [430.0, 1065.0, 525.0], [429.0, 1095.0, 466.0], [428.0, 1088.0, 511.0], [428.0, 1060.0, 563.0], [427.0, 937.0, 709.0], [425.0, 1179.0, 226.0], [423.0, 1166.0, 303.0], [423.0, 1163.0, 419.0], [423.0, 1001.0, 614.0], [422.0, 1064.0, 538.0], [421.0, 1091.0, 521.0], [420.0, 1175.0, 333.0], [420.0, 1133.0, 446.0], [419.0, 1116.0, 468.0], [419.0, 1041.0, 564.0], [418.0, 1219.0, 298.0], [418.0, 1025.0, 616.0], [418.0, 945.0, 715.0], [417.0, 1179.0, 327.0], [417.0, 1164.0, 421.0], [417.0, 966.0, 641.0], [415.0, 1197.0, 334.0], [414.0, 1080.0, 523.0], [413.0, 1177.0, 408.0], [413.0, 1103.0, 473.0], [412.0, 1105.0, 487.0], [411.0, 1124.0, 460.0], [410.0, 1109.0, 472.0], [410.0, 1095.0, 537.0], [408.0, 1037.0, 610.0], [406.0, 1175.0, 419.0], [405.0, 1182.0, 348.0], [404.0, 1202.0, 406.0], [404.0, 1115.0, 499.0], [399.0, 1212.0, 332.0], [398.0, 1172.0, 424.0], [397.0, 1176.0, 419.0], [395.0, 1116.0, 518.0], [393.0, 1121.0, 470.0], [392.0, 1000.0, 618.0], [390.0, 1159.0, 433.0], [389.0, 1176.0, 422.0], [389.0, 1148.0, 457.0], [388.0, 1092.0, 538.0], [387.0, 1204.0, 405.0], [387.0, 1130.0, 485.0], [386.0, 1220.0, 306.0], [384.0, 1075.0, 549.0], [383.0, 1108.0, 521.0], [382.0, 1247.0, 339.0], [381.0, 1139.0, 477.0], [381.0, 1064.0, 588.0], [379.0, 1149.0, 461.0], [379.0, 994.0, 637.0], [377.0, 1066.0, 565.0], [376.0, 1187.0, 451.0], [376.0, 1024.0, 627.0], [375.0, 1121.0, 495.0], [375.0, 1091.0, 561.0], [374.0, 1167.0, 452.0], [374.0, 1133.0, 506.0], [372.0, 1216.0, 362.0], [372.0, 1163.0, 465.0], [370.0, 1053.0, 599.0], [369.0, 1050.0, 635.0], [367.0, 1249.0, 323.0], [367.0, 1160.0, 468.0], [365.0, 1100.0, 538.0], [365.0, 1067.0, 570.0], [364.0, 1181.0, 484.0], [363.0, 1125.0, 512.0], [363.0, 1107.0, 558.0], [362.0, 1146.0, 487.0], [359.0, 1237.0, 408.0], [359.0, 1128.0, 512.0], [358.0, 1140.0, 492.0], [355.0, 1195.0, 424.0], [355.0, 1043.0, 664.0], [353.0, 1193.0, 470.0], [351.0, 1228.0, 410.0], [351.0, 1209.0, 411.0], [350.0, 1062.0, 597.0], [349.0, 1210.0, 432.0], [348.0, 1165.0, 493.0], [348.0, 1090.0, 586.0], [345.0, 1166.0, 509.0], [344.0, 1202.0, 433.0], [342.0, 1252.0, 314.0], [342.0, 1183.0, 483.0], [341.0, 1254.0, 282.0], [338.0, 1203.0, 441.0], [336.0, 1255.0, 363.0], [334.0, 1231.0, 450.0], [333.0, 1271.0, 345.0], [331.0, 1186.0, 473.0], [329.0, 1245.0, 394.0], [327.0, 1283.0, 341.0], [327.0, 1095.0, 601.0], [325.0, 1188.0, 501.0], [325.0, 1072.0, 646.0], [321.0, 1133.0, 514.0], [320.0, 1240.0, 401.0], [316.0, 1256.0, 372.0], [313.0, 1110.0, 520.0], [310.0, 1260.0, 361.0], [310.0, 1131.0, 536.0], [307.0, 1263.0, 356.0], [307.0, 1157.0, 511.0], [307.0, 1155.0, 532.0], [303.0, 1211.0, 524.0], [298.0, 1250.0, 418.0], [295.0, 1220.0, 473.0], [292.0, 1294.0, 407.0], [284.0, 1262.0, 414.0], [282.0, 1295.0, 327.0], [281.0, 1191.0, 526.0], [280.0, 1238.0, 419.0], [274.0, 1147.0, 536.0], [273.0, 1182.0, 529.0], [270.0, 1258.0, 418.0], [269.0, 1246.0, 438.0], [265.0, 1227.0, 495.0], [259.0, 1297.0, 323.0], [258.0, 1291.0, 421.0], [256.0, 1295.0, 360.0], [253.0, 1275.0, 455.0], [244.0, 1303.0, 404.0], [241.0, 1229.0, 460.0], [241.0, 1228.0, 462.0], [234.0, 1322.0, 315.0], [234.0, 1310.0, 404.0], [232.0, 1217.0, 519.0], [218.0, 1277.0, 446.0], [213.0, 1255.0, 468.0], [209.0, 1320.0, 471.0], [207.0, 1330.0, 289.0], [205.0, 1323.0, 325.0], [195.0, 1272.0, 477.0], [191.0, 1350.0, 360.0], [186.0, 1356.0, 290.0]]
