heur = false
LBS_limit = 4
preproc = 1
tight_root = 1
total_time = 45.66
NDP = 292
total_nodes = 10697
pruned_nodes = 5349
pruned_dominance_nodes = 0
heur_time = 0.0
Y_N = Any[[467.0, 129.0, 187.0], [456.0, 131.0, 174.0], [447.0, 137.0, 159.0], [436.0, 174.0, 139.0], [419.0, 193.0, 141.0], [419.0, 167.0, 199.0], [418.0, 135.0, 229.0], [417.0, 200.0, 166.0], [408.0, 204.0, 134.0], [402.0, 158.0, 241.0], [399.0, 214.0, 172.0], [393.0, 174.0, 202.0], [391.0, 249.0, 176.0], [386.0, 196.0, 213.0], [383.0, 235.0, 189.0], [382.0, 204.0, 202.0], [379.0, 277.0, 130.0], [377.0, 283.0, 75.0], [372.0, 210.0, 234.0], [371.0, 260.0, 153.0], [366.0, 275.0, 134.0], [364.0, 247.0, 205.0], [364.0, 217.0, 216.0], [363.0, 281.0, 159.0], [362.0, 298.0, 111.0], [360.0, 250.0, 174.0], [359.0, 282.0, 175.0], [357.0, 228.0, 254.0], [355.0, 227.0, 261.0], [352.0, 319.0, 133.0], [349.0, 330.0, 95.0], [348.0, 260.0, 178.0], [347.0, 322.0, 124.0], [345.0, 320.0, 149.0], [342.0, 296.0, 164.0], [342.0, 288.0, 176.0], [341.0, 258.0, 253.0], [339.0, 289.0, 169.0], [338.0, 338.0, 88.0], [338.0, 263.0, 197.0], [336.0, 316.0, 192.0], [333.0, 277.0, 200.0], [332.0, 275.0, 211.0], [331.0, 276.0, 205.0], [330.0, 323.0, 135.0], [328.0, 322.0, 179.0], [324.0, 269.0, 254.0], [323.0, 384.0, 122.0], [323.0, 214.0, 287.0], [322.0, 296.0, 197.0], [316.0, 281.0, 216.0], [311.0, 342.0, 157.0], [309.0, 327.0, 166.0], [307.0, 310.0, 202.0], [307.0, 294.0, 215.0], [306.0, 303.0, 220.0], [305.0, 387.0, 113.0], [305.0, 330.0, 164.0], [300.0, 327.0, 194.0], [298.0, 369.0, 133.0], [298.0, 298.0, 235.0], [296.0, 353.0, 140.0], [296.0, 312.0, 228.0], [292.0, 346.0, 178.0], [290.0, 393.0, 98.0], [290.0, 378.0, 126.0], [290.0, 332.0, 190.0], [288.0, 315.0, 222.0], [287.0, 375.0, 131.0], [285.0, 333.0, 183.0], [285.0, 325.0, 221.0], [285.0, 286.0, 245.0], [284.0, 333.0, 211.0], [283.0, 300.0, 238.0], [282.0, 384.0, 149.0], [280.0, 289.0, 265.0], [279.0, 362.0, 150.0], [277.0, 405.0, 133.0], [277.0, 334.0, 181.0], [276.0, 379.0, 157.0], [275.0, 388.0, 143.0], [274.0, 391.0, 150.0], [273.0, 304.0, 232.0], [271.0, 324.0, 289.0], [267.0, 394.0, 143.0], [267.0, 369.0, 164.0], [267.0, 332.0, 220.0], [266.0, 334.0, 202.0], [265.0, 406.0, 114.0], [264.0, 385.0, 155.0], [263.0, 408.0, 107.0], [263.0, 377.0, 164.0], [263.0, 345.0, 180.0], [262.0, 356.0, 175.0], [262.0, 336.0, 181.0], [260.0, 336.0, 250.0], [259.0, 352.0, 193.0], [258.0, 389.0, 158.0], [257.0, 344.0, 221.0], [255.0, 359.0, 205.0], [255.0, 358.0, 220.0], [254.0, 373.0, 190.0], [254.0, 367.0, 199.0], [250.0, 460.0, 112.0], [250.0, 384.0, 168.0], [250.0, 325.0, 252.0], [249.0, 334.0, 261.0], [248.0, 393.0, 157.0], [247.0, 404.0, 152.0], [247.0, 384.0, 176.0], [246.0, 421.0, 117.0], [246.0, 363.0, 211.0], [246.0, 333.0, 264.0], [245.0, 383.0, 202.0], [243.0, 389.0, 163.0], [243.0, 360.0, 216.0], [242.0, 414.0, 121.0], [241.0, 421.0, 176.0], [241.0, 401.0, 189.0], [238.0, 371.0, 213.0], [238.0, 363.0, 218.0], [236.0, 404.0, 179.0], [235.0, 388.0, 211.0], [234.0, 397.0, 190.0], [233.0, 400.0, 207.0], [233.0, 384.0, 224.0], [232.0, 391.0, 213.0], [231.0, 472.0, 72.0], [230.0, 464.0, 117.0], [230.0, 345.0, 242.0], [229.0, 425.0, 148.0], [228.0, 466.0, 93.0], [226.0, 482.0, 113.0], [225.0, 348.0, 234.0], [224.0, 402.0, 217.0], [224.0, 382.0, 233.0], [222.0, 469.0, 132.0], [222.0, 446.0, 136.0], [222.0, 379.0, 234.0], [221.0, 410.0, 187.0], [221.0, 354.0, 255.0], [220.0, 423.0, 157.0], [219.0, 424.0, 152.0], [218.0, 414.0, 180.0], [218.0, 384.0, 225.0], [217.0, 476.0, 138.0], [217.0, 336.0, 272.0], [216.0, 427.0, 158.0], [215.0, 389.0, 227.0], [214.0, 427.0, 160.0], [214.0, 425.0, 165.0], [214.0, 403.0, 203.0], [213.0, 328.0, 296.0], [211.0, 399.0, 235.0], [210.0, 483.0, 124.0], [210.0, 439.0, 141.0], [208.0, 412.0, 186.0], [204.0, 416.0, 202.0], [203.0, 440.0, 148.0], [201.0, 466.0, 152.0], [201.0, 437.0, 157.0], [199.0, 398.0, 250.0], [198.0, 421.0, 202.0], [198.0, 413.0, 205.0], [197.0, 490.0, 104.0], [195.0, 418.0, 215.0], [194.0, 407.0, 242.0], [193.0, 472.0, 148.0], [191.0, 422.0, 195.0], [190.0, 423.0, 166.0], [189.0, 424.0, 185.0], [188.0, 399.0, 252.0], [187.0, 482.0, 141.0], [187.0, 477.0, 149.0], [187.0, 428.0, 201.0], [186.0, 430.0, 176.0], [185.0, 411.0, 225.0], [184.0, 436.0, 158.0], [184.0, 419.0, 207.0], [183.0, 484.0, 118.0], [183.0, 480.0, 153.0], [183.0, 415.0, 228.0], [183.0, 400.0, 255.0], [182.0, 433.0, 172.0], [182.0, 426.0, 228.0], [179.0, 440.0, 199.0], [178.0, 497.0, 110.0], [178.0, 424.0, 254.0], [177.0, 498.0, 137.0], [177.0, 479.0, 175.0], [176.0, 487.0, 152.0], [175.0, 474.0, 194.0], [171.0, 410.0, 262.0], [169.0, 467.0, 205.0], [166.0, 540.0, 101.0], [164.0, 482.0, 160.0], [161.0, 514.0, 106.0], [161.0, 494.0, 154.0], [159.0, 508.0, 142.0], [157.0, 480.0, 181.0], [156.0, 486.0, 159.0], [156.0, 440.0, 216.0], [155.0, 487.0, 164.0], [154.0, 503.0, 154.0], [154.0, 487.0, 212.0], [154.0, 425.0, 251.0], [152.0, 459.0, 223.0], [152.0, 416.0, 257.0], [151.0, 489.0, 176.0], [151.0, 434.0, 267.0], [148.0, 532.0, 108.0], [148.0, 497.0, 189.0], [144.0, 524.0, 121.0], [143.0, 504.0, 168.0], [141.0, 460.0, 230.0], [138.0, 488.0, 227.0], [136.0, 506.0, 148.0], [135.0, 509.0, 130.0], [133.0, 552.0, 118.0], [133.0, 537.0, 125.0], [130.0, 507.0, 160.0], [129.0, 515.0, 130.0], [128.0, 517.0, 140.0], [126.0, 554.0, 120.0], [126.0, 520.0, 138.0], [126.0, 508.0, 162.0], [126.0, 494.0, 198.0], [125.0, 571.0, 96.0], [124.0, 498.0, 195.0], [123.0, 515.0, 170.0], [121.0, 578.0, 68.0], [121.0, 546.0, 131.0], [120.0, 578.0, 72.0], [118.0, 569.0, 118.0], [114.0, 503.0, 205.0], [109.0, 559.0, 137.0], [109.0, 518.0, 172.0], [108.0, 507.0, 173.0], [107.0, 518.0, 175.0], [106.0, 576.0, 83.0], [105.0, 584.0, 69.0], [105.0, 512.0, 193.0], [103.0, 572.0, 103.0], [103.0, 538.0, 141.0], [103.0, 514.0, 178.0], [103.0, 513.0, 205.0], [102.0, 575.0, 124.0], [101.0, 490.0, 217.0], [99.0, 562.0, 133.0], [98.0, 573.0, 141.0], [97.0, 557.0, 145.0], [97.0, 522.0, 179.0], [94.0, 577.0, 116.0], [93.0, 561.0, 145.0], [93.0, 523.0, 153.0], [92.0, 579.0, 99.0], [90.0, 500.0, 252.0], [89.0, 570.0, 159.0], [88.0, 574.0, 125.0], [86.0, 505.0, 239.0], [85.0, 575.0, 127.0], [85.0, 507.0, 208.0], [82.0, 578.0, 138.0], [82.0, 515.0, 185.0], [81.0, 514.0, 200.0], [80.0, 581.0, 72.0], [79.0, 584.0, 156.0], [78.0, 586.0, 96.0], [78.0, 520.0, 218.0], [76.0, 587.0, 92.0], [76.0, 582.0, 177.0], [75.0, 529.0, 226.0], [70.0, 530.0, 210.0], [69.0, 589.0, 73.0], [65.0, 589.0, 84.0], [62.0, 586.0, 127.0], [62.0, 531.0, 188.0], [60.0, 509.0, 239.0], [58.0, 590.0, 76.0], [56.0, 592.0, 61.0], [49.0, 594.0, 115.0], [47.0, 594.0, 126.0], [41.0, 599.0, 124.0], [41.0, 590.0, 133.0], [38.0, 584.0, 174.0], [37.0, 594.0, 164.0], [31.0, 588.0, 176.0], [14.0, 595.0, 191.0], [11.0, 599.0, 141.0], [5.0, 600.0, 160.0], [2.0, 600.0, 182.0], [-0.0, 600.0, 183.0]]
