heur = false
LBS_limit = 4
preproc = 1
tight_root = 1
total_time = 1800.05
NDP = 555
total_nodes = 136457
pruned_nodes = 68202
pruned_dominance_nodes = 348
heur_time = 0.0
Y_N = Any[[1406.0, 502.0, 678.0], [1401.0, 434.0, 777.0], [1394.0, 644.0, 547.0], [1377.0, 469.0, 818.0], [1371.0, 720.0, 531.0], [1368.0, 680.0, 581.0], [1368.0, 512.0, 786.0], [1366.0, 628.0, 603.0], [1365.0, 761.0, 548.0], [1363.0, 531.0, 724.0], [1358.0, 634.0, 670.0], [1358.0, 549.0, 836.0], [1355.0, 664.0, 628.0], [1353.0, 583.0, 726.0], [1352.0, 663.0, 639.0], [1351.0, 574.0, 732.0], [1347.0, 674.0, 667.0], [1345.0, 705.0, 621.0], [1338.0, 743.0, 579.0], [1334.0, 587.0, 709.0], [1330.0, 766.0, 643.0], [1326.0, 790.0, 493.0], [1326.0, 786.0, 592.0], [1319.0, 790.0, 563.0], [1319.0, 635.0, 689.0], [1314.0, 813.0, 468.0], [1314.0, 720.0, 653.0], [1313.0, 806.0, 490.0], [1310.0, 696.0, 739.0], [1300.0, 811.0, 559.0], [1300.0, 743.0, 715.0], [1296.0, 822.0, 553.0], [1294.0, 831.0, 544.0], [1294.0, 622.0, 777.0], [1292.0, 838.0, 536.0], [1292.0, 820.0, 568.0], [1292.0, 787.0, 576.0], [1291.0, 818.0, 571.0], [1291.0, 769.0, 615.0], [1291.0, 710.0, 733.0], [1290.0, 758.0, 651.0], [1288.0, 788.0, 572.0], [1287.0, 850.0, 573.0], [1287.0, 571.0, 807.0], [1285.0, 877.0, 496.0], [1285.0, 768.0, 644.0], [1279.0, 852.0, 516.0], [1279.0, 656.0, 740.0], [1278.0, 767.0, 677.0], [1277.0, 774.0, 670.0], [1277.0, 697.0, 739.0], [1276.0, 851.0, 618.0], [1272.0, 640.0, 770.0], [1270.0, 869.0, 548.0], [1268.0, 771.0, 677.0], [1267.0, 881.0, 507.0], [1267.0, 808.0, 654.0], [1265.0, 879.0, 606.0], [1265.0, 795.0, 705.0], [1263.0, 724.0, 720.0], [1263.0, 705.0, 739.0], [1262.0, 848.0, 621.0], [1260.0, 843.0, 705.0], [1258.0, 667.0, 742.0], [1257.0, 886.0, 505.0], [1255.0, 890.0, 594.0], [1252.0, 905.0, 394.0], [1252.0, 786.0, 724.0], [1252.0, 651.0, 787.0], [1250.0, 616.0, 810.0], [1249.0, 901.0, 451.0], [1249.0, 854.0, 652.0], [1247.0, 938.0, 412.0], [1247.0, 876.0, 615.0], [1247.0, 723.0, 790.0], [1246.0, 932.0, 514.0], [1243.0, 923.0, 558.0], [1243.0, 833.0, 725.0], [1243.0, 740.0, 760.0], [1242.0, 599.0, 887.0], [1240.0, 938.0, 640.0], [1239.0, 777.0, 729.0], [1239.0, 667.0, 826.0], [1238.0, 968.0, 441.0], [1233.0, 940.0, 546.0], [1233.0, 877.0, 654.0], [1231.0, 941.0, 541.0], [1231.0, 798.0, 741.0], [1228.0, 854.0, 695.0], [1228.0, 667.0, 832.0], [1227.0, 816.0, 734.0], [1227.0, 755.0, 776.0], [1224.0, 959.0, 564.0], [1223.0, 869.0, 687.0], [1222.0, 807.0, 757.0], [1221.0, 724.0, 783.0], [1219.0, 859.0, 696.0], [1217.0, 964.0, 569.0], [1216.0, 885.0, 655.0], [1214.0, 915.0, 687.0], [1214.0, 850.0, 730.0], [1214.0, 815.0, 800.0], [1213.0, 678.0, 815.0], [1212.0, 946.0, 575.0], [1212.0, 901.0, 722.0], [1211.0, 943.0, 626.0], [1209.0, 971.0, 536.0], [1206.0, 985.0, 442.0], [1206.0, 973.0, 581.0], [1206.0, 850.0, 743.0], [1204.0, 977.0, 456.0], [1202.0, 1016.0, 487.0], [1202.0, 980.0, 543.0], [1200.0, 986.0, 502.0], [1198.0, 989.0, 494.0], [1198.0, 958.0, 620.0], [1198.0, 920.0, 749.0], [1197.0, 1017.0, 531.0], [1197.0, 994.0, 532.0], [1196.0, 1029.0, 432.0], [1192.0, 1008.0, 586.0], [1192.0, 983.0, 612.0], [1192.0, 741.0, 814.0], [1191.0, 1037.0, 479.0], [1191.0, 829.0, 788.0], [1190.0, 986.0, 645.0], [1188.0, 1042.0, 577.0], [1188.0, 973.0, 666.0], [1187.0, 943.0, 694.0], [1183.0, 830.0, 798.0], [1182.0, 841.0, 766.0], [1179.0, 1056.0, 582.0], [1179.0, 951.0, 731.0], [1177.0, 961.0, 669.0], [1176.0, 980.0, 667.0], [1170.0, 954.0, 689.0], [1168.0, 1033.0, 593.0], [1168.0, 1017.0, 660.0], [1168.0, 881.0, 800.0], [1166.0, 960.0, 703.0], [1166.0, 894.0, 756.0], [1163.0, 1061.0, 557.0], [1162.0, 758.0, 802.0], [1159.0, 1033.0, 607.0], [1158.0, 1017.0, 681.0], [1156.0, 922.0, 746.0], [1156.0, 683.0, 815.0], [1155.0, 1088.0, 406.0], [1155.0, 1026.0, 624.0], [1151.0, 1079.0, 476.0], [1151.0, 1053.0, 585.0], [1151.0, 929.0, 768.0], [1151.0, 814.0, 806.0], [1149.0, 1021.0, 656.0], [1147.0, 1062.0, 480.0], [1147.0, 963.0, 682.0], [1146.0, 1064.0, 507.0], [1146.0, 972.0, 684.0], [1146.0, 947.0, 737.0], [1145.0, 1093.0, 521.0], [1144.0, 1029.0, 652.0], [1143.0, 1048.0, 606.0], [1143.0, 1042.0, 624.0], [1141.0, 1091.0, 579.0], [1140.0, 789.0, 816.0], [1139.0, 886.0, 793.0], [1137.0, 1000.0, 700.0], [1136.0, 1124.0, 379.0], [1136.0, 1062.0, 614.0], [1136.0, 1044.0, 671.0], [1135.0, 977.0, 732.0], [1134.0, 922.0, 772.0], [1133.0, 1119.0, 418.0], [1133.0, 1103.0, 492.0], [1132.0, 1093.0, 534.0], [1132.0, 1023.0, 689.0], [1131.0, 1070.0, 594.0], [1131.0, 936.0, 769.0], [1129.0, 998.0, 749.0], [1128.0, 1076.0, 596.0], [1127.0, 831.0, 811.0], [1124.0, 1056.0, 618.0], [1123.0, 1106.0, 443.0], [1123.0, 1074.0, 616.0], [1122.0, 1002.0, 703.0], [1122.0, 1000.0, 713.0], [1121.0, 891.0, 793.0], [1120.0, 1084.0, 606.0], [1119.0, 1047.0, 634.0], [1119.0, 1006.0, 712.0], [1119.0, 964.0, 763.0], [1118.0, 1120.0, 429.0], [1117.0, 1123.0, 427.0], [1113.0, 1120.0, 551.0], [1113.0, 913.0, 789.0], [1112.0, 1047.0, 636.0], [1112.0, 1015.0, 693.0], [1111.0, 1031.0, 683.0], [1111.0, 966.0, 762.0], [1110.0, 1140.0, 493.0], [1110.0, 971.0, 771.0], [1109.0, 1143.0, 484.0], [1108.0, 1122.0, 542.0], [1108.0, 963.0, 783.0], [1107.0, 1052.0, 668.0], [1107.0, 973.0, 757.0], [1106.0, 1096.0, 566.0], [1105.0, 1148.0, 390.0], [1105.0, 1042.0, 674.0], [1104.0, 1010.0, 737.0], [1103.0, 1160.0, 494.0], [1103.0, 1088.0, 584.0], [1102.0, 1126.0, 500.0], [1101.0, 1093.0, 586.0], [1101.0, 980.0, 760.0], [1100.0, 1112.0, 556.0], [1100.0, 1099.0, 587.0], [1099.0, 1154.0, 506.0], [1099.0, 1076.0, 633.0], [1099.0, 1057.0, 663.0], [1099.0, 875.0, 831.0], [1098.0, 1073.0, 652.0], [1098.0, 961.0, 805.0], [1096.0, 1182.0, 386.0], [1096.0, 1101.0, 565.0], [1096.0, 1042.0, 709.0], [1095.0, 1165.0, 391.0], [1095.0, 1112.0, 559.0], [1095.0, 1090.0, 592.0], [1095.0, 1012.0, 717.0], [1094.0, 978.0, 807.0], [1093.0, 1142.0, 532.0], [1092.0, 1165.0, 461.0], [1091.0, 1106.0, 649.0], [1090.0, 1204.0, 449.0], [1089.0, 1116.0, 561.0], [1088.0, 1175.0, 513.0], [1087.0, 1064.0, 678.0], [1087.0, 914.0, 815.0], [1086.0, 1134.0, 598.0], [1083.0, 1044.0, 702.0], [1083.0, 1042.0, 716.0], [1082.0, 1177.0, 500.0], [1082.0, 1109.0, 609.0], [1081.0, 1092.0, 652.0], [1081.0, 1044.0, 716.0], [1080.0, 1027.0, 750.0], [1076.0, 952.0, 809.0], [1075.0, 1153.0, 546.0], [1075.0, 1094.0, 650.0], [1074.0, 1188.0, 469.0], [1074.0, 1038.0, 787.0], [1071.0, 1115.0, 605.0], [1071.0, 1056.0, 730.0], [1070.0, 1177.0, 510.0], [1070.0, 1115.0, 607.0], [1069.0, 958.0, 824.0], [1069.0, 921.0, 826.0], [1068.0, 1123.0, 629.0], [1068.0, 826.0, 854.0], [1067.0, 1149.0, 548.0], [1067.0, 1073.0, 734.0], [1064.0, 1145.0, 590.0], [1064.0, 1083.0, 666.0], [1063.0, 1172.0, 522.0], [1062.0, 1075.0, 692.0], [1062.0, 1066.0, 755.0], [1062.0, 1002.0, 837.0], [1061.0, 1146.0, 572.0], [1061.0, 1122.0, 652.0], [1061.0, 1079.0, 679.0], [1060.0, 1164.0, 524.0], [1059.0, 1161.0, 593.0], [1059.0, 1113.0, 694.0], [1058.0, 1077.0, 716.0], [1057.0, 1217.0, 357.0], [1056.0, 1172.0, 561.0], [1056.0, 848.0, 854.0], [1054.0, 1205.0, 521.0], [1054.0, 1125.0, 632.0], [1053.0, 1127.0, 614.0], [1051.0, 1206.0, 572.0], [1051.0, 1164.0, 590.0], [1051.0, 863.0, 854.0], [1049.0, 1208.0, 438.0], [1049.0, 1139.0, 605.0], [1048.0, 1184.0, 574.0], [1046.0, 1213.0, 458.0], [1046.0, 1133.0, 612.0], [1046.0, 1124.0, 633.0], [1045.0, 1166.0, 590.0], [1045.0, 1024.0, 799.0], [1043.0, 1154.0, 655.0], [1043.0, 1124.0, 666.0], [1042.0, 1214.0, 444.0], [1042.0, 1207.0, 475.0], [1042.0, 1164.0, 592.0], [1042.0, 1117.0, 681.0], [1042.0, 1043.0, 759.0], [1041.0, 1239.0, 364.0], [1040.0, 1265.0, 460.0], [1040.0, 1215.0, 554.0], [1039.0, 1169.0, 583.0], [1037.0, 1176.0, 579.0], [1036.0, 1163.0, 593.0], [1036.0, 1127.0, 669.0], [1034.0, 1176.0, 594.0], [1034.0, 1167.0, 655.0], [1034.0, 1090.0, 751.0], [1032.0, 1151.0, 674.0], [1031.0, 1172.0, 605.0], [1031.0, 1050.0, 778.0], [1030.0, 1094.0, 728.0], [1028.0, 1198.0, 591.0], [1026.0, 1179.0, 627.0], [1025.0, 1242.0, 481.0], [1025.0, 1100.0, 695.0], [1022.0, 1101.0, 696.0], [1021.0, 1122.0, 691.0], [1020.0, 1217.0, 491.0], [1020.0, 1167.0, 658.0], [1018.0, 1213.0, 559.0], [1018.0, 1109.0, 699.0], [1018.0, 1107.0, 713.0], [1017.0, 1247.0, 534.0], [1017.0, 1200.0, 579.0], [1017.0, 1133.0, 685.0], [1017.0, 1129.0, 735.0], [1016.0, 1271.0, 401.0], [1016.0, 1266.0, 505.0], [1016.0, 1223.0, 557.0], [1013.0, 1141.0, 683.0], [1011.0, 1210.0, 587.0], [1011.0, 1174.0, 629.0], [1010.0, 1190.0, 592.0], [1010.0, 1168.0, 660.0], [1010.0, 1098.0, 747.0], [1008.0, 1180.0, 596.0], [1007.0, 1146.0, 704.0], [1006.0, 1178.0, 648.0], [1005.0, 1249.0, 529.0], [1005.0, 1238.0, 562.0], [1005.0, 1009.0, 830.0], [1004.0, 1215.0, 578.0], [1003.0, 1179.0, 633.0], [1002.0, 1171.0, 654.0], [1001.0, 1277.0, 432.0], [1001.0, 1194.0, 619.0], [1001.0, 1136.0, 707.0], [1001.0, 1070.0, 759.0], [999.0, 1143.0, 717.0], [998.0, 1081.0, 763.0], [997.0, 1202.0, 613.0], [995.0, 1198.0, 681.0], [993.0, 1267.0, 452.0], [993.0, 1221.0, 613.0], [992.0, 1114.0, 751.0], [991.0, 1287.0, 387.0], [989.0, 1303.0, 480.0], [988.0, 1123.0, 782.0], [988.0, 1059.0, 790.0], [987.0, 1248.0, 579.0], [985.0, 1242.0, 599.0], [985.0, 1075.0, 801.0], [984.0, 1324.0, 458.0], [982.0, 1208.0, 623.0], [982.0, 937.0, 838.0], [981.0, 1283.0, 509.0], [980.0, 1251.0, 544.0], [980.0, 1227.0, 623.0], [980.0, 1021.0, 805.0], [977.0, 1298.0, 523.0], [975.0, 1271.0, 547.0], [974.0, 1152.0, 712.0], [973.0, 1170.0, 689.0], [971.0, 1309.0, 542.0], [970.0, 1208.0, 720.0], [969.0, 1252.0, 553.0], [968.0, 1234.0, 607.0], [968.0, 1135.0, 725.0], [967.0, 1335.0, 393.0], [967.0, 1267.0, 572.0], [967.0, 1239.0, 626.0], [966.0, 1212.0, 667.0], [965.0, 1159.0, 726.0], [963.0, 1313.0, 482.0], [963.0, 1242.0, 606.0], [963.0, 1230.0, 641.0], [962.0, 1057.0, 817.0], [961.0, 1210.0, 670.0], [960.0, 1249.0, 605.0], [960.0, 1144.0, 744.0], [958.0, 1266.0, 598.0], [958.0, 1148.0, 739.0], [956.0, 1282.0, 554.0], [954.0, 1322.0, 482.0], [954.0, 1231.0, 629.0], [953.0, 1278.0, 580.0], [952.0, 1290.0, 571.0], [949.0, 1149.0, 744.0], [947.0, 1344.0, 374.0], [947.0, 1336.0, 394.0], [947.0, 1216.0, 642.0], [945.0, 1287.0, 608.0], [945.0, 1138.0, 745.0], [945.0, 1105.0, 804.0], [944.0, 1327.0, 477.0], [944.0, 1245.0, 625.0], [943.0, 1320.0, 522.0], [942.0, 1357.0, 487.0], [941.0, 1327.0, 535.0], [941.0, 1211.0, 684.0], [939.0, 1255.0, 624.0], [938.0, 1163.0, 727.0], [936.0, 1212.0, 708.0], [935.0, 1175.0, 740.0], [933.0, 1298.0, 564.0], [931.0, 1216.0, 655.0], [931.0, 1130.0, 759.0], [930.0, 1291.0, 608.0], [930.0, 1234.0, 667.0], [930.0, 1205.0, 722.0], [930.0, 1185.0, 729.0], [929.0, 1399.0, 373.0], [929.0, 1274.0, 614.0], [927.0, 1349.0, 495.0], [927.0, 1028.0, 821.0], [926.0, 1239.0, 675.0], [926.0, 1124.0, 775.0], [925.0, 1320.0, 545.0], [925.0, 1250.0, 639.0], [924.0, 1276.0, 708.0], [923.0, 1299.0, 653.0], [922.0, 1390.0, 415.0], [921.0, 1114.0, 802.0], [920.0, 1308.0, 558.0], [919.0, 1278.0, 679.0], [919.0, 1136.0, 747.0], [918.0, 1304.0, 579.0], [917.0, 1330.0, 511.0], [917.0, 1305.0, 562.0], [916.0, 1408.0, 499.0], [916.0, 1191.0, 727.0], [915.0, 1189.0, 743.0], [914.0, 1143.0, 755.0], [911.0, 1310.0, 551.0], [911.0, 1100.0, 830.0], [910.0, 1349.0, 529.0], [910.0, 1302.0, 622.0], [909.0, 1309.0, 583.0], [907.0, 1322.0, 562.0], [906.0, 1131.0, 791.0], [905.0, 1337.0, 557.0], [905.0, 1209.0, 753.0], [904.0, 1314.0, 590.0], [904.0, 1138.0, 781.0], [901.0, 1418.0, 447.0], [901.0, 1328.0, 570.0], [901.0, 1228.0, 719.0], [900.0, 1345.0, 567.0], [899.0, 1368.0, 510.0], [899.0, 1351.0, 530.0], [897.0, 1305.0, 597.0], [893.0, 1372.0, 530.0], [888.0, 1328.0, 583.0], [887.0, 1369.0, 592.0], [882.0, 1334.0, 607.0], [881.0, 1375.0, 505.0], [881.0, 1373.0, 561.0], [881.0, 1319.0, 643.0], [879.0, 1324.0, 648.0], [875.0, 1154.0, 763.0], [875.0, 1135.0, 802.0], [874.0, 1301.0, 655.0], [874.0, 1144.0, 776.0], [873.0, 1375.0, 533.0], [872.0, 1433.0, 387.0], [872.0, 1394.0, 510.0], [871.0, 1346.0, 601.0], [871.0, 1287.0, 699.0], [869.0, 1395.0, 505.0], [865.0, 1428.0, 446.0], [864.0, 1426.0, 452.0], [864.0, 1367.0, 631.0], [863.0, 1422.0, 480.0], [863.0, 1325.0, 647.0], [862.0, 1415.0, 494.0], [861.0, 1438.0, 458.0], [860.0, 1389.0, 562.0], [860.0, 1386.0, 579.0], [847.0, 1297.0, 665.0], [842.0, 1391.0, 518.0], [841.0, 1439.0, 357.0], [841.0, 1372.0, 592.0], [840.0, 1456.0, 352.0], [839.0, 1411.0, 567.0], [837.0, 1433.0, 507.0], [834.0, 1420.0, 518.0], [833.0, 1460.0, 488.0], [833.0, 1456.0, 505.0], [831.0, 1311.0, 684.0], [829.0, 1463.0, 425.0], [825.0, 1472.0, 462.0], [823.0, 1412.0, 538.0], [822.0, 1398.0, 640.0], [821.0, 1419.0, 533.0], [821.0, 1418.0, 536.0], [819.0, 1210.0, 734.0], [814.0, 1435.0, 542.0], [813.0, 1476.0, 366.0], [809.0, 1444.0, 535.0], [807.0, 1474.0, 453.0], [807.0, 1436.0, 543.0], [806.0, 1457.0, 530.0], [806.0, 1241.0, 713.0], [805.0, 1488.0, 385.0], [801.0, 1468.0, 527.0], [800.0, 1413.0, 562.0], [796.0, 1322.0, 650.0], [795.0, 1483.0, 437.0], [795.0, 1472.0, 542.0], [793.0, 1500.0, 423.0], [791.0, 1490.0, 449.0], [791.0, 1421.0, 592.0], [788.0, 1466.0, 548.0], [787.0, 1512.0, 491.0], [781.0, 1447.0, 581.0], [774.0, 1493.0, 529.0], [771.0, 1540.0, 379.0], [771.0, 1394.0, 643.0], [767.0, 1531.0, 444.0], [767.0, 1496.0, 492.0], [763.0, 1524.0, 466.0], [759.0, 1483.0, 557.0], [756.0, 1556.0, 357.0], [751.0, 1521.0, 526.0], [750.0, 1568.0, 434.0], [746.0, 1532.0, 441.0], [745.0, 1547.0, 451.0], [741.0, 1522.0, 505.0], [736.0, 1568.0, 468.0], [721.0, 1535.0, 517.0], [711.0, 1586.0, 394.0], [711.0, 1558.0, 476.0], [697.0, 1508.0, 547.0], [687.0, 1588.0, 341.0], [681.0, 1586.0, 444.0], [677.0, 1600.0, 413.0], [670.0, 1579.0, 502.0], [664.0, 1583.0, 518.0], [643.0, 1584.0, 496.0], [640.0, 1596.0, 423.0], [639.0, 1599.0, 474.0], [627.0, 1620.0, 381.0], [563.0, 1678.0, 380.0]]
