heur = false
LBS_limit = 4
preproc = 1
tight_root = 1
total_time = 59.79
NDP = 57
total_nodes = 2355
pruned_nodes = 1178
pruned_dominance_nodes = 0
heur_time = 0.0
Y_N = Any[[184.0, 101.0, 60.0], [178.0, 119.0, 80.0], [168.0, 102.0, 121.0], [165.0, 122.0, 90.0], [153.0, 107.0, 117.0], [140.0, 126.0, 168.0], [134.0, 180.0, 87.0], [125.0, 102.0, 190.0], [121.0, 141.0, 140.0], [115.0, 198.0, 77.0], [104.0, 195.0, 80.0], [100.0, 200.0, 67.0], [100.0, 189.0, 115.0], [96.0, 217.0, 88.0], [94.0, 205.0, 92.0], [93.0, 207.0, 94.0], [87.0, 211.0, 102.0], [86.0, 204.0, 136.0], [81.0, 218.0, 111.0], [80.0, 220.0, 117.0], [78.0, 203.0, 139.0], [77.0, 273.0, 42.0], [72.0, 270.0, 62.0], [71.0, 224.0, 85.0], [71.0, 223.0, 92.0], [70.0, 225.0, 69.0], [70.0, 201.0, 148.0], [69.0, 201.0, 155.0], [68.0, 224.0, 99.0], [67.0, 211.0, 129.0], [66.0, 233.0, 79.0], [66.0, 202.0, 142.0], [65.0, 235.0, 70.0], [64.0, 232.0, 113.0], [63.0, 212.0, 150.0], [58.0, 212.0, 155.0], [56.0, 238.0, 68.0], [51.0, 233.0, 97.0], [51.0, 220.0, 170.0], [50.0, 236.0, 89.0], [48.0, 282.0, 53.0], [48.0, 272.0, 61.0], [46.0, 296.0, 59.0], [44.0, 300.0, 58.0], [43.0, 293.0, 72.0], [39.0, 277.0, 80.0], [38.0, 286.0, 77.0], [36.0, 294.0, 72.0], [36.0, 277.0, 81.0], [34.0, 285.0, 80.0], [30.0, 298.0, 83.0], [28.0, 295.0, 95.0], [12.0, 299.0, 70.0], [10.0, 299.0, 105.0], [3.0, 300.0, 77.0], [1.0, 300.0, 98.0], [-0.0, 300.0, 115.0]]
