heur = false
LBS_limit = 4
preproc = 1
tight_root = 1
total_time = 1800.02
NDP = 612
total_nodes = 116819
pruned_nodes = 58387
pruned_dominance_nodes = 23
heur_time = 0.0
Y_N = Any[[2283.0, 3064.0, 1302.0], [2265.0, 3051.0, 1481.0], [2248.0, 2996.0, 1542.0], [2226.0, 3228.0, 1430.0], [2222.0, 3176.0, 1434.0], [2201.0, 3186.0, 1446.0], [2199.0, 3175.0, 1504.0], [2191.0, 3055.0, 1609.0], [2181.0, 3278.0, 1248.0], [2178.0, 3227.0, 1602.0], [2170.0, 3247.0, 1462.0], [2163.0, 3306.0, 1214.0], [2163.0, 3265.0, 1455.0], [2155.0, 3145.0, 1623.0], [2149.0, 3289.0, 1382.0], [2139.0, 3199.0, 1702.0], [2136.0, 3234.0, 1489.0], [2136.0, 3208.0, 1674.0], [2134.0, 3233.0, 1583.0], [2130.0, 3149.0, 1751.0], [2126.0, 3316.0, 1389.0], [2123.0, 3246.0, 1605.0], [2122.0, 3321.0, 1441.0], [2120.0, 3390.0, 1369.0], [2117.0, 3260.0, 1556.0], [2117.0, 3211.0, 1662.0], [2114.0, 3261.0, 1471.0], [2112.0, 3270.0, 1539.0], [2108.0, 3203.0, 1781.0], [2107.0, 3293.0, 1591.0], [2107.0, 3241.0, 1655.0], [2105.0, 3345.0, 1525.0], [2102.0, 3207.0, 1735.0], [2091.0, 3414.0, 1237.0], [2090.0, 3399.0, 1371.0], [2085.0, 3304.0, 1532.0], [2081.0, 3419.0, 1267.0], [2080.0, 3371.0, 1522.0], [2079.0, 3285.0, 1651.0], [2069.0, 3460.0, 1216.0], [2067.0, 3373.0, 1477.0], [2066.0, 3259.0, 1689.0], [2060.0, 3356.0, 1639.0], [2060.0, 3208.0, 1693.0], [2058.0, 3266.0, 1778.0], [2054.0, 3365.0, 1566.0], [2053.0, 3380.0, 1505.0], [2048.0, 3414.0, 1358.0], [2047.0, 3440.0, 1543.0], [2044.0, 3371.0, 1572.0], [2042.0, 3228.0, 1801.0], [2032.0, 3275.0, 1726.0], [2029.0, 3309.0, 1673.0], [2028.0, 3374.0, 1661.0], [2026.0, 3268.0, 1735.0], [2023.0, 3315.0, 1794.0], [2023.0, 3251.0, 1815.0], [2021.0, 3359.0, 1670.0], [2015.0, 3441.0, 1443.0], [2013.0, 3384.0, 1583.0], [2009.0, 3539.0, 1308.0], [2009.0, 3490.0, 1457.0], [2009.0, 3359.0, 1696.0], [2001.0, 3411.0, 1615.0], [2000.0, 3428.0, 1575.0], [1998.0, 3391.0, 1674.0], [1996.0, 3520.0, 1419.0], [1994.0, 3442.0, 1619.0], [1992.0, 3398.0, 1628.0], [1989.0, 3390.0, 1770.0], [1987.0, 3286.0, 1809.0], [1984.0, 3528.0, 1309.0], [1984.0, 3465.0, 1555.0], [1984.0, 3321.0, 1772.0], [1981.0, 3480.0, 1521.0], [1980.0, 3434.0, 1623.0], [1978.0, 3468.0, 1602.0], [1977.0, 3430.0, 1626.0], [1972.0, 3422.0, 1665.0], [1972.0, 3402.0, 1767.0], [1968.0, 3515.0, 1431.0], [1965.0, 3358.0, 1813.0], [1962.0, 3430.0, 1661.0], [1961.0, 3465.0, 1628.0], [1957.0, 3492.0, 1492.0], [1949.0, 3534.0, 1424.0], [1949.0, 3492.0, 1632.0], [1948.0, 3493.0, 1572.0], [1946.0, 3558.0, 1420.0], [1945.0, 3539.0, 1431.0], [1945.0, 3404.0, 1773.0], [1944.0, 3556.0, 1552.0], [1938.0, 3506.0, 1577.0], [1936.0, 3344.0, 1925.0], [1935.0, 3428.0, 1721.0], [1935.0, 3350.0, 1817.0], [1933.0, 3300.0, 1937.0], [1928.0, 3436.0, 1751.0], [1928.0, 3421.0, 1820.0], [1927.0, 3496.0, 1614.0], [1923.0, 3610.0, 1095.0], [1922.0, 3435.0, 1805.0], [1920.0, 3643.0, 1153.0], [1920.0, 3544.0, 1618.0], [1917.0, 3593.0, 1444.0], [1916.0, 3467.0, 1681.0], [1915.0, 3373.0, 1825.0], [1909.0, 3600.0, 1405.0], [1908.0, 3502.0, 1758.0], [1906.0, 3607.0, 1432.0], [1903.0, 3350.0, 1888.0], [1902.0, 3629.0, 1311.0], [1901.0, 3559.0, 1526.0], [1897.0, 3446.0, 1784.0], [1893.0, 3663.0, 1298.0], [1892.0, 3637.0, 1570.0], [1892.0, 3357.0, 1873.0], [1891.0, 3646.0, 1372.0], [1890.0, 3504.0, 1631.0], [1889.0, 3528.0, 1648.0], [1889.0, 3525.0, 1716.0], [1887.0, 3529.0, 1659.0], [1887.0, 3383.0, 1874.0], [1886.0, 3539.0, 1687.0], [1886.0, 3414.0, 1824.0], [1885.0, 3417.0, 1866.0], [1883.0, 3551.0, 1613.0], [1881.0, 3458.0, 1794.0], [1880.0, 3691.0, 1425.0], [1876.0, 3462.0, 1832.0], [1872.0, 3543.0, 1675.0], [1871.0, 3383.0, 1886.0], [1870.0, 3554.0, 1576.0], [1868.0, 3523.0, 1728.0], [1861.0, 3670.0, 1459.0], [1861.0, 3481.0, 1762.0], [1861.0, 3468.0, 1766.0], [1859.0, 3545.0, 1689.0], [1856.0, 3565.0, 1611.0], [1855.0, 3549.0, 1671.0], [1853.0, 3634.0, 1618.0], [1852.0, 3497.0, 1806.0], [1851.0, 3550.0, 1633.0], [1850.0, 3558.0, 1675.0], [1847.0, 3427.0, 1921.0], [1846.0, 3549.0, 1729.0], [1846.0, 3434.0, 1837.0], [1846.0, 3428.0, 1848.0], [1845.0, 3516.0, 1829.0], [1844.0, 3550.0, 1734.0], [1844.0, 3445.0, 1885.0], [1837.0, 3529.0, 1796.0], [1836.0, 3576.0, 1697.0], [1835.0, 3367.0, 1942.0], [1834.0, 3703.0, 1374.0], [1831.0, 3542.0, 1794.0], [1829.0, 3545.0, 1761.0], [1828.0, 3675.0, 1455.0], [1827.0, 3719.0, 1378.0], [1827.0, 3577.0, 1641.0], [1825.0, 3643.0, 1510.0], [1825.0, 3377.0, 1948.0], [1824.0, 3687.0, 1430.0], [1824.0, 3578.0, 1620.0], [1816.0, 3630.0, 1619.0], [1815.0, 3673.0, 1589.0], [1815.0, 3461.0, 1851.0], [1814.0, 3700.0, 1419.0], [1808.0, 3687.0, 1494.0], [1807.0, 3716.0, 1405.0], [1804.0, 3679.0, 1597.0], [1804.0, 3626.0, 1703.0], [1802.0, 3549.0, 1735.0], [1800.0, 3732.0, 1357.0], [1800.0, 3553.0, 1751.0], [1799.0, 3638.0, 1615.0], [1799.0, 3571.0, 1709.0], [1795.0, 3697.0, 1539.0], [1794.0, 3560.0, 1794.0], [1792.0, 3599.0, 1741.0], [1791.0, 3691.0, 1557.0], [1791.0, 3570.0, 1760.0], [1790.0, 3471.0, 1885.0], [1789.0, 3790.0, 1501.0], [1788.0, 3659.0, 1613.0], [1787.0, 3610.0, 1713.0], [1787.0, 3534.0, 1812.0], [1787.0, 3481.0, 1832.0], [1786.0, 3704.0, 1618.0], [1785.0, 3568.0, 1827.0], [1784.0, 3655.0, 1683.0], [1783.0, 3624.0, 1720.0], [1783.0, 3616.0, 1722.0], [1780.0, 3574.0, 1752.0], [1779.0, 3482.0, 1983.0], [1777.0, 3648.0, 1688.0], [1777.0, 3533.0, 1854.0], [1775.0, 3631.0, 1706.0], [1775.0, 3584.0, 1755.0], [1774.0, 3716.0, 1543.0], [1774.0, 3639.0, 1691.0], [1773.0, 3668.0, 1667.0], [1772.0, 3675.0, 1730.0], [1770.0, 3573.0, 1819.0], [1766.0, 3838.0, 1296.0], [1763.0, 3871.0, 1355.0], [1762.0, 3510.0, 1858.0], [1761.0, 3715.0, 1573.0], [1759.0, 3719.0, 1504.0], [1759.0, 3575.0, 1762.0], [1759.0, 3540.0, 1865.0], [1758.0, 3705.0, 1598.0], [1755.0, 3697.0, 1756.0], [1754.0, 3581.0, 1810.0], [1748.0, 3597.0, 1764.0], [1746.0, 3718.0, 1638.0], [1742.0, 3649.0, 1760.0], [1739.0, 3583.0, 1817.0], [1739.0, 3540.0, 1890.0], [1738.0, 3545.0, 1881.0], [1737.0, 3507.0, 1895.0], [1736.0, 3708.0, 1663.0], [1735.0, 3596.0, 1820.0], [1734.0, 3745.0, 1502.0], [1733.0, 3723.0, 1633.0], [1732.0, 3733.0, 1513.0], [1729.0, 3743.0, 1566.0], [1725.0, 3792.0, 1531.0], [1725.0, 3790.0, 1577.0], [1724.0, 3609.0, 1847.0], [1724.0, 3526.0, 1958.0], [1720.0, 3866.0, 1429.0], [1720.0, 3699.0, 1670.0], [1720.0, 3562.0, 1872.0], [1719.0, 3532.0, 1942.0], [1718.0, 3705.0, 1677.0], [1716.0, 3804.0, 1515.0], [1714.0, 3631.0, 1776.0], [1713.0, 3617.0, 1790.0], [1712.0, 3613.0, 1827.0], [1709.0, 3717.0, 1652.0], [1706.0, 3761.0, 1709.0], [1702.0, 3825.0, 1509.0], [1700.0, 3627.0, 1796.0], [1696.0, 3586.0, 1884.0], [1694.0, 3641.0, 1764.0], [1694.0, 3625.0, 1848.0], [1693.0, 3652.0, 1805.0], [1692.0, 3840.0, 1430.0], [1691.0, 3891.0, 1283.0], [1691.0, 3656.0, 1831.0], [1691.0, 3590.0, 1858.0], [1690.0, 3558.0, 1921.0], [1688.0, 3690.0, 1776.0], [1685.0, 3767.0, 1618.0], [1683.0, 3718.0, 1717.0], [1682.0, 3774.0, 1616.0], [1681.0, 3824.0, 1548.0], [1679.0, 3702.0, 1719.0], [1678.0, 3798.0, 1573.0], [1678.0, 3553.0, 1922.0], [1677.0, 3667.0, 1809.0], [1675.0, 3679.0, 1883.0], [1674.0, 3794.0, 1595.0], [1672.0, 3797.0, 1667.0], [1672.0, 3720.0, 1763.0], [1671.0, 3854.0, 1503.0], [1671.0, 3805.0, 1565.0], [1671.0, 3714.0, 1795.0], [1667.0, 3828.0, 1596.0], [1667.0, 3691.0, 1829.0], [1666.0, 3600.0, 1906.0], [1663.0, 3888.0, 1379.0], [1663.0, 3786.0, 1679.0], [1660.0, 3785.0, 1700.0], [1659.0, 3814.0, 1602.0], [1657.0, 3897.0, 1195.0], [1657.0, 3887.0, 1493.0], [1655.0, 3908.0, 1263.0], [1652.0, 3603.0, 1911.0], [1648.0, 3746.0, 1714.0], [1648.0, 3734.0, 1715.0], [1647.0, 3846.0, 1531.0], [1646.0, 3878.0, 1534.0], [1644.0, 3818.0, 1641.0], [1643.0, 3704.0, 1806.0], [1643.0, 3618.0, 1906.0], [1642.0, 3862.0, 1565.0], [1641.0, 3966.0, 1162.0], [1640.0, 3908.0, 1405.0], [1640.0, 3739.0, 1722.0], [1639.0, 3949.0, 1330.0], [1639.0, 3722.0, 1746.0], [1637.0, 3735.0, 1780.0], [1635.0, 3913.0, 1494.0], [1633.0, 3748.0, 1782.0], [1632.0, 3919.0, 1349.0], [1627.0, 3653.0, 1894.0], [1626.0, 3831.0, 1585.0], [1626.0, 3825.0, 1633.0], [1626.0, 3806.0, 1727.0], [1624.0, 3815.0, 1647.0], [1622.0, 3860.0, 1606.0], [1620.0, 3752.0, 1795.0], [1619.0, 3683.0, 1843.0], [1617.0, 3840.0, 1627.0], [1616.0, 3923.0, 1498.0], [1616.0, 3821.0, 1708.0], [1614.0, 3742.0, 1828.0], [1613.0, 3696.0, 1833.0], [1610.0, 3637.0, 1903.0], [1609.0, 3971.0, 1166.0], [1608.0, 3784.0, 1751.0], [1607.0, 3964.0, 1441.0], [1606.0, 3971.0, 1250.0], [1606.0, 3892.0, 1511.0], [1605.0, 3688.0, 1848.0], [1604.0, 3775.0, 1768.0], [1604.0, 3684.0, 1853.0], [1603.0, 3855.0, 1673.0], [1600.0, 3885.0, 1516.0], [1598.0, 3850.0, 1723.0], [1597.0, 3884.0, 1586.0], [1596.0, 3641.0, 1912.0], [1595.0, 4040.0, 1314.0], [1595.0, 3754.0, 1813.0], [1595.0, 3687.0, 1886.0], [1593.0, 3856.0, 1660.0], [1592.0, 3971.0, 1487.0], [1592.0, 3884.0, 1628.0], [1592.0, 3857.0, 1694.0], [1590.0, 3790.0, 1807.0], [1588.0, 3895.0, 1621.0], [1584.0, 3791.0, 1737.0], [1583.0, 3934.0, 1558.0], [1583.0, 3875.0, 1654.0], [1582.0, 3860.0, 1665.0], [1581.0, 3863.0, 1679.0], [1581.0, 3700.0, 1841.0], [1580.0, 3898.0, 1592.0], [1578.0, 3701.0, 1837.0], [1577.0, 3802.0, 1740.0], [1575.0, 3877.0, 1654.0], [1574.0, 3794.0, 1742.0], [1573.0, 3972.0, 1484.0], [1573.0, 3756.0, 1860.0], [1571.0, 3983.0, 1401.0], [1571.0, 3691.0, 1956.0], [1570.0, 3968.0, 1501.0], [1567.0, 3882.0, 1640.0], [1567.0, 3807.0, 1803.0], [1566.0, 3866.0, 1666.0], [1565.0, 3997.0, 1358.0], [1565.0, 3850.0, 1751.0], [1564.0, 4031.0, 1394.0], [1564.0, 3953.0, 1615.0], [1562.0, 3716.0, 1870.0], [1558.0, 3853.0, 1742.0], [1557.0, 4043.0, 1116.0], [1557.0, 3969.0, 1516.0], [1555.0, 3770.0, 1811.0], [1554.0, 3867.0, 1661.0], [1552.0, 4007.0, 1436.0], [1552.0, 3895.0, 1633.0], [1550.0, 3895.0, 1739.0], [1545.0, 3928.0, 1619.0], [1542.0, 4036.0, 1424.0], [1540.0, 4062.0, 1175.0], [1540.0, 3748.0, 1874.0], [1539.0, 3772.0, 1858.0], [1538.0, 3813.0, 1834.0], [1537.0, 3966.0, 1586.0], [1537.0, 3907.0, 1651.0], [1536.0, 4044.0, 1364.0], [1534.0, 3998.0, 1472.0], [1534.0, 3976.0, 1577.0], [1531.0, 3774.0, 1835.0], [1529.0, 3939.0, 1654.0], [1527.0, 3750.0, 1913.0], [1526.0, 3852.0, 1753.0], [1525.0, 3997.0, 1502.0], [1525.0, 3834.0, 1767.0], [1524.0, 4000.0, 1451.0], [1524.0, 3848.0, 1782.0], [1521.0, 3940.0, 1759.0], [1520.0, 3850.0, 1792.0], [1509.0, 4060.0, 1266.0], [1509.0, 3960.0, 1590.0], [1509.0, 3825.0, 1796.0], [1508.0, 3956.0, 1596.0], [1506.0, 4055.0, 1307.0], [1503.0, 4054.0, 1451.0], [1503.0, 3994.0, 1564.0], [1502.0, 4066.0, 1507.0], [1502.0, 3959.0, 1617.0], [1500.0, 3968.0, 1621.0], [1498.0, 3855.0, 1799.0], [1497.0, 3977.0, 1611.0], [1496.0, 3754.0, 1878.0], [1495.0, 3863.0, 1764.0], [1494.0, 4114.0, 1051.0], [1494.0, 4070.0, 1446.0], [1494.0, 4027.0, 1520.0], [1490.0, 4157.0, 1337.0], [1488.0, 3871.0, 1802.0], [1487.0, 3836.0, 1810.0], [1478.0, 3965.0, 1721.0], [1473.0, 4072.0, 1372.0], [1471.0, 3999.0, 1563.0], [1471.0, 3896.0, 1760.0], [1469.0, 3825.0, 1829.0], [1467.0, 4083.0, 1356.0], [1466.0, 3803.0, 1853.0], [1465.0, 4091.0, 1366.0], [1465.0, 3872.0, 1761.0], [1464.0, 3990.0, 1602.0], [1464.0, 3882.0, 1856.0], [1464.0, 3851.0, 1902.0], [1463.0, 4027.0, 1549.0], [1462.0, 4072.0, 1389.0], [1461.0, 3883.0, 1774.0], [1460.0, 4000.0, 1604.0], [1457.0, 3970.0, 1632.0], [1456.0, 4046.0, 1638.0], [1452.0, 4073.0, 1391.0], [1451.0, 4140.0, 1343.0], [1448.0, 4052.0, 1518.0], [1448.0, 3974.0, 1668.0], [1447.0, 4002.0, 1641.0], [1447.0, 3999.0, 1657.0], [1445.0, 4110.0, 1349.0], [1445.0, 4103.0, 1507.0], [1441.0, 4019.0, 1762.0], [1439.0, 4182.0, 1073.0], [1439.0, 3908.0, 1773.0], [1438.0, 4066.0, 1620.0], [1436.0, 4068.0, 1530.0], [1436.0, 3903.0, 1781.0], [1434.0, 3913.0, 1793.0], [1432.0, 4021.0, 1654.0], [1426.0, 3908.0, 1847.0], [1425.0, 4167.0, 1287.0], [1425.0, 4110.0, 1494.0], [1424.0, 4148.0, 1372.0], [1424.0, 4103.0, 1533.0], [1423.0, 4112.0, 1397.0], [1420.0, 3936.0, 1779.0], [1414.0, 4182.0, 1394.0], [1414.0, 4125.0, 1424.0], [1413.0, 4064.0, 1624.0], [1411.0, 4077.0, 1560.0], [1409.0, 4080.0, 1575.0], [1409.0, 4078.0, 1577.0], [1409.0, 4070.0, 1690.0], [1404.0, 4122.0, 1497.0], [1403.0, 4202.0, 1167.0], [1402.0, 4140.0, 1476.0], [1401.0, 3936.0, 1791.0], [1401.0, 3927.0, 1805.0], [1398.0, 3938.0, 1771.0], [1394.0, 4156.0, 1500.0], [1390.0, 4122.0, 1558.0], [1386.0, 4208.0, 1230.0], [1386.0, 3897.0, 1914.0], [1384.0, 4106.0, 1616.0], [1384.0, 4079.0, 1668.0], [1383.0, 3934.0, 1840.0], [1382.0, 4205.0, 1252.0], [1382.0, 4020.0, 1704.0], [1381.0, 3948.0, 1805.0], [1379.0, 4182.0, 1407.0], [1377.0, 4218.0, 1104.0], [1375.0, 4193.0, 1269.0], [1375.0, 4123.0, 1648.0], [1373.0, 3934.0, 1858.0], [1371.0, 4240.0, 1078.0], [1371.0, 4184.0, 1414.0], [1370.0, 4210.0, 1243.0], [1367.0, 4215.0, 1222.0], [1361.0, 4094.0, 1702.0], [1359.0, 4032.0, 1707.0], [1358.0, 4211.0, 1258.0], [1358.0, 4210.0, 1297.0], [1357.0, 4235.0, 1213.0], [1357.0, 4082.0, 1758.0], [1351.0, 4219.0, 1231.0], [1350.0, 4133.0, 1534.0], [1349.0, 4198.0, 1435.0], [1347.0, 4249.0, 1355.0], [1347.0, 4144.0, 1541.0], [1346.0, 4200.0, 1386.0], [1346.0, 4138.0, 1545.0], [1345.0, 4161.0, 1448.0], [1341.0, 4178.0, 1502.0], [1339.0, 4188.0, 1541.0], [1335.0, 4213.0, 1418.0], [1333.0, 4102.0, 1686.0], [1332.0, 4100.0, 1746.0], [1331.0, 4138.0, 1593.0], [1330.0, 4153.0, 1565.0], [1327.0, 4218.0, 1414.0], [1327.0, 4208.0, 1447.0], [1327.0, 4159.0, 1648.0], [1325.0, 4145.0, 1689.0], [1321.0, 4180.0, 1595.0], [1320.0, 4265.0, 1143.0], [1318.0, 4258.0, 1291.0], [1318.0, 3981.0, 1845.0], [1314.0, 4269.0, 1039.0], [1314.0, 4260.0, 1304.0], [1314.0, 4214.0, 1469.0], [1314.0, 4117.0, 1708.0], [1311.0, 4222.0, 1419.0], [1309.0, 4182.0, 1628.0], [1308.0, 4069.0, 1792.0], [1305.0, 4292.0, 1266.0], [1305.0, 4219.0, 1422.0], [1304.0, 4193.0, 1490.0], [1303.0, 4186.0, 1550.0], [1302.0, 4301.0, 1297.0], [1301.0, 4225.0, 1372.0], [1301.0, 4064.0, 1832.0], [1300.0, 4108.0, 1768.0], [1297.0, 4249.0, 1366.0], [1297.0, 4215.0, 1465.0], [1292.0, 4260.0, 1344.0], [1292.0, 4251.0, 1442.0], [1288.0, 4350.0, 1253.0], [1288.0, 4269.0, 1307.0], [1286.0, 4292.0, 1442.0], [1285.0, 4189.0, 1566.0], [1282.0, 4151.0, 1687.0], [1281.0, 4217.0, 1486.0], [1280.0, 4197.0, 1532.0], [1278.0, 4319.0, 1276.0], [1276.0, 4194.0, 1540.0], [1273.0, 4295.0, 1364.0], [1271.0, 4215.0, 1508.0], [1270.0, 4162.0, 1647.0], [1269.0, 4269.0, 1480.0], [1266.0, 4223.0, 1501.0], [1266.0, 4177.0, 1629.0], [1265.0, 4198.0, 1598.0], [1262.0, 4209.0, 1550.0], [1261.0, 4295.0, 1367.0], [1259.0, 4343.0, 1264.0], [1259.0, 4126.0, 1719.0], [1258.0, 4290.0, 1522.0], [1256.0, 4184.0, 1616.0], [1253.0, 4314.0, 1319.0], [1252.0, 4250.0, 1588.0], [1242.0, 4307.0, 1402.0], [1242.0, 4180.0, 1633.0], [1241.0, 4196.0, 1643.0], [1239.0, 4204.0, 1654.0], [1238.0, 4298.0, 1517.0], [1237.0, 4321.0, 1380.0], [1236.0, 4370.0, 1267.0], [1236.0, 4213.0, 1595.0], [1235.0, 4119.0, 1737.0], [1234.0, 4142.0, 1782.0], [1232.0, 4167.0, 1658.0], [1228.0, 4207.0, 1625.0], [1223.0, 4325.0, 1433.0], [1222.0, 4332.0, 1280.0], [1219.0, 4365.0, 1341.0], [1215.0, 4346.0, 1349.0], [1212.0, 4384.0, 1384.0], [1211.0, 4154.0, 1778.0], [1208.0, 4190.0, 1655.0], [1206.0, 4267.0, 1534.0], [1200.0, 4325.0, 1436.0], [1193.0, 4395.0, 1215.0], [1183.0, 4313.0, 1487.0], [1180.0, 4183.0, 1742.0], [1177.0, 4342.0, 1393.0], [1177.0, 4282.0, 1614.0], [1168.0, 4213.0, 1615.0], [1166.0, 4366.0, 1388.0], [1161.0, 4329.0, 1450.0], [1159.0, 4398.0, 1237.0], [1158.0, 4418.0, 1188.0], [1157.0, 4305.0, 1547.0], [1152.0, 4392.0, 1285.0], [1151.0, 4349.0, 1484.0], [1149.0, 4403.0, 1339.0], [1148.0, 4364.0, 1468.0], [1147.0, 4373.0, 1498.0], [1145.0, 4442.0, 1327.0], [1140.0, 4390.0, 1377.0], [1140.0, 4335.0, 1565.0], [1136.0, 4410.0, 1409.0], [1136.0, 4357.0, 1535.0], [1134.0, 4453.0, 1250.0], [1132.0, 4345.0, 1584.0], [1127.0, 4468.0, 1347.0], [1120.0, 4313.0, 1586.0], [1117.0, 4401.0, 1425.0], [1110.0, 4302.0, 1642.0], [1103.0, 4469.0, 1239.0], [1103.0, 4376.0, 1555.0], [1103.0, 4269.0, 1673.0], [1073.0, 4426.0, 1421.0], [1064.0, 4449.0, 1359.0], [1063.0, 4405.0, 1478.0], [1062.0, 4435.0, 1433.0], [1059.0, 4450.0, 1471.0], [1013.0, 4409.0, 1590.0], [1010.0, 4431.0, 1479.0], [998.0, 4485.0, 1334.0], [977.0, 4464.0, 1431.0], [943.0, 4532.0, 1297.0]]
