heur = false
LBS_limit = 4
preproc = 1
tight_root = 1
total_time = 1.71
NDP = 47
total_nodes = 607
pruned_nodes = 304
pruned_dominance_nodes = 0
heur_time = 0.0
Y_N = Any[[671.0, 340.0, 220.0], [665.0, 346.0, 235.0], [654.0, 301.0, 295.0], [637.0, 399.0, 215.0], [635.0, 294.0, 336.0], [612.0, 383.0, 263.0], [608.0, 428.0, 212.0], [607.0, 437.0, 201.0], [600.0, 383.0, 264.0], [597.0, 429.0, 208.0], [592.0, 419.0, 239.0], [577.0, 354.0, 310.0], [574.0, 424.0, 247.0], [571.0, 499.0, 203.0], [571.0, 444.0, 277.0], [570.0, 454.0, 227.0], [570.0, 375.0, 340.0], [565.0, 507.0, 197.0], [554.0, 526.0, 203.0], [547.0, 480.0, 253.0], [544.0, 522.0, 215.0], [532.0, 409.0, 288.0], [522.0, 505.0, 251.0], [521.0, 488.0, 265.0], [514.0, 516.0, 278.0], [512.0, 444.0, 309.0], [507.0, 550.0, 255.0], [492.0, 589.0, 211.0], [482.0, 534.0, 264.0], [468.0, 510.0, 308.0], [467.0, 659.0, 177.0], [465.0, 606.0, 206.0], [459.0, 608.0, 233.0], [449.0, 668.0, 192.0], [447.0, 586.0, 240.0], [446.0, 594.0, 236.0], [424.0, 602.0, 256.0], [416.0, 620.0, 211.0], [405.0, 611.0, 256.0], [399.0, 675.0, 181.0], [398.0, 665.0, 201.0], [392.0, 682.0, 206.0], [390.0, 707.0, 181.0], [371.0, 689.0, 224.0], [360.0, 690.0, 189.0], [308.0, 795.0, 153.0], [287.0, 803.0, 158.0]]
