heur = false
LBS_limit = 4
preproc = 2
tight_root = 1
total_time = 1800.02
NDP = 616
total_nodes = 120735
pruned_nodes = 60337
pruned_dominance_nodes = 268
heur_time = 0.0
Y_N = Any[[1023.0, 454.0, 394.0], [1012.0, 394.0, 550.0], [999.0, 518.0, 370.0], [997.0, 469.0, 482.0], [995.0, 493.0, 561.0], [982.0, 480.0, 567.0], [978.0, 405.0, 582.0], [975.0, 533.0, 376.0], [973.0, 615.0, 231.0], [966.0, 576.0, 435.0], [963.0, 388.0, 589.0], [962.0, 495.0, 585.0], [954.0, 608.0, 291.0], [948.0, 554.0, 436.0], [948.0, 501.0, 545.0], [944.0, 542.0, 447.0], [943.0, 619.0, 362.0], [942.0, 375.0, 656.0], [941.0, 646.0, 314.0], [930.0, 581.0, 379.0], [930.0, 555.0, 462.0], [928.0, 507.0, 557.0], [926.0, 626.0, 336.0], [925.0, 561.0, 458.0], [925.0, 557.0, 468.0], [923.0, 502.0, 571.0], [921.0, 669.0, 256.0], [918.0, 510.0, 547.0], [917.0, 617.0, 369.0], [917.0, 489.0, 615.0], [915.0, 542.0, 479.0], [911.0, 511.0, 558.0], [909.0, 539.0, 480.0], [908.0, 628.0, 411.0], [907.0, 551.0, 496.0], [905.0, 553.0, 474.0], [905.0, 533.0, 504.0], [904.0, 533.0, 509.0], [901.0, 477.0, 638.0], [900.0, 649.0, 299.0], [900.0, 538.0, 548.0], [899.0, 640.0, 387.0], [899.0, 570.0, 470.0], [898.0, 705.0, 266.0], [897.0, 609.0, 522.0], [896.0, 465.0, 652.0], [895.0, 634.0, 489.0], [895.0, 613.0, 534.0], [895.0, 505.0, 585.0], [894.0, 669.0, 373.0], [894.0, 514.0, 552.0], [892.0, 535.0, 594.0], [890.0, 705.0, 340.0], [890.0, 639.0, 505.0], [887.0, 651.0, 458.0], [886.0, 453.0, 685.0], [885.0, 498.0, 621.0], [884.0, 705.0, 398.0], [884.0, 478.0, 664.0], [883.0, 653.0, 415.0], [881.0, 564.0, 552.0], [875.0, 764.0, 245.0], [870.0, 722.0, 339.0], [869.0, 565.0, 562.0], [866.0, 565.0, 588.0], [865.0, 659.0, 404.0], [865.0, 606.0, 562.0], [863.0, 502.0, 613.0], [861.0, 653.0, 469.0], [859.0, 729.0, 318.0], [858.0, 685.0, 418.0], [857.0, 550.0, 635.0], [856.0, 595.0, 619.0], [855.0, 788.0, 247.0], [855.0, 766.0, 274.0], [855.0, 678.0, 439.0], [854.0, 724.0, 394.0], [852.0, 681.0, 436.0], [852.0, 679.0, 444.0], [849.0, 694.0, 502.0], [848.0, 759.0, 378.0], [848.0, 731.0, 421.0], [847.0, 653.0, 523.0], [845.0, 618.0, 528.0], [844.0, 644.0, 527.0], [844.0, 608.0, 558.0], [840.0, 762.0, 275.0], [840.0, 597.0, 575.0], [840.0, 555.0, 650.0], [838.0, 661.0, 508.0], [837.0, 615.0, 536.0], [835.0, 526.0, 668.0], [832.0, 734.0, 398.0], [831.0, 762.0, 320.0], [830.0, 771.0, 287.0], [830.0, 667.0, 570.0], [829.0, 690.0, 524.0], [827.0, 785.0, 298.0], [827.0, 744.0, 414.0], [825.0, 702.0, 497.0], [824.0, 612.0, 582.0], [823.0, 784.0, 318.0], [821.0, 788.0, 258.0], [819.0, 683.0, 525.0], [817.0, 760.0, 363.0], [817.0, 745.0, 494.0], [817.0, 509.0, 690.0], [816.0, 566.0, 633.0], [815.0, 776.0, 377.0], [814.0, 695.0, 546.0], [813.0, 754.0, 387.0], [811.0, 777.0, 432.0], [811.0, 627.0, 584.0], [810.0, 698.0, 499.0], [807.0, 608.0, 635.0], [806.0, 796.0, 371.0], [804.0, 841.0, 218.0], [803.0, 696.0, 511.0], [801.0, 787.0, 389.0], [801.0, 637.0, 604.0], [799.0, 856.0, 234.0], [798.0, 696.0, 525.0], [797.0, 900.0, 177.0], [797.0, 849.0, 296.0], [796.0, 731.0, 521.0], [795.0, 711.0, 566.0], [794.0, 804.0, 396.0], [794.0, 647.0, 585.0], [794.0, 640.0, 608.0], [793.0, 728.0, 542.0], [793.0, 644.0, 589.0], [792.0, 807.0, 376.0], [791.0, 748.0, 435.0], [791.0, 713.0, 577.0], [790.0, 830.0, 333.0], [787.0, 755.0, 445.0], [787.0, 673.0, 589.0], [786.0, 648.0, 594.0], [784.0, 781.0, 439.0], [784.0, 585.0, 685.0], [783.0, 863.0, 351.0], [783.0, 767.0, 487.0], [783.0, 659.0, 601.0], [779.0, 884.0, 300.0], [779.0, 825.0, 390.0], [777.0, 733.0, 496.0], [776.0, 590.0, 686.0], [775.0, 792.0, 442.0], [773.0, 815.0, 410.0], [773.0, 639.0, 614.0], [771.0, 858.0, 384.0], [771.0, 803.0, 443.0], [771.0, 771.0, 450.0], [771.0, 733.0, 504.0], [770.0, 750.0, 500.0], [770.0, 733.0, 540.0], [769.0, 768.0, 490.0], [769.0, 640.0, 611.0], [769.0, 600.0, 637.0], [768.0, 782.0, 449.0], [768.0, 690.0, 579.0], [767.0, 908.0, 204.0], [767.0, 652.0, 656.0], [766.0, 878.0, 307.0], [766.0, 806.0, 420.0], [766.0, 796.0, 452.0], [766.0, 737.0, 516.0], [765.0, 539.0, 688.0], [764.0, 952.0, 269.0], [764.0, 861.0, 359.0], [764.0, 808.0, 460.0], [761.0, 880.0, 312.0], [761.0, 847.0, 403.0], [761.0, 726.0, 577.0], [760.0, 867.0, 389.0], [760.0, 827.0, 445.0], [760.0, 674.0, 618.0], [759.0, 749.0, 506.0], [757.0, 829.0, 451.0], [756.0, 912.0, 312.0], [756.0, 738.0, 515.0], [756.0, 732.0, 553.0], [755.0, 828.0, 459.0], [755.0, 778.0, 504.0], [754.0, 762.0, 509.0], [753.0, 874.0, 353.0], [753.0, 785.0, 510.0], [752.0, 790.0, 469.0], [752.0, 771.0, 550.0], [752.0, 701.0, 604.0], [752.0, 664.0, 622.0], [750.0, 892.0, 365.0], [749.0, 820.0, 491.0], [748.0, 715.0, 582.0], [746.0, 737.0, 559.0], [744.0, 729.0, 575.0], [742.0, 960.0, 270.0], [742.0, 666.0, 621.0], [741.0, 846.0, 498.0], [740.0, 901.0, 353.0], [739.0, 856.0, 436.0], [739.0, 676.0, 651.0], [737.0, 705.0, 593.0], [737.0, 624.0, 666.0], [735.0, 810.0, 509.0], [734.0, 879.0, 407.0], [734.0, 736.0, 567.0], [733.0, 893.0, 381.0], [733.0, 860.0, 433.0], [732.0, 774.0, 529.0], [732.0, 706.0, 640.0], [731.0, 932.0, 343.0], [731.0, 764.0, 596.0], [729.0, 926.0, 350.0], [729.0, 900.0, 360.0], [729.0, 845.0, 513.0], [728.0, 619.0, 716.0], [725.0, 935.0, 281.0], [725.0, 815.0, 532.0], [723.0, 879.0, 432.0], [722.0, 773.0, 550.0], [722.0, 682.0, 654.0], [718.0, 890.0, 390.0], [718.0, 872.0, 440.0], [718.0, 646.0, 676.0], [717.0, 766.0, 586.0], [716.0, 855.0, 448.0], [716.0, 820.0, 530.0], [715.0, 881.0, 429.0], [715.0, 739.0, 622.0], [715.0, 696.0, 655.0], [714.0, 952.0, 272.0], [714.0, 890.0, 391.0], [714.0, 888.0, 451.0], [714.0, 668.0, 696.0], [713.0, 959.0, 292.0], [713.0, 895.0, 371.0], [711.0, 898.0, 370.0], [711.0, 788.0, 557.0], [710.0, 963.0, 301.0], [710.0, 858.0, 471.0], [709.0, 894.0, 395.0], [709.0, 792.0, 613.0], [708.0, 954.0, 365.0], [705.0, 851.0, 491.0], [705.0, 700.0, 673.0], [704.0, 990.0, 335.0], [704.0, 668.0, 722.0], [703.0, 921.0, 407.0], [702.0, 931.0, 369.0], [700.0, 805.0, 533.0], [699.0, 899.0, 459.0], [694.0, 825.0, 531.0], [694.0, 756.0, 615.0], [692.0, 871.0, 479.0], [691.0, 961.0, 345.0], [691.0, 854.0, 511.0], [690.0, 866.0, 495.0], [690.0, 823.0, 548.0], [690.0, 716.0, 642.0], [689.0, 873.0, 479.0], [688.0, 828.0, 519.0], [687.0, 921.0, 466.0], [687.0, 834.0, 535.0], [686.0, 976.0, 375.0], [686.0, 964.0, 386.0], [686.0, 929.0, 444.0], [685.0, 1017.0, 252.0], [685.0, 748.0, 664.0], [684.0, 891.0, 494.0], [684.0, 839.0, 518.0], [683.0, 843.0, 518.0], [683.0, 797.0, 554.0], [683.0, 685.0, 715.0], [682.0, 992.0, 309.0], [680.0, 897.0, 487.0], [679.0, 996.0, 283.0], [679.0, 699.0, 677.0], [678.0, 1028.0, 286.0], [677.0, 852.0, 531.0], [676.0, 825.0, 562.0], [675.0, 993.0, 323.0], [675.0, 903.0, 514.0], [673.0, 1030.0, 291.0], [673.0, 992.0, 330.0], [670.0, 935.0, 387.0], [669.0, 933.0, 395.0], [668.0, 987.0, 338.0], [666.0, 930.0, 451.0], [664.0, 912.0, 470.0], [663.0, 962.0, 411.0], [663.0, 933.0, 512.0], [663.0, 749.0, 653.0], [662.0, 872.0, 543.0], [662.0, 762.0, 615.0], [661.0, 857.0, 569.0], [661.0, 736.0, 675.0], [660.0, 979.0, 406.0], [660.0, 701.0, 712.0], [659.0, 1057.0, 291.0], [658.0, 949.0, 427.0], [658.0, 803.0, 574.0], [657.0, 1057.0, 311.0], [655.0, 986.0, 409.0], [655.0, 952.0, 423.0], [655.0, 893.0, 519.0], [655.0, 811.0, 586.0], [654.0, 758.0, 635.0], [653.0, 1113.0, 268.0], [653.0, 875.0, 535.0], [652.0, 783.0, 622.0], [650.0, 798.0, 597.0], [649.0, 1027.0, 413.0], [649.0, 966.0, 424.0], [649.0, 937.0, 459.0], [648.0, 943.0, 428.0], [647.0, 802.0, 604.0], [644.0, 1065.0, 306.0], [644.0, 1050.0, 316.0], [644.0, 836.0, 592.0], [642.0, 974.0, 429.0], [642.0, 876.0, 524.0], [641.0, 817.0, 607.0], [640.0, 975.0, 444.0], [639.0, 782.0, 640.0], [638.0, 794.0, 640.0], [638.0, 751.0, 642.0], [637.0, 977.0, 423.0], [637.0, 972.0, 465.0], [637.0, 843.0, 573.0], [637.0, 840.0, 624.0], [636.0, 1045.0, 335.0], [636.0, 863.0, 560.0], [635.0, 877.0, 537.0], [635.0, 766.0, 644.0], [635.0, 715.0, 676.0], [634.0, 893.0, 539.0], [634.0, 803.0, 631.0], [633.0, 978.0, 417.0], [633.0, 871.0, 551.0], [631.0, 841.0, 574.0], [630.0, 927.0, 517.0], [629.0, 1038.0, 353.0], [629.0, 909.0, 563.0], [628.0, 1049.0, 344.0], [628.0, 1047.0, 387.0], [627.0, 1036.0, 396.0], [625.0, 930.0, 525.0], [625.0, 848.0, 573.0], [624.0, 912.0, 547.0], [623.0, 978.0, 450.0], [622.0, 856.0, 592.0], [621.0, 1057.0, 336.0], [621.0, 982.0, 428.0], [621.0, 879.0, 607.0], [619.0, 1002.0, 429.0], [618.0, 889.0, 579.0], [618.0, 749.0, 675.0], [616.0, 1058.0, 321.0], [616.0, 1038.0, 416.0], [616.0, 967.0, 490.0], [615.0, 1133.0, 285.0], [615.0, 1115.0, 288.0], [615.0, 983.0, 449.0], [615.0, 895.0, 582.0], [614.0, 1049.0, 353.0], [614.0, 811.0, 634.0], [614.0, 783.0, 693.0], [613.0, 1067.0, 322.0], [611.0, 978.0, 455.0], [610.0, 958.0, 493.0], [609.0, 987.0, 456.0], [609.0, 934.0, 515.0], [608.0, 985.0, 458.0], [607.0, 1026.0, 417.0], [607.0, 998.0, 474.0], [606.0, 1077.0, 353.0], [604.0, 1121.0, 324.0], [604.0, 1014.0, 484.0], [602.0, 1054.0, 382.0], [602.0, 982.0, 491.0], [602.0, 897.0, 576.0], [602.0, 877.0, 651.0], [601.0, 912.0, 560.0], [600.0, 916.0, 542.0], [598.0, 1052.0, 387.0], [597.0, 956.0, 525.0], [597.0, 920.0, 540.0], [595.0, 1140.0, 308.0], [595.0, 1098.0, 342.0], [594.0, 1058.0, 416.0], [593.0, 1125.0, 350.0], [591.0, 1018.0, 446.0], [591.0, 994.0, 499.0], [591.0, 890.0, 628.0], [589.0, 1094.0, 379.0], [589.0, 850.0, 680.0], [586.0, 1106.0, 360.0], [585.0, 935.0, 528.0], [585.0, 918.0, 554.0], [584.0, 1031.0, 440.0], [583.0, 979.0, 509.0], [582.0, 962.0, 510.0], [580.0, 1136.0, 362.0], [579.0, 937.0, 556.0], [578.0, 900.0, 586.0], [577.0, 1004.0, 487.0], [577.0, 987.0, 512.0], [577.0, 903.0, 565.0], [576.0, 1064.0, 405.0], [574.0, 1058.0, 446.0], [572.0, 962.0, 514.0], [572.0, 959.0, 546.0], [572.0, 938.0, 595.0], [571.0, 1111.0, 421.0], [568.0, 1137.0, 382.0], [567.0, 998.0, 503.0], [565.0, 976.0, 533.0], [563.0, 1084.0, 461.0], [562.0, 1153.0, 387.0], [562.0, 1004.0, 490.0], [561.0, 1017.0, 475.0], [561.0, 893.0, 628.0], [559.0, 939.0, 555.0], [558.0, 940.0, 550.0], [556.0, 1183.0, 281.0], [552.0, 1005.0, 486.0], [552.0, 999.0, 534.0], [551.0, 1011.0, 490.0], [551.0, 868.0, 666.0], [550.0, 964.0, 555.0], [549.0, 990.0, 537.0], [549.0, 953.0, 572.0], [548.0, 1040.0, 487.0], [545.0, 1171.0, 331.0], [544.0, 895.0, 598.0], [543.0, 985.0, 543.0], [540.0, 1134.0, 391.0], [540.0, 1091.0, 444.0], [539.0, 1029.0, 526.0], [537.0, 965.0, 547.0], [536.0, 1159.0, 373.0], [536.0, 830.0, 691.0], [534.0, 941.0, 575.0], [532.0, 1070.0, 527.0], [531.0, 1190.0, 234.0], [531.0, 911.0, 617.0], [529.0, 1189.0, 276.0], [528.0, 1205.0, 273.0], [526.0, 1141.0, 390.0], [526.0, 1096.0, 424.0], [526.0, 950.0, 594.0], [525.0, 1006.0, 557.0], [523.0, 1135.0, 392.0], [523.0, 942.0, 613.0], [521.0, 1176.0, 323.0], [521.0, 1136.0, 412.0], [521.0, 1107.0, 446.0], [520.0, 1087.0, 454.0], [519.0, 1216.0, 240.0], [519.0, 1078.0, 480.0], [517.0, 1188.0, 309.0], [517.0, 1152.0, 389.0], [515.0, 1158.0, 417.0], [514.0, 1094.0, 480.0], [514.0, 987.0, 567.0], [511.0, 1210.0, 346.0], [509.0, 1170.0, 387.0], [508.0, 1041.0, 539.0], [506.0, 996.0, 567.0], [504.0, 1075.0, 530.0], [502.0, 1165.0, 395.0], [501.0, 1237.0, 358.0], [501.0, 1095.0, 492.0], [499.0, 1101.0, 453.0], [499.0, 923.0, 635.0], [498.0, 1112.0, 483.0], [498.0, 1013.0, 565.0], [498.0, 977.0, 609.0], [495.0, 983.0, 584.0], [495.0, 921.0, 665.0], [493.0, 932.0, 622.0], [491.0, 990.0, 574.0], [490.0, 1247.0, 231.0], [490.0, 1024.0, 570.0], [490.0, 983.0, 610.0], [489.0, 1258.0, 252.0], [488.0, 1164.0, 396.0], [485.0, 1164.0, 408.0], [485.0, 1156.0, 432.0], [485.0, 1130.0, 449.0], [485.0, 1097.0, 499.0], [483.0, 1265.0, 260.0], [483.0, 1132.0, 459.0], [483.0, 1002.0, 612.0], [482.0, 1180.0, 408.0], [481.0, 1032.0, 602.0], [479.0, 1211.0, 362.0], [478.0, 1241.0, 397.0], [477.0, 1084.0, 506.0], [476.0, 1173.0, 415.0], [474.0, 1111.0, 499.0], [474.0, 1099.0, 504.0], [473.0, 1250.0, 383.0], [471.0, 982.0, 618.0], [469.0, 1058.0, 540.0], [468.0, 1162.0, 428.0], [466.0, 1139.0, 442.0], [464.0, 1295.0, 283.0], [464.0, 1176.0, 422.0], [464.0, 925.0, 639.0], [462.0, 1286.0, 299.0], [462.0, 1235.0, 441.0], [462.0, 1138.0, 468.0], [459.0, 1143.0, 461.0], [455.0, 1303.0, 198.0], [454.0, 1175.0, 504.0], [453.0, 1113.0, 509.0], [448.0, 1304.0, 263.0], [448.0, 1144.0, 509.0], [447.0, 999.0, 642.0], [444.0, 1033.0, 559.0], [439.0, 1078.0, 575.0], [437.0, 1086.0, 539.0], [435.0, 1104.0, 518.0], [434.0, 1182.0, 478.0], [432.0, 1107.0, 525.0], [429.0, 1301.0, 339.0], [428.0, 1237.0, 400.0], [427.0, 1187.0, 475.0], [426.0, 1313.0, 332.0], [426.0, 1278.0, 355.0], [424.0, 1151.0, 521.0], [423.0, 1090.0, 530.0], [421.0, 1095.0, 572.0], [420.0, 1042.0, 582.0], [417.0, 1326.0, 266.0], [416.0, 1300.0, 352.0], [415.0, 1323.0, 293.0], [415.0, 1266.0, 357.0], [412.0, 1086.0, 596.0], [411.0, 1254.0, 360.0], [410.0, 1028.0, 684.0], [409.0, 1114.0, 528.0], [409.0, 1097.0, 562.0], [407.0, 1254.0, 363.0], [407.0, 1198.0, 453.0], [405.0, 1110.0, 579.0], [404.0, 1193.0, 502.0], [403.0, 1137.0, 549.0], [398.0, 1253.0, 387.0], [398.0, 1058.0, 599.0], [395.0, 1249.0, 422.0], [394.0, 1160.0, 529.0], [391.0, 1349.0, 185.0], [390.0, 1324.0, 311.0], [386.0, 1155.0, 541.0], [385.0, 1261.0, 399.0], [384.0, 1316.0, 315.0], [383.0, 1196.0, 507.0], [383.0, 1115.0, 580.0], [383.0, 1093.0, 607.0], [381.0, 1262.0, 384.0], [380.0, 1322.0, 341.0], [379.0, 1314.0, 348.0], [378.0, 1333.0, 275.0], [377.0, 1369.0, 243.0], [376.0, 1328.0, 286.0], [376.0, 1190.0, 513.0], [375.0, 1124.0, 601.0], [372.0, 1264.0, 417.0], [372.0, 1263.0, 457.0], [370.0, 1345.0, 251.0], [363.0, 1274.0, 362.0], [362.0, 1270.0, 381.0], [359.0, 1273.0, 381.0], [358.0, 1379.0, 211.0], [357.0, 1329.0, 307.0], [354.0, 1078.0, 619.0], [352.0, 1266.0, 400.0], [351.0, 1345.0, 284.0], [351.0, 1288.0, 398.0], [348.0, 1341.0, 300.0], [347.0, 1369.0, 271.0], [346.0, 1342.0, 337.0], [345.0, 1252.0, 463.0], [344.0, 1320.0, 349.0], [339.0, 1334.0, 379.0], [337.0, 1148.0, 545.0], [327.0, 1201.0, 467.0], [325.0, 1272.0, 426.0], [323.0, 1203.0, 497.0], [318.0, 1285.0, 419.0], [316.0, 1179.0, 530.0], [315.0, 1351.0, 282.0], [313.0, 1333.0, 396.0], [312.0, 1350.0, 313.0], [305.0, 1344.0, 382.0], [301.0, 1348.0, 350.0], [298.0, 1346.0, 351.0], [298.0, 1269.0, 509.0], [297.0, 1371.0, 218.0], [296.0, 1407.0, 260.0], [296.0, 1299.0, 446.0], [294.0, 1313.0, 410.0], [286.0, 1198.0, 511.0], [283.0, 1409.0, 297.0], [283.0, 1364.0, 319.0], [283.0, 1349.0, 349.0], [270.0, 1350.0, 350.0], [259.0, 1404.0, 312.0], [256.0, 1349.0, 361.0], [252.0, 1272.0, 499.0], [238.0, 1424.0, 312.0], [214.0, 1353.0, 403.0], [206.0, 1435.0, 303.0]]
