heur = false
LBS_limit = 4
preproc = 2
tight_root = 1
total_time = 12.54
NDP = 186
total_nodes = 3961
pruned_nodes = 1981
pruned_dominance_nodes = 0
heur_time = 0.0
Y_N = Any[[791.0, 176.0, 226.0], [768.0, 206.0, 213.0], [764.0, 153.0, 257.0], [752.0, 188.0, 292.0], [736.0, 184.0, 305.0], [721.0, 244.0, 274.0], [717.0, 265.0, 197.0], [717.0, 247.0, 228.0], [715.0, 193.0, 338.0], [705.0, 269.0, 213.0], [700.0, 270.0, 187.0], [700.0, 252.0, 262.0], [692.0, 269.0, 221.0], [692.0, 211.0, 302.0], [690.0, 277.0, 220.0], [688.0, 315.0, 206.0], [688.0, 264.0, 253.0], [686.0, 278.0, 220.0], [684.0, 252.0, 330.0], [681.0, 283.0, 241.0], [679.0, 184.0, 365.0], [676.0, 233.0, 346.0], [674.0, 297.0, 254.0], [672.0, 312.0, 226.0], [665.0, 286.0, 288.0], [660.0, 276.0, 301.0], [657.0, 271.0, 312.0], [657.0, 168.0, 500.0], [653.0, 313.0, 237.0], [653.0, 202.0, 353.0], [652.0, 246.0, 358.0], [650.0, 314.0, 261.0], [650.0, 292.0, 330.0], [650.0, 250.0, 360.0], [650.0, 241.0, 431.0], [647.0, 327.0, 239.0], [647.0, 297.0, 360.0], [645.0, 346.0, 189.0], [644.0, 332.0, 260.0], [644.0, 301.0, 267.0], [642.0, 231.0, 435.0], [634.0, 336.0, 257.0], [632.0, 360.0, 206.0], [629.0, 282.0, 407.0], [626.0, 345.0, 266.0], [624.0, 347.0, 222.0], [624.0, 340.0, 275.0], [624.0, 335.0, 280.0], [621.0, 371.0, 213.0], [621.0, 341.0, 286.0], [619.0, 378.0, 189.0], [618.0, 219.0, 479.0], [616.0, 342.0, 312.0], [612.0, 354.0, 322.0], [610.0, 379.0, 211.0], [610.0, 363.0, 248.0], [610.0, 360.0, 293.0], [608.0, 374.0, 232.0], [605.0, 391.0, 184.0], [604.0, 320.0, 326.0], [603.0, 377.0, 282.0], [599.0, 402.0, 221.0], [598.0, 405.0, 205.0], [597.0, 380.0, 279.0], [596.0, 365.0, 318.0], [594.0, 434.0, 135.0], [593.0, 354.0, 348.0], [592.0, 368.0, 293.0], [591.0, 257.0, 414.0], [590.0, 390.0, 246.0], [589.0, 370.0, 347.0], [589.0, 316.0, 354.0], [588.0, 428.0, 172.0], [586.0, 411.0, 214.0], [585.0, 251.0, 417.0], [583.0, 385.0, 281.0], [581.0, 392.0, 316.0], [579.0, 393.0, 322.0], [579.0, 275.0, 441.0], [576.0, 245.0, 507.0], [574.0, 398.0, 224.0], [572.0, 359.0, 397.0], [571.0, 249.0, 500.0], [569.0, 405.0, 317.0], [568.0, 299.0, 400.0], [567.0, 450.0, 188.0], [567.0, 387.0, 344.0], [566.0, 420.0, 273.0], [564.0, 362.0, 376.0], [559.0, 410.0, 341.0], [557.0, 425.0, 254.0], [554.0, 481.0, 233.0], [554.0, 316.0, 480.0], [552.0, 369.0, 413.0], [550.0, 392.0, 343.0], [550.0, 341.0, 436.0], [547.0, 430.0, 317.0], [546.0, 383.0, 348.0], [543.0, 400.0, 356.0], [543.0, 358.0, 422.0], [541.0, 482.0, 173.0], [539.0, 442.0, 270.0], [537.0, 442.0, 295.0], [537.0, 417.0, 330.0], [537.0, 400.0, 366.0], [536.0, 461.0, 245.0], [533.0, 459.0, 297.0], [530.0, 378.0, 376.0], [529.0, 489.0, 256.0], [529.0, 425.0, 321.0], [527.0, 335.0, 445.0], [525.0, 511.0, 169.0], [523.0, 459.0, 333.0], [522.0, 500.0, 214.0], [518.0, 328.0, 485.0], [514.0, 373.0, 380.0], [511.0, 405.0, 349.0], [510.0, 476.0, 300.0], [504.0, 366.0, 446.0], [501.0, 529.0, 162.0], [500.0, 378.0, 379.0], [498.0, 533.0, 184.0], [498.0, 424.0, 423.0], [497.0, 517.0, 191.0], [497.0, 469.0, 329.0], [495.0, 456.0, 343.0], [493.0, 499.0, 249.0], [492.0, 503.0, 324.0], [488.0, 515.0, 202.0], [488.0, 508.0, 211.0], [487.0, 538.0, 176.0], [485.0, 508.0, 218.0], [485.0, 476.0, 361.0], [484.0, 482.0, 356.0], [484.0, 440.0, 379.0], [482.0, 544.0, 186.0], [481.0, 566.0, 152.0], [481.0, 512.0, 300.0], [481.0, 458.0, 374.0], [474.0, 544.0, 272.0], [472.0, 559.0, 197.0], [472.0, 439.0, 457.0], [467.0, 549.0, 201.0], [467.0, 513.0, 308.0], [466.0, 565.0, 170.0], [466.0, 519.0, 335.0], [461.0, 563.0, 209.0], [461.0, 554.0, 216.0], [459.0, 551.0, 297.0], [458.0, 525.0, 303.0], [456.0, 564.0, 217.0], [455.0, 564.0, 237.0], [453.0, 491.0, 350.0], [449.0, 468.0, 390.0], [448.0, 586.0, 233.0], [447.0, 592.0, 142.0], [439.0, 564.0, 294.0], [437.0, 532.0, 326.0], [437.0, 463.0, 394.0], [436.0, 558.0, 324.0], [435.0, 512.0, 362.0], [432.0, 560.0, 300.0], [427.0, 565.0, 267.0], [417.0, 567.0, 268.0], [416.0, 607.0, 86.0], [414.0, 603.0, 186.0], [411.0, 581.0, 319.0], [408.0, 594.0, 256.0], [407.0, 613.0, 161.0], [407.0, 595.0, 298.0], [404.0, 601.0, 219.0], [404.0, 597.0, 227.0], [399.0, 640.0, 168.0], [397.0, 606.0, 173.0], [395.0, 626.0, 180.0], [391.0, 607.0, 221.0], [380.0, 637.0, 175.0], [375.0, 618.0, 321.0], [368.0, 667.0, 221.0], [361.0, 672.0, 198.0], [357.0, 681.0, 196.0], [348.0, 588.0, 342.0], [339.0, 660.0, 284.0], [338.0, 652.0, 289.0], [330.0, 691.0, 214.0], [318.0, 649.0, 322.0]]
