heur = false
LBS_limit = 4
preproc = 2
tight_root = 1
total_time = 19.57
NDP = 211
total_nodes = 7941
pruned_nodes = 3971
pruned_dominance_nodes = 0
heur_time = 0.0
Y_N = Any[[444.0, 965.0, 425.0], [443.0, 966.0, 431.0], [406.0, 1028.0, 425.0], [402.0, 1034.0, 406.0], [401.0, 1054.0, 403.0], [378.0, 1049.0, 445.0], [368.0, 1087.0, 333.0], [359.0, 1094.0, 401.0], [358.0, 1047.0, 469.0], [355.0, 1109.0, 379.0], [353.0, 1049.0, 462.0], [347.0, 1121.0, 413.0], [346.0, 1109.0, 431.0], [344.0, 1061.0, 439.0], [337.0, 1125.0, 435.0], [334.0, 1133.0, 415.0], [329.0, 1202.0, 218.0], [329.0, 1112.0, 444.0], [324.0, 1136.0, 386.0], [318.0, 1103.0, 462.0], [317.0, 1126.0, 432.0], [313.0, 1136.0, 401.0], [313.0, 1133.0, 442.0], [310.0, 1157.0, 341.0], [307.0, 1104.0, 474.0], [301.0, 1233.0, 289.0], [299.0, 1189.0, 365.0], [298.0, 1117.0, 444.0], [296.0, 1191.0, 345.0], [296.0, 1178.0, 399.0], [295.0, 1201.0, 306.0], [295.0, 1134.0, 424.0], [295.0, 1125.0, 445.0], [293.0, 1201.0, 378.0], [292.0, 1147.0, 429.0], [290.0, 1209.0, 305.0], [290.0, 1160.0, 413.0], [289.0, 1208.0, 394.0], [286.0, 1223.0, 300.0], [284.0, 1189.0, 403.0], [284.0, 1188.0, 424.0], [284.0, 1119.0, 475.0], [282.0, 1217.0, 401.0], [282.0, 1141.0, 447.0], [282.0, 1138.0, 464.0], [279.0, 1169.0, 447.0], [279.0, 1131.0, 477.0], [276.0, 1133.0, 469.0], [274.0, 1193.0, 427.0], [273.0, 1172.0, 471.0], [270.0, 1225.0, 300.0], [270.0, 1224.0, 340.0], [269.0, 1219.0, 402.0], [266.0, 1205.0, 440.0], [263.0, 1190.0, 456.0], [257.0, 1273.0, 313.0], [257.0, 1225.0, 420.0], [257.0, 1158.0, 477.0], [253.0, 1203.0, 442.0], [253.0, 1199.0, 455.0], [252.0, 1276.0, 336.0], [252.0, 1239.0, 403.0], [251.0, 1290.0, 245.0], [251.0, 1285.0, 267.0], [251.0, 1210.0, 444.0], [251.0, 1192.0, 492.0], [247.0, 1254.0, 339.0], [242.0, 1305.0, 249.0], [242.0, 1277.0, 344.0], [242.0, 1194.0, 464.0], [240.0, 1282.0, 340.0], [240.0, 1253.0, 421.0], [237.0, 1211.0, 422.0], [236.0, 1287.0, 332.0], [236.0, 1212.0, 426.0], [235.0, 1211.0, 434.0], [234.0, 1297.0, 323.0], [234.0, 1258.0, 356.0], [233.0, 1275.0, 359.0], [233.0, 1255.0, 374.0], [233.0, 1220.0, 427.0], [233.0, 1207.0, 465.0], [232.0, 1235.0, 427.0], [232.0, 1215.0, 444.0], [231.0, 1208.0, 446.0], [228.0, 1278.0, 382.0], [224.0, 1293.0, 344.0], [224.0, 1221.0, 446.0], [223.0, 1277.0, 385.0], [222.0, 1286.0, 380.0], [222.0, 1222.0, 444.0], [221.0, 1300.0, 289.0], [220.0, 1300.0, 297.0], [220.0, 1280.0, 399.0], [218.0, 1327.0, 273.0], [217.0, 1228.0, 451.0], [215.0, 1273.0, 444.0], [212.0, 1289.0, 371.0], [212.0, 1223.0, 453.0], [210.0, 1217.0, 455.0], [209.0, 1293.0, 421.0], [206.0, 1353.0, 265.0], [206.0, 1286.0, 422.0], [204.0, 1363.0, 290.0], [203.0, 1303.0, 423.0], [203.0, 1286.0, 427.0], [203.0, 1260.0, 455.0], [203.0, 1227.0, 461.0], [202.0, 1311.0, 341.0], [198.0, 1350.0, 297.0], [196.0, 1306.0, 403.0], [196.0, 1287.0, 452.0], [184.0, 1349.0, 299.0], [183.0, 1368.0, 199.0], [183.0, 1307.0, 371.0], [181.0, 1291.0, 470.0], [180.0, 1275.0, 479.0], [177.0, 1355.0, 316.0], [176.0, 1378.0, 257.0], [176.0, 1332.0, 339.0], [175.0, 1383.0, 219.0], [173.0, 1324.0, 371.0], [172.0, 1308.0, 411.0], [172.0, 1306.0, 420.0], [171.0, 1295.0, 468.0], [170.0, 1361.0, 320.0], [169.0, 1360.0, 321.0], [169.0, 1306.0, 438.0], [167.0, 1389.0, 240.0], [167.0, 1343.0, 345.0], [165.0, 1357.0, 436.0], [165.0, 1305.0, 458.0], [164.0, 1282.0, 471.0], [163.0, 1407.0, 227.0], [163.0, 1374.0, 282.0], [163.0, 1367.0, 320.0], [162.0, 1343.0, 449.0], [158.0, 1308.0, 463.0], [157.0, 1386.0, 347.0], [157.0, 1309.0, 474.0], [155.0, 1359.0, 373.0], [148.0, 1374.0, 368.0], [142.0, 1384.0, 364.0], [141.0, 1417.0, 259.0], [140.0, 1370.0, 420.0], [138.0, 1363.0, 425.0], [138.0, 1350.0, 437.0], [136.0, 1408.0, 306.0], [136.0, 1375.0, 379.0], [135.0, 1375.0, 389.0], [133.0, 1388.0, 331.0], [128.0, 1393.0, 315.0], [126.0, 1372.0, 392.0], [123.0, 1384.0, 385.0], [123.0, 1382.0, 411.0], [122.0, 1314.0, 459.0], [121.0, 1315.0, 460.0], [119.0, 1384.0, 394.0], [119.0, 1377.0, 423.0], [118.0, 1385.0, 431.0], [118.0, 1372.0, 448.0], [117.0, 1443.0, 261.0], [117.0, 1392.0, 426.0], [115.0, 1454.0, 248.0], [114.0, 1418.0, 309.0], [113.0, 1382.0, 442.0], [108.0, 1423.0, 345.0], [107.0, 1456.0, 230.0], [105.0, 1429.0, 297.0], [103.0, 1443.0, 297.0], [101.0, 1453.0, 274.0], [99.0, 1467.0, 203.0], [97.0, 1388.0, 434.0], [97.0, 1378.0, 448.0], [93.0, 1442.0, 304.0], [93.0, 1393.0, 422.0], [92.0, 1392.0, 452.0], [91.0, 1473.0, 238.0], [91.0, 1393.0, 427.0], [90.0, 1450.0, 323.0], [87.0, 1465.0, 302.0], [84.0, 1460.0, 308.0], [81.0, 1400.0, 393.0], [81.0, 1395.0, 394.0], [80.0, 1469.0, 306.0], [80.0, 1396.0, 399.0], [77.0, 1471.0, 277.0], [77.0, 1406.0, 350.0], [72.0, 1396.0, 407.0], [71.0, 1397.0, 411.0], [70.0, 1459.0, 373.0], [67.0, 1400.0, 469.0], [66.0, 1401.0, 444.0], [65.0, 1402.0, 395.0], [59.0, 1471.0, 278.0], [59.0, 1467.0, 331.0], [58.0, 1472.0, 337.0], [54.0, 1476.0, 296.0], [53.0, 1477.0, 343.0], [44.0, 1467.0, 357.0], [34.0, 1471.0, 359.0], [33.0, 1472.0, 377.0], [28.0, 1476.0, 436.0], [27.0, 1477.0, 393.0], [26.0, 1480.0, 260.0], [9.0, 1479.0, 301.0], [7.0, 1479.0, 403.0], [6.0, 1480.0, 416.0], [3.0, 1484.0, 210.0], [1.0, 1484.0, 425.0], [-0.0, 1485.0, 375.0]]
