heur = false
LBS_limit = 4
preproc = 2
tight_root = 1
total_time = 1800.03
NDP = 669
total_nodes = 93767
pruned_nodes = 46863
pruned_dominance_nodes = 5
heur_time = 0.0
Y_N = Any[[773.0, 163.0, 348.0], [770.0, 81.0, 446.0], [744.0, 224.0, 291.0], [740.0, 172.0, 355.0], [737.0, 235.0, 307.0], [718.0, 246.0, 368.0], [718.0, 156.0, 462.0], [714.0, 286.0, 228.0], [710.0, 128.0, 470.0], [705.0, 306.0, 354.0], [696.0, 368.0, 244.0], [696.0, 187.0, 386.0], [695.0, 167.0, 413.0], [693.0, 350.0, 284.0], [690.0, 186.0, 416.0], [689.0, 234.0, 380.0], [688.0, 308.0, 294.0], [687.0, 351.0, 291.0], [687.0, 307.0, 298.0], [681.0, 243.0, 414.0], [678.0, 310.0, 348.0], [677.0, 406.0, 276.0], [677.0, 321.0, 376.0], [677.0, 193.0, 416.0], [669.0, 326.0, 369.0], [666.0, 253.0, 391.0], [660.0, 379.0, 290.0], [658.0, 263.0, 381.0], [658.0, 262.0, 410.0], [656.0, 329.0, 380.0], [654.0, 261.0, 429.0], [652.0, 342.0, 340.0], [651.0, 283.0, 391.0], [649.0, 338.0, 383.0], [649.0, 307.0, 418.0], [649.0, 282.0, 432.0], [648.0, 413.0, 228.0], [647.0, 346.0, 297.0], [647.0, 185.0, 495.0], [647.0, 160.0, 516.0], [642.0, 420.0, 234.0], [641.0, 344.0, 349.0], [640.0, 222.0, 492.0], [639.0, 348.0, 427.0], [638.0, 166.0, 501.0], [635.0, 421.0, 264.0], [635.0, 351.0, 345.0], [634.0, 371.0, 307.0], [634.0, 358.0, 330.0], [633.0, 452.0, 205.0], [633.0, 383.0, 304.0], [632.0, 356.0, 359.0], [630.0, 391.0, 283.0], [629.0, 273.0, 448.0], [628.0, 392.0, 358.0], [628.0, 272.0, 470.0], [627.0, 432.0, 267.0], [627.0, 306.0, 433.0], [626.0, 363.0, 363.0], [624.0, 274.0, 457.0], [623.0, 436.0, 264.0], [623.0, 328.0, 453.0], [621.0, 484.0, 247.0], [621.0, 439.0, 261.0], [620.0, 414.0, 305.0], [619.0, 414.0, 336.0], [619.0, 403.0, 350.0], [619.0, 250.0, 486.0], [615.0, 505.0, 165.0], [614.0, 364.0, 424.0], [610.0, 421.0, 272.0], [610.0, 419.0, 281.0], [609.0, 502.0, 211.0], [608.0, 415.0, 290.0], [608.0, 343.0, 436.0], [604.0, 405.0, 344.0], [602.0, 418.0, 287.0], [602.0, 405.0, 352.0], [602.0, 391.0, 383.0], [601.0, 407.0, 347.0], [599.0, 442.0, 268.0], [599.0, 437.0, 353.0], [598.0, 463.0, 285.0], [595.0, 400.0, 389.0], [594.0, 360.0, 432.0], [593.0, 385.0, 403.0], [592.0, 443.0, 288.0], [592.0, 409.0, 365.0], [592.0, 288.0, 489.0], [591.0, 388.0, 397.0], [591.0, 338.0, 437.0], [590.0, 438.0, 354.0], [590.0, 411.0, 384.0], [589.0, 490.0, 290.0], [589.0, 478.0, 313.0], [582.0, 420.0, 359.0], [581.0, 491.0, 290.0], [580.0, 494.0, 236.0], [579.0, 509.0, 235.0], [578.0, 265.0, 495.0], [575.0, 498.0, 249.0], [575.0, 497.0, 266.0], [574.0, 457.0, 320.0], [573.0, 515.0, 223.0], [573.0, 500.0, 343.0], [571.0, 313.0, 519.0], [570.0, 422.0, 361.0], [567.0, 545.0, 197.0], [567.0, 307.0, 549.0], [566.0, 370.0, 415.0], [565.0, 433.0, 376.0], [564.0, 507.0, 262.0], [564.0, 439.0, 348.0], [564.0, 430.0, 399.0], [563.0, 564.0, 198.0], [563.0, 442.0, 359.0], [563.0, 431.0, 411.0], [562.0, 511.0, 232.0], [561.0, 436.0, 363.0], [559.0, 427.0, 430.0], [559.0, 351.0, 486.0], [558.0, 354.0, 468.0], [557.0, 370.0, 450.0], [555.0, 528.0, 235.0], [554.0, 536.0, 225.0], [554.0, 522.0, 298.0], [553.0, 377.0, 432.0], [552.0, 440.0, 388.0], [552.0, 358.0, 481.0], [551.0, 524.0, 287.0], [548.0, 490.0, 344.0], [547.0, 547.0, 283.0], [547.0, 446.0, 368.0], [546.0, 488.0, 381.0], [546.0, 300.0, 553.0], [545.0, 371.0, 461.0], [543.0, 510.0, 311.0], [542.0, 530.0, 294.0], [541.0, 563.0, 268.0], [539.0, 569.0, 192.0], [539.0, 432.0, 439.0], [538.0, 436.0, 390.0], [537.0, 587.0, 151.0], [537.0, 578.0, 175.0], [537.0, 550.0, 274.0], [537.0, 518.0, 311.0], [536.0, 531.0, 290.0], [536.0, 461.0, 389.0], [535.0, 502.0, 338.0], [535.0, 459.0, 420.0], [534.0, 537.0, 309.0], [534.0, 511.0, 329.0], [534.0, 377.0, 467.0], [534.0, 366.0, 479.0], [533.0, 516.0, 320.0], [533.0, 494.0, 358.0], [532.0, 516.0, 336.0], [532.0, 461.0, 394.0], [529.0, 497.0, 348.0], [527.0, 587.0, 251.0], [526.0, 616.0, 111.0], [523.0, 527.0, 366.0], [523.0, 327.0, 505.0], [522.0, 539.0, 314.0], [522.0, 509.0, 389.0], [521.0, 453.0, 455.0], [521.0, 369.0, 506.0], [518.0, 580.0, 255.0], [518.0, 528.0, 324.0], [518.0, 493.0, 422.0], [516.0, 618.0, 153.0], [516.0, 372.0, 480.0], [515.0, 556.0, 276.0], [514.0, 613.0, 286.0], [514.0, 533.0, 343.0], [513.0, 620.0, 171.0], [509.0, 567.0, 325.0], [507.0, 422.0, 462.0], [505.0, 576.0, 288.0], [505.0, 543.0, 352.0], [505.0, 384.0, 470.0], [503.0, 585.0, 330.0], [502.0, 509.0, 428.0], [500.0, 614.0, 180.0], [498.0, 629.0, 225.0], [496.0, 529.0, 354.0], [495.0, 529.0, 368.0], [495.0, 371.0, 482.0], [493.0, 512.0, 372.0], [493.0, 432.0, 456.0], [492.0, 659.0, 212.0], [492.0, 533.0, 358.0], [491.0, 556.0, 336.0], [491.0, 454.0, 432.0], [491.0, 448.0, 461.0], [490.0, 552.0, 353.0], [489.0, 665.0, 146.0], [485.0, 602.0, 321.0], [484.0, 624.0, 266.0], [484.0, 528.0, 372.0], [484.0, 456.0, 429.0], [483.0, 669.0, 219.0], [483.0, 456.0, 434.0], [481.0, 441.0, 478.0], [480.0, 524.0, 439.0], [480.0, 472.0, 448.0], [479.0, 576.0, 405.0], [478.0, 660.0, 221.0], [477.0, 643.0, 222.0], [475.0, 505.0, 452.0], [474.0, 438.0, 484.0], [473.0, 375.0, 486.0], [472.0, 631.0, 223.0], [471.0, 605.0, 287.0], [469.0, 678.0, 209.0], [469.0, 652.0, 233.0], [468.0, 615.0, 277.0], [468.0, 461.0, 466.0], [467.0, 632.0, 271.0], [466.0, 609.0, 294.0], [466.0, 465.0, 458.0], [465.0, 607.0, 327.0], [465.0, 490.0, 458.0], [464.0, 664.0, 281.0], [464.0, 627.0, 354.0], [462.0, 681.0, 186.0], [461.0, 671.0, 217.0], [461.0, 526.0, 410.0], [460.0, 689.0, 142.0], [459.0, 641.0, 286.0], [458.0, 519.0, 459.0], [458.0, 450.0, 476.0], [457.0, 692.0, 152.0], [457.0, 588.0, 361.0], [456.0, 683.0, 163.0], [455.0, 686.0, 186.0], [455.0, 532.0, 414.0], [454.0, 482.0, 470.0], [453.0, 532.0, 446.0], [453.0, 454.0, 475.0], [449.0, 729.0, 165.0], [448.0, 631.0, 293.0], [448.0, 443.0, 481.0], [447.0, 675.0, 230.0], [445.0, 668.0, 245.0], [440.0, 595.0, 356.0], [439.0, 525.0, 449.0], [437.0, 644.0, 299.0], [437.0, 592.0, 358.0], [436.0, 680.0, 237.0], [435.0, 665.0, 246.0], [435.0, 451.0, 546.0], [434.0, 732.0, 141.0], [434.0, 668.0, 247.0], [433.0, 692.0, 200.0], [433.0, 688.0, 267.0], [433.0, 600.0, 369.0], [431.0, 596.0, 381.0], [431.0, 558.0, 435.0], [430.0, 603.0, 368.0], [430.0, 563.0, 419.0], [430.0, 525.0, 466.0], [429.0, 577.0, 388.0], [429.0, 529.0, 452.0], [428.0, 717.0, 200.0], [428.0, 656.0, 293.0], [428.0, 633.0, 366.0], [428.0, 586.0, 391.0], [428.0, 516.0, 468.0], [427.0, 748.0, 140.0], [427.0, 661.0, 291.0], [426.0, 697.0, 230.0], [426.0, 648.0, 309.0], [426.0, 592.0, 382.0], [426.0, 546.0, 448.0], [425.0, 677.0, 268.0], [424.0, 663.0, 317.0], [424.0, 600.0, 377.0], [424.0, 494.0, 516.0], [423.0, 722.0, 196.0], [423.0, 698.0, 238.0], [422.0, 720.0, 213.0], [422.0, 597.0, 398.0], [421.0, 579.0, 404.0], [421.0, 566.0, 456.0], [420.0, 693.0, 244.0], [420.0, 632.0, 384.0], [420.0, 599.0, 390.0], [419.0, 670.0, 282.0], [419.0, 657.0, 334.0], [417.0, 681.0, 284.0], [416.0, 701.0, 259.0], [414.0, 703.0, 215.0], [414.0, 692.0, 336.0], [414.0, 645.0, 372.0], [412.0, 742.0, 197.0], [411.0, 712.0, 215.0], [411.0, 684.0, 340.0], [408.0, 618.0, 395.0], [407.0, 756.0, 172.0], [407.0, 710.0, 234.0], [406.0, 733.0, 240.0], [402.0, 570.0, 421.0], [401.0, 703.0, 258.0], [401.0, 695.0, 292.0], [401.0, 694.0, 294.0], [399.0, 656.0, 344.0], [399.0, 648.0, 347.0], [399.0, 614.0, 406.0], [398.0, 709.0, 292.0], [397.0, 753.0, 192.0], [395.0, 768.0, 122.0], [395.0, 740.0, 230.0], [395.0, 654.0, 370.0], [394.0, 559.0, 468.0], [393.0, 770.0, 203.0], [392.0, 634.0, 374.0], [391.0, 774.0, 139.0], [391.0, 741.0, 250.0], [391.0, 696.0, 315.0], [390.0, 716.0, 275.0], [390.0, 655.0, 349.0], [390.0, 520.0, 474.0], [389.0, 755.0, 255.0], [388.0, 615.0, 419.0], [387.0, 627.0, 386.0], [386.0, 624.0, 401.0], [385.0, 693.0, 324.0], [384.0, 756.0, 207.0], [384.0, 721.0, 259.0], [383.0, 692.0, 340.0], [383.0, 575.0, 444.0], [382.0, 745.0, 271.0], [381.0, 775.0, 182.0], [380.0, 694.0, 323.0], [380.0, 661.0, 353.0], [379.0, 780.0, 127.0], [379.0, 777.0, 165.0], [379.0, 702.0, 293.0], [379.0, 616.0, 409.0], [377.0, 681.0, 347.0], [376.0, 668.0, 354.0], [376.0, 577.0, 429.0], [376.0, 560.0, 470.0], [375.0, 756.0, 216.0], [375.0, 731.0, 276.0], [375.0, 712.0, 277.0], [375.0, 649.0, 380.0], [374.0, 703.0, 304.0], [373.0, 777.0, 185.0], [373.0, 631.0, 390.0], [373.0, 571.0, 478.0], [372.0, 628.0, 414.0], [371.0, 824.0, 151.0], [370.0, 663.0, 361.0], [370.0, 637.0, 388.0], [369.0, 782.0, 168.0], [369.0, 701.0, 308.0], [369.0, 614.0, 450.0], [368.0, 779.0, 199.0], [368.0, 682.0, 372.0], [368.0, 641.0, 387.0], [366.0, 768.0, 268.0], [366.0, 715.0, 281.0], [365.0, 776.0, 229.0], [364.0, 784.0, 188.0], [364.0, 737.0, 282.0], [363.0, 788.0, 159.0], [363.0, 712.0, 298.0], [363.0, 703.0, 354.0], [362.0, 786.0, 254.0], [362.0, 714.0, 305.0], [360.0, 735.0, 297.0], [360.0, 714.0, 314.0], [359.0, 741.0, 284.0], [359.0, 716.0, 306.0], [359.0, 625.0, 415.0], [358.0, 799.0, 168.0], [358.0, 756.0, 271.0], [358.0, 751.0, 281.0], [356.0, 818.0, 177.0], [356.0, 790.0, 194.0], [356.0, 704.0, 333.0], [356.0, 625.0, 424.0], [355.0, 819.0, 169.0], [355.0, 758.0, 275.0], [355.0, 668.0, 389.0], [355.0, 641.0, 409.0], [354.0, 715.0, 312.0], [354.0, 705.0, 329.0], [352.0, 666.0, 406.0], [351.0, 597.0, 454.0], [350.0, 729.0, 349.0], [349.0, 797.0, 182.0], [348.0, 831.0, 107.0], [348.0, 790.0, 236.0], [348.0, 685.0, 373.0], [348.0, 591.0, 457.0], [347.0, 752.0, 282.0], [345.0, 693.0, 378.0], [345.0, 603.0, 461.0], [345.0, 556.0, 495.0], [344.0, 707.0, 362.0], [342.0, 829.0, 123.0], [342.0, 777.0, 255.0], [341.0, 831.0, 162.0], [341.0, 807.0, 218.0], [341.0, 744.0, 291.0], [341.0, 703.0, 363.0], [340.0, 789.0, 243.0], [340.0, 751.0, 288.0], [340.0, 741.0, 316.0], [339.0, 789.0, 275.0], [338.0, 814.0, 234.0], [338.0, 737.0, 332.0], [338.0, 624.0, 448.0], [337.0, 759.0, 282.0], [337.0, 546.0, 553.0], [336.0, 826.0, 182.0], [335.0, 759.0, 293.0], [335.0, 637.0, 415.0], [334.0, 742.0, 354.0], [334.0, 737.0, 363.0], [334.0, 692.0, 396.0], [334.0, 654.0, 424.0], [333.0, 832.0, 206.0], [333.0, 700.0, 376.0], [332.0, 756.0, 295.0], [332.0, 725.0, 373.0], [332.0, 666.0, 424.0], [332.0, 630.0, 461.0], [331.0, 813.0, 237.0], [331.0, 769.0, 279.0], [330.0, 821.0, 216.0], [329.0, 794.0, 284.0], [329.0, 774.0, 296.0], [328.0, 782.0, 308.0], [326.0, 799.0, 279.0], [326.0, 773.0, 310.0], [325.0, 846.0, 198.0], [324.0, 698.0, 377.0], [324.0, 641.0, 460.0], [322.0, 858.0, 126.0], [322.0, 818.0, 238.0], [322.0, 809.0, 248.0], [322.0, 673.0, 400.0], [321.0, 767.0, 311.0], [320.0, 654.0, 442.0], [319.0, 805.0, 258.0], [318.0, 755.0, 313.0], [318.0, 672.0, 408.0], [317.0, 810.0, 242.0], [316.0, 785.0, 305.0], [316.0, 726.0, 373.0], [316.0, 700.0, 378.0], [316.0, 627.0, 497.0], [315.0, 809.0, 277.0], [315.0, 751.0, 320.0], [314.0, 720.0, 385.0], [314.0, 693.0, 403.0], [313.0, 840.0, 246.0], [313.0, 690.0, 405.0], [312.0, 854.0, 141.0], [312.0, 746.0, 322.0], [311.0, 713.0, 393.0], [310.0, 823.0, 276.0], [310.0, 773.0, 321.0], [309.0, 745.0, 324.0], [309.0, 728.0, 401.0], [308.0, 687.0, 412.0], [307.0, 864.0, 200.0], [306.0, 770.0, 350.0], [305.0, 853.0, 216.0], [305.0, 672.0, 415.0], [304.0, 788.0, 295.0], [304.0, 633.0, 474.0], [301.0, 824.0, 281.0], [301.0, 817.0, 292.0], [300.0, 688.0, 406.0], [298.0, 802.0, 294.0], [291.0, 891.0, 170.0], [291.0, 868.0, 224.0], [290.0, 827.0, 286.0], [289.0, 670.0, 439.0], [288.0, 841.0, 235.0], [288.0, 830.0, 248.0], [288.0, 828.0, 256.0], [288.0, 778.0, 321.0], [288.0, 774.0, 327.0], [287.0, 914.0, 173.0], [287.0, 794.0, 303.0], [286.0, 800.0, 307.0], [285.0, 889.0, 194.0], [284.0, 860.0, 243.0], [284.0, 833.0, 292.0], [284.0, 800.0, 313.0], [284.0, 736.0, 371.0], [282.0, 750.0, 391.0], [281.0, 789.0, 315.0], [281.0, 778.0, 333.0], [280.0, 784.0, 324.0], [279.0, 786.0, 339.0], [278.0, 843.0, 245.0], [278.0, 840.0, 256.0], [277.0, 842.0, 263.0], [276.0, 858.0, 246.0], [276.0, 810.0, 300.0], [276.0, 778.0, 362.0], [275.0, 798.0, 338.0], [273.0, 841.0, 266.0], [273.0, 815.0, 300.0], [272.0, 852.0, 249.0], [271.0, 874.0, 239.0], [271.0, 804.0, 329.0], [271.0, 742.0, 413.0], [271.0, 698.0, 418.0], [270.0, 856.0, 262.0], [270.0, 640.0, 467.0], [269.0, 809.0, 307.0], [269.0, 743.0, 395.0], [268.0, 894.0, 186.0], [268.0, 866.0, 240.0], [268.0, 860.0, 244.0], [268.0, 798.0, 339.0], [267.0, 865.0, 267.0], [267.0, 835.0, 288.0], [266.0, 780.0, 371.0], [266.0, 707.0, 415.0], [265.0, 859.0, 273.0], [265.0, 829.0, 294.0], [265.0, 817.0, 313.0], [264.0, 890.0, 215.0], [264.0, 786.0, 371.0], [262.0, 859.0, 277.0], [259.0, 866.0, 267.0], [258.0, 806.0, 343.0], [258.0, 771.0, 377.0], [257.0, 818.0, 295.0], [256.0, 867.0, 242.0], [256.0, 843.0, 279.0], [256.0, 729.0, 417.0], [254.0, 877.0, 231.0], [253.0, 888.0, 249.0], [253.0, 800.0, 358.0], [252.0, 891.0, 203.0], [252.0, 710.0, 445.0], [251.0, 904.0, 253.0], [251.0, 811.0, 330.0], [250.0, 831.0, 305.0], [249.0, 870.0, 262.0], [249.0, 828.0, 330.0], [248.0, 862.0, 277.0], [248.0, 836.0, 280.0], [248.0, 788.0, 386.0], [247.0, 916.0, 141.0], [246.0, 917.0, 161.0], [246.0, 840.0, 292.0], [246.0, 808.0, 354.0], [246.0, 712.0, 419.0], [241.0, 833.0, 297.0], [241.0, 785.0, 389.0], [240.0, 809.0, 346.0], [239.0, 879.0, 268.0], [239.0, 863.0, 284.0], [238.0, 912.0, 195.0], [237.0, 868.0, 316.0], [237.0, 791.0, 378.0], [237.0, 724.0, 432.0], [236.0, 920.0, 135.0], [236.0, 814.0, 331.0], [236.0, 803.0, 363.0], [235.0, 919.0, 169.0], [235.0, 804.0, 356.0], [234.0, 889.0, 260.0], [234.0, 832.0, 329.0], [234.0, 797.0, 372.0], [233.0, 721.0, 435.0], [232.0, 816.0, 335.0], [231.0, 922.0, 176.0], [231.0, 800.0, 375.0], [231.0, 724.0, 440.0], [230.0, 924.0, 193.0], [230.0, 875.0, 283.0], [230.0, 802.0, 368.0], [228.0, 921.0, 208.0], [228.0, 900.0, 269.0], [227.0, 905.0, 249.0], [227.0, 853.0, 317.0], [226.0, 920.0, 210.0], [226.0, 908.0, 229.0], [225.0, 886.0, 284.0], [225.0, 805.0, 363.0], [225.0, 786.0, 389.0], [223.0, 873.0, 307.0], [222.0, 810.0, 370.0], [221.0, 884.0, 286.0], [221.0, 856.0, 325.0], [221.0, 834.0, 344.0], [220.0, 888.0, 275.0], [217.0, 926.0, 198.0], [216.0, 933.0, 106.0], [214.0, 951.0, 229.0], [212.0, 875.0, 287.0], [212.0, 779.0, 406.0], [210.0, 821.0, 345.0], [209.0, 939.0, 236.0], [207.0, 800.0, 379.0], [206.0, 801.0, 384.0], [205.0, 939.0, 261.0], [204.0, 845.0, 343.0], [204.0, 830.0, 354.0], [203.0, 879.0, 291.0], [203.0, 802.0, 403.0], [202.0, 923.0, 301.0], [202.0, 877.0, 310.0], [200.0, 939.0, 271.0], [198.0, 884.0, 312.0], [197.0, 944.0, 243.0], [194.0, 868.0, 326.0], [194.0, 818.0, 374.0], [192.0, 961.0, 237.0], [192.0, 863.0, 328.0], [188.0, 854.0, 336.0], [185.0, 865.0, 344.0], [184.0, 871.0, 325.0], [183.0, 873.0, 320.0], [182.0, 894.0, 318.0], [179.0, 875.0, 319.0], [178.0, 797.0, 438.0], [176.0, 961.0, 246.0], [176.0, 867.0, 338.0], [173.0, 929.0, 310.0], [172.0, 892.0, 322.0], [172.0, 890.0, 326.0], [169.0, 891.0, 356.0], [166.0, 867.0, 364.0], [160.0, 945.0, 253.0], [156.0, 958.0, 254.0], [154.0, 945.0, 273.0], [153.0, 962.0, 229.0], [152.0, 876.0, 370.0], [151.0, 964.0, 148.0], [151.0, 957.0, 266.0], [148.0, 947.0, 276.0], [144.0, 893.0, 357.0], [143.0, 976.0, 221.0], [140.0, 967.0, 255.0], [138.0, 971.0, 288.0], [136.0, 813.0, 390.0], [130.0, 905.0, 312.0], [130.0, 884.0, 362.0], [129.0, 974.0, 227.0], [129.0, 964.0, 316.0], [128.0, 975.0, 233.0], [126.0, 895.0, 351.0], [125.0, 982.0, 169.0], [120.0, 898.0, 371.0], [118.0, 876.0, 389.0], [117.0, 978.0, 241.0], [113.0, 985.0, 238.0], [110.0, 978.0, 264.0], [107.0, 981.0, 258.0], [88.0, 984.0, 272.0], [88.0, 971.0, 317.0], [78.0, 987.0, 282.0], [69.0, 972.0, 319.0], [56.0, 973.0, 285.0], [45.0, 989.0, 279.0], [42.0, 983.0, 334.0]]
