heur = false
LBS_limit = 4
preproc = 2
tight_root = 1
total_time = 919.18
NDP = 555
total_nodes = 69875
pruned_nodes = 34938
pruned_dominance_nodes = 22
heur_time = 0.0
Y_N = Any[[675.0, 306.0, 276.0], [670.0, 318.0, 314.0], [669.0, 322.0, 236.0], [668.0, 269.0, 393.0], [667.0, 332.0, 242.0], [658.0, 361.0, 271.0], [658.0, 279.0, 331.0], [655.0, 370.0, 230.0], [650.0, 305.0, 325.0], [649.0, 306.0, 419.0], [644.0, 376.0, 238.0], [643.0, 340.0, 415.0], [640.0, 379.0, 319.0], [636.0, 382.0, 210.0], [635.0, 354.0, 349.0], [633.0, 396.0, 224.0], [632.0, 414.0, 211.0], [631.0, 403.0, 334.0], [625.0, 255.0, 467.0], [622.0, 266.0, 424.0], [618.0, 400.0, 345.0], [615.0, 444.0, 240.0], [608.0, 350.0, 376.0], [608.0, 285.0, 504.0], [607.0, 451.0, 246.0], [606.0, 291.0, 420.0], [603.0, 420.0, 281.0], [600.0, 353.0, 437.0], [599.0, 426.0, 255.0], [599.0, 299.0, 456.0], [597.0, 393.0, 371.0], [596.0, 431.0, 263.0], [593.0, 436.0, 276.0], [592.0, 434.0, 316.0], [592.0, 417.0, 354.0], [590.0, 484.0, 204.0], [590.0, 457.0, 219.0], [590.0, 449.0, 250.0], [588.0, 493.0, 270.0], [587.0, 413.0, 365.0], [584.0, 367.0, 401.0], [582.0, 453.0, 338.0], [581.0, 405.0, 374.0], [577.0, 374.0, 377.0], [575.0, 375.0, 396.0], [574.0, 379.0, 379.0], [574.0, 311.0, 526.0], [573.0, 478.0, 302.0], [572.0, 469.0, 315.0], [571.0, 489.0, 330.0], [568.0, 507.0, 165.0], [568.0, 376.0, 387.0], [567.0, 501.0, 176.0], [567.0, 433.0, 339.0], [564.0, 511.0, 169.0], [564.0, 374.0, 458.0], [563.0, 509.0, 213.0], [563.0, 494.0, 241.0], [558.0, 446.0, 382.0], [558.0, 417.0, 444.0], [555.0, 336.0, 486.0], [551.0, 500.0, 302.0], [550.0, 523.0, 233.0], [549.0, 502.0, 241.0], [549.0, 468.0, 386.0], [547.0, 504.0, 247.0], [545.0, 525.0, 287.0], [544.0, 433.0, 407.0], [541.0, 473.0, 356.0], [539.0, 542.0, 179.0], [539.0, 485.0, 349.0], [539.0, 350.0, 472.0], [538.0, 588.0, 221.0], [537.0, 542.0, 254.0], [535.0, 487.0, 333.0], [535.0, 321.0, 521.0], [534.0, 508.0, 296.0], [530.0, 500.0, 360.0], [526.0, 485.0, 398.0], [523.0, 626.0, 188.0], [523.0, 503.0, 331.0], [522.0, 570.0, 262.0], [522.0, 455.0, 401.0], [520.0, 399.0, 475.0], [518.0, 444.0, 409.0], [518.0, 415.0, 467.0], [517.0, 577.0, 266.0], [517.0, 520.0, 313.0], [517.0, 376.0, 482.0], [515.0, 542.0, 288.0], [513.0, 428.0, 415.0], [512.0, 509.0, 315.0], [512.0, 447.0, 417.0], [511.0, 505.0, 348.0], [509.0, 546.0, 285.0], [509.0, 460.0, 418.0], [508.0, 502.0, 358.0], [508.0, 488.0, 364.0], [508.0, 439.0, 422.0], [507.0, 550.0, 276.0], [507.0, 519.0, 377.0], [505.0, 586.0, 244.0], [505.0, 445.0, 437.0], [503.0, 531.0, 356.0], [502.0, 593.0, 246.0], [501.0, 532.0, 293.0], [501.0, 385.0, 509.0], [500.0, 612.0, 232.0], [498.0, 569.0, 292.0], [498.0, 554.0, 293.0], [498.0, 475.0, 403.0], [497.0, 549.0, 295.0], [496.0, 459.0, 446.0], [496.0, 431.0, 514.0], [494.0, 584.0, 290.0], [494.0, 542.0, 361.0], [493.0, 599.0, 246.0], [493.0, 528.0, 364.0], [490.0, 602.0, 253.0], [490.0, 429.0, 517.0], [489.0, 543.0, 374.0], [489.0, 518.0, 381.0], [488.0, 634.0, 180.0], [487.0, 465.0, 416.0], [483.0, 628.0, 259.0], [483.0, 559.0, 310.0], [483.0, 476.0, 417.0], [482.0, 482.0, 426.0], [481.0, 635.0, 183.0], [481.0, 490.0, 422.0], [481.0, 487.0, 442.0], [480.0, 638.0, 189.0], [479.0, 497.0, 450.0], [479.0, 473.0, 460.0], [478.0, 501.0, 411.0], [476.0, 515.0, 431.0], [473.0, 546.0, 321.0], [473.0, 520.0, 427.0], [472.0, 599.0, 261.0], [472.0, 524.0, 399.0], [471.0, 596.0, 269.0], [471.0, 416.0, 524.0], [470.0, 529.0, 392.0], [469.0, 605.0, 289.0], [469.0, 552.0, 319.0], [469.0, 546.0, 330.0], [468.0, 638.0, 216.0], [468.0, 570.0, 298.0], [467.0, 609.0, 285.0], [467.0, 552.0, 330.0], [467.0, 547.0, 343.0], [466.0, 650.0, 216.0], [466.0, 572.0, 343.0], [465.0, 640.0, 227.0], [465.0, 583.0, 315.0], [465.0, 574.0, 333.0], [463.0, 618.0, 260.0], [462.0, 551.0, 375.0], [462.0, 543.0, 418.0], [461.0, 629.0, 235.0], [461.0, 612.0, 330.0], [460.0, 444.0, 471.0], [459.0, 673.0, 171.0], [459.0, 632.0, 313.0], [459.0, 504.0, 445.0], [458.0, 617.0, 318.0], [458.0, 583.0, 345.0], [455.0, 571.0, 352.0], [455.0, 562.0, 375.0], [455.0, 428.0, 520.0], [454.0, 572.0, 381.0], [453.0, 580.0, 373.0], [452.0, 584.0, 357.0], [451.0, 719.0, 154.0], [451.0, 668.0, 229.0], [450.0, 684.0, 204.0], [448.0, 660.0, 266.0], [448.0, 585.0, 336.0], [445.0, 700.0, 178.0], [445.0, 679.0, 260.0], [444.0, 651.0, 270.0], [442.0, 587.0, 343.0], [440.0, 600.0, 331.0], [436.0, 549.0, 404.0], [436.0, 525.0, 443.0], [435.0, 592.0, 381.0], [434.0, 599.0, 351.0], [434.0, 564.0, 389.0], [434.0, 492.0, 458.0], [433.0, 685.0, 228.0], [432.0, 648.0, 299.0], [431.0, 690.0, 179.0], [431.0, 627.0, 323.0], [431.0, 615.0, 340.0], [431.0, 531.0, 478.0], [430.0, 659.0, 305.0], [429.0, 693.0, 189.0], [429.0, 660.0, 280.0], [427.0, 625.0, 327.0], [427.0, 619.0, 340.0], [427.0, 598.0, 388.0], [426.0, 666.0, 291.0], [425.0, 690.0, 228.0], [425.0, 611.0, 342.0], [425.0, 550.0, 399.0], [425.0, 533.0, 421.0], [423.0, 724.0, 178.0], [423.0, 713.0, 236.0], [423.0, 671.0, 263.0], [422.0, 478.0, 543.0], [421.0, 690.0, 264.0], [420.0, 613.0, 345.0], [420.0, 605.0, 352.0], [420.0, 544.0, 415.0], [418.0, 614.0, 354.0], [418.0, 548.0, 473.0], [417.0, 736.0, 225.0], [417.0, 638.0, 316.0], [417.0, 621.0, 344.0], [417.0, 556.0, 391.0], [416.0, 659.0, 308.0], [416.0, 571.0, 392.0], [415.0, 606.0, 381.0], [415.0, 588.0, 396.0], [415.0, 549.0, 417.0], [414.0, 480.0, 532.0], [413.0, 755.0, 207.0], [413.0, 646.0, 311.0], [413.0, 609.0, 390.0], [412.0, 677.0, 280.0], [412.0, 615.0, 358.0], [411.0, 642.0, 317.0], [410.0, 613.0, 361.0], [409.0, 740.0, 221.0], [409.0, 669.0, 300.0], [409.0, 593.0, 391.0], [408.0, 681.0, 269.0], [406.0, 677.0, 303.0], [406.0, 555.0, 400.0], [405.0, 698.0, 257.0], [405.0, 649.0, 314.0], [405.0, 636.0, 320.0], [405.0, 575.0, 416.0], [405.0, 492.0, 518.0], [404.0, 645.0, 341.0], [404.0, 582.0, 411.0], [403.0, 710.0, 240.0], [403.0, 690.0, 281.0], [402.0, 610.0, 419.0], [402.0, 526.0, 491.0], [401.0, 619.0, 361.0], [401.0, 613.0, 371.0], [397.0, 787.0, 224.0], [397.0, 709.0, 242.0], [397.0, 700.0, 249.0], [397.0, 613.0, 399.0], [397.0, 586.0, 433.0], [396.0, 681.0, 283.0], [396.0, 627.0, 352.0], [394.0, 709.0, 268.0], [394.0, 537.0, 483.0], [394.0, 487.0, 531.0], [393.0, 700.0, 308.0], [391.0, 809.0, 162.0], [391.0, 708.0, 275.0], [390.0, 653.0, 359.0], [389.0, 626.0, 399.0], [388.0, 747.0, 270.0], [387.0, 633.0, 404.0], [385.0, 688.0, 334.0], [385.0, 676.0, 368.0], [383.0, 640.0, 371.0], [380.0, 753.0, 247.0], [380.0, 579.0, 446.0], [379.0, 644.0, 380.0], [378.0, 506.0, 502.0], [376.0, 789.0, 188.0], [373.0, 798.0, 175.0], [373.0, 689.0, 313.0], [373.0, 670.0, 375.0], [373.0, 561.0, 448.0], [371.0, 758.0, 247.0], [371.0, 680.0, 341.0], [370.0, 708.0, 315.0], [368.0, 824.0, 172.0], [367.0, 726.0, 294.0], [366.0, 549.0, 485.0], [365.0, 763.0, 243.0], [364.0, 620.0, 412.0], [364.0, 593.0, 483.0], [363.0, 705.0, 325.0], [363.0, 651.0, 386.0], [363.0, 625.0, 416.0], [363.0, 518.0, 492.0], [361.0, 778.0, 243.0], [361.0, 509.0, 502.0], [360.0, 691.0, 358.0], [360.0, 620.0, 427.0], [359.0, 602.0, 431.0], [358.0, 698.0, 328.0], [358.0, 657.0, 385.0], [357.0, 601.0, 443.0], [356.0, 756.0, 283.0], [356.0, 660.0, 393.0], [356.0, 602.0, 473.0], [355.0, 644.0, 401.0], [354.0, 723.0, 306.0], [354.0, 705.0, 356.0], [354.0, 606.0, 453.0], [352.0, 790.0, 215.0], [351.0, 627.0, 408.0], [348.0, 661.0, 379.0], [348.0, 634.0, 410.0], [347.0, 618.0, 441.0], [346.0, 715.0, 308.0], [345.0, 729.0, 349.0], [343.0, 783.0, 275.0], [343.0, 681.0, 366.0], [342.0, 737.0, 301.0], [342.0, 625.0, 425.0], [341.0, 765.0, 277.0], [341.0, 650.0, 402.0], [341.0, 557.0, 488.0], [340.0, 738.0, 285.0], [340.0, 656.0, 397.0], [338.0, 735.0, 318.0], [338.0, 673.0, 379.0], [338.0, 664.0, 405.0], [335.0, 835.0, 184.0], [335.0, 631.0, 420.0], [334.0, 800.0, 202.0], [334.0, 636.0, 427.0], [333.0, 642.0, 423.0], [331.0, 690.0, 362.0], [330.0, 763.0, 299.0], [329.0, 878.0, 170.0], [329.0, 673.0, 392.0], [328.0, 812.0, 218.0], [328.0, 786.0, 228.0], [328.0, 697.0, 362.0], [328.0, 534.0, 507.0], [327.0, 789.0, 220.0], [326.0, 712.0, 362.0], [326.0, 704.0, 369.0], [325.0, 809.0, 223.0], [324.0, 790.0, 233.0], [324.0, 714.0, 357.0], [324.0, 685.0, 395.0], [324.0, 643.0, 439.0], [323.0, 787.0, 305.0], [322.0, 697.0, 376.0], [321.0, 633.0, 485.0], [319.0, 690.0, 386.0], [317.0, 846.0, 179.0], [317.0, 705.0, 381.0], [316.0, 829.0, 210.0], [316.0, 792.0, 288.0], [316.0, 781.0, 313.0], [315.0, 798.0, 237.0], [314.0, 859.0, 174.0], [312.0, 647.0, 412.0], [311.0, 803.0, 244.0], [311.0, 734.0, 321.0], [311.0, 684.0, 398.0], [309.0, 821.0, 229.0], [309.0, 810.0, 235.0], [308.0, 797.0, 280.0], [308.0, 755.0, 331.0], [308.0, 726.0, 354.0], [308.0, 653.0, 433.0], [307.0, 837.0, 202.0], [307.0, 734.0, 362.0], [307.0, 710.0, 366.0], [307.0, 690.0, 412.0], [307.0, 661.0, 431.0], [305.0, 847.0, 179.0], [303.0, 710.0, 401.0], [302.0, 641.0, 443.0], [300.0, 804.0, 252.0], [300.0, 801.0, 262.0], [300.0, 794.0, 296.0], [299.0, 755.0, 339.0], [299.0, 737.0, 372.0], [298.0, 742.0, 358.0], [298.0, 667.0, 419.0], [297.0, 745.0, 341.0], [297.0, 742.0, 361.0], [296.0, 713.0, 379.0], [295.0, 772.0, 314.0], [295.0, 754.0, 348.0], [294.0, 813.0, 244.0], [293.0, 880.0, 205.0], [293.0, 838.0, 216.0], [293.0, 798.0, 280.0], [293.0, 777.0, 321.0], [292.0, 823.0, 254.0], [291.0, 837.0, 241.0], [290.0, 669.0, 467.0], [289.0, 807.0, 274.0], [289.0, 759.0, 324.0], [287.0, 833.0, 270.0], [287.0, 783.0, 309.0], [287.0, 757.0, 331.0], [284.0, 854.0, 214.0], [284.0, 701.0, 408.0], [284.0, 609.0, 533.0], [282.0, 867.0, 267.0], [282.0, 785.0, 320.0], [282.0, 730.0, 419.0], [281.0, 792.0, 298.0], [279.0, 799.0, 301.0], [279.0, 779.0, 324.0], [278.0, 895.0, 163.0], [277.0, 732.0, 379.0], [276.0, 914.0, 177.0], [275.0, 797.0, 304.0], [275.0, 788.0, 335.0], [275.0, 739.0, 362.0], [272.0, 611.0, 488.0], [271.0, 829.0, 273.0], [271.0, 826.0, 281.0], [270.0, 760.0, 336.0], [269.0, 741.0, 372.0], [269.0, 731.0, 398.0], [269.0, 672.0, 424.0], [268.0, 898.0, 192.0], [267.0, 793.0, 313.0], [266.0, 806.0, 307.0], [266.0, 733.0, 381.0], [265.0, 796.0, 312.0], [265.0, 748.0, 367.0], [264.0, 739.0, 373.0], [261.0, 876.0, 282.0], [261.0, 801.0, 322.0], [261.0, 742.0, 368.0], [256.0, 784.0, 340.0], [255.0, 777.0, 346.0], [255.0, 699.0, 429.0], [253.0, 809.0, 308.0], [251.0, 761.0, 387.0], [250.0, 785.0, 337.0], [250.0, 782.0, 353.0], [250.0, 750.0, 398.0], [250.0, 737.0, 431.0], [249.0, 790.0, 384.0], [248.0, 831.0, 291.0], [247.0, 822.0, 297.0], [246.0, 819.0, 305.0], [244.0, 894.0, 211.0], [243.0, 921.0, 168.0], [243.0, 816.0, 316.0], [242.0, 803.0, 318.0], [242.0, 791.0, 339.0], [238.0, 903.0, 188.0], [238.0, 824.0, 295.0], [238.0, 801.0, 326.0], [238.0, 798.0, 340.0], [238.0, 717.0, 443.0], [237.0, 814.0, 321.0], [236.0, 881.0, 221.0], [235.0, 922.0, 222.0], [235.0, 858.0, 287.0], [235.0, 808.0, 357.0], [234.0, 881.0, 227.0], [234.0, 799.0, 363.0], [232.0, 835.0, 302.0], [231.0, 811.0, 326.0], [229.0, 901.0, 239.0], [229.0, 798.0, 372.0], [228.0, 878.0, 255.0], [224.0, 850.0, 300.0], [223.0, 882.0, 247.0], [222.0, 822.0, 327.0], [220.0, 924.0, 154.0], [220.0, 848.0, 316.0], [219.0, 801.0, 382.0], [218.0, 768.0, 386.0], [217.0, 853.0, 307.0], [216.0, 935.0, 202.0], [215.0, 938.0, 157.0], [215.0, 890.0, 263.0], [214.0, 859.0, 289.0], [211.0, 932.0, 211.0], [209.0, 905.0, 231.0], [208.0, 722.0, 439.0], [207.0, 882.0, 276.0], [205.0, 946.0, 207.0], [205.0, 813.0, 330.0], [204.0, 770.0, 386.0], [204.0, 723.0, 441.0], [203.0, 959.0, 138.0], [202.0, 821.0, 344.0], [199.0, 823.0, 395.0], [198.0, 922.0, 250.0], [198.0, 867.0, 284.0], [195.0, 947.0, 188.0], [195.0, 926.0, 219.0], [192.0, 893.0, 269.0], [192.0, 849.0, 311.0], [189.0, 828.0, 328.0], [188.0, 944.0, 236.0], [188.0, 866.0, 285.0], [187.0, 902.0, 284.0], [186.0, 864.0, 302.0], [185.0, 825.0, 342.0], [184.0, 895.0, 292.0], [183.0, 869.0, 341.0], [182.0, 959.0, 198.0], [179.0, 950.0, 210.0], [177.0, 709.0, 466.0], [175.0, 833.0, 359.0], [174.0, 947.0, 213.0], [168.0, 889.0, 308.0], [165.0, 925.0, 241.0], [162.0, 847.0, 344.0], [161.0, 824.0, 369.0], [160.0, 920.0, 264.0], [160.0, 829.0, 421.0], [157.0, 938.0, 265.0], [156.0, 897.0, 298.0], [155.0, 955.0, 244.0], [154.0, 960.0, 167.0], [149.0, 960.0, 254.0], [149.0, 918.0, 271.0], [148.0, 863.0, 350.0], [148.0, 830.0, 375.0], [146.0, 873.0, 312.0], [145.0, 890.0, 332.0], [142.0, 898.0, 286.0], [140.0, 962.0, 228.0], [133.0, 898.0, 300.0], [128.0, 909.0, 276.0], [127.0, 920.0, 301.0], [126.0, 971.0, 152.0], [122.0, 881.0, 348.0], [118.0, 961.0, 244.0], [116.0, 974.0, 246.0], [116.0, 972.0, 258.0], [115.0, 904.0, 317.0], [113.0, 908.0, 328.0], [113.0, 886.0, 372.0], [109.0, 908.0, 337.0], [105.0, 976.0, 206.0], [102.0, 978.0, 228.0], [92.0, 983.0, 284.0], [89.0, 986.0, 193.0], [77.0, 909.0, 318.0], [74.0, 895.0, 349.0], [73.0, 988.0, 225.0], [69.0, 994.0, 269.0], [66.0, 979.0, 302.0], [53.0, 988.0, 304.0], [35.0, 993.0, 298.0], [19.0, 998.0, 248.0], [19.0, 996.0, 285.0]]
