heur = false
LBS_limit = 4
preproc = 2
tight_root = 1
total_time = 1800.11
NDP = 658
total_nodes = 67621
pruned_nodes = 33782
pruned_dominance_nodes = 92
heur_time = 0.0
Y_N = Any[[1403.0, 552.0, 534.0], [1402.0, 552.0, 617.0], [1400.0, 581.0, 537.0], [1374.0, 612.0, 567.0], [1353.0, 635.0, 671.0], [1346.0, 638.0, 649.0], [1335.0, 644.0, 491.0], [1334.0, 685.0, 674.0], [1324.0, 639.0, 713.0], [1315.0, 696.0, 645.0], [1313.0, 744.0, 647.0], [1312.0, 702.0, 679.0], [1308.0, 757.0, 610.0], [1278.0, 811.0, 519.0], [1278.0, 799.0, 584.0], [1273.0, 779.0, 586.0], [1272.0, 624.0, 723.0], [1272.0, 601.0, 747.0], [1265.0, 768.0, 654.0], [1261.0, 809.0, 544.0], [1258.0, 739.0, 678.0], [1257.0, 786.0, 650.0], [1255.0, 852.0, 526.0], [1255.0, 666.0, 870.0], [1252.0, 784.0, 660.0], [1252.0, 782.0, 677.0], [1252.0, 759.0, 698.0], [1249.0, 791.0, 617.0], [1246.0, 800.0, 578.0], [1245.0, 833.0, 592.0], [1237.0, 797.0, 667.0], [1231.0, 845.0, 653.0], [1230.0, 803.0, 692.0], [1228.0, 854.0, 600.0], [1227.0, 860.0, 587.0], [1223.0, 861.0, 657.0], [1220.0, 720.0, 735.0], [1218.0, 873.0, 465.0], [1214.0, 722.0, 725.0], [1211.0, 909.0, 580.0], [1210.0, 858.0, 673.0], [1210.0, 746.0, 700.0], [1209.0, 919.0, 561.0], [1209.0, 724.0, 705.0], [1207.0, 752.0, 704.0], [1201.0, 899.0, 603.0], [1200.0, 760.0, 759.0], [1197.0, 763.0, 720.0], [1195.0, 802.0, 726.0], [1190.0, 866.0, 606.0], [1190.0, 810.0, 707.0], [1189.0, 880.0, 664.0], [1188.0, 828.0, 684.0], [1186.0, 667.0, 778.0], [1185.0, 923.0, 577.0], [1184.0, 833.0, 692.0], [1184.0, 805.0, 721.0], [1183.0, 853.0, 737.0], [1181.0, 957.0, 466.0], [1180.0, 916.0, 619.0], [1180.0, 793.0, 738.0], [1178.0, 913.0, 652.0], [1178.0, 855.0, 678.0], [1177.0, 915.0, 621.0], [1175.0, 862.0, 695.0], [1174.0, 929.0, 533.0], [1172.0, 970.0, 504.0], [1170.0, 974.0, 538.0], [1170.0, 928.0, 620.0], [1169.0, 942.0, 623.0], [1169.0, 918.0, 625.0], [1165.0, 868.0, 732.0], [1164.0, 947.0, 543.0], [1164.0, 886.0, 673.0], [1160.0, 912.0, 679.0], [1159.0, 945.0, 636.0], [1159.0, 883.0, 740.0], [1158.0, 857.0, 760.0], [1156.0, 998.0, 518.0], [1155.0, 826.0, 763.0], [1154.0, 947.0, 621.0], [1154.0, 863.0, 800.0], [1152.0, 932.0, 667.0], [1150.0, 952.0, 548.0], [1144.0, 951.0, 555.0], [1144.0, 922.0, 675.0], [1142.0, 906.0, 718.0], [1140.0, 1020.0, 469.0], [1139.0, 983.0, 587.0], [1138.0, 787.0, 880.0], [1136.0, 991.0, 585.0], [1134.0, 936.0, 637.0], [1133.0, 939.0, 678.0], [1129.0, 1009.0, 511.0], [1129.0, 962.0, 610.0], [1127.0, 1016.0, 532.0], [1127.0, 887.0, 739.0], [1125.0, 910.0, 750.0], [1124.0, 965.0, 649.0], [1123.0, 957.0, 671.0], [1122.0, 976.0, 648.0], [1122.0, 950.0, 672.0], [1120.0, 996.0, 577.0], [1120.0, 905.0, 762.0], [1119.0, 981.0, 628.0], [1118.0, 873.0, 775.0], [1117.0, 944.0, 674.0], [1116.0, 952.0, 705.0], [1115.0, 1024.0, 559.0], [1115.0, 924.0, 805.0], [1114.0, 1065.0, 509.0], [1111.0, 1018.0, 571.0], [1111.0, 940.0, 707.0], [1109.0, 1051.0, 546.0], [1108.0, 1007.0, 576.0], [1107.0, 982.0, 677.0], [1102.0, 992.0, 664.0], [1100.0, 1052.0, 621.0], [1097.0, 1100.0, 447.0], [1090.0, 1080.0, 502.0], [1090.0, 1000.0, 664.0], [1089.0, 1018.0, 650.0], [1086.0, 971.0, 693.0], [1082.0, 1065.0, 585.0], [1082.0, 903.0, 856.0], [1081.0, 939.0, 738.0], [1078.0, 925.0, 744.0], [1077.0, 953.0, 698.0], [1076.0, 1074.0, 569.0], [1076.0, 1019.0, 642.0], [1076.0, 931.0, 746.0], [1073.0, 1086.0, 460.0], [1073.0, 986.0, 710.0], [1072.0, 1066.0, 574.0], [1070.0, 1076.0, 617.0], [1070.0, 965.0, 740.0], [1068.0, 1037.0, 647.0], [1067.0, 987.0, 669.0], [1065.0, 1008.0, 665.0], [1064.0, 1065.0, 620.0], [1063.0, 998.0, 718.0], [1062.0, 1106.0, 451.0], [1062.0, 1030.0, 675.0], [1061.0, 1063.0, 623.0], [1061.0, 1054.0, 701.0], [1058.0, 1088.0, 515.0], [1058.0, 928.0, 747.0], [1057.0, 1078.0, 666.0], [1055.0, 986.0, 724.0], [1054.0, 982.0, 830.0], [1053.0, 1110.0, 522.0], [1052.0, 1086.0, 538.0], [1051.0, 1106.0, 583.0], [1051.0, 1091.0, 606.0], [1048.0, 1084.0, 621.0], [1048.0, 1010.0, 726.0], [1045.0, 1129.0, 503.0], [1045.0, 989.0, 746.0], [1042.0, 1131.0, 480.0], [1042.0, 1118.0, 552.0], [1042.0, 1043.0, 715.0], [1041.0, 1094.0, 630.0], [1039.0, 1147.0, 524.0], [1033.0, 1033.0, 748.0], [1028.0, 1112.0, 561.0], [1028.0, 1000.0, 772.0], [1027.0, 1148.0, 570.0], [1025.0, 1127.0, 578.0], [1024.0, 1116.0, 608.0], [1023.0, 1094.0, 680.0], [1021.0, 1121.0, 594.0], [1016.0, 1151.0, 584.0], [1013.0, 1118.0, 639.0], [1009.0, 1161.0, 488.0], [1009.0, 1154.0, 503.0], [1009.0, 1001.0, 760.0], [1008.0, 1164.0, 507.0], [1008.0, 1131.0, 586.0], [1008.0, 1065.0, 695.0], [1007.0, 1023.0, 770.0], [1006.0, 1152.0, 541.0], [1006.0, 1131.0, 625.0], [1005.0, 1170.0, 429.0], [1002.0, 1098.0, 674.0], [1001.0, 1113.0, 645.0], [997.0, 1167.0, 474.0], [997.0, 1135.0, 649.0], [997.0, 1105.0, 656.0], [995.0, 1190.0, 534.0], [993.0, 1025.0, 775.0], [992.0, 1067.0, 681.0], [991.0, 1175.0, 560.0], [991.0, 1042.0, 735.0], [991.0, 1032.0, 763.0], [990.0, 1121.0, 697.0], [990.0, 1051.0, 756.0], [989.0, 1154.0, 634.0], [987.0, 1218.0, 505.0], [985.0, 1171.0, 569.0], [984.0, 1027.0, 772.0], [982.0, 1090.0, 702.0], [982.0, 1075.0, 739.0], [982.0, 1041.0, 764.0], [982.0, 1010.0, 782.0], [982.0, 984.0, 807.0], [980.0, 1171.0, 570.0], [979.0, 1083.0, 725.0], [977.0, 1157.0, 598.0], [977.0, 1123.0, 677.0], [977.0, 1098.0, 752.0], [976.0, 1145.0, 637.0], [974.0, 1138.0, 658.0], [974.0, 1118.0, 712.0], [972.0, 1214.0, 517.0], [972.0, 1104.0, 719.0], [971.0, 1009.0, 806.0], [969.0, 1172.0, 589.0], [968.0, 1168.0, 611.0], [968.0, 1011.0, 820.0], [966.0, 1190.0, 545.0], [965.0, 1000.0, 853.0], [964.0, 1178.0, 583.0], [964.0, 1043.0, 775.0], [964.0, 1038.0, 838.0], [963.0, 1239.0, 466.0], [963.0, 1192.0, 582.0], [961.0, 1156.0, 640.0], [960.0, 1171.0, 645.0], [960.0, 1137.0, 683.0], [958.0, 1063.0, 777.0], [956.0, 1241.0, 446.0], [956.0, 1212.0, 527.0], [956.0, 1207.0, 529.0], [956.0, 1175.0, 593.0], [956.0, 1173.0, 599.0], [956.0, 1169.0, 654.0], [956.0, 1160.0, 670.0], [956.0, 1146.0, 723.0], [956.0, 1086.0, 755.0], [955.0, 1177.0, 620.0], [955.0, 1034.0, 874.0], [954.0, 1182.0, 599.0], [953.0, 1266.0, 513.0], [953.0, 1237.0, 526.0], [953.0, 1212.0, 546.0], [953.0, 1195.0, 592.0], [950.0, 1182.0, 646.0], [949.0, 1213.0, 539.0], [949.0, 1059.0, 785.0], [948.0, 1092.0, 778.0], [947.0, 1164.0, 681.0], [946.0, 1221.0, 531.0], [946.0, 1063.0, 822.0], [944.0, 1218.0, 575.0], [944.0, 1107.0, 725.0], [942.0, 1190.0, 636.0], [941.0, 1225.0, 543.0], [941.0, 1213.0, 585.0], [939.0, 1192.0, 601.0], [939.0, 1170.0, 673.0], [938.0, 1228.0, 538.0], [938.0, 1151.0, 700.0], [935.0, 1217.0, 609.0], [935.0, 1110.0, 790.0], [934.0, 1234.0, 568.0], [934.0, 1179.0, 654.0], [933.0, 1186.0, 670.0], [932.0, 1257.0, 563.0], [932.0, 1113.0, 745.0], [932.0, 1081.0, 803.0], [931.0, 1274.0, 470.0], [931.0, 1273.0, 486.0], [931.0, 1211.0, 610.0], [931.0, 1198.0, 617.0], [930.0, 1242.0, 586.0], [929.0, 1191.0, 728.0], [927.0, 1200.0, 630.0], [925.0, 1312.0, 424.0], [925.0, 1222.0, 636.0], [925.0, 1201.0, 675.0], [924.0, 1279.0, 502.0], [922.0, 1232.0, 610.0], [919.0, 1066.0, 811.0], [917.0, 1245.0, 570.0], [915.0, 1204.0, 652.0], [914.0, 1284.0, 478.0], [913.0, 1295.0, 523.0], [913.0, 1264.0, 540.0], [913.0, 1248.0, 575.0], [912.0, 1233.0, 587.0], [912.0, 1116.0, 729.0], [911.0, 1301.0, 464.0], [909.0, 1259.0, 568.0], [908.0, 1246.0, 597.0], [907.0, 1226.0, 629.0], [907.0, 1221.0, 639.0], [906.0, 1267.0, 527.0], [905.0, 1159.0, 732.0], [904.0, 1321.0, 503.0], [904.0, 1223.0, 645.0], [903.0, 1261.0, 607.0], [903.0, 1140.0, 748.0], [902.0, 1256.0, 650.0], [902.0, 1241.0, 663.0], [899.0, 1202.0, 675.0], [898.0, 1163.0, 735.0], [897.0, 1287.0, 528.0], [897.0, 1283.0, 550.0], [897.0, 1282.0, 600.0], [895.0, 1292.0, 547.0], [895.0, 1151.0, 736.0], [895.0, 1125.0, 755.0], [894.0, 1323.0, 476.0], [894.0, 1285.0, 571.0], [894.0, 1222.0, 692.0], [894.0, 1181.0, 762.0], [893.0, 1160.0, 770.0], [890.0, 1194.0, 707.0], [889.0, 1284.0, 622.0], [889.0, 1199.0, 721.0], [889.0, 1128.0, 784.0], [888.0, 1339.0, 380.0], [886.0, 1290.0, 562.0], [884.0, 1306.0, 528.0], [884.0, 1273.0, 658.0], [884.0, 1077.0, 807.0], [883.0, 1330.0, 438.0], [880.0, 1317.0, 510.0], [879.0, 1089.0, 802.0], [878.0, 1201.0, 706.0], [877.0, 1341.0, 439.0], [877.0, 1292.0, 568.0], [877.0, 1226.0, 680.0], [876.0, 1301.0, 532.0], [876.0, 1232.0, 668.0], [875.0, 1345.0, 475.0], [875.0, 1116.0, 801.0], [874.0, 1289.0, 626.0], [874.0, 1129.0, 813.0], [873.0, 1331.0, 552.0], [872.0, 1246.0, 675.0], [870.0, 1072.0, 817.0], [869.0, 1338.0, 516.0], [869.0, 1290.0, 676.0], [868.0, 1257.0, 684.0], [866.0, 1359.0, 463.0], [866.0, 1260.0, 679.0], [864.0, 1298.0, 590.0], [864.0, 1225.0, 705.0], [864.0, 1201.0, 713.0], [863.0, 1179.0, 769.0], [862.0, 1295.0, 612.0], [862.0, 1222.0, 709.0], [860.0, 1303.0, 565.0], [860.0, 1292.0, 676.0], [860.0, 1163.0, 785.0], [859.0, 1308.0, 565.0], [859.0, 1241.0, 704.0], [859.0, 1235.0, 714.0], [859.0, 1196.0, 733.0], [857.0, 1351.0, 508.0], [856.0, 1369.0, 505.0], [856.0, 1316.0, 563.0], [856.0, 1299.0, 618.0], [855.0, 1343.0, 524.0], [855.0, 1260.0, 697.0], [855.0, 1177.0, 814.0], [853.0, 1234.0, 719.0], [853.0, 1185.0, 738.0], [852.0, 1304.0, 572.0], [851.0, 1208.0, 743.0], [850.0, 1327.0, 614.0], [850.0, 1293.0, 635.0], [848.0, 1332.0, 543.0], [848.0, 1211.0, 734.0], [847.0, 1213.0, 750.0], [846.0, 1328.0, 621.0], [845.0, 1298.0, 674.0], [845.0, 1261.0, 702.0], [842.0, 1216.0, 731.0], [841.0, 1318.0, 679.0], [840.0, 1215.0, 733.0], [840.0, 1124.0, 848.0], [839.0, 1341.0, 530.0], [837.0, 1371.0, 538.0], [837.0, 1367.0, 570.0], [837.0, 1207.0, 755.0], [835.0, 1380.0, 495.0], [834.0, 1237.0, 708.0], [830.0, 1376.0, 510.0], [830.0, 1243.0, 718.0], [830.0, 1222.0, 720.0], [829.0, 1407.0, 436.0], [828.0, 1403.0, 508.0], [826.0, 1334.0, 590.0], [826.0, 1254.0, 709.0], [825.0, 1272.0, 718.0], [825.0, 1227.0, 779.0], [824.0, 1333.0, 632.0], [823.0, 1320.0, 648.0], [822.0, 1143.0, 815.0], [821.0, 1363.0, 580.0], [820.0, 1400.0, 560.0], [819.0, 1339.0, 589.0], [818.0, 1361.0, 594.0], [815.0, 1208.0, 812.0], [813.0, 1376.0, 586.0], [812.0, 1271.0, 743.0], [812.0, 1240.0, 744.0], [811.0, 1408.0, 472.0], [811.0, 1406.0, 512.0], [811.0, 1348.0, 605.0], [810.0, 1455.0, 379.0], [810.0, 1265.0, 747.0], [809.0, 1363.0, 626.0], [809.0, 1333.0, 643.0], [808.0, 1413.0, 562.0], [808.0, 1245.0, 777.0], [807.0, 1370.0, 589.0], [806.0, 1276.0, 682.0], [803.0, 1409.0, 600.0], [803.0, 1274.0, 691.0], [802.0, 1367.0, 614.0], [802.0, 1278.0, 685.0], [800.0, 1372.0, 635.0], [798.0, 1417.0, 534.0], [798.0, 1293.0, 708.0], [797.0, 1436.0, 440.0], [797.0, 1296.0, 698.0], [797.0, 1254.0, 771.0], [796.0, 1452.0, 437.0], [796.0, 1311.0, 683.0], [795.0, 1464.0, 472.0], [795.0, 1341.0, 642.0], [792.0, 1291.0, 729.0], [791.0, 1338.0, 744.0], [790.0, 1439.0, 508.0], [790.0, 1230.0, 797.0], [787.0, 1389.0, 616.0], [787.0, 1347.0, 654.0], [787.0, 1297.0, 750.0], [785.0, 1429.0, 533.0], [782.0, 1242.0, 841.0], [781.0, 1339.0, 678.0], [780.0, 1494.0, 400.0], [780.0, 1287.0, 752.0], [779.0, 1377.0, 624.0], [778.0, 1349.0, 686.0], [775.0, 1446.0, 513.0], [775.0, 1430.0, 566.0], [773.0, 1361.0, 652.0], [772.0, 1432.0, 607.0], [770.0, 1449.0, 524.0], [770.0, 1387.0, 620.0], [770.0, 1378.0, 654.0], [769.0, 1438.0, 535.0], [768.0, 1391.0, 629.0], [767.0, 1408.0, 636.0], [767.0, 1398.0, 655.0], [764.0, 1455.0, 515.0], [764.0, 1341.0, 705.0], [761.0, 1436.0, 600.0], [760.0, 1373.0, 676.0], [760.0, 1353.0, 743.0], [759.0, 1451.0, 578.0], [758.0, 1441.0, 586.0], [758.0, 1297.0, 755.0], [757.0, 1452.0, 520.0], [757.0, 1389.0, 679.0], [756.0, 1463.0, 502.0], [755.0, 1481.0, 484.0], [751.0, 1522.0, 453.0], [751.0, 1461.0, 507.0], [751.0, 1455.0, 575.0], [751.0, 1375.0, 699.0], [751.0, 1329.0, 790.0], [750.0, 1467.0, 506.0], [750.0, 1407.0, 685.0], [749.0, 1470.0, 514.0], [747.0, 1464.0, 534.0], [746.0, 1466.0, 532.0], [742.0, 1460.0, 539.0], [741.0, 1476.0, 523.0], [741.0, 1460.0, 546.0], [741.0, 1381.0, 724.0], [740.0, 1535.0, 409.0], [739.0, 1440.0, 643.0], [737.0, 1469.0, 600.0], [732.0, 1412.0, 708.0], [730.0, 1500.0, 524.0], [730.0, 1480.0, 537.0], [730.0, 1424.0, 653.0], [729.0, 1345.0, 765.0], [727.0, 1450.0, 612.0], [726.0, 1488.0, 531.0], [726.0, 1431.0, 671.0], [725.0, 1450.0, 640.0], [723.0, 1501.0, 489.0], [723.0, 1469.0, 608.0], [723.0, 1453.0, 616.0], [722.0, 1460.0, 666.0], [721.0, 1403.0, 720.0], [721.0, 1357.0, 736.0], [720.0, 1475.0, 585.0], [720.0, 1386.0, 745.0], [719.0, 1528.0, 431.0], [718.0, 1525.0, 551.0], [714.0, 1532.0, 485.0], [713.0, 1484.0, 617.0], [711.0, 1527.0, 493.0], [708.0, 1494.0, 577.0], [707.0, 1492.0, 579.0], [705.0, 1468.0, 646.0], [703.0, 1452.0, 672.0], [700.0, 1533.0, 467.0], [697.0, 1413.0, 676.0], [693.0, 1535.0, 454.0], [693.0, 1514.0, 593.0], [693.0, 1439.0, 712.0], [691.0, 1545.0, 382.0], [691.0, 1544.0, 400.0], [690.0, 1570.0, 383.0], [690.0, 1476.0, 687.0], [689.0, 1546.0, 486.0], [686.0, 1517.0, 635.0], [685.0, 1550.0, 453.0], [685.0, 1332.0, 802.0], [684.0, 1523.0, 609.0], [683.0, 1418.0, 717.0], [676.0, 1540.0, 571.0], [674.0, 1417.0, 726.0], [673.0, 1581.0, 399.0], [670.0, 1554.0, 456.0], [670.0, 1544.0, 557.0], [668.0, 1585.0, 460.0], [667.0, 1532.0, 594.0], [666.0, 1459.0, 696.0], [664.0, 1377.0, 768.0], [662.0, 1503.0, 709.0], [660.0, 1563.0, 519.0], [658.0, 1588.0, 501.0], [656.0, 1557.0, 542.0], [655.0, 1554.0, 660.0], [655.0, 1428.0, 726.0], [650.0, 1521.0, 680.0], [641.0, 1378.0, 775.0], [638.0, 1602.0, 485.0], [638.0, 1596.0, 513.0], [637.0, 1567.0, 543.0], [636.0, 1608.0, 405.0], [636.0, 1581.0, 574.0], [634.0, 1592.0, 531.0], [634.0, 1469.0, 741.0], [629.0, 1619.0, 414.0], [628.0, 1623.0, 421.0], [627.0, 1638.0, 492.0], [627.0, 1591.0, 540.0], [624.0, 1641.0, 445.0], [622.0, 1648.0, 450.0], [621.0, 1522.0, 710.0], [618.0, 1610.0, 499.0], [618.0, 1582.0, 554.0], [618.0, 1432.0, 766.0], [617.0, 1649.0, 433.0], [617.0, 1589.0, 579.0], [616.0, 1621.0, 519.0], [615.0, 1562.0, 630.0], [614.0, 1639.0, 582.0], [613.0, 1525.0, 669.0], [604.0, 1640.0, 563.0], [604.0, 1564.0, 619.0], [603.0, 1665.0, 341.0], [603.0, 1558.0, 638.0], [601.0, 1675.0, 411.0], [601.0, 1602.0, 587.0], [601.0, 1591.0, 593.0], [599.0, 1527.0, 676.0], [598.0, 1589.0, 602.0], [590.0, 1619.0, 585.0], [590.0, 1568.0, 612.0], [588.0, 1644.0, 451.0], [587.0, 1689.0, 449.0], [586.0, 1670.0, 508.0], [584.0, 1607.0, 603.0], [584.0, 1588.0, 607.0], [584.0, 1527.0, 732.0], [582.0, 1620.0, 612.0], [580.0, 1642.0, 529.0], [579.0, 1636.0, 607.0], [579.0, 1584.0, 631.0], [578.0, 1688.0, 456.0], [578.0, 1572.0, 666.0], [574.0, 1530.0, 742.0], [573.0, 1643.0, 535.0], [572.0, 1740.0, 379.0], [569.0, 1648.0, 573.0], [568.0, 1685.0, 490.0], [564.0, 1679.0, 515.0], [562.0, 1534.0, 731.0], [561.0, 1614.0, 684.0], [558.0, 1708.0, 394.0], [553.0, 1728.0, 407.0], [552.0, 1670.0, 522.0], [551.0, 1653.0, 544.0], [546.0, 1670.0, 614.0], [544.0, 1703.0, 428.0], [543.0, 1636.0, 620.0], [541.0, 1703.0, 533.0], [536.0, 1702.0, 551.0], [534.0, 1708.0, 569.0], [533.0, 1721.0, 492.0], [531.0, 1723.0, 428.0], [531.0, 1709.0, 604.0], [529.0, 1775.0, 380.0], [529.0, 1730.0, 523.0], [528.0, 1787.0, 348.0], [526.0, 1566.0, 719.0], [525.0, 1635.0, 653.0], [523.0, 1700.0, 605.0], [523.0, 1641.0, 683.0], [522.0, 1753.0, 415.0], [519.0, 1717.0, 592.0], [510.0, 1646.0, 665.0], [505.0, 1729.0, 601.0], [501.0, 1735.0, 417.0], [500.0, 1747.0, 517.0], [495.0, 1755.0, 512.0], [495.0, 1648.0, 652.0], [480.0, 1732.0, 526.0], [478.0, 1746.0, 525.0], [477.0, 1812.0, 419.0], [474.0, 1811.0, 447.0], [472.0, 1633.0, 730.0], [470.0, 1733.0, 574.0], [467.0, 1764.0, 464.0], [467.0, 1736.0, 578.0], [466.0, 1696.0, 650.0], [462.0, 1743.0, 556.0], [459.0, 1761.0, 513.0], [457.0, 1746.0, 547.0], [450.0, 1752.0, 530.0], [449.0, 1750.0, 563.0], [446.0, 1800.0, 476.0], [443.0, 1759.0, 577.0], [436.0, 1808.0, 455.0], [432.0, 1822.0, 523.0], [429.0, 1848.0, 406.0], [426.0, 1764.0, 542.0], [418.0, 1762.0, 543.0], [413.0, 1868.0, 388.0], [398.0, 1800.0, 571.0], [394.0, 1793.0, 613.0], [392.0, 1829.0, 492.0], [384.0, 1847.0, 465.0], [378.0, 1895.0, 425.0], [377.0, 1821.0, 526.0], [364.0, 1817.0, 547.0], [358.0, 1834.0, 572.0]]
