heur = false
LBS_limit = 4
preproc = 2
tight_root = 1
total_time = 1800.15
NDP = 577
total_nodes = 84665
pruned_nodes = 42293
pruned_dominance_nodes = 9
heur_time = 0.0
Y_N = Any[[781.0, 213.0, 340.0], [770.0, 139.0, 386.0], [748.0, 146.0, 420.0], [747.0, 148.0, 360.0], [730.0, 150.0, 362.0], [727.0, 192.0, 345.0], [725.0, 236.0, 261.0], [724.0, 260.0, 262.0], [724.0, 194.0, 449.0], [718.0, 158.0, 458.0], [713.0, 252.0, 350.0], [712.0, 285.0, 357.0], [709.0, 158.0, 475.0], [703.0, 238.0, 361.0], [700.0, 218.0, 362.0], [698.0, 318.0, 192.0], [698.0, 261.0, 385.0], [695.0, 313.0, 346.0], [692.0, 231.0, 403.0], [687.0, 179.0, 465.0], [683.0, 199.0, 435.0], [681.0, 252.0, 397.0], [680.0, 356.0, 329.0], [676.0, 264.0, 378.0], [674.0, 210.0, 430.0], [672.0, 255.0, 405.0], [671.0, 360.0, 198.0], [668.0, 302.0, 347.0], [667.0, 274.0, 407.0], [667.0, 218.0, 408.0], [665.0, 395.0, 201.0], [665.0, 314.0, 357.0], [663.0, 237.0, 454.0], [661.0, 376.0, 301.0], [653.0, 331.0, 357.0], [652.0, 202.0, 458.0], [651.0, 234.0, 456.0], [650.0, 382.0, 220.0], [647.0, 427.0, 172.0], [647.0, 290.0, 364.0], [646.0, 309.0, 362.0], [645.0, 276.0, 404.0], [644.0, 412.0, 233.0], [644.0, 309.0, 393.0], [644.0, 238.0, 454.0], [643.0, 388.0, 252.0], [643.0, 286.0, 407.0], [642.0, 360.0, 303.0], [641.0, 312.0, 398.0], [640.0, 268.0, 448.0], [640.0, 245.0, 451.0], [638.0, 398.0, 241.0], [638.0, 342.0, 341.0], [637.0, 378.0, 307.0], [637.0, 324.0, 380.0], [636.0, 354.0, 342.0], [636.0, 339.0, 357.0], [635.0, 434.0, 241.0], [634.0, 360.0, 332.0], [634.0, 273.0, 409.0], [633.0, 436.0, 232.0], [632.0, 399.0, 271.0], [631.0, 254.0, 462.0], [630.0, 416.0, 293.0], [630.0, 232.0, 487.0], [626.0, 441.0, 130.0], [624.0, 333.0, 368.0], [623.0, 360.0, 370.0], [623.0, 329.0, 372.0], [622.0, 435.0, 239.0], [622.0, 313.0, 399.0], [621.0, 365.0, 330.0], [621.0, 322.0, 395.0], [621.0, 264.0, 459.0], [619.0, 386.0, 340.0], [618.0, 305.0, 407.0], [617.0, 332.0, 385.0], [616.0, 355.0, 403.0], [616.0, 313.0, 411.0], [616.0, 268.0, 474.0], [615.0, 434.0, 258.0], [614.0, 419.0, 291.0], [613.0, 479.0, 163.0], [613.0, 464.0, 217.0], [613.0, 320.0, 419.0], [612.0, 402.0, 330.0], [611.0, 303.0, 430.0], [608.0, 533.0, 100.0], [607.0, 423.0, 262.0], [606.0, 377.0, 357.0], [605.0, 454.0, 227.0], [605.0, 226.0, 527.0], [603.0, 522.0, 121.0], [603.0, 503.0, 178.0], [603.0, 458.0, 274.0], [603.0, 338.0, 424.0], [602.0, 388.0, 350.0], [602.0, 384.0, 406.0], [602.0, 297.0, 445.0], [599.0, 429.0, 344.0], [598.0, 515.0, 213.0], [597.0, 275.0, 454.0], [596.0, 435.0, 281.0], [596.0, 302.0, 454.0], [595.0, 329.0, 437.0], [594.0, 301.0, 479.0], [593.0, 432.0, 283.0], [593.0, 406.0, 352.0], [593.0, 385.0, 377.0], [592.0, 392.0, 378.0], [591.0, 472.0, 229.0], [590.0, 476.0, 274.0], [590.0, 352.0, 410.0], [589.0, 397.0, 353.0], [587.0, 322.0, 454.0], [587.0, 270.0, 482.0], [585.0, 282.0, 502.0], [584.0, 359.0, 418.0], [583.0, 451.0, 306.0], [582.0, 333.0, 443.0], [581.0, 370.0, 412.0], [581.0, 334.0, 429.0], [580.0, 420.0, 356.0], [580.0, 402.0, 372.0], [579.0, 437.0, 308.0], [579.0, 269.0, 522.0], [577.0, 489.0, 233.0], [575.0, 434.0, 382.0], [574.0, 538.0, 106.0], [574.0, 533.0, 131.0], [573.0, 520.0, 171.0], [573.0, 500.0, 235.0], [572.0, 461.0, 322.0], [572.0, 333.0, 470.0], [571.0, 478.0, 239.0], [571.0, 471.0, 277.0], [571.0, 403.0, 405.0], [570.0, 466.0, 279.0], [568.0, 518.0, 203.0], [568.0, 352.0, 423.0], [567.0, 538.0, 186.0], [567.0, 521.0, 201.0], [564.0, 463.0, 295.0], [564.0, 373.0, 408.0], [563.0, 541.0, 179.0], [563.0, 475.0, 299.0], [563.0, 463.0, 320.0], [562.0, 499.0, 241.0], [562.0, 375.0, 439.0], [561.0, 348.0, 443.0], [561.0, 334.0, 456.0], [560.0, 481.0, 255.0], [559.0, 550.0, 162.0], [559.0, 499.0, 272.0], [559.0, 438.0, 335.0], [559.0, 407.0, 386.0], [559.0, 345.0, 487.0], [558.0, 536.0, 244.0], [558.0, 443.0, 346.0], [558.0, 397.0, 413.0], [558.0, 388.0, 424.0], [557.0, 481.0, 280.0], [557.0, 478.0, 283.0], [557.0, 464.0, 313.0], [555.0, 477.0, 293.0], [554.0, 555.0, 145.0], [554.0, 485.0, 342.0], [554.0, 352.0, 448.0], [554.0, 350.0, 483.0], [553.0, 513.0, 322.0], [552.0, 443.0, 357.0], [552.0, 361.0, 485.0], [550.0, 452.0, 370.0], [548.0, 433.0, 427.0], [548.0, 365.0, 444.0], [547.0, 514.0, 248.0], [546.0, 576.0, 116.0], [546.0, 342.0, 551.0], [545.0, 545.0, 168.0], [544.0, 551.0, 183.0], [543.0, 453.0, 356.0], [542.0, 404.0, 428.0], [541.0, 593.0, 142.0], [541.0, 497.0, 324.0], [541.0, 392.0, 429.0], [540.0, 620.0, 165.0], [540.0, 373.0, 465.0], [539.0, 377.0, 443.0], [537.0, 579.0, 225.0], [536.0, 542.0, 234.0], [536.0, 516.0, 316.0], [536.0, 447.0, 400.0], [535.0, 590.0, 177.0], [533.0, 519.0, 262.0], [533.0, 468.0, 425.0], [533.0, 350.0, 493.0], [529.0, 374.0, 468.0], [528.0, 425.0, 435.0], [528.0, 408.0, 483.0], [527.0, 530.0, 263.0], [527.0, 518.0, 267.0], [526.0, 543.0, 235.0], [526.0, 473.0, 364.0], [525.0, 540.0, 239.0], [524.0, 563.0, 267.0], [524.0, 358.0, 491.0], [523.0, 484.0, 400.0], [521.0, 581.0, 197.0], [520.0, 550.0, 286.0], [520.0, 490.0, 343.0], [520.0, 412.0, 446.0], [518.0, 356.0, 530.0], [517.0, 616.0, 230.0], [517.0, 498.0, 342.0], [516.0, 542.0, 303.0], [516.0, 436.0, 445.0], [515.0, 502.0, 338.0], [513.0, 618.0, 176.0], [512.0, 365.0, 527.0], [511.0, 677.0, 111.0], [511.0, 510.0, 389.0], [510.0, 543.0, 309.0], [509.0, 508.0, 408.0], [507.0, 446.0, 442.0], [507.0, 368.0, 486.0], [506.0, 640.0, 186.0], [506.0, 575.0, 298.0], [505.0, 413.0, 500.0], [504.0, 423.0, 467.0], [503.0, 527.0, 337.0], [501.0, 512.0, 349.0], [500.0, 449.0, 432.0], [498.0, 617.0, 192.0], [498.0, 532.0, 343.0], [495.0, 591.0, 234.0], [495.0, 533.0, 319.0], [495.0, 426.0, 468.0], [494.0, 603.0, 264.0], [493.0, 553.0, 314.0], [493.0, 378.0, 511.0], [492.0, 623.0, 194.0], [492.0, 555.0, 364.0], [492.0, 521.0, 367.0], [492.0, 416.0, 500.0], [491.0, 390.0, 519.0], [489.0, 449.0, 438.0], [486.0, 598.0, 265.0], [484.0, 663.0, 209.0], [484.0, 572.0, 308.0], [484.0, 454.0, 448.0], [483.0, 608.0, 293.0], [483.0, 578.0, 308.0], [483.0, 559.0, 365.0], [483.0, 447.0, 455.0], [482.0, 470.0, 428.0], [481.0, 612.0, 238.0], [481.0, 419.0, 508.0], [480.0, 501.0, 430.0], [480.0, 432.0, 466.0], [479.0, 614.0, 269.0], [479.0, 521.0, 374.0], [477.0, 486.0, 437.0], [476.0, 588.0, 314.0], [475.0, 567.0, 336.0], [475.0, 470.0, 484.0], [475.0, 378.0, 557.0], [472.0, 665.0, 193.0], [472.0, 404.0, 514.0], [471.0, 616.0, 268.0], [470.0, 635.0, 219.0], [470.0, 521.0, 404.0], [469.0, 682.0, 231.0], [468.0, 540.0, 397.0], [467.0, 625.0, 233.0], [464.0, 582.0, 322.0], [464.0, 395.0, 550.0], [463.0, 548.0, 404.0], [462.0, 576.0, 339.0], [461.0, 463.0, 487.0], [461.0, 436.0, 489.0], [460.0, 700.0, 126.0], [459.0, 584.0, 345.0], [457.0, 643.0, 241.0], [457.0, 637.0, 317.0], [456.0, 556.0, 396.0], [453.0, 476.0, 445.0], [452.0, 562.0, 376.0], [451.0, 613.0, 347.0], [450.0, 477.0, 478.0], [449.0, 685.0, 169.0], [449.0, 662.0, 290.0], [448.0, 478.0, 449.0], [447.0, 572.0, 352.0], [446.0, 515.0, 411.0], [445.0, 490.0, 456.0], [444.0, 579.0, 355.0], [443.0, 519.0, 431.0], [441.0, 688.0, 169.0], [441.0, 679.0, 252.0], [440.0, 572.0, 374.0], [440.0, 510.0, 437.0], [439.0, 686.0, 173.0], [439.0, 583.0, 357.0], [439.0, 461.0, 495.0], [438.0, 515.0, 449.0], [438.0, 510.0, 474.0], [436.0, 567.0, 375.0], [434.0, 692.0, 228.0], [434.0, 638.0, 311.0], [432.0, 675.0, 257.0], [432.0, 566.0, 392.0], [432.0, 526.0, 417.0], [431.0, 509.0, 491.0], [429.0, 588.0, 355.0], [426.0, 538.0, 448.0], [425.0, 699.0, 192.0], [425.0, 552.0, 397.0], [424.0, 556.0, 416.0], [424.0, 434.0, 516.0], [423.0, 580.0, 367.0], [423.0, 480.0, 493.0], [422.0, 617.0, 366.0], [420.0, 696.0, 213.0], [419.0, 667.0, 270.0], [419.0, 601.0, 412.0], [418.0, 583.0, 420.0], [418.0, 504.0, 495.0], [417.0, 527.0, 450.0], [416.0, 697.0, 213.0], [416.0, 528.0, 483.0], [415.0, 633.0, 328.0], [414.0, 729.0, 184.0], [413.0, 696.0, 274.0], [413.0, 641.0, 293.0], [413.0, 640.0, 318.0], [413.0, 571.0, 436.0], [412.0, 662.0, 311.0], [412.0, 643.0, 332.0], [412.0, 448.0, 531.0], [411.0, 733.0, 206.0], [407.0, 660.0, 327.0], [407.0, 591.0, 427.0], [405.0, 663.0, 313.0], [405.0, 605.0, 369.0], [403.0, 668.0, 307.0], [402.0, 744.0, 193.0], [401.0, 684.0, 319.0], [400.0, 748.0, 198.0], [400.0, 699.0, 241.0], [400.0, 532.0, 475.0], [400.0, 461.0, 545.0], [399.0, 592.0, 422.0], [399.0, 554.0, 489.0], [397.0, 739.0, 202.0], [397.0, 621.0, 334.0], [396.0, 650.0, 335.0], [395.0, 712.0, 281.0], [393.0, 619.0, 354.0], [392.0, 642.0, 369.0], [390.0, 613.0, 376.0], [387.0, 603.0, 402.0], [386.0, 653.0, 359.0], [385.0, 720.0, 224.0], [385.0, 658.0, 332.0], [385.0, 644.0, 376.0], [384.0, 661.0, 325.0], [384.0, 627.0, 388.0], [383.0, 714.0, 303.0], [382.0, 736.0, 255.0], [382.0, 616.0, 389.0], [381.0, 602.0, 430.0], [380.0, 764.0, 165.0], [380.0, 609.0, 416.0], [379.0, 598.0, 435.0], [378.0, 656.0, 335.0], [377.0, 716.0, 281.0], [377.0, 658.0, 368.0], [376.0, 669.0, 325.0], [375.0, 767.0, 263.0], [373.0, 768.0, 162.0], [373.0, 669.0, 341.0], [370.0, 677.0, 322.0], [370.0, 543.0, 521.0], [369.0, 751.0, 270.0], [367.0, 775.0, 177.0], [367.0, 695.0, 339.0], [366.0, 768.0, 266.0], [366.0, 717.0, 281.0], [366.0, 537.0, 523.0], [365.0, 731.0, 290.0], [363.0, 611.0, 396.0], [362.0, 702.0, 309.0], [361.0, 720.0, 300.0], [361.0, 711.0, 342.0], [361.0, 621.0, 401.0], [360.0, 794.0, 242.0], [360.0, 721.0, 291.0], [360.0, 628.0, 388.0], [359.0, 639.0, 418.0], [356.0, 806.0, 193.0], [356.0, 618.0, 424.0], [355.0, 578.0, 445.0], [353.0, 676.0, 358.0], [352.0, 669.0, 396.0], [351.0, 708.0, 350.0], [347.0, 607.0, 441.0], [346.0, 744.0, 313.0], [345.0, 717.0, 321.0], [341.0, 745.0, 273.0], [339.0, 753.0, 274.0], [338.0, 621.0, 425.0], [337.0, 688.0, 355.0], [336.0, 654.0, 398.0], [335.0, 812.0, 193.0], [334.0, 709.0, 355.0], [333.0, 801.0, 205.0], [333.0, 778.0, 247.0], [331.0, 689.0, 374.0], [330.0, 781.0, 246.0], [330.0, 620.0, 462.0], [328.0, 537.0, 546.0], [327.0, 666.0, 399.0], [325.0, 795.0, 208.0], [325.0, 772.0, 277.0], [325.0, 670.0, 379.0], [324.0, 680.0, 379.0], [323.0, 829.0, 156.0], [322.0, 612.0, 481.0], [321.0, 665.0, 401.0], [321.0, 657.0, 410.0], [320.0, 752.0, 289.0], [320.0, 656.0, 411.0], [319.0, 803.0, 263.0], [319.0, 754.0, 303.0], [319.0, 714.0, 333.0], [319.0, 699.0, 357.0], [319.0, 623.0, 425.0], [318.0, 726.0, 345.0], [317.0, 633.0, 447.0], [315.0, 790.0, 269.0], [315.0, 763.0, 339.0], [314.0, 846.0, 167.0], [314.0, 771.0, 281.0], [312.0, 864.0, 142.0], [312.0, 680.0, 409.0], [309.0, 830.0, 200.0], [304.0, 650.0, 464.0], [302.0, 812.0, 260.0], [301.0, 683.0, 376.0], [300.0, 773.0, 272.0], [299.0, 699.0, 381.0], [298.0, 667.0, 412.0], [297.0, 711.0, 349.0], [297.0, 709.0, 356.0], [296.0, 821.0, 207.0], [295.0, 717.0, 362.0], [295.0, 716.0, 373.0], [295.0, 623.0, 472.0], [293.0, 741.0, 348.0], [292.0, 775.0, 293.0], [290.0, 816.0, 212.0], [290.0, 778.0, 278.0], [288.0, 820.0, 233.0], [287.0, 700.0, 385.0], [286.0, 828.0, 217.0], [286.0, 772.0, 325.0], [286.0, 711.0, 379.0], [286.0, 699.0, 388.0], [285.0, 813.0, 238.0], [285.0, 765.0, 332.0], [285.0, 721.0, 350.0], [285.0, 710.0, 381.0], [283.0, 832.0, 206.0], [282.0, 833.0, 190.0], [282.0, 788.0, 296.0], [280.0, 718.0, 364.0], [278.0, 699.0, 400.0], [277.0, 783.0, 297.0], [276.0, 624.0, 476.0], [275.0, 731.0, 366.0], [272.0, 673.0, 415.0], [271.0, 849.0, 175.0], [270.0, 797.0, 277.0], [269.0, 788.0, 297.0], [268.0, 842.0, 193.0], [268.0, 790.0, 315.0], [268.0, 771.0, 335.0], [268.0, 768.0, 344.0], [267.0, 846.0, 193.0], [266.0, 795.0, 292.0], [265.0, 854.0, 195.0], [265.0, 846.0, 216.0], [264.0, 775.0, 326.0], [264.0, 774.0, 333.0], [264.0, 701.0, 384.0], [263.0, 804.0, 316.0], [262.0, 815.0, 270.0], [262.0, 709.0, 410.0], [258.0, 726.0, 390.0], [255.0, 734.0, 401.0], [253.0, 858.0, 188.0], [253.0, 832.0, 259.0], [252.0, 869.0, 153.0], [252.0, 867.0, 170.0], [252.0, 777.0, 322.0], [251.0, 783.0, 360.0], [249.0, 821.0, 272.0], [249.0, 790.0, 321.0], [248.0, 864.0, 173.0], [246.0, 809.0, 299.0], [246.0, 721.0, 438.0], [245.0, 858.0, 231.0], [240.0, 794.0, 338.0], [239.0, 889.0, 207.0], [236.0, 928.0, 119.0], [236.0, 812.0, 329.0], [233.0, 814.0, 295.0], [231.0, 891.0, 184.0], [230.0, 863.0, 266.0], [229.0, 823.0, 282.0], [227.0, 724.0, 413.0], [216.0, 735.0, 447.0], [215.0, 788.0, 343.0], [215.0, 716.0, 457.0], [212.0, 793.0, 374.0], [212.0, 738.0, 394.0], [211.0, 790.0, 379.0], [209.0, 833.0, 315.0], [207.0, 892.0, 205.0], [207.0, 810.0, 331.0], [206.0, 855.0, 280.0], [205.0, 866.0, 222.0], [204.0, 878.0, 304.0], [202.0, 815.0, 316.0], [199.0, 895.0, 182.0], [196.0, 934.0, 122.0], [195.0, 887.0, 241.0], [187.0, 797.0, 384.0], [186.0, 814.0, 329.0], [184.0, 854.0, 311.0], [182.0, 906.0, 207.0], [181.0, 950.0, 149.0], [181.0, 888.0, 250.0], [178.0, 801.0, 351.0], [177.0, 889.0, 236.0], [177.0, 880.0, 253.0], [171.0, 923.0, 156.0], [171.0, 905.0, 228.0], [167.0, 803.0, 359.0], [165.0, 911.0, 201.0], [163.0, 885.0, 297.0], [161.0, 890.0, 230.0], [160.0, 928.0, 182.0], [159.0, 906.0, 215.0], [158.0, 892.0, 235.0], [156.0, 931.0, 168.0], [155.0, 902.0, 230.0], [155.0, 894.0, 328.0], [154.0, 804.0, 351.0], [151.0, 925.0, 189.0], [148.0, 804.0, 375.0], [145.0, 921.0, 195.0], [144.0, 901.0, 247.0], [144.0, 820.0, 357.0], [142.0, 922.0, 212.0], [142.0, 911.0, 216.0], [134.0, 910.0, 230.0], [128.0, 915.0, 265.0], [122.0, 938.0, 200.0], [120.0, 925.0, 213.0], [119.0, 968.0, 199.0], [117.0, 918.0, 260.0], [116.0, 909.0, 274.0], [107.0, 924.0, 248.0], [96.0, 931.0, 227.0], [77.0, 910.0, 266.0], [69.0, 976.0, 182.0]]
