heur = false
LBS_limit = 4
preproc = 2
tight_root = 1
total_time = 14.41
NDP = 68
total_nodes = 1175
pruned_nodes = 588
pruned_dominance_nodes = 0
heur_time = 0.0
Y_N = Any[[215.0, 91.0, 63.0], [197.0, 105.0, 76.0], [191.0, 67.0, 100.0], [186.0, 106.0, 61.0], [182.0, 110.0, 53.0], [175.0, 112.0, 52.0], [172.0, 115.0, 78.0], [169.0, 116.0, 71.0], [166.0, 125.0, 98.0], [162.0, 114.0, 146.0], [152.0, 128.0, 80.0], [151.0, 131.0, 74.0], [147.0, 175.0, 34.0], [147.0, 161.0, 120.0], [135.0, 194.0, 54.0], [134.0, 197.0, 54.0], [130.0, 195.0, 57.0], [124.0, 213.0, 38.0], [123.0, 177.0, 73.0], [120.0, 209.0, 42.0], [119.0, 119.0, 155.0], [118.0, 187.0, 59.0], [117.0, 198.0, 85.0], [114.0, 199.0, 67.0], [111.0, 200.0, 48.0], [109.0, 222.0, 77.0], [108.0, 200.0, 85.0], [101.0, 199.0, 91.0], [100.0, 211.0, 78.0], [97.0, 184.0, 138.0], [95.0, 204.0, 80.0], [93.0, 202.0, 92.0], [91.0, 220.0, 82.0], [91.0, 212.0, 106.0], [79.0, 228.0, 81.0], [79.0, 214.0, 90.0], [77.0, 223.0, 115.0], [76.0, 214.0, 116.0], [75.0, 237.0, 108.0], [72.0, 248.0, 39.0], [72.0, 241.0, 121.0], [70.0, 253.0, 41.0], [66.0, 269.0, 28.0], [64.0, 286.0, 49.0], [62.0, 261.0, 59.0], [62.0, 205.0, 130.0], [59.0, 277.0, 56.0], [59.0, 268.0, 61.0], [57.0, 243.0, 104.0], [56.0, 282.0, 72.0], [55.0, 292.0, 40.0], [53.0, 217.0, 124.0], [52.0, 200.0, 135.0], [51.0, 204.0, 139.0], [50.0, 298.0, 57.0], [50.0, 200.0, 144.0], [48.0, 275.0, 77.0], [47.0, 263.0, 81.0], [44.0, 287.0, 61.0], [44.0, 282.0, 75.0], [41.0, 284.0, 101.0], [40.0, 294.0, 61.0], [38.0, 288.0, 92.0], [26.0, 299.0, 48.0], [23.0, 290.0, 98.0], [15.0, 298.0, 92.0], [6.0, 299.0, 80.0], [-0.0, 300.0, 123.0]]
