heur = false
LBS_limit = 4
preproc = 2
tight_root = 1
total_time = 13.36
NDP = 144
total_nodes = 6381
pruned_nodes = 3191
pruned_dominance_nodes = 1
heur_time = 0.0
Y_N = Any[[360.0, 564.0, 157.0], [348.0, 613.0, 160.0], [340.0, 624.0, 177.0], [332.0, 668.0, 127.0], [321.0, 644.0, 171.0], [313.0, 655.0, 156.0], [306.0, 652.0, 176.0], [300.0, 657.0, 200.0], [291.0, 684.0, 130.0], [285.0, 696.0, 110.0], [281.0, 691.0, 129.0], [275.0, 697.0, 126.0], [271.0, 661.0, 176.0], [270.0, 678.0, 178.0], [269.0, 737.0, 143.0], [268.0, 705.0, 151.0], [264.0, 675.0, 204.0], [260.0, 628.0, 216.0], [258.0, 763.0, 133.0], [258.0, 643.0, 225.0], [255.0, 707.0, 159.0], [253.0, 711.0, 158.0], [249.0, 680.0, 188.0], [248.0, 720.0, 144.0], [248.0, 716.0, 145.0], [241.0, 718.0, 150.0], [240.0, 719.0, 155.0], [240.0, 652.0, 223.0], [238.0, 686.0, 192.0], [237.0, 701.0, 192.0], [236.0, 769.0, 125.0], [236.0, 724.0, 170.0], [235.0, 702.0, 204.0], [233.0, 755.0, 136.0], [232.0, 710.0, 238.0], [231.0, 789.0, 122.0], [229.0, 790.0, 142.0], [225.0, 778.0, 144.0], [225.0, 725.0, 146.0], [224.0, 736.0, 188.0], [223.0, 736.0, 206.0], [220.0, 796.0, 156.0], [216.0, 769.0, 158.0], [215.0, 770.0, 165.0], [212.0, 777.0, 201.0], [210.0, 823.0, 134.0], [209.0, 717.0, 212.0], [208.0, 832.0, 134.0], [206.0, 717.0, 261.0], [201.0, 720.0, 245.0], [200.0, 810.0, 150.0], [195.0, 801.0, 162.0], [195.0, 782.0, 202.0], [193.0, 726.0, 224.0], [192.0, 727.0, 218.0], [190.0, 785.0, 176.0], [188.0, 839.0, 104.0], [185.0, 725.0, 242.0], [183.0, 758.0, 225.0], [181.0, 808.0, 185.0], [180.0, 833.0, 147.0], [180.0, 822.0, 160.0], [176.0, 786.0, 207.0], [176.0, 726.0, 245.0], [175.0, 817.0, 173.0], [173.0, 796.0, 225.0], [173.0, 727.0, 232.0], [172.0, 834.0, 136.0], [169.0, 874.0, 148.0], [161.0, 875.0, 136.0], [160.0, 798.0, 199.0], [158.0, 837.0, 156.0], [155.0, 815.0, 187.0], [150.0, 818.0, 175.0], [149.0, 826.0, 208.0], [149.0, 785.0, 227.0], [144.0, 806.0, 239.0], [143.0, 829.0, 209.0], [142.0, 838.0, 177.0], [138.0, 878.0, 104.0], [136.0, 878.0, 129.0], [136.0, 867.0, 151.0], [135.0, 807.0, 239.0], [134.0, 836.0, 194.0], [133.0, 855.0, 158.0], [132.0, 901.0, 85.0], [132.0, 869.0, 154.0], [131.0, 882.0, 105.0], [130.0, 916.0, 111.0], [128.0, 874.0, 153.0], [128.0, 835.0, 232.0], [123.0, 803.0, 249.0], [122.0, 894.0, 159.0], [121.0, 923.0, 111.0], [118.0, 906.0, 113.0], [116.0, 897.0, 153.0], [116.0, 885.0, 164.0], [116.0, 854.0, 191.0], [113.0, 870.0, 218.0], [112.0, 909.0, 127.0], [106.0, 923.0, 148.0], [100.0, 926.0, 154.0], [99.0, 935.0, 109.0], [98.0, 882.0, 191.0], [98.0, 870.0, 225.0], [96.0, 872.0, 215.0], [92.0, 927.0, 145.0], [91.0, 936.0, 109.0], [91.0, 933.0, 150.0], [91.0, 894.0, 166.0], [85.0, 861.0, 230.0], [84.0, 905.0, 169.0], [83.0, 934.0, 125.0], [81.0, 878.0, 236.0], [79.0, 949.0, 109.0], [79.0, 896.0, 172.0], [73.0, 951.0, 118.0], [73.0, 947.0, 126.0], [72.0, 901.0, 173.0], [71.0, 907.0, 172.0], [71.0, 864.0, 239.0], [68.0, 934.0, 176.0], [67.0, 943.0, 144.0], [65.0, 952.0, 101.0], [65.0, 879.0, 219.0], [64.0, 880.0, 217.0], [61.0, 968.0, 115.0], [61.0, 880.0, 221.0], [60.0, 881.0, 252.0], [59.0, 944.0, 136.0], [58.0, 951.0, 133.0], [58.0, 899.0, 184.0], [53.0, 969.0, 167.0], [51.0, 882.0, 238.0], [45.0, 970.0, 138.0], [44.0, 976.0, 146.0], [36.0, 977.0, 121.0], [34.0, 959.0, 172.0], [23.0, 979.0, 141.0], [22.0, 976.0, 158.0], [21.0, 977.0, 167.0], [20.0, 962.0, 173.0], [13.0, 978.0, 142.0], [-0.0, 980.0, 189.0]]
