heur = false
LBS_limit = 4
preproc = 2
tight_root = 1
total_time = 462.69
NDP = 497
total_nodes = 46449
pruned_nodes = 23225
pruned_dominance_nodes = 258
heur_time = 0.0
Y_N = Any[[1280.0, 757.0, 665.0], [1264.0, 722.0, 751.0], [1241.0, 818.0, 668.0], [1228.0, 788.0, 810.0], [1227.0, 728.0, 832.0], [1218.0, 786.0, 826.0], [1208.0, 810.0, 683.0], [1202.0, 859.0, 565.0], [1193.0, 830.0, 663.0], [1187.0, 850.0, 663.0], [1184.0, 823.0, 781.0], [1177.0, 859.0, 663.0], [1176.0, 838.0, 716.0], [1170.0, 810.0, 885.0], [1165.0, 874.0, 673.0], [1160.0, 976.0, 575.0], [1160.0, 855.0, 724.0], [1158.0, 869.0, 717.0], [1155.0, 884.0, 669.0], [1151.0, 886.0, 764.0], [1151.0, 801.0, 943.0], [1147.0, 826.0, 882.0], [1144.0, 990.0, 628.0], [1142.0, 856.0, 800.0], [1139.0, 857.0, 787.0], [1132.0, 958.0, 783.0], [1128.0, 910.0, 835.0], [1118.0, 899.0, 900.0], [1113.0, 997.0, 687.0], [1111.0, 914.0, 793.0], [1108.0, 1014.0, 681.0], [1107.0, 917.0, 803.0], [1104.0, 943.0, 833.0], [1098.0, 1017.0, 469.0], [1096.0, 951.0, 799.0], [1096.0, 941.0, 836.0], [1095.0, 996.0, 756.0], [1093.0, 917.0, 854.0], [1089.0, 1039.0, 470.0], [1086.0, 1011.0, 731.0], [1083.0, 1016.0, 533.0], [1081.0, 1006.0, 822.0], [1080.0, 1032.0, 639.0], [1080.0, 1027.0, 656.0], [1076.0, 1080.0, 495.0], [1068.0, 1024.0, 728.0], [1067.0, 1053.0, 595.0], [1066.0, 1118.0, 507.0], [1066.0, 1051.0, 687.0], [1063.0, 1009.0, 750.0], [1058.0, 1052.0, 754.0], [1055.0, 921.0, 863.0], [1052.0, 975.0, 862.0], [1048.0, 1062.0, 593.0], [1048.0, 1053.0, 689.0], [1048.0, 903.0, 875.0], [1046.0, 1067.0, 557.0], [1045.0, 1071.0, 634.0], [1042.0, 982.0, 846.0], [1041.0, 1067.0, 797.0], [1037.0, 1036.0, 802.0], [1034.0, 949.0, 870.0], [1033.0, 1125.0, 451.0], [1030.0, 1074.0, 638.0], [1029.0, 1039.0, 798.0], [1028.0, 1000.0, 844.0], [1027.0, 1007.0, 822.0], [1025.0, 1135.0, 525.0], [1025.0, 1085.0, 683.0], [1025.0, 1068.0, 758.0], [1024.0, 1087.0, 692.0], [1023.0, 1150.0, 425.0], [1022.0, 1083.0, 705.0], [1022.0, 1007.0, 868.0], [1021.0, 1120.0, 658.0], [1018.0, 1153.0, 483.0], [1017.0, 1187.0, 418.0], [1016.0, 1147.0, 636.0], [1016.0, 1083.0, 794.0], [1015.0, 1036.0, 818.0], [1012.0, 1052.0, 826.0], [1011.0, 1121.0, 653.0], [1010.0, 1093.0, 672.0], [1006.0, 1094.0, 735.0], [1005.0, 1165.0, 607.0], [1004.0, 1117.0, 669.0], [1002.0, 1115.0, 699.0], [1000.0, 1119.0, 662.0], [1000.0, 1099.0, 705.0], [998.0, 1117.0, 686.0], [998.0, 988.0, 873.0], [995.0, 1103.0, 716.0], [993.0, 1021.0, 907.0], [991.0, 1127.0, 747.0], [989.0, 1196.0, 346.0], [988.0, 1074.0, 811.0], [987.0, 1125.0, 773.0], [986.0, 1079.0, 829.0], [985.0, 1098.0, 794.0], [982.0, 1048.0, 856.0], [981.0, 1150.0, 643.0], [979.0, 1180.0, 486.0], [979.0, 1142.0, 714.0], [978.0, 1193.0, 562.0], [978.0, 1146.0, 669.0], [978.0, 1031.0, 866.0], [977.0, 1064.0, 858.0], [976.0, 1203.0, 617.0], [976.0, 1169.0, 636.0], [973.0, 1264.0, 437.0], [972.0, 1229.0, 506.0], [972.0, 1172.0, 638.0], [968.0, 1165.0, 682.0], [967.0, 1145.0, 748.0], [967.0, 1088.0, 852.0], [965.0, 1163.0, 684.0], [962.0, 1176.0, 672.0], [960.0, 1154.0, 695.0], [960.0, 1106.0, 825.0], [959.0, 1220.0, 596.0], [959.0, 1150.0, 750.0], [956.0, 1081.0, 875.0], [953.0, 1178.0, 630.0], [952.0, 1309.0, 510.0], [949.0, 1161.0, 702.0], [946.0, 1187.0, 640.0], [945.0, 1239.0, 564.0], [945.0, 1195.0, 657.0], [945.0, 1146.0, 789.0], [944.0, 1171.0, 689.0], [943.0, 1250.0, 671.0], [942.0, 1176.0, 733.0], [940.0, 1155.0, 774.0], [938.0, 1100.0, 842.0], [938.0, 1092.0, 908.0], [937.0, 1112.0, 803.0], [936.0, 1271.0, 590.0], [934.0, 1178.0, 672.0], [930.0, 1213.0, 702.0], [929.0, 1100.0, 852.0], [928.0, 1132.0, 828.0], [926.0, 1201.0, 711.0], [925.0, 1104.0, 856.0], [924.0, 1026.0, 913.0], [923.0, 1187.0, 738.0], [923.0, 1160.0, 767.0], [921.0, 1212.0, 712.0], [917.0, 1161.0, 801.0], [916.0, 1268.0, 614.0], [916.0, 1195.0, 728.0], [914.0, 1273.0, 549.0], [914.0, 1212.0, 760.0], [914.0, 1164.0, 775.0], [913.0, 1216.0, 674.0], [913.0, 1176.0, 771.0], [911.0, 1248.0, 689.0], [909.0, 1171.0, 785.0], [906.0, 1290.0, 592.0], [906.0, 1136.0, 831.0], [905.0, 1368.0, 439.0], [905.0, 1313.0, 597.0], [903.0, 1094.0, 866.0], [901.0, 1154.0, 840.0], [900.0, 1266.0, 673.0], [900.0, 1213.0, 730.0], [898.0, 1258.0, 708.0], [898.0, 1136.0, 843.0], [898.0, 1095.0, 897.0], [896.0, 1277.0, 600.0], [895.0, 1197.0, 787.0], [892.0, 1269.0, 630.0], [892.0, 1170.0, 831.0], [889.0, 1285.0, 606.0], [889.0, 1271.0, 620.0], [889.0, 1236.0, 744.0], [889.0, 1232.0, 752.0], [888.0, 1245.0, 720.0], [887.0, 1322.0, 507.0], [885.0, 1182.0, 822.0], [884.0, 1195.0, 797.0], [883.0, 1332.0, 475.0], [883.0, 1236.0, 761.0], [882.0, 1324.0, 497.0], [882.0, 1240.0, 730.0], [882.0, 1165.0, 833.0], [881.0, 1249.0, 719.0], [878.0, 1321.0, 545.0], [878.0, 1278.0, 682.0], [878.0, 1258.0, 714.0], [877.0, 1201.0, 764.0], [877.0, 1172.0, 856.0], [875.0, 1330.0, 623.0], [872.0, 1330.0, 634.0], [872.0, 1304.0, 653.0], [872.0, 1203.0, 763.0], [870.0, 1280.0, 679.0], [870.0, 1269.0, 687.0], [870.0, 1265.0, 695.0], [869.0, 1209.0, 806.0], [868.0, 1247.0, 776.0], [864.0, 1258.0, 737.0], [863.0, 1248.0, 750.0], [862.0, 1284.0, 708.0], [861.0, 1376.0, 377.0], [861.0, 1226.0, 789.0], [860.0, 1365.0, 554.0], [859.0, 1244.0, 794.0], [859.0, 1209.0, 827.0], [858.0, 1394.0, 485.0], [856.0, 1215.0, 803.0], [854.0, 1328.0, 639.0], [854.0, 1260.0, 741.0], [852.0, 1315.0, 681.0], [852.0, 1273.0, 728.0], [849.0, 1387.0, 510.0], [848.0, 1346.0, 576.0], [848.0, 1317.0, 670.0], [848.0, 1299.0, 683.0], [846.0, 1268.0, 741.0], [846.0, 1252.0, 762.0], [844.0, 1337.0, 594.0], [844.0, 1306.0, 744.0], [844.0, 1234.0, 800.0], [842.0, 1261.0, 750.0], [842.0, 1215.0, 853.0], [839.0, 1350.0, 555.0], [839.0, 1246.0, 788.0], [838.0, 1252.0, 781.0], [836.0, 1324.0, 701.0], [835.0, 1437.0, 457.0], [833.0, 1268.0, 787.0], [832.0, 1337.0, 597.0], [832.0, 1267.0, 796.0], [831.0, 1351.0, 620.0], [831.0, 1342.0, 697.0], [826.0, 1209.0, 860.0], [823.0, 1264.0, 804.0], [822.0, 1372.0, 545.0], [822.0, 1316.0, 711.0], [821.0, 1356.0, 562.0], [821.0, 1354.0, 604.0], [821.0, 1312.0, 720.0], [821.0, 1290.0, 760.0], [820.0, 1354.0, 620.0], [819.0, 1390.0, 507.0], [817.0, 1331.0, 717.0], [815.0, 1416.0, 528.0], [813.0, 1375.0, 570.0], [812.0, 1316.0, 728.0], [811.0, 1264.0, 809.0], [810.0, 1414.0, 577.0], [810.0, 1327.0, 719.0], [810.0, 1259.0, 839.0], [809.0, 1380.0, 596.0], [808.0, 1351.0, 662.0], [806.0, 1392.0, 674.0], [806.0, 1325.0, 726.0], [806.0, 1288.0, 799.0], [803.0, 1396.0, 619.0], [802.0, 1441.0, 493.0], [802.0, 1429.0, 496.0], [802.0, 1322.0, 748.0], [797.0, 1442.0, 421.0], [796.0, 1333.0, 710.0], [796.0, 1276.0, 807.0], [795.0, 1329.0, 721.0], [791.0, 1406.0, 615.0], [788.0, 1418.0, 564.0], [788.0, 1353.0, 702.0], [787.0, 1403.0, 621.0], [787.0, 1322.0, 784.0], [785.0, 1355.0, 688.0], [784.0, 1347.0, 730.0], [783.0, 1426.0, 499.0], [783.0, 1418.0, 619.0], [782.0, 1444.0, 527.0], [782.0, 1364.0, 690.0], [781.0, 1457.0, 512.0], [781.0, 1337.0, 766.0], [779.0, 1407.0, 664.0], [778.0, 1367.0, 688.0], [777.0, 1444.0, 533.0], [776.0, 1436.0, 561.0], [776.0, 1359.0, 694.0], [775.0, 1463.0, 572.0], [774.0, 1367.0, 710.0], [773.0, 1357.0, 725.0], [771.0, 1353.0, 737.0], [771.0, 1347.0, 748.0], [770.0, 1393.0, 696.0], [769.0, 1422.0, 574.0], [769.0, 1413.0, 623.0], [768.0, 1465.0, 434.0], [766.0, 1380.0, 733.0], [766.0, 1274.0, 828.0], [765.0, 1490.0, 522.0], [765.0, 1435.0, 596.0], [764.0, 1394.0, 681.0], [764.0, 1340.0, 754.0], [763.0, 1312.0, 808.0], [761.0, 1409.0, 642.0], [761.0, 1403.0, 699.0], [760.0, 1424.0, 677.0], [758.0, 1513.0, 503.0], [758.0, 1329.0, 773.0], [757.0, 1481.0, 593.0], [757.0, 1347.0, 754.0], [754.0, 1349.0, 738.0], [752.0, 1457.0, 625.0], [749.0, 1349.0, 807.0], [746.0, 1465.0, 598.0], [746.0, 1453.0, 662.0], [746.0, 1416.0, 681.0], [744.0, 1488.0, 586.0], [741.0, 1352.0, 755.0], [741.0, 1277.0, 854.0], [740.0, 1286.0, 840.0], [739.0, 1464.0, 626.0], [738.0, 1431.0, 733.0], [737.0, 1472.0, 635.0], [735.0, 1524.0, 520.0], [731.0, 1495.0, 562.0], [730.0, 1441.0, 695.0], [730.0, 1358.0, 747.0], [726.0, 1381.0, 790.0], [724.0, 1477.0, 648.0], [723.0, 1365.0, 812.0], [722.0, 1387.0, 791.0], [719.0, 1553.0, 461.0], [719.0, 1505.0, 588.0], [716.0, 1482.0, 606.0], [716.0, 1459.0, 666.0], [715.0, 1391.0, 765.0], [713.0, 1499.0, 601.0], [713.0, 1466.0, 680.0], [713.0, 1451.0, 724.0], [712.0, 1546.0, 578.0], [712.0, 1487.0, 608.0], [712.0, 1291.0, 821.0], [709.0, 1411.0, 735.0], [708.0, 1529.0, 593.0], [708.0, 1511.0, 605.0], [708.0, 1431.0, 740.0], [707.0, 1589.0, 439.0], [706.0, 1462.0, 681.0], [702.0, 1485.0, 618.0], [701.0, 1495.0, 607.0], [698.0, 1554.0, 481.0], [697.0, 1405.0, 741.0], [696.0, 1489.0, 615.0], [696.0, 1423.0, 753.0], [696.0, 1395.0, 779.0], [695.0, 1492.0, 651.0], [694.0, 1506.0, 650.0], [691.0, 1596.0, 421.0], [691.0, 1580.0, 491.0], [690.0, 1512.0, 608.0], [689.0, 1566.0, 587.0], [689.0, 1509.0, 662.0], [689.0, 1497.0, 673.0], [688.0, 1526.0, 602.0], [687.0, 1464.0, 699.0], [682.0, 1473.0, 702.0], [679.0, 1440.0, 778.0], [678.0, 1517.0, 605.0], [671.0, 1465.0, 717.0], [670.0, 1506.0, 683.0], [668.0, 1587.0, 497.0], [667.0, 1529.0, 620.0], [665.0, 1614.0, 525.0], [664.0, 1512.0, 687.0], [663.0, 1567.0, 604.0], [662.0, 1477.0, 736.0], [659.0, 1577.0, 569.0], [656.0, 1480.0, 696.0], [655.0, 1549.0, 624.0], [653.0, 1562.0, 622.0], [653.0, 1478.0, 705.0], [652.0, 1521.0, 627.0], [651.0, 1625.0, 491.0], [651.0, 1582.0, 537.0], [649.0, 1596.0, 546.0], [649.0, 1583.0, 594.0], [649.0, 1515.0, 637.0], [648.0, 1597.0, 556.0], [648.0, 1564.0, 654.0], [647.0, 1532.0, 677.0], [644.0, 1394.0, 804.0], [643.0, 1518.0, 693.0], [639.0, 1515.0, 699.0], [638.0, 1596.0, 576.0], [638.0, 1575.0, 598.0], [638.0, 1449.0, 749.0], [637.0, 1582.0, 633.0], [636.0, 1629.0, 497.0], [636.0, 1454.0, 771.0], [633.0, 1616.0, 510.0], [633.0, 1601.0, 538.0], [632.0, 1585.0, 600.0], [632.0, 1506.0, 718.0], [629.0, 1601.0, 543.0], [629.0, 1520.0, 703.0], [628.0, 1535.0, 662.0], [627.0, 1505.0, 721.0], [626.0, 1637.0, 465.0], [625.0, 1484.0, 750.0], [624.0, 1589.0, 606.0], [622.0, 1630.0, 549.0], [619.0, 1579.0, 634.0], [613.0, 1442.0, 788.0], [612.0, 1534.0, 697.0], [611.0, 1663.0, 503.0], [611.0, 1642.0, 547.0], [611.0, 1615.0, 580.0], [611.0, 1599.0, 617.0], [606.0, 1643.0, 550.0], [606.0, 1629.0, 570.0], [605.0, 1644.0, 553.0], [605.0, 1608.0, 605.0], [605.0, 1574.0, 669.0], [603.0, 1598.0, 666.0], [603.0, 1493.0, 726.0], [600.0, 1669.0, 492.0], [599.0, 1641.0, 554.0], [597.0, 1592.0, 676.0], [596.0, 1530.0, 740.0], [594.0, 1605.0, 656.0], [594.0, 1558.0, 681.0], [591.0, 1667.0, 509.0], [591.0, 1626.0, 586.0], [589.0, 1507.0, 758.0], [588.0, 1620.0, 616.0], [585.0, 1662.0, 524.0], [583.0, 1690.0, 454.0], [582.0, 1676.0, 578.0], [582.0, 1661.0, 598.0], [579.0, 1623.0, 615.0], [578.0, 1708.0, 413.0], [577.0, 1695.0, 459.0], [576.0, 1578.0, 701.0], [575.0, 1697.0, 456.0], [573.0, 1630.0, 621.0], [573.0, 1609.0, 624.0], [572.0, 1735.0, 502.0], [571.0, 1668.0, 593.0], [566.0, 1547.0, 705.0], [551.0, 1621.0, 628.0], [549.0, 1675.0, 620.0], [547.0, 1770.0, 444.0], [544.0, 1695.0, 509.0], [544.0, 1634.0, 662.0], [542.0, 1686.0, 546.0], [541.0, 1637.0, 646.0], [538.0, 1755.0, 507.0], [535.0, 1704.0, 582.0], [533.0, 1650.0, 632.0], [529.0, 1775.0, 441.0], [528.0, 1747.0, 509.0], [525.0, 1763.0, 469.0], [525.0, 1617.0, 673.0], [523.0, 1607.0, 680.0], [522.0, 1589.0, 720.0], [521.0, 1787.0, 431.0], [513.0, 1728.0, 525.0], [512.0, 1712.0, 539.0], [511.0, 1751.0, 542.0], [506.0, 1663.0, 628.0], [504.0, 1773.0, 460.0], [504.0, 1643.0, 641.0], [504.0, 1629.0, 718.0], [498.0, 1749.0, 553.0], [496.0, 1801.0, 453.0], [496.0, 1761.0, 501.0], [494.0, 1649.0, 655.0], [491.0, 1707.0, 562.0], [475.0, 1838.0, 406.0], [475.0, 1792.0, 480.0], [471.0, 1772.0, 510.0], [467.0, 1700.0, 588.0], [465.0, 1756.0, 544.0], [462.0, 1812.0, 455.0], [462.0, 1762.0, 513.0], [461.0, 1828.0, 431.0], [449.0, 1763.0, 538.0], [442.0, 1768.0, 547.0], [433.0, 1798.0, 542.0], [432.0, 1704.0, 590.0], [431.0, 1854.0, 412.0], [431.0, 1800.0, 482.0], [419.0, 1775.0, 555.0], [400.0, 1786.0, 562.0], [393.0, 1757.0, 590.0], [376.0, 1837.0, 536.0], [366.0, 1849.0, 497.0], [346.0, 1841.0, 501.0], [328.0, 1810.0, 546.0], [290.0, 1892.0, 504.0]]
