heur = false
LBS_limit = 3
preproc = 0
tight_root = 0
total_time = 1805.6
NDP = 77
total_nodes = 757183
pruned_nodes = 378576
pruned_dominance_nodes = 366797
heur_time = 0.0
Y_N = Any[[6852.0, 4056.0], [6826.0, 4093.0], [6810.0, 4109.0], [6806.0, 4146.0], [6805.0, 4234.0], [6770.0, 4245.0], [6758.0, 4258.0], [6756.0, 4270.0], [6748.0, 4287.0], [6737.0, 4325.0], [6733.0, 4333.0], [6725.0, 4369.0], [6705.0, 4405.0], [6703.0, 4418.0], [6689.0, 4419.0], [6686.0, 4453.0], [6664.0, 4492.0], [6655.0, 4513.0], [6650.0, 4567.0], [6612.0, 4585.0], [6606.0, 4615.0], [6596.0, 4618.0], [6569.0, 4626.0], [6562.0, 4696.0], [6529.0, 4707.0], [6507.0, 4729.0], [6496.0, 4765.0], [6481.0, 4770.0], [6479.0, 4779.0], [6448.0, 4784.0], [6444.0, 4791.0], [6436.0, 4802.0], [6432.0, 4806.0], [6430.0, 4815.0], [6429.0, 4848.0], [6404.0, 4859.0], [6400.0, 4880.0], [6390.0, 4889.0], [6376.0, 4890.0], [6368.0, 4901.0], [6362.0, 4911.0], [6355.0, 4917.0], [6346.0, 4931.0], [6342.0, 4952.0], [6317.0, 4956.0], [6312.0, 4969.0], [6305.0, 4993.0], [6303.0, 5000.0], [6297.0, 5009.0], [6282.0, 5014.0], [6278.0, 5062.0], [6249.0, 5075.0], [6246.0, 5080.0], [6224.0, 5085.0], [6219.0, 5098.0], [6217.0, 5103.0], [6214.0, 5117.0], [6195.0, 5130.0], [6171.0, 5147.0], [6166.0, 5163.0], [6123.0, 5174.0], [6112.0, 5191.0], [6094.0, 5197.0], [6093.0, 5216.0], [6083.0, 5225.0], [6058.0, 5230.0], [6053.0, 5248.0], [6045.0, 5255.0], [6027.0, 5263.0], [6015.0, 5275.0], [5992.0, 5310.0], [5938.0, 5312.0], [5936.0, 5318.0], [5929.0, 5327.0], [5875.0, 5353.0], [5874.0, 5364.0], [5845.0, 5403.0]]
