heur = false
LBS_limit = 3
preproc = 0
tight_root = 0
total_time = 1800.0
NDP = 95
total_nodes = 885011
pruned_nodes = 442493
pruned_dominance_nodes = 432882
heur_time = 0.0
Y_N = Any[[4704.0, 2804.0], [4682.0, 2835.0], [4681.0, 2857.0], [4677.0, 2909.0], [4657.0, 2918.0], [4656.0, 2928.0], [4653.0, 2939.0], [4644.0, 2986.0], [4632.0, 2994.0], [4623.0, 3081.0], [4610.0, 3096.0], [4598.0, 3097.0], [4595.0, 3098.0], [4587.0, 3101.0], [4585.0, 3123.0], [4580.0, 3133.0], [4578.0, 3139.0], [4571.0, 3144.0], [4564.0, 3168.0], [4562.0, 3183.0], [4551.0, 3201.0], [4545.0, 3216.0], [4534.0, 3227.0], [4527.0, 3230.0], [4524.0, 3234.0], [4521.0, 3252.0], [4515.0, 3254.0], [4513.0, 3259.0], [4505.0, 3261.0], [4504.0, 3268.0], [4501.0, 3279.0], [4494.0, 3304.0], [4477.0, 3321.0], [4475.0, 3381.0], [4465.0, 3403.0], [4444.0, 3407.0], [4438.0, 3416.0], [4432.0, 3431.0], [4423.0, 3435.0], [4418.0, 3456.0], [4411.0, 3462.0], [4405.0, 3472.0], [4400.0, 3501.0], [4398.0, 3506.0], [4383.0, 3517.0], [4381.0, 3518.0], [4379.0, 3529.0], [4367.0, 3532.0], [4359.0, 3556.0], [4347.0, 3580.0], [4345.0, 3601.0], [4331.0, 3606.0], [4327.0, 3614.0], [4325.0, 3631.0], [4307.0, 3642.0], [4303.0, 3660.0], [4298.0, 3661.0], [4293.0, 3676.0], [4279.0, 3681.0], [4276.0, 3683.0], [4275.0, 3687.0], [4271.0, 3690.0], [4270.0, 3698.0], [4260.0, 3723.0], [4256.0, 3731.0], [4249.0, 3741.0], [4239.0, 3755.0], [4230.0, 3756.0], [4209.0, 3773.0], [4198.0, 3807.0], [4191.0, 3816.0], [4170.0, 3830.0], [4157.0, 3870.0], [4136.0, 3879.0], [4121.0, 3883.0], [4099.0, 3888.0], [4097.0, 3892.0], [4077.0, 3894.0], [4064.0, 3897.0], [4060.0, 3920.0], [4045.0, 3937.0], [4043.0, 3952.0], [4017.0, 3977.0], [3988.0, 3981.0], [3959.0, 3983.0], [3951.0, 3984.0], [3950.0, 4013.0], [3927.0, 4033.0], [3890.0, 4035.0], [3874.0, 4061.0], [3859.0, 4068.0], [3835.0, 4070.0], [3830.0, 4084.0], [3821.0, 4090.0], [3802.0, 4111.0]]
