heur = false
LBS_limit = 3
preproc = 0
tight_root = 0
total_time = 39.57
NDP = 24
total_nodes = 27867
pruned_nodes = 13934
pruned_dominance_nodes = 12888
heur_time = 0.0
Y_N = Any[[2642.0, 1478.0], [2634.0, 1529.0], [2581.0, 1555.0], [2571.0, 1575.0], [2548.0, 1597.0], [2547.0, 1602.0], [2529.0, 1640.0], [2528.0, 1672.0], [2458.0, 1673.0], [2453.0, 1675.0], [2442.0, 1680.0], [2430.0, 1691.0], [2425.0, 1712.0], [2420.0, 1736.0], [2394.0, 1740.0], [2376.0, 1839.0], [2286.0, 1840.0], [2271.0, 1861.0], [2233.0, 1909.0], [2128.0, 1931.0], [2102.0, 1948.0], [2054.0, 1950.0], [2043.0, 1952.0], [2033.0, 1977.0]]
