heur = false
LBS_limit = 3
preproc = 0
tight_root = 0
total_time = 1138.07
NDP = 39
total_nodes = 565171
pruned_nodes = 282586
pruned_dominance_nodes = 279557
heur_time = 0.0
Y_N = Any[[5342.0, 3339.0], [5336.0, 3473.0], [5292.0, 3555.0], [5253.0, 3566.0], [5251.0, 3672.0], [5227.0, 3771.0], [5215.0, 3838.0], [5138.0, 3888.0], [5129.0, 3903.0], [5122.0, 3927.0], [5070.0, 3937.0], [5067.0, 3980.0], [5066.0, 3998.0], [5063.0, 4014.0], [5062.0, 4018.0], [5052.0, 4055.0], [5011.0, 4080.0], [5008.0, 4153.0], [4958.0, 4195.0], [4874.0, 4207.0], [4872.0, 4210.0], [4861.0, 4232.0], [4857.0, 4249.0], [4812.0, 4254.0], [4781.0, 4268.0], [4758.0, 4302.0], [4697.0, 4305.0], [4695.0, 4315.0], [4677.0, 4329.0], [4675.0, 4360.0], [4620.0, 4377.0], [4606.0, 4380.0], [4591.0, 4395.0], [4567.0, 4414.0], [4554.0, 4432.0], [4485.0, 4452.0], [4463.0, 4453.0], [4364.0, 4455.0], [4345.0, 4486.0]]
