heur = false
LBS_limit = 3
preproc = 0
tight_root = 0
total_time = 21.19
NDP = 63
total_nodes = 21817
pruned_nodes = 10909
pruned_dominance_nodes = 7178
heur_time = 0.0
Y_N = Any[[1795.0, 920.0], [1793.0, 958.0], [1787.0, 976.0], [1775.0, 994.0], [1749.0, 995.0], [1748.0, 1004.0], [1744.0, 1026.0], [1736.0, 1034.0], [1735.0, 1071.0], [1732.0, 1072.0], [1731.0, 1077.0], [1729.0, 1095.0], [1720.0, 1126.0], [1697.0, 1139.0], [1692.0, 1142.0], [1691.0, 1147.0], [1690.0, 1148.0], [1689.0, 1149.0], [1683.0, 1166.0], [1677.0, 1171.0], [1670.0, 1184.0], [1664.0, 1188.0], [1659.0, 1203.0], [1648.0, 1213.0], [1646.0, 1215.0], [1644.0, 1221.0], [1643.0, 1225.0], [1638.0, 1237.0], [1628.0, 1258.0], [1618.0, 1265.0], [1611.0, 1271.0], [1605.0, 1278.0], [1597.0, 1289.0], [1593.0, 1309.0], [1581.0, 1312.0], [1575.0, 1313.0], [1574.0, 1325.0], [1572.0, 1333.0], [1570.0, 1340.0], [1559.0, 1342.0], [1558.0, 1349.0], [1549.0, 1351.0], [1547.0, 1360.0], [1541.0, 1368.0], [1532.0, 1378.0], [1524.0, 1379.0], [1521.0, 1395.0], [1517.0, 1397.0], [1513.0, 1402.0], [1504.0, 1403.0], [1503.0, 1411.0], [1497.0, 1415.0], [1491.0, 1436.0], [1490.0, 1439.0], [1483.0, 1452.0], [1468.0, 1461.0], [1459.0, 1463.0], [1447.0, 1487.0], [1443.0, 1493.0], [1426.0, 1495.0], [1421.0, 1535.0], [1407.0, 1544.0], [1360.0, 1558.0]]
