heur = false
LBS_limit = 3
preproc = 0
tight_root = 0
total_time = 1800.0
NDP = 86
total_nodes = 1036681
pruned_nodes = 518328
pruned_dominance_nodes = 503712
heur_time = 0.0
Y_N = Any[[4834.0, 2621.0], [4828.0, 2644.0], [4819.0, 2692.0], [4801.0, 2757.0], [4798.0, 2768.0], [4775.0, 2789.0], [4773.0, 2799.0], [4765.0, 2846.0], [4754.0, 2848.0], [4747.0, 2869.0], [4738.0, 2901.0], [4730.0, 2940.0], [4714.0, 2947.0], [4697.0, 2950.0], [4694.0, 2969.0], [4693.0, 2983.0], [4682.0, 3053.0], [4658.0, 3104.0], [4649.0, 3111.0], [4641.0, 3122.0], [4634.0, 3174.0], [4609.0, 3177.0], [4603.0, 3182.0], [4599.0, 3210.0], [4590.0, 3213.0], [4588.0, 3231.0], [4584.0, 3235.0], [4573.0, 3277.0], [4561.0, 3280.0], [4558.0, 3299.0], [4545.0, 3311.0], [4542.0, 3343.0], [4527.0, 3353.0], [4521.0, 3354.0], [4514.0, 3368.0], [4506.0, 3378.0], [4503.0, 3387.0], [4499.0, 3426.0], [4490.0, 3487.0], [4465.0, 3504.0], [4445.0, 3527.0], [4435.0, 3580.0], [4391.0, 3612.0], [4373.0, 3647.0], [4369.0, 3661.0], [4327.0, 3662.0], [4326.0, 3672.0], [4324.0, 3687.0], [4320.0, 3701.0], [4301.0, 3715.0], [4286.0, 3749.0], [4255.0, 3757.0], [4254.0, 3766.0], [4247.0, 3777.0], [4229.0, 3780.0], [4228.0, 3796.0], [4218.0, 3814.0], [4209.0, 3820.0], [4189.0, 3840.0], [4177.0, 3856.0], [4158.0, 3880.0], [4143.0, 3896.0], [4128.0, 3931.0], [4099.0, 3936.0], [4096.0, 3943.0], [4073.0, 3945.0], [4060.0, 3958.0], [4039.0, 3965.0], [4034.0, 3968.0], [4029.0, 3975.0], [4020.0, 3983.0], [4009.0, 4000.0], [3988.0, 4013.0], [3984.0, 4042.0], [3968.0, 4046.0], [3964.0, 4061.0], [3952.0, 4075.0], [3929.0, 4083.0], [3899.0, 4093.0], [3885.0, 4095.0], [3874.0, 4122.0], [3872.0, 4139.0], [3851.0, 4144.0], [3847.0, 4146.0], [3829.0, 4155.0], [3817.0, 4170.0]]
