heur = false
LBS_limit = 3
preproc = 0
tight_root = 0
total_time = 1800.0
NDP = 78
total_nodes = 853587
pruned_nodes = 426780
pruned_dominance_nodes = 409777
heur_time = 0.0
Y_N = Any[[6213.0, 4989.0], [6204.0, 5020.0], [6197.0, 5095.0], [6171.0, 5158.0], [6165.0, 5198.0], [6141.0, 5208.0], [6127.0, 5234.0], [6126.0, 5239.0], [6113.0, 5249.0], [6112.0, 5264.0], [6101.0, 5278.0], [6092.0, 5280.0], [6084.0, 5334.0], [6074.0, 5337.0], [6073.0, 5340.0], [6061.0, 5345.0], [6059.0, 5350.0], [6056.0, 5376.0], [6045.0, 5394.0], [6044.0, 5400.0], [6024.0, 5405.0], [6020.0, 5416.0], [6017.0, 5430.0], [6008.0, 5473.0], [5977.0, 5477.0], [5975.0, 5498.0], [5972.0, 5512.0], [5967.0, 5526.0], [5961.0, 5535.0], [5947.0, 5543.0], [5938.0, 5588.0], [5925.0, 5594.0], [5918.0, 5598.0], [5913.0, 5599.0], [5910.0, 5613.0], [5905.0, 5641.0], [5885.0, 5645.0], [5884.0, 5652.0], [5870.0, 5655.0], [5868.0, 5664.0], [5865.0, 5671.0], [5864.0, 5702.0], [5860.0, 5705.0], [5846.0, 5711.0], [5845.0, 5755.0], [5817.0, 5778.0], [5811.0, 5796.0], [5794.0, 5797.0], [5787.0, 5807.0], [5782.0, 5812.0], [5780.0, 5828.0], [5773.0, 5834.0], [5763.0, 5852.0], [5759.0, 5854.0], [5755.0, 5884.0], [5726.0, 5908.0], [5707.0, 5934.0], [5705.0, 5950.0], [5694.0, 5952.0], [5686.0, 5957.0], [5682.0, 5991.0], [5653.0, 6014.0], [5631.0, 6027.0], [5613.0, 6063.0], [5612.0, 6073.0], [5588.0, 6094.0], [5555.0, 6107.0], [5548.0, 6118.0], [5516.0, 6127.0], [5513.0, 6150.0], [5495.0, 6170.0], [5470.0, 6206.0], [5451.0, 6245.0], [5412.0, 6259.0], [5380.0, 6303.0], [5337.0, 6311.0], [5328.0, 6336.0], [5326.0, 6356.0]]
