heur = false
LBS_limit = 3
preproc = 0
tight_root = 0
total_time = 1800.0
NDP = 81
total_nodes = 948149
pruned_nodes = 474066
pruned_dominance_nodes = 458089
heur_time = 0.0
Y_N = Any[[4875.0, 2688.0], [4874.0, 2706.0], [4868.0, 2739.0], [4863.0, 2818.0], [4858.0, 2824.0], [4852.0, 2860.0], [4847.0, 2887.0], [4821.0, 2892.0], [4815.0, 2924.0], [4807.0, 2932.0], [4805.0, 2993.0], [4802.0, 3009.0], [4788.0, 3084.0], [4765.0, 3089.0], [4754.0, 3118.0], [4746.0, 3126.0], [4737.0, 3201.0], [4725.0, 3206.0], [4705.0, 3247.0], [4685.0, 3265.0], [4659.0, 3273.0], [4657.0, 3284.0], [4655.0, 3293.0], [4651.0, 3301.0], [4646.0, 3311.0], [4643.0, 3340.0], [4635.0, 3345.0], [4626.0, 3353.0], [4617.0, 3376.0], [4610.0, 3382.0], [4609.0, 3388.0], [4605.0, 3405.0], [4587.0, 3434.0], [4559.0, 3440.0], [4553.0, 3462.0], [4547.0, 3488.0], [4531.0, 3496.0], [4516.0, 3498.0], [4515.0, 3511.0], [4514.0, 3517.0], [4505.0, 3522.0], [4498.0, 3534.0], [4487.0, 3537.0], [4473.0, 3553.0], [4472.0, 3570.0], [4465.0, 3581.0], [4458.0, 3598.0], [4440.0, 3602.0], [4437.0, 3613.0], [4418.0, 3617.0], [4415.0, 3637.0], [4412.0, 3644.0], [4407.0, 3667.0], [4397.0, 3698.0], [4379.0, 3722.0], [4368.0, 3743.0], [4345.0, 3780.0], [4304.0, 3786.0], [4298.0, 3791.0], [4292.0, 3817.0], [4281.0, 3820.0], [4275.0, 3830.0], [4274.0, 3835.0], [4267.0, 3845.0], [4259.0, 3846.0], [4250.0, 3856.0], [4245.0, 3868.0], [4238.0, 3877.0], [4235.0, 3925.0], [4210.0, 3949.0], [4161.0, 3969.0], [4130.0, 4001.0], [4105.0, 4038.0], [4080.0, 4074.0], [4034.0, 4087.0], [4019.0, 4090.0], [4015.0, 4102.0], [4011.0, 4158.0], [3928.0, 4202.0], [3881.0, 4207.0], [3756.0, 4250.0]]
