heur = false
LBS_limit = 3
preproc = 0
tight_root = 0
total_time = 1800.0
NDP = 77
total_nodes = 791613
pruned_nodes = 395794
pruned_dominance_nodes = 380043
heur_time = 0.0
Y_N = Any[[6882.0, 4125.0], [6866.0, 4231.0], [6842.0, 4261.0], [6829.0, 4266.0], [6815.0, 4312.0], [6788.0, 4345.0], [6787.0, 4352.0], [6779.0, 4356.0], [6778.0, 4361.0], [6776.0, 4364.0], [6768.0, 4365.0], [6766.0, 4396.0], [6764.0, 4407.0], [6749.0, 4434.0], [6738.0, 4444.0], [6737.0, 4454.0], [6734.0, 4461.0], [6729.0, 4473.0], [6725.0, 4493.0], [6709.0, 4523.0], [6708.0, 4524.0], [6695.0, 4538.0], [6685.0, 4552.0], [6675.0, 4579.0], [6666.0, 4599.0], [6651.0, 4656.0], [6621.0, 4670.0], [6619.0, 4694.0], [6605.0, 4747.0], [6579.0, 4783.0], [6578.0, 4791.0], [6577.0, 4796.0], [6551.0, 4806.0], [6539.0, 4817.0], [6527.0, 4827.0], [6525.0, 4830.0], [6523.0, 4872.0], [6512.0, 4874.0], [6498.0, 4881.0], [6483.0, 4894.0], [6472.0, 4920.0], [6461.0, 4981.0], [6422.0, 4987.0], [6412.0, 5019.0], [6407.0, 5027.0], [6375.0, 5059.0], [6371.0, 5094.0], [6348.0, 5122.0], [6316.0, 5126.0], [6309.0, 5140.0], [6300.0, 5174.0], [6273.0, 5184.0], [6250.0, 5186.0], [6248.0, 5208.0], [6206.0, 5216.0], [6200.0, 5219.0], [6197.0, 5221.0], [6194.0, 5231.0], [6190.0, 5237.0], [6180.0, 5246.0], [6154.0, 5253.0], [6148.0, 5269.0], [6140.0, 5302.0], [6096.0, 5303.0], [6084.0, 5323.0], [6063.0, 5342.0], [6050.0, 5352.0], [6030.0, 5357.0], [6025.0, 5358.0], [6014.0, 5377.0], [5995.0, 5384.0], [5964.0, 5388.0], [5959.0, 5392.0], [5957.0, 5441.0], [5871.0, 5445.0], [5867.0, 5454.0], [5859.0, 5497.0]]
