heur = true
LBS_limit = 4
preproc = 1
tight_root = 0
total_time = 2.67
NDP = 64
total_nodes = 503
pruned_nodes = 252
pruned_dominance_nodes = 0
heur_time = 0.63
Y_N = Any[[267.0, 14.0, 65.0], [253.0, 18.0, 71.0], [250.0, 5.0, 140.0], [249.0, 22.0, 98.0], [248.0, 47.0, 85.0], [244.0, 46.0, 112.0], [238.0, 62.0, 48.0], [231.0, 50.0, 91.0], [228.0, 14.0, 116.0], [227.0, 51.0, 99.0], [224.0, 28.0, 137.0], [215.0, 81.0, 78.0], [206.0, 108.0, 35.0], [206.0, 91.0, 67.0], [203.0, 105.0, 66.0], [201.0, 74.0, 113.0], [200.0, 32.0, 156.0], [197.0, 81.0, 120.0], [196.0, 114.0, 101.0], [192.0, 123.0, 69.0], [187.0, 34.0, 232.0], [175.0, 136.0, 23.0], [175.0, 117.0, 82.0], [174.0, 137.0, 49.0], [172.0, 105.0, 155.0], [171.0, 131.0, 74.0], [168.0, 165.0, 30.0], [167.0, 158.0, 93.0], [166.0, 109.0, 147.0], [164.0, 114.0, 137.0], [161.0, 90.0, 187.0], [159.0, 169.0, 40.0], [153.0, 190.0, 50.0], [150.0, 153.0, 101.0], [147.0, 129.0, 104.0], [145.0, 181.0, 51.0], [143.0, 173.0, 71.0], [140.0, 128.0, 105.0], [137.0, 187.0, 93.0], [137.0, 104.0, 177.0], [132.0, 144.0, 160.0], [130.0, 159.0, 102.0], [128.0, 191.0, 63.0], [128.0, 154.0, 169.0], [127.0, 148.0, 171.0], [123.0, 163.0, 112.0], [120.0, 220.0, 79.0], [118.0, 221.0, 85.0], [118.0, 180.0, 115.0], [110.0, 267.0, 22.0], [106.0, 242.0, 37.0], [103.0, 229.0, 82.0], [88.0, 195.0, 107.0], [86.0, 235.0, 101.0], [78.0, 266.0, 45.0], [77.0, 238.0, 71.0], [66.0, 271.0, 11.0], [59.0, 203.0, 106.0], [49.0, 273.0, 35.0], [48.0, 276.0, 59.0], [39.0, 280.0, 38.0], [39.0, 278.0, 54.0], [29.0, 288.0, 68.0], [24.0, 293.0, 43.0]]
