heur = true
LBS_limit = 4
preproc = 1
tight_root = 0
total_time = 1800.11
NDP = 688
total_nodes = 88693
pruned_nodes = 44310
pruned_dominance_nodes = 371
heur_time = 1.57
Y_N = Any[[2277.0, 2238.0, 1094.0], [2208.0, 2255.0, 1028.0], [2159.0, 2368.0, 1217.0], [1522.0, 2897.0, 1171.0], [1521.0, 2947.0, 1081.0], [1509.0, 2930.0, 1103.0], [1507.0, 2842.0, 1280.0], [1505.0, 2906.0, 1169.0], [1500.0, 2912.0, 1162.0], [1497.0, 2989.0, 1071.0], [1492.0, 2958.0, 1116.0], [1489.0, 2898.0, 1190.0], [1489.0, 2895.0, 1237.0], [1485.0, 2946.0, 1162.0], [1479.0, 2931.0, 1194.0], [1477.0, 3007.0, 1123.0], [1468.0, 2957.0, 1140.0], [1455.0, 2972.0, 1196.0], [1453.0, 3049.0, 1069.0], [1450.0, 2980.0, 1164.0], [1447.0, 3052.0, 967.0], [1441.0, 3020.0, 1132.0], [1439.0, 3010.0, 1210.0], [1438.0, 2936.0, 1224.0], [1433.0, 2998.0, 1235.0], [1430.0, 3082.0, 1093.0], [1428.0, 3049.0, 1155.0], [1427.0, 3066.0, 1105.0], [1422.0, 3033.0, 1184.0], [1418.0, 3090.0, 992.0], [1416.0, 3066.0, 1111.0], [1411.0, 3061.0, 1133.0], [1408.0, 3138.0, 950.0], [1407.0, 2984.0, 1276.0], [1406.0, 3093.0, 1105.0], [1406.0, 3014.0, 1239.0], [1404.0, 3091.0, 1126.0], [1403.0, 3100.0, 1027.0], [1401.0, 3018.0, 1204.0], [1398.0, 3112.0, 1099.0], [1397.0, 3188.0, 992.0], [1397.0, 3055.0, 1165.0], [1397.0, 3037.0, 1178.0], [1397.0, 3017.0, 1245.0], [1397.0, 2986.0, 1340.0], [1395.0, 3069.0, 1132.0], [1394.0, 3135.0, 1038.0], [1394.0, 3062.0, 1144.0], [1393.0, 3064.0, 1138.0], [1393.0, 3038.0, 1249.0], [1390.0, 3176.0, 1065.0], [1389.0, 3119.0, 1132.0], [1386.0, 3127.0, 1124.0], [1384.0, 3089.0, 1149.0], [1384.0, 3062.0, 1228.0], [1384.0, 3037.0, 1279.0], [1381.0, 3140.0, 1120.0], [1381.0, 3090.0, 1192.0], [1379.0, 3149.0, 1068.0], [1375.0, 3115.0, 1145.0], [1374.0, 3095.0, 1168.0], [1373.0, 3078.0, 1207.0], [1371.0, 3146.0, 1081.0], [1371.0, 2988.0, 1357.0], [1370.0, 3071.0, 1264.0], [1366.0, 3133.0, 1122.0], [1365.0, 3100.0, 1150.0], [1364.0, 3192.0, 1182.0], [1361.0, 3196.0, 1039.0], [1358.0, 3095.0, 1184.0], [1357.0, 3214.0, 1096.0], [1355.0, 3022.0, 1287.0], [1352.0, 3076.0, 1242.0], [1351.0, 3082.0, 1233.0], [1350.0, 3127.0, 1194.0], [1348.0, 3218.0, 968.0], [1348.0, 3059.0, 1312.0], [1342.0, 3238.0, 896.0], [1340.0, 3103.0, 1265.0], [1340.0, 3053.0, 1343.0], [1339.0, 3221.0, 1005.0], [1339.0, 3040.0, 1344.0], [1338.0, 3074.0, 1294.0], [1337.0, 3230.0, 955.0], [1336.0, 3109.0, 1226.0], [1335.0, 3233.0, 945.0], [1334.0, 3193.0, 1100.0], [1333.0, 3216.0, 1024.0], [1332.0, 3256.0, 1003.0], [1331.0, 3216.0, 1104.0], [1331.0, 3162.0, 1185.0], [1330.0, 3271.0, 893.0], [1330.0, 3128.0, 1234.0], [1329.0, 3223.0, 1016.0], [1329.0, 3180.0, 1225.0], [1328.0, 3107.0, 1271.0], [1326.0, 3220.0, 1024.0], [1325.0, 3194.0, 1125.0], [1323.0, 3208.0, 1180.0], [1322.0, 3242.0, 1051.0], [1320.0, 3132.0, 1237.0], [1318.0, 3206.0, 1233.0], [1316.0, 3237.0, 1134.0], [1316.0, 3221.0, 1135.0], [1316.0, 3145.0, 1245.0], [1315.0, 3148.0, 1244.0], [1314.0, 3267.0, 1009.0], [1308.0, 3110.0, 1254.0], [1307.0, 3285.0, 1109.0], [1303.0, 3290.0, 1032.0], [1303.0, 3156.0, 1295.0], [1301.0, 3181.0, 1242.0], [1299.0, 3296.0, 939.0], [1299.0, 3271.0, 1154.0], [1295.0, 3323.0, 1021.0], [1293.0, 3330.0, 954.0], [1293.0, 3061.0, 1299.0], [1288.0, 3287.0, 1090.0], [1287.0, 3297.0, 1033.0], [1285.0, 3229.0, 1175.0], [1285.0, 3117.0, 1297.0], [1284.0, 3121.0, 1318.0], [1282.0, 3355.0, 986.0], [1282.0, 3289.0, 1049.0], [1281.0, 3236.0, 1180.0], [1280.0, 3311.0, 1075.0], [1279.0, 3223.0, 1215.0], [1278.0, 3146.0, 1303.0], [1277.0, 3280.0, 1185.0], [1277.0, 3163.0, 1312.0], [1276.0, 3206.0, 1236.0], [1273.0, 3332.0, 1028.0], [1271.0, 3309.0, 1094.0], [1271.0, 3260.0, 1213.0], [1271.0, 3205.0, 1241.0], [1271.0, 3172.0, 1262.0], [1269.0, 3292.0, 1125.0], [1268.0, 3343.0, 1021.0], [1268.0, 3325.0, 1078.0], [1265.0, 3315.0, 1080.0], [1263.0, 3195.0, 1289.0], [1261.0, 3118.0, 1359.0], [1258.0, 3205.0, 1296.0], [1257.0, 3184.0, 1299.0], [1252.0, 3221.0, 1217.0], [1250.0, 3405.0, 969.0], [1249.0, 3286.0, 1188.0], [1249.0, 3207.0, 1245.0], [1247.0, 3334.0, 1051.0], [1247.0, 3311.0, 1120.0], [1247.0, 3217.0, 1232.0], [1245.0, 3236.0, 1265.0], [1240.0, 3343.0, 1064.0], [1239.0, 3406.0, 924.0], [1239.0, 3241.0, 1231.0], [1238.0, 3376.0, 1023.0], [1238.0, 3160.0, 1323.0], [1238.0, 3147.0, 1363.0], [1236.0, 3353.0, 1084.0], [1233.0, 3307.0, 1140.0], [1233.0, 3281.0, 1239.0], [1232.0, 3238.0, 1258.0], [1228.0, 3357.0, 1071.0], [1228.0, 3318.0, 1122.0], [1228.0, 3239.0, 1267.0], [1226.0, 3289.0, 1156.0], [1225.0, 3289.0, 1171.0], [1225.0, 3212.0, 1312.0], [1224.0, 3368.0, 1070.0], [1224.0, 3324.0, 1087.0], [1224.0, 3322.0, 1096.0], [1223.0, 3431.0, 931.0], [1223.0, 3315.0, 1229.0], [1222.0, 3244.0, 1247.0], [1219.0, 3252.0, 1269.0], [1218.0, 3332.0, 1142.0], [1216.0, 3369.0, 1048.0], [1216.0, 3317.0, 1169.0], [1215.0, 3330.0, 1150.0], [1213.0, 3219.0, 1301.0], [1212.0, 3363.0, 1154.0], [1212.0, 3334.0, 1163.0], [1211.0, 3398.0, 1002.0], [1209.0, 3417.0, 947.0], [1209.0, 3409.0, 1025.0], [1207.0, 3200.0, 1328.0], [1206.0, 3271.0, 1246.0], [1202.0, 3320.0, 1183.0], [1201.0, 3324.0, 1173.0], [1201.0, 3282.0, 1306.0], [1200.0, 3428.0, 1011.0], [1200.0, 3286.0, 1250.0], [1200.0, 3227.0, 1309.0], [1199.0, 3372.0, 1034.0], [1197.0, 3376.0, 1049.0], [1196.0, 3433.0, 993.0], [1196.0, 3391.0, 1061.0], [1196.0, 3387.0, 1089.0], [1193.0, 3324.0, 1181.0], [1189.0, 3435.0, 1081.0], [1189.0, 3380.0, 1103.0], [1189.0, 3225.0, 1335.0], [1189.0, 3220.0, 1370.0], [1188.0, 3422.0, 1134.0], [1188.0, 3388.0, 1157.0], [1187.0, 3321.0, 1183.0], [1186.0, 3326.0, 1170.0], [1186.0, 3265.0, 1361.0], [1185.0, 3337.0, 1179.0], [1184.0, 3337.0, 1189.0], [1183.0, 3319.0, 1190.0], [1183.0, 3317.0, 1225.0], [1182.0, 3321.0, 1242.0], [1181.0, 3346.0, 1162.0], [1179.0, 3395.0, 1138.0], [1178.0, 3442.0, 969.0], [1177.0, 3323.0, 1206.0], [1176.0, 3437.0, 1033.0], [1175.0, 3330.0, 1212.0], [1174.0, 3321.0, 1279.0], [1173.0, 3443.0, 1001.0], [1169.0, 3348.0, 1174.0], [1168.0, 3366.0, 1159.0], [1168.0, 3332.0, 1232.0], [1167.0, 3333.0, 1208.0], [1166.0, 3340.0, 1203.0], [1165.0, 3450.0, 997.0], [1164.0, 3348.0, 1208.0], [1162.0, 3355.0, 1161.0], [1161.0, 3377.0, 1161.0], [1158.0, 3447.0, 1137.0], [1158.0, 3349.0, 1179.0], [1157.0, 3473.0, 924.0], [1157.0, 3465.0, 946.0], [1154.0, 3389.0, 1154.0], [1151.0, 3352.0, 1185.0], [1151.0, 3337.0, 1234.0], [1150.0, 3449.0, 1005.0], [1150.0, 3364.0, 1168.0], [1150.0, 3362.0, 1185.0], [1149.0, 3451.0, 1030.0], [1149.0, 3328.0, 1240.0], [1149.0, 3324.0, 1274.0], [1148.0, 3402.0, 1139.0], [1146.0, 3470.0, 1011.0], [1146.0, 3297.0, 1312.0], [1144.0, 3393.0, 1175.0], [1143.0, 3477.0, 958.0], [1142.0, 3477.0, 974.0], [1142.0, 3376.0, 1190.0], [1141.0, 3451.0, 1068.0], [1141.0, 3350.0, 1215.0], [1140.0, 3449.0, 1074.0], [1139.0, 3436.0, 1193.0], [1138.0, 3512.0, 925.0], [1138.0, 3463.0, 1093.0], [1138.0, 3415.0, 1208.0], [1138.0, 3344.0, 1261.0], [1137.0, 3468.0, 1020.0], [1137.0, 3267.0, 1363.0], [1135.0, 3473.0, 1000.0], [1135.0, 3441.0, 1176.0], [1134.0, 3321.0, 1286.0], [1133.0, 3365.0, 1238.0], [1132.0, 3450.0, 1114.0], [1132.0, 3303.0, 1313.0], [1132.0, 3300.0, 1332.0], [1131.0, 3495.0, 935.0], [1130.0, 3479.0, 1029.0], [1130.0, 3476.0, 1106.0], [1129.0, 3502.0, 1054.0], [1128.0, 3464.0, 1148.0], [1128.0, 3345.0, 1242.0], [1127.0, 3510.0, 985.0], [1125.0, 3526.0, 1105.0], [1125.0, 3434.0, 1198.0], [1125.0, 3286.0, 1355.0], [1123.0, 3389.0, 1209.0], [1122.0, 3371.0, 1237.0], [1121.0, 3531.0, 1077.0], [1121.0, 3307.0, 1297.0], [1119.0, 3336.0, 1297.0], [1118.0, 3358.0, 1319.0], [1117.0, 3386.0, 1210.0], [1117.0, 3338.0, 1323.0], [1115.0, 3381.0, 1268.0], [1115.0, 3268.0, 1358.0], [1111.0, 3397.0, 1211.0], [1110.0, 3479.0, 1135.0], [1110.0, 3431.0, 1232.0], [1105.0, 3451.0, 1157.0], [1103.0, 3554.0, 969.0], [1103.0, 3251.0, 1376.0], [1101.0, 3561.0, 963.0], [1101.0, 3483.0, 1133.0], [1098.0, 3445.0, 1181.0], [1098.0, 3369.0, 1274.0], [1098.0, 3222.0, 1380.0], [1094.0, 3466.0, 1168.0], [1093.0, 3545.0, 1044.0], [1093.0, 3458.0, 1172.0], [1090.0, 3491.0, 1142.0], [1089.0, 3551.0, 1079.0], [1088.0, 3428.0, 1241.0], [1088.0, 3398.0, 1292.0], [1087.0, 3390.0, 1316.0], [1085.0, 3519.0, 1166.0], [1085.0, 3448.0, 1176.0], [1083.0, 3453.0, 1181.0], [1082.0, 3556.0, 1021.0], [1079.0, 3456.0, 1186.0], [1078.0, 3561.0, 1028.0], [1078.0, 3404.0, 1250.0], [1077.0, 3440.0, 1196.0], [1076.0, 3549.0, 1134.0], [1074.0, 3606.0, 1003.0], [1074.0, 3438.0, 1261.0], [1073.0, 3380.0, 1322.0], [1070.0, 3486.0, 1177.0], [1069.0, 3451.0, 1246.0], [1068.0, 3490.0, 1264.0], [1067.0, 3552.0, 1029.0], [1066.0, 3521.0, 1135.0], [1064.0, 3407.0, 1265.0], [1063.0, 3528.0, 1161.0], [1062.0, 3551.0, 1098.0], [1061.0, 3437.0, 1290.0], [1060.0, 3609.0, 975.0], [1057.0, 3562.0, 1025.0], [1056.0, 3604.0, 1041.0], [1055.0, 3362.0, 1331.0], [1053.0, 3324.0, 1375.0], [1050.0, 3566.0, 1098.0], [1050.0, 3403.0, 1317.0], [1050.0, 3351.0, 1333.0], [1049.0, 3568.0, 1043.0], [1043.0, 3506.0, 1170.0], [1043.0, 3325.0, 1336.0], [1042.0, 3414.0, 1295.0], [1042.0, 3384.0, 1319.0], [1041.0, 3549.0, 1153.0], [1041.0, 3532.0, 1171.0], [1040.0, 3493.0, 1180.0], [1040.0, 3365.0, 1331.0], [1039.0, 3564.0, 1148.0], [1039.0, 3503.0, 1177.0], [1036.0, 3576.0, 1109.0], [1035.0, 3536.0, 1180.0], [1034.0, 3580.0, 1080.0], [1034.0, 3440.0, 1279.0], [1033.0, 3570.0, 1120.0], [1031.0, 3419.0, 1291.0], [1030.0, 3627.0, 1070.0], [1029.0, 3496.0, 1202.0], [1025.0, 3505.0, 1244.0], [1025.0, 3408.0, 1359.0], [1023.0, 3521.0, 1200.0], [1022.0, 3450.0, 1292.0], [1021.0, 3626.0, 1102.0], [1021.0, 3589.0, 1106.0], [1021.0, 3539.0, 1212.0], [1020.0, 3634.0, 1048.0], [1019.0, 3446.0, 1302.0], [1017.0, 3592.0, 1132.0], [1013.0, 3460.0, 1273.0], [1011.0, 3439.0, 1347.0], [1009.0, 3570.0, 1174.0], [1009.0, 3468.0, 1269.0], [1007.0, 3528.0, 1254.0], [1006.0, 3657.0, 932.0], [1004.0, 3499.0, 1255.0], [1003.0, 3535.0, 1269.0], [1002.0, 3449.0, 1342.0], [1001.0, 3463.0, 1277.0], [1000.0, 3553.0, 1200.0], [1000.0, 3537.0, 1213.0], [1000.0, 3373.0, 1380.0], [999.0, 3652.0, 943.0], [999.0, 3631.0, 1088.0], [999.0, 3506.0, 1274.0], [998.0, 3606.0, 1137.0], [997.0, 3645.0, 1057.0], [997.0, 3636.0, 1084.0], [996.0, 3456.0, 1296.0], [996.0, 3382.0, 1360.0], [995.0, 3361.0, 1381.0], [994.0, 3464.0, 1285.0], [993.0, 3577.0, 1163.0], [993.0, 3563.0, 1185.0], [993.0, 3537.0, 1231.0], [993.0, 3350.0, 1385.0], [992.0, 3655.0, 967.0], [990.0, 3650.0, 1041.0], [990.0, 3547.0, 1230.0], [985.0, 3537.0, 1238.0], [985.0, 3492.0, 1308.0], [984.0, 3612.0, 1118.0], [984.0, 3585.0, 1160.0], [983.0, 3607.0, 1142.0], [983.0, 3564.0, 1192.0], [983.0, 3492.0, 1359.0], [982.0, 3545.0, 1262.0], [981.0, 3565.0, 1212.0], [981.0, 3500.0, 1339.0], [979.0, 3654.0, 1007.0], [979.0, 3653.0, 1081.0], [979.0, 3581.0, 1170.0], [977.0, 3602.0, 1191.0], [973.0, 3666.0, 977.0], [972.0, 3666.0, 1048.0], [972.0, 3627.0, 1131.0], [972.0, 3411.0, 1379.0], [970.0, 3581.0, 1195.0], [970.0, 3420.0, 1397.0], [969.0, 3678.0, 998.0], [967.0, 3620.0, 1139.0], [964.0, 3619.0, 1162.0], [963.0, 3661.0, 1096.0], [961.0, 3656.0, 1173.0], [960.0, 3670.0, 1013.0], [960.0, 3666.0, 1064.0], [959.0, 3526.0, 1288.0], [958.0, 3677.0, 1134.0], [958.0, 3582.0, 1199.0], [957.0, 3661.0, 1167.0], [955.0, 3693.0, 891.0], [952.0, 3551.0, 1252.0], [951.0, 3587.0, 1242.0], [949.0, 3690.0, 1047.0], [949.0, 3610.0, 1184.0], [949.0, 3551.0, 1285.0], [948.0, 3692.0, 979.0], [946.0, 3605.0, 1208.0], [946.0, 3559.0, 1261.0], [941.0, 3596.0, 1231.0], [941.0, 3538.0, 1287.0], [940.0, 3721.0, 1020.0], [939.0, 3610.0, 1209.0], [938.0, 3707.0, 1107.0], [938.0, 3627.0, 1176.0], [938.0, 3524.0, 1336.0], [938.0, 3461.0, 1367.0], [937.0, 3709.0, 1050.0], [935.0, 3627.0, 1178.0], [934.0, 3555.0, 1262.0], [931.0, 3569.0, 1293.0], [928.0, 3624.0, 1242.0], [927.0, 3630.0, 1191.0], [927.0, 3572.0, 1284.0], [927.0, 3466.0, 1432.0], [926.0, 3747.0, 921.0], [925.0, 3733.0, 1050.0], [925.0, 3681.0, 1147.0], [924.0, 3530.0, 1309.0], [921.0, 3611.0, 1248.0], [921.0, 3579.0, 1331.0], [920.0, 3571.0, 1341.0], [919.0, 3714.0, 1132.0], [919.0, 3667.0, 1149.0], [919.0, 3513.0, 1354.0], [918.0, 3745.0, 1045.0], [917.0, 3616.0, 1253.0], [914.0, 3694.0, 1140.0], [913.0, 3724.0, 1052.0], [913.0, 3677.0, 1200.0], [910.0, 3736.0, 1061.0], [908.0, 3757.0, 1067.0], [908.0, 3685.0, 1161.0], [906.0, 3707.0, 1133.0], [906.0, 3655.0, 1203.0], [906.0, 3646.0, 1230.0], [906.0, 3519.0, 1352.0], [906.0, 3475.0, 1375.0], [905.0, 3719.0, 1094.0], [903.0, 3688.0, 1169.0], [903.0, 3610.0, 1256.0], [903.0, 3588.0, 1260.0], [902.0, 3651.0, 1235.0], [898.0, 3764.0, 1070.0], [898.0, 3681.0, 1198.0], [896.0, 3679.0, 1225.0], [895.0, 3581.0, 1308.0], [894.0, 3703.0, 1174.0], [894.0, 3543.0, 1347.0], [893.0, 3662.0, 1227.0], [889.0, 3627.0, 1270.0], [887.0, 3733.0, 1116.0], [886.0, 3586.0, 1288.0], [885.0, 3745.0, 1093.0], [885.0, 3592.0, 1297.0], [884.0, 3787.0, 973.0], [884.0, 3733.0, 1129.0], [883.0, 3716.0, 1156.0], [883.0, 3705.0, 1187.0], [880.0, 3734.0, 1120.0], [876.0, 3792.0, 905.0], [873.0, 3757.0, 1072.0], [872.0, 3706.0, 1164.0], [872.0, 3624.0, 1284.0], [871.0, 3775.0, 1045.0], [871.0, 3724.0, 1135.0], [868.0, 3735.0, 1098.0], [868.0, 3515.0, 1365.0], [867.0, 3764.0, 1075.0], [867.0, 3633.0, 1239.0], [864.0, 3628.0, 1245.0], [863.0, 3679.0, 1239.0], [863.0, 3596.0, 1288.0], [860.0, 3777.0, 1034.0], [860.0, 3755.0, 1118.0], [859.0, 3780.0, 1125.0], [859.0, 3729.0, 1167.0], [857.0, 3689.0, 1206.0], [856.0, 3756.0, 1151.0], [855.0, 3782.0, 1071.0], [855.0, 3660.0, 1256.0], [855.0, 3533.0, 1373.0], [854.0, 3540.0, 1383.0], [853.0, 3777.0, 1167.0], [853.0, 3667.0, 1289.0], [852.0, 3598.0, 1347.0], [851.0, 3717.0, 1168.0], [851.0, 3609.0, 1331.0], [849.0, 3782.0, 1186.0], [848.0, 3712.0, 1204.0], [848.0, 3703.0, 1236.0], [847.0, 3784.0, 1068.0], [844.0, 3800.0, 1005.0], [841.0, 3808.0, 1081.0], [839.0, 3824.0, 988.0], [839.0, 3685.0, 1248.0], [838.0, 3669.0, 1252.0], [836.0, 3817.0, 1009.0], [833.0, 3617.0, 1313.0], [832.0, 3819.0, 1009.0], [831.0, 3716.0, 1214.0], [829.0, 3731.0, 1207.0], [827.0, 3787.0, 1121.0], [827.0, 3751.0, 1224.0], [827.0, 3575.0, 1361.0], [824.0, 3719.0, 1255.0], [823.0, 3820.0, 1101.0], [821.0, 3642.0, 1294.0], [818.0, 3676.0, 1275.0], [814.0, 3801.0, 1158.0], [813.0, 3774.0, 1214.0], [813.0, 3726.0, 1235.0], [813.0, 3653.0, 1303.0], [813.0, 3612.0, 1334.0], [812.0, 3637.0, 1309.0], [812.0, 3635.0, 1370.0], [811.0, 3824.0, 1036.0], [811.0, 3805.0, 1118.0], [810.0, 3807.0, 1176.0], [805.0, 3835.0, 1097.0], [801.0, 3705.0, 1263.0], [801.0, 3689.0, 1278.0], [800.0, 3873.0, 1068.0], [798.0, 3859.0, 1077.0], [798.0, 3753.0, 1226.0], [795.0, 3826.0, 1107.0], [795.0, 3779.0, 1190.0], [794.0, 3807.0, 1245.0], [794.0, 3569.0, 1409.0], [791.0, 3610.0, 1377.0], [790.0, 3751.0, 1252.0], [789.0, 3814.0, 1172.0], [788.0, 3716.0, 1257.0], [787.0, 3738.0, 1255.0], [782.0, 3833.0, 1098.0], [782.0, 3761.0, 1270.0], [780.0, 3707.0, 1301.0], [779.0, 3830.0, 1163.0], [776.0, 3841.0, 1083.0], [772.0, 3665.0, 1333.0], [771.0, 3864.0, 1104.0], [769.0, 3726.0, 1291.0], [766.0, 3648.0, 1340.0], [765.0, 3892.0, 1063.0], [765.0, 3840.0, 1111.0], [765.0, 3824.0, 1212.0], [765.0, 3694.0, 1308.0], [764.0, 3880.0, 1077.0], [761.0, 3836.0, 1138.0], [759.0, 3875.0, 1118.0], [757.0, 3860.0, 1144.0], [755.0, 3699.0, 1302.0], [753.0, 3759.0, 1274.0], [750.0, 3900.0, 965.0], [750.0, 3886.0, 1096.0], [749.0, 3810.0, 1213.0], [746.0, 3875.0, 1144.0], [744.0, 3899.0, 1130.0], [744.0, 3887.0, 1146.0], [743.0, 3734.0, 1285.0], [743.0, 3709.0, 1301.0], [743.0, 3666.0, 1364.0], [741.0, 3894.0, 1182.0], [740.0, 3850.0, 1191.0], [740.0, 3739.0, 1282.0], [739.0, 3902.0, 993.0], [738.0, 3669.0, 1362.0], [736.0, 3739.0, 1301.0], [734.0, 3902.0, 1083.0], [734.0, 3830.0, 1208.0], [729.0, 3931.0, 1035.0], [729.0, 3832.0, 1195.0], [726.0, 3908.0, 1088.0], [725.0, 3838.0, 1200.0], [723.0, 3837.0, 1210.0], [722.0, 3796.0, 1257.0], [717.0, 3954.0, 1008.0], [716.0, 3864.0, 1196.0], [714.0, 3920.0, 1052.0], [714.0, 3696.0, 1350.0], [712.0, 3858.0, 1253.0], [710.0, 3794.0, 1259.0], [706.0, 3905.0, 1089.0], [703.0, 3900.0, 1123.0], [700.0, 3863.0, 1248.0], [698.0, 3877.0, 1208.0], [698.0, 3806.0, 1254.0], [696.0, 3930.0, 1038.0], [696.0, 3921.0, 1149.0], [695.0, 3900.0, 1173.0], [694.0, 3750.0, 1299.0], [692.0, 3936.0, 1065.0], [692.0, 3906.0, 1214.0], [691.0, 3742.0, 1380.0], [689.0, 3947.0, 1110.0], [689.0, 3924.0, 1159.0], [687.0, 3970.0, 1089.0], [687.0, 3799.0, 1320.0], [686.0, 3974.0, 1070.0], [682.0, 3819.0, 1267.0], [680.0, 3930.0, 1122.0], [677.0, 3944.0, 1201.0], [673.0, 3975.0, 1048.0], [673.0, 3884.0, 1227.0], [672.0, 3972.0, 1093.0], [669.0, 3915.0, 1211.0], [669.0, 3870.0, 1265.0], [663.0, 3983.0, 970.0], [652.0, 3937.0, 1215.0], [652.0, 3880.0, 1250.0], [649.0, 3976.0, 1065.0], [647.0, 3960.0, 1116.0], [644.0, 4018.0, 1066.0], [644.0, 3922.0, 1244.0], [643.0, 3963.0, 1134.0], [642.0, 3992.0, 1142.0], [641.0, 3996.0, 1113.0], [640.0, 4003.0, 1108.0], [639.0, 3930.0, 1228.0], [639.0, 3895.0, 1286.0], [635.0, 4011.0, 1083.0], [630.0, 4004.0, 1126.0], [628.0, 3929.0, 1229.0], [627.0, 4000.0, 1133.0], [626.0, 3960.0, 1182.0], [624.0, 4088.0, 1079.0], [624.0, 3933.0, 1232.0], [620.0, 4020.0, 1158.0], [620.0, 4002.0, 1196.0], [614.0, 4027.0, 1135.0], [613.0, 3844.0, 1302.0], [612.0, 3939.0, 1217.0], [611.0, 4016.0, 1165.0], [609.0, 4033.0, 1128.0], [604.0, 3956.0, 1234.0], [603.0, 3914.0, 1254.0], [585.0, 3924.0, 1252.0], [577.0, 4009.0, 1206.0], [575.0, 4023.0, 1158.0], [570.0, 4057.0, 1130.0], [570.0, 3941.0, 1278.0], [569.0, 4027.0, 1141.0], [566.0, 4051.0, 1135.0], [566.0, 4043.0, 1175.0], [556.0, 3979.0, 1273.0], [546.0, 4027.0, 1216.0], [544.0, 4049.0, 1159.0], [533.0, 4132.0, 1160.0], [525.0, 4061.0, 1232.0], [512.0, 3989.0, 1255.0], [505.0, 4105.0, 1185.0], [497.0, 4062.0, 1191.0], [485.0, 4204.0, 903.0]]
