heur = true
LBS_limit = 4
preproc = 1
tight_root = 0
total_time = 132.64
NDP = 284
total_nodes = 27821
pruned_nodes = 13911
pruned_dominance_nodes = 0
heur_time = 1.44
Y_N = Any[[420.0, 206.0, 127.0], [410.0, 86.0, 255.0], [392.0, 217.0, 84.0], [389.0, 160.0, 170.0], [385.0, 164.0, 180.0], [384.0, 135.0, 203.0], [382.0, 201.0, 137.0], [376.0, 140.0, 191.0], [373.0, 146.0, 254.0], [369.0, 211.0, 113.0], [368.0, 166.0, 160.0], [355.0, 301.0, 137.0], [353.0, 217.0, 142.0], [352.0, 232.0, 154.0], [344.0, 193.0, 180.0], [335.0, 234.0, 176.0], [333.0, 238.0, 186.0], [329.0, 303.0, 103.0], [327.0, 253.0, 190.0], [326.0, 222.0, 240.0], [317.0, 273.0, 175.0], [312.0, 316.0, 152.0], [312.0, 275.0, 155.0], [310.0, 256.0, 210.0], [305.0, 253.0, 215.0], [303.0, 318.0, 138.0], [302.0, 315.0, 158.0], [302.0, 275.0, 177.0], [302.0, 225.0, 238.0], [300.0, 320.0, 122.0], [300.0, 266.0, 183.0], [297.0, 318.0, 169.0], [295.0, 265.0, 196.0], [294.0, 228.0, 248.0], [293.0, 322.0, 143.0], [293.0, 239.0, 233.0], [292.0, 324.0, 114.0], [290.0, 336.0, 140.0], [285.0, 321.0, 169.0], [284.0, 317.0, 179.0], [282.0, 345.0, 168.0], [280.0, 242.0, 246.0], [279.0, 244.0, 238.0], [279.0, 240.0, 257.0], [278.0, 253.0, 263.0], [276.0, 293.0, 225.0], [274.0, 222.0, 315.0], [271.0, 241.0, 280.0], [267.0, 321.0, 198.0], [266.0, 337.0, 171.0], [266.0, 325.0, 218.0], [265.0, 410.0, 105.0], [261.0, 389.0, 114.0], [260.0, 389.0, 132.0], [257.0, 335.0, 196.0], [255.0, 392.0, 165.0], [255.0, 333.0, 207.0], [254.0, 241.0, 309.0], [252.0, 323.0, 220.0], [252.0, 261.0, 247.0], [251.0, 337.0, 212.0], [251.0, 305.0, 232.0], [249.0, 399.0, 124.0], [249.0, 332.0, 224.0], [249.0, 321.0, 246.0], [248.0, 338.0, 202.0], [247.0, 402.0, 152.0], [247.0, 281.0, 248.0], [244.0, 279.0, 272.0], [244.0, 275.0, 283.0], [243.0, 353.0, 236.0], [239.0, 404.0, 121.0], [239.0, 308.0, 251.0], [238.0, 316.0, 250.0], [237.0, 414.0, 150.0], [236.0, 372.0, 192.0], [234.0, 328.0, 248.0], [234.0, 292.0, 266.0], [232.0, 391.0, 174.0], [229.0, 363.0, 213.0], [227.0, 402.0, 168.0], [227.0, 341.0, 274.0], [223.0, 381.0, 213.0], [221.0, 431.0, 116.0], [221.0, 421.0, 121.0], [220.0, 419.0, 136.0], [220.0, 393.0, 212.0], [220.0, 342.0, 283.0], [217.0, 338.0, 291.0], [216.0, 411.0, 157.0], [213.0, 414.0, 153.0], [211.0, 413.0, 161.0], [210.0, 415.0, 198.0], [209.0, 355.0, 239.0], [207.0, 363.0, 243.0], [207.0, 350.0, 260.0], [206.0, 426.0, 132.0], [205.0, 418.0, 162.0], [204.0, 392.0, 233.0], [202.0, 346.0, 268.0], [200.0, 450.0, 117.0], [197.0, 435.0, 132.0], [197.0, 417.0, 176.0], [194.0, 422.0, 153.0], [193.0, 420.0, 156.0], [192.0, 435.0, 192.0], [192.0, 403.0, 209.0], [191.0, 354.0, 297.0], [190.0, 410.0, 220.0], [189.0, 478.0, 117.0], [188.0, 470.0, 124.0], [188.0, 442.0, 137.0], [188.0, 322.0, 302.0], [187.0, 443.0, 190.0], [186.0, 419.0, 201.0], [186.0, 404.0, 236.0], [185.0, 391.0, 246.0], [184.0, 412.0, 230.0], [181.0, 415.0, 244.0], [180.0, 482.0, 121.0], [179.0, 487.0, 73.0], [179.0, 421.0, 239.0], [177.0, 472.0, 127.0], [177.0, 404.0, 246.0], [176.0, 504.0, 106.0], [176.0, 423.0, 221.0], [176.0, 391.0, 261.0], [171.0, 339.0, 304.0], [170.0, 429.0, 210.0], [170.0, 419.0, 257.0], [170.0, 370.0, 280.0], [169.0, 488.0, 151.0], [167.0, 435.0, 194.0], [167.0, 425.0, 233.0], [167.0, 364.0, 284.0], [167.0, 357.0, 297.0], [165.0, 483.0, 153.0], [163.0, 489.0, 146.0], [162.0, 429.0, 264.0], [161.0, 499.0, 131.0], [160.0, 475.0, 184.0], [158.0, 492.0, 150.0], [158.0, 432.0, 216.0], [156.0, 489.0, 163.0], [155.0, 437.0, 194.0], [155.0, 436.0, 200.0], [154.0, 491.0, 174.0], [154.0, 489.0, 183.0], [154.0, 432.0, 220.0], [153.0, 431.0, 224.0], [152.0, 508.0, 104.0], [152.0, 501.0, 108.0], [152.0, 436.0, 232.0], [152.0, 409.0, 269.0], [152.0, 404.0, 277.0], [151.0, 497.0, 134.0], [150.0, 495.0, 162.0], [150.0, 434.0, 240.0], [149.0, 439.0, 192.0], [148.0, 443.0, 214.0], [148.0, 423.0, 281.0], [147.0, 505.0, 121.0], [147.0, 498.0, 176.0], [145.0, 445.0, 207.0], [142.0, 501.0, 137.0], [142.0, 495.0, 181.0], [141.0, 499.0, 152.0], [141.0, 426.0, 302.0], [140.0, 503.0, 151.0], [140.0, 499.0, 204.0], [139.0, 500.0, 160.0], [138.0, 437.0, 245.0], [138.0, 432.0, 283.0], [137.0, 435.0, 253.0], [137.0, 431.0, 284.0], [135.0, 504.0, 163.0], [135.0, 463.0, 235.0], [134.0, 403.0, 318.0], [130.0, 504.0, 169.0], [130.0, 433.0, 271.0], [129.0, 509.0, 172.0], [129.0, 435.0, 259.0], [128.0, 511.0, 90.0], [127.0, 503.0, 204.0], [126.0, 443.0, 239.0], [125.0, 519.0, 142.0], [125.0, 510.0, 212.0], [124.0, 489.0, 216.0], [124.0, 435.0, 288.0], [122.0, 516.0, 171.0], [122.0, 434.0, 298.0], [121.0, 506.0, 221.0], [121.0, 439.0, 246.0], [121.0, 404.0, 321.0], [119.0, 438.0, 272.0], [118.0, 445.0, 261.0], [117.0, 512.0, 182.0], [116.0, 514.0, 179.0], [115.0, 516.0, 207.0], [114.0, 452.0, 237.0], [114.0, 449.0, 279.0], [114.0, 438.0, 281.0], [112.0, 501.0, 267.0], [110.0, 544.0, 112.0], [109.0, 545.0, 66.0], [109.0, 525.0, 117.0], [108.0, 579.0, 89.0], [108.0, 525.0, 131.0], [108.0, 520.0, 189.0], [107.0, 522.0, 185.0], [106.0, 529.0, 127.0], [106.0, 421.0, 362.0], [105.0, 522.0, 205.0], [102.0, 513.0, 208.0], [102.0, 510.0, 234.0], [101.0, 531.0, 135.0], [101.0, 431.0, 329.0], [99.0, 586.0, 107.0], [99.0, 536.0, 156.0], [99.0, 533.0, 187.0], [96.0, 593.0, 85.0], [96.0, 565.0, 108.0], [96.0, 489.0, 276.0], [95.0, 517.0, 215.0], [95.0, 512.0, 227.0], [94.0, 525.0, 202.0], [93.0, 565.0, 141.0], [93.0, 503.0, 239.0], [92.0, 580.0, 168.0], [92.0, 534.0, 177.0], [89.0, 585.0, 150.0], [89.0, 515.0, 216.0], [89.0, 507.0, 253.0], [88.0, 518.0, 211.0], [88.0, 512.0, 242.0], [87.0, 561.0, 173.0], [87.0, 517.0, 217.0], [87.0, 514.0, 234.0], [85.0, 518.0, 215.0], [83.0, 595.0, 85.0], [82.0, 538.0, 204.0], [82.0, 501.0, 269.0], [81.0, 573.0, 170.0], [81.0, 516.0, 219.0], [81.0, 515.0, 239.0], [79.0, 513.0, 244.0], [78.0, 553.0, 189.0], [77.0, 586.0, 154.0], [76.0, 524.0, 242.0], [75.0, 584.0, 189.0], [74.0, 562.0, 199.0], [73.0, 590.0, 149.0], [72.0, 597.0, 91.0], [72.0, 563.0, 210.0], [71.0, 588.0, 171.0], [71.0, 521.0, 254.0], [67.0, 595.0, 127.0], [66.0, 527.0, 226.0], [66.0, 503.0, 285.0], [63.0, 595.0, 149.0], [61.0, 527.0, 245.0], [60.0, 539.0, 235.0], [59.0, 590.0, 182.0], [59.0, 534.0, 237.0], [58.0, 592.0, 198.0], [58.0, 518.0, 255.0], [56.0, 520.0, 280.0], [55.0, 571.0, 202.0], [55.0, 515.0, 315.0], [54.0, 598.0, 150.0], [51.0, 520.0, 302.0], [49.0, 598.0, 160.0], [49.0, 595.0, 179.0], [48.0, 594.0, 180.0], [45.0, 586.0, 217.0], [44.0, 595.0, 205.0], [41.0, 574.0, 229.0], [40.0, 599.0, 213.0], [37.0, 579.0, 225.0], [33.0, 594.0, 221.0], [26.0, 584.0, 228.0], [14.0, 597.0, 219.0], [5.0, 600.0, 237.0], [-0.0, 600.0, 259.0]]
