heur = true
LBS_limit = 4
preproc = 1
tight_root = 0
total_time = 91.05
NDP = 307
total_nodes = 23755
pruned_nodes = 11878
pruned_dominance_nodes = 0
heur_time = 0.47
Y_N = Any[[624.0, 848.0, 242.0], [589.0, 857.0, 245.0], [586.0, 861.0, 231.0], [570.0, 959.0, 282.0], [540.0, 967.0, 223.0], [516.0, 1002.0, 232.0], [507.0, 1025.0, 255.0], [505.0, 1029.0, 265.0], [493.0, 979.0, 284.0], [484.0, 966.0, 287.0], [482.0, 1045.0, 321.0], [479.0, 974.0, 325.0], [475.0, 1039.0, 324.0], [465.0, 1060.0, 328.0], [449.0, 1005.0, 329.0], [446.0, 1097.0, 266.0], [439.0, 1076.0, 276.0], [437.0, 1105.0, 206.0], [435.0, 1065.0, 324.0], [424.0, 1109.0, 299.0], [423.0, 1113.0, 303.0], [420.0, 1014.0, 365.0], [419.0, 989.0, 378.0], [417.0, 1126.0, 223.0], [416.0, 1123.0, 254.0], [416.0, 1122.0, 258.0], [416.0, 1043.0, 337.0], [414.0, 1127.0, 285.0], [412.0, 1129.0, 246.0], [403.0, 1137.0, 260.0], [400.0, 1130.0, 305.0], [393.0, 1082.0, 320.0], [391.0, 1157.0, 214.0], [391.0, 1138.0, 323.0], [389.0, 1074.0, 324.0], [384.0, 1144.0, 226.0], [384.0, 1139.0, 259.0], [379.0, 1185.0, 263.0], [370.0, 1082.0, 340.0], [367.0, 1186.0, 238.0], [367.0, 1054.0, 346.0], [364.0, 1083.0, 339.0], [362.0, 1119.0, 368.0], [360.0, 1191.0, 239.0], [358.0, 1183.0, 312.0], [357.0, 1208.0, 218.0], [355.0, 1195.0, 262.0], [348.0, 1192.0, 303.0], [348.0, 1145.0, 346.0], [348.0, 1136.0, 348.0], [346.0, 1202.0, 252.0], [342.0, 1194.0, 281.0], [339.0, 1209.0, 256.0], [339.0, 1197.0, 276.0], [338.0, 1211.0, 255.0], [338.0, 1206.0, 268.0], [337.0, 1193.0, 284.0], [337.0, 1141.0, 353.0], [336.0, 1212.0, 284.0], [335.0, 1202.0, 292.0], [332.0, 1068.0, 402.0], [331.0, 1217.0, 257.0], [329.0, 1136.0, 374.0], [326.0, 1208.0, 326.0], [325.0, 1220.0, 277.0], [323.0, 1222.0, 262.0], [323.0, 1220.0, 299.0], [322.0, 1182.0, 356.0], [321.0, 1222.0, 268.0], [321.0, 1207.0, 335.0], [319.0, 1226.0, 302.0], [319.0, 1218.0, 317.0], [318.0, 1145.0, 386.0], [314.0, 1212.0, 335.0], [310.0, 1205.0, 340.0], [309.0, 1257.0, 187.0], [309.0, 1227.0, 205.0], [309.0, 1223.0, 348.0], [308.0, 1160.0, 380.0], [308.0, 1139.0, 396.0], [304.0, 1269.0, 247.0], [303.0, 1229.0, 275.0], [301.0, 1140.0, 395.0], [300.0, 1247.0, 263.0], [300.0, 1228.0, 304.0], [298.0, 1147.0, 398.0], [297.0, 1287.0, 228.0], [297.0, 1146.0, 425.0], [294.0, 1274.0, 250.0], [294.0, 1231.0, 278.0], [293.0, 1230.0, 309.0], [290.0, 1259.0, 251.0], [288.0, 1250.0, 271.0], [284.0, 1232.0, 316.0], [280.0, 1277.0, 230.0], [279.0, 1300.0, 231.0], [278.0, 1234.0, 308.0], [278.0, 1211.0, 376.0], [277.0, 1287.0, 261.0], [275.0, 1233.0, 311.0], [274.0, 1240.0, 308.0], [272.0, 1214.0, 373.0], [271.0, 1239.0, 341.0], [269.0, 1168.0, 382.0], [268.0, 1272.0, 286.0], [267.0, 1276.0, 304.0], [266.0, 1289.0, 258.0], [266.0, 1253.0, 323.0], [263.0, 1271.0, 328.0], [263.0, 1171.0, 417.0], [261.0, 1227.0, 358.0], [260.0, 1294.0, 280.0], [259.0, 1277.0, 286.0], [259.0, 1273.0, 312.0], [258.0, 1281.0, 289.0], [256.0, 1295.0, 238.0], [254.0, 1295.0, 284.0], [253.0, 1233.0, 365.0], [249.0, 1298.0, 241.0], [248.0, 1297.0, 250.0], [248.0, 1239.0, 361.0], [247.0, 1214.0, 393.0], [244.0, 1233.0, 372.0], [243.0, 1310.0, 232.0], [243.0, 1297.0, 274.0], [243.0, 1241.0, 353.0], [242.0, 1299.0, 285.0], [242.0, 1292.0, 289.0], [241.0, 1330.0, 217.0], [241.0, 1315.0, 231.0], [241.0, 1215.0, 381.0], [240.0, 1308.0, 252.0], [240.0, 1281.0, 310.0], [239.0, 1240.0, 363.0], [239.0, 1210.0, 401.0], [238.0, 1284.0, 294.0], [238.0, 1239.0, 403.0], [237.0, 1338.0, 212.0], [237.0, 1317.0, 278.0], [237.0, 1298.0, 296.0], [236.0, 1299.0, 290.0], [235.0, 1334.0, 220.0], [235.0, 1320.0, 266.0], [235.0, 1301.0, 343.0], [230.0, 1319.0, 295.0], [229.0, 1278.0, 348.0], [229.0, 1261.0, 366.0], [228.0, 1319.0, 312.0], [226.0, 1306.0, 325.0], [222.0, 1351.0, 218.0], [222.0, 1280.0, 351.0], [219.0, 1351.0, 233.0], [219.0, 1316.0, 321.0], [218.0, 1355.0, 234.0], [218.0, 1300.0, 347.0], [212.0, 1320.0, 268.0], [212.0, 1238.0, 404.0], [211.0, 1323.0, 235.0], [209.0, 1325.0, 235.0], [209.0, 1321.0, 339.0], [208.0, 1333.0, 260.0], [207.0, 1240.0, 425.0], [204.0, 1367.0, 233.0], [200.0, 1345.0, 264.0], [200.0, 1327.0, 272.0], [199.0, 1376.0, 181.0], [196.0, 1302.0, 341.0], [195.0, 1323.0, 292.0], [194.0, 1349.0, 299.0], [193.0, 1300.0, 360.0], [192.0, 1369.0, 199.0], [192.0, 1331.0, 358.0], [190.0, 1332.0, 346.0], [188.0, 1378.0, 204.0], [188.0, 1354.0, 283.0], [188.0, 1305.0, 366.0], [187.0, 1369.0, 213.0], [187.0, 1242.0, 384.0], [186.0, 1380.0, 258.0], [183.0, 1333.0, 359.0], [183.0, 1304.0, 381.0], [181.0, 1335.0, 309.0], [181.0, 1307.0, 363.0], [178.0, 1320.0, 380.0], [177.0, 1382.0, 251.0], [175.0, 1382.0, 268.0], [175.0, 1368.0, 288.0], [172.0, 1273.0, 404.0], [168.0, 1370.0, 300.0], [168.0, 1325.0, 363.0], [167.0, 1374.0, 297.0], [165.0, 1330.0, 370.0], [163.0, 1305.0, 384.0], [163.0, 1301.0, 387.0], [162.0, 1337.0, 336.0], [161.0, 1394.0, 265.0], [160.0, 1376.0, 275.0], [159.0, 1333.0, 397.0], [156.0, 1307.0, 409.0], [155.0, 1339.0, 374.0], [154.0, 1352.0, 308.0], [153.0, 1382.0, 285.0], [152.0, 1334.0, 392.0], [149.0, 1421.0, 192.0], [148.0, 1395.0, 280.0], [148.0, 1357.0, 319.0], [147.0, 1340.0, 320.0], [146.0, 1383.0, 290.0], [143.0, 1382.0, 294.0], [142.0, 1398.0, 350.0], [140.0, 1414.0, 272.0], [139.0, 1335.0, 387.0], [135.0, 1399.0, 331.0], [131.0, 1434.0, 160.0], [131.0, 1400.0, 346.0], [131.0, 1354.0, 352.0], [131.0, 1342.0, 355.0], [126.0, 1401.0, 325.0], [124.0, 1415.0, 246.0], [123.0, 1442.0, 208.0], [123.0, 1340.0, 376.0], [121.0, 1404.0, 276.0], [120.0, 1335.0, 396.0], [118.0, 1418.0, 271.0], [118.0, 1335.0, 401.0], [117.0, 1431.0, 236.0], [117.0, 1367.0, 371.0], [114.0, 1338.0, 377.0], [113.0, 1431.0, 258.0], [113.0, 1337.0, 399.0], [112.0, 1396.0, 352.0], [111.0, 1419.0, 286.0], [111.0, 1396.0, 359.0], [111.0, 1337.0, 403.0], [107.0, 1436.0, 284.0], [102.0, 1439.0, 226.0], [102.0, 1401.0, 360.0], [101.0, 1438.0, 256.0], [101.0, 1405.0, 302.0], [101.0, 1401.0, 362.0], [97.0, 1413.0, 309.0], [97.0, 1402.0, 334.0], [96.0, 1443.0, 168.0], [95.0, 1440.0, 233.0], [95.0, 1402.0, 356.0], [94.0, 1450.0, 254.0], [94.0, 1440.0, 277.0], [94.0, 1421.0, 299.0], [94.0, 1407.0, 342.0], [94.0, 1403.0, 379.0], [89.0, 1425.0, 302.0], [88.0, 1406.0, 348.0], [88.0, 1404.0, 363.0], [87.0, 1452.0, 280.0], [87.0, 1418.0, 304.0], [86.0, 1433.0, 321.0], [84.0, 1417.0, 358.0], [81.0, 1461.0, 202.0], [81.0, 1454.0, 284.0], [81.0, 1420.0, 329.0], [77.0, 1427.0, 365.0], [76.0, 1459.0, 225.0], [74.0, 1456.0, 281.0], [74.0, 1426.0, 367.0], [73.0, 1463.0, 207.0], [72.0, 1428.0, 331.0], [71.0, 1431.0, 347.0], [70.0, 1464.0, 233.0], [69.0, 1468.0, 254.0], [69.0, 1461.0, 273.0], [68.0, 1434.0, 340.0], [64.0, 1479.0, 216.0], [64.0, 1431.0, 391.0], [63.0, 1450.0, 291.0], [61.0, 1481.0, 214.0], [61.0, 1436.0, 363.0], [60.0, 1453.0, 328.0], [57.0, 1478.0, 230.0], [56.0, 1485.0, 256.0], [53.0, 1455.0, 343.0], [51.0, 1486.0, 225.0], [49.0, 1486.0, 247.0], [45.0, 1488.0, 243.0], [45.0, 1471.0, 265.0], [44.0, 1492.0, 239.0], [44.0, 1487.0, 279.0], [44.0, 1482.0, 282.0], [43.0, 1489.0, 280.0], [40.0, 1469.0, 353.0], [38.0, 1490.0, 260.0], [37.0, 1493.0, 268.0], [36.0, 1490.0, 293.0], [36.0, 1475.0, 317.0], [35.0, 1487.0, 294.0], [33.0, 1471.0, 385.0], [31.0, 1476.0, 300.0], [30.0, 1490.0, 328.0], [23.0, 1491.0, 319.0], [22.0, 1494.0, 287.0], [20.0, 1495.0, 342.0], [15.0, 1496.0, 320.0], [13.0, 1496.0, 339.0], [10.0, 1495.0, 358.0], [9.0, 1498.0, 345.0], [7.0, 1499.0, 374.0], [2.0, 1500.0, 363.0], [-0.0, 1500.0, 375.0]]
