heur = true
LBS_limit = 4
preproc = 1
tight_root = 0
total_time = 8.13
NDP = 48
total_nodes = 1107
pruned_nodes = 554
pruned_dominance_nodes = 0
heur_time = 1.11
Y_N = Any[[216.0, 80.0, 47.0], [207.0, 113.0, 59.0], [179.0, 114.0, 50.0], [166.0, 111.0, 68.0], [165.0, 121.0, 42.0], [157.0, 183.0, 22.0], [154.0, 118.0, 43.0], [145.0, 135.0, 56.0], [137.0, 177.0, 35.0], [133.0, 180.0, 53.0], [129.0, 192.0, 64.0], [124.0, 196.0, 46.0], [117.0, 194.0, 52.0], [108.0, 204.0, 79.0], [101.0, 198.0, 95.0], [100.0, 200.0, 86.0], [92.0, 203.0, 80.0], [91.0, 209.0, 72.0], [90.0, 193.0, 121.0], [89.0, 211.0, 52.0], [86.0, 223.0, 68.0], [74.0, 268.0, 61.0], [64.0, 263.0, 64.0], [64.0, 204.0, 92.0], [60.0, 208.0, 158.0], [58.0, 275.0, 38.0], [57.0, 279.0, 44.0], [55.0, 268.0, 62.0], [55.0, 243.0, 67.0], [54.0, 289.0, 34.0], [54.0, 214.0, 124.0], [52.0, 278.0, 74.0], [51.0, 282.0, 61.0], [51.0, 235.0, 78.0], [48.0, 290.0, 25.0], [46.0, 288.0, 35.0], [44.0, 284.0, 60.0], [41.0, 286.0, 48.0], [37.0, 277.0, 78.0], [33.0, 280.0, 85.0], [32.0, 288.0, 63.0], [31.0, 298.0, 72.0], [30.0, 293.0, 79.0], [28.0, 282.0, 86.0], [24.0, 296.0, 104.0], [12.0, 300.0, 56.0], [4.0, 299.0, 88.0], [-0.0, 300.0, 107.0]]
