heur = true
LBS_limit = 4
preproc = 1
tight_root = 0
total_time = 128.32
NDP = 395
total_nodes = 21985
pruned_nodes = 10993
pruned_dominance_nodes = 0
heur_time = 0.56
Y_N = Any[[698.0, 196.0, 343.0], [682.0, 234.0, 324.0], [655.0, 232.0, 350.0], [636.0, 264.0, 382.0], [631.0, 334.0, 232.0], [628.0, 299.0, 360.0], [627.0, 329.0, 268.0], [605.0, 302.0, 351.0], [599.0, 385.0, 280.0], [599.0, 338.0, 343.0], [597.0, 371.0, 323.0], [590.0, 345.0, 363.0], [588.0, 346.0, 330.0], [587.0, 374.0, 299.0], [582.0, 439.0, 211.0], [582.0, 349.0, 393.0], [580.0, 399.0, 301.0], [579.0, 402.0, 358.0], [579.0, 370.0, 366.0], [575.0, 407.0, 315.0], [574.0, 406.0, 320.0], [573.0, 441.0, 276.0], [568.0, 461.0, 251.0], [568.0, 367.0, 368.0], [567.0, 443.0, 265.0], [564.0, 319.0, 425.0], [561.0, 467.0, 248.0], [561.0, 456.0, 344.0], [560.0, 407.0, 355.0], [557.0, 333.0, 404.0], [553.0, 351.0, 469.0], [550.0, 389.0, 467.0], [547.0, 402.0, 407.0], [545.0, 435.0, 372.0], [544.0, 485.0, 249.0], [542.0, 509.0, 181.0], [539.0, 475.0, 270.0], [537.0, 496.0, 316.0], [529.0, 513.0, 192.0], [529.0, 403.0, 432.0], [525.0, 451.0, 351.0], [525.0, 401.0, 440.0], [521.0, 508.0, 248.0], [521.0, 359.0, 468.0], [520.0, 509.0, 203.0], [519.0, 511.0, 221.0], [518.0, 497.0, 272.0], [518.0, 411.0, 373.0], [510.0, 467.0, 326.0], [509.0, 514.0, 242.0], [508.0, 527.0, 213.0], [507.0, 471.0, 355.0], [506.0, 513.0, 271.0], [506.0, 412.0, 378.0], [505.0, 528.0, 273.0], [505.0, 429.0, 409.0], [503.0, 534.0, 166.0], [503.0, 489.0, 369.0], [500.0, 460.0, 373.0], [498.0, 540.0, 245.0], [498.0, 451.0, 429.0], [497.0, 504.0, 287.0], [496.0, 541.0, 268.0], [496.0, 520.0, 295.0], [495.0, 521.0, 280.0], [495.0, 500.0, 348.0], [495.0, 466.0, 370.0], [494.0, 508.0, 303.0], [490.0, 566.0, 161.0], [490.0, 547.0, 308.0], [490.0, 512.0, 313.0], [488.0, 567.0, 227.0], [486.0, 555.0, 242.0], [484.0, 460.0, 434.0], [482.0, 596.0, 179.0], [482.0, 520.0, 313.0], [481.0, 512.0, 317.0], [480.0, 561.0, 328.0], [479.0, 515.0, 386.0], [478.0, 534.0, 334.0], [474.0, 578.0, 227.0], [474.0, 423.0, 443.0], [473.0, 463.0, 418.0], [470.0, 443.0, 445.0], [469.0, 536.0, 334.0], [467.0, 487.0, 419.0], [466.0, 527.0, 403.0], [465.0, 579.0, 282.0], [462.0, 577.0, 300.0], [461.0, 541.0, 339.0], [459.0, 582.0, 222.0], [457.0, 593.0, 258.0], [456.0, 600.0, 220.0], [456.0, 493.0, 437.0], [454.0, 488.0, 452.0], [452.0, 613.0, 176.0], [452.0, 521.0, 419.0], [451.0, 578.0, 294.0], [450.0, 552.0, 348.0], [448.0, 619.0, 212.0], [447.0, 623.0, 173.0], [447.0, 531.0, 361.0], [446.0, 627.0, 203.0], [446.0, 580.0, 288.0], [445.0, 552.0, 373.0], [443.0, 627.0, 207.0], [442.0, 631.0, 248.0], [441.0, 517.0, 423.0], [439.0, 596.0, 296.0], [439.0, 581.0, 313.0], [438.0, 648.0, 194.0], [437.0, 602.0, 269.0], [437.0, 566.0, 340.0], [436.0, 574.0, 347.0], [434.0, 589.0, 322.0], [433.0, 592.0, 309.0], [430.0, 573.0, 369.0], [430.0, 503.0, 424.0], [429.0, 586.0, 328.0], [426.0, 609.0, 252.0], [426.0, 528.0, 386.0], [423.0, 610.0, 301.0], [423.0, 598.0, 321.0], [422.0, 649.0, 211.0], [422.0, 617.0, 256.0], [420.0, 576.0, 329.0], [419.0, 604.0, 305.0], [419.0, 588.0, 334.0], [419.0, 546.0, 406.0], [418.0, 664.0, 197.0], [418.0, 632.0, 217.0], [418.0, 615.0, 329.0], [415.0, 624.0, 294.0], [415.0, 577.0, 384.0], [415.0, 565.0, 416.0], [412.0, 579.0, 377.0], [411.0, 667.0, 168.0], [411.0, 641.0, 309.0], [411.0, 599.0, 338.0], [409.0, 683.0, 113.0], [409.0, 503.0, 439.0], [408.0, 618.0, 332.0], [408.0, 593.0, 368.0], [407.0, 528.0, 475.0], [406.0, 662.0, 221.0], [406.0, 635.0, 324.0], [404.0, 591.0, 369.0], [403.0, 647.0, 268.0], [401.0, 618.0, 353.0], [401.0, 608.0, 370.0], [401.0, 540.0, 480.0], [400.0, 594.0, 408.0], [399.0, 607.0, 392.0], [398.0, 661.0, 226.0], [397.0, 692.0, 192.0], [397.0, 678.0, 203.0], [396.0, 684.0, 199.0], [395.0, 669.0, 209.0], [394.0, 673.0, 243.0], [394.0, 628.0, 326.0], [394.0, 610.0, 355.0], [393.0, 665.0, 264.0], [393.0, 569.0, 450.0], [390.0, 645.0, 288.0], [389.0, 682.0, 232.0], [389.0, 628.0, 337.0], [388.0, 670.0, 291.0], [388.0, 630.0, 340.0], [387.0, 632.0, 339.0], [387.0, 582.0, 431.0], [385.0, 696.0, 159.0], [383.0, 674.0, 275.0], [383.0, 641.0, 328.0], [383.0, 637.0, 342.0], [382.0, 602.0, 427.0], [381.0, 705.0, 157.0], [381.0, 687.0, 226.0], [380.0, 680.0, 235.0], [380.0, 646.0, 295.0], [380.0, 574.0, 453.0], [379.0, 698.0, 210.0], [377.0, 704.0, 182.0], [377.0, 644.0, 425.0], [376.0, 660.0, 297.0], [374.0, 672.0, 311.0], [374.0, 529.0, 507.0], [372.0, 701.0, 204.0], [371.0, 695.0, 221.0], [371.0, 677.0, 268.0], [369.0, 697.0, 232.0], [369.0, 684.0, 279.0], [369.0, 649.0, 354.0], [368.0, 722.0, 151.0], [366.0, 685.0, 294.0], [366.0, 676.0, 306.0], [365.0, 731.0, 145.0], [365.0, 718.0, 189.0], [364.0, 755.0, 219.0], [360.0, 668.0, 320.0], [359.0, 688.0, 330.0], [358.0, 728.0, 248.0], [356.0, 682.0, 336.0], [356.0, 681.0, 383.0], [356.0, 590.0, 442.0], [355.0, 694.0, 262.0], [354.0, 700.0, 257.0], [351.0, 727.0, 279.0], [351.0, 646.0, 388.0], [351.0, 590.0, 468.0], [350.0, 680.0, 400.0], [349.0, 730.0, 242.0], [349.0, 683.0, 332.0], [347.0, 708.0, 322.0], [343.0, 690.0, 328.0], [343.0, 582.0, 478.0], [342.0, 734.0, 239.0], [342.0, 605.0, 453.0], [339.0, 766.0, 174.0], [339.0, 731.0, 264.0], [339.0, 714.0, 290.0], [338.0, 693.0, 324.0], [336.0, 743.0, 242.0], [336.0, 741.0, 277.0], [336.0, 692.0, 338.0], [335.0, 715.0, 289.0], [334.0, 713.0, 308.0], [334.0, 690.0, 372.0], [333.0, 722.0, 284.0], [330.0, 651.0, 404.0], [329.0, 769.0, 185.0], [329.0, 756.0, 274.0], [327.0, 710.0, 316.0], [326.0, 723.0, 335.0], [325.0, 744.0, 282.0], [324.0, 731.0, 313.0], [322.0, 697.0, 346.0], [321.0, 771.0, 147.0], [321.0, 750.0, 297.0], [320.0, 790.0, 202.0], [320.0, 777.0, 252.0], [320.0, 737.0, 304.0], [320.0, 700.0, 345.0], [318.0, 661.0, 401.0], [317.0, 795.0, 144.0], [317.0, 610.0, 451.0], [313.0, 745.0, 314.0], [313.0, 625.0, 456.0], [312.0, 703.0, 346.0], [311.0, 724.0, 321.0], [311.0, 693.0, 365.0], [305.0, 710.0, 352.0], [304.0, 757.0, 280.0], [304.0, 713.0, 336.0], [303.0, 794.0, 151.0], [303.0, 747.0, 314.0], [302.0, 788.0, 248.0], [302.0, 778.0, 253.0], [302.0, 727.0, 326.0], [301.0, 775.0, 264.0], [301.0, 757.0, 297.0], [299.0, 796.0, 217.0], [299.0, 764.0, 303.0], [299.0, 718.0, 385.0], [296.0, 779.0, 250.0], [295.0, 805.0, 203.0], [293.0, 806.0, 152.0], [293.0, 793.0, 263.0], [293.0, 765.0, 280.0], [292.0, 775.0, 300.0], [291.0, 813.0, 174.0], [290.0, 815.0, 202.0], [287.0, 769.0, 302.0], [286.0, 775.0, 316.0], [286.0, 720.0, 354.0], [285.0, 726.0, 332.0], [285.0, 669.0, 419.0], [284.0, 825.0, 162.0], [284.0, 726.0, 337.0], [283.0, 677.0, 434.0], [282.0, 803.0, 249.0], [282.0, 734.0, 317.0], [279.0, 818.0, 183.0], [279.0, 737.0, 335.0], [279.0, 693.0, 397.0], [278.0, 797.0, 252.0], [276.0, 824.0, 197.0], [276.0, 790.0, 294.0], [276.0, 740.0, 329.0], [274.0, 832.0, 164.0], [273.0, 814.0, 210.0], [273.0, 696.0, 404.0], [271.0, 811.0, 267.0], [270.0, 839.0, 124.0], [269.0, 818.0, 263.0], [268.0, 808.0, 280.0], [267.0, 839.0, 218.0], [266.0, 762.0, 353.0], [265.0, 830.0, 257.0], [264.0, 841.0, 181.0], [264.0, 788.0, 324.0], [263.0, 865.0, 212.0], [263.0, 773.0, 333.0], [262.0, 793.0, 324.0], [261.0, 835.0, 231.0], [258.0, 881.0, 140.0], [258.0, 704.0, 395.0], [256.0, 833.0, 243.0], [252.0, 890.0, 131.0], [251.0, 837.0, 224.0], [251.0, 720.0, 369.0], [250.0, 825.0, 284.0], [250.0, 732.0, 377.0], [248.0, 854.0, 278.0], [245.0, 772.0, 348.0], [241.0, 803.0, 296.0], [240.0, 795.0, 359.0], [237.0, 884.0, 177.0], [237.0, 775.0, 361.0], [234.0, 731.0, 398.0], [233.0, 873.0, 179.0], [230.0, 887.0, 186.0], [225.0, 870.0, 241.0], [224.0, 753.0, 362.0], [220.0, 844.0, 279.0], [219.0, 845.0, 288.0], [218.0, 895.0, 180.0], [218.0, 888.0, 192.0], [216.0, 881.0, 195.0], [216.0, 731.0, 411.0], [215.0, 805.0, 339.0], [214.0, 893.0, 204.0], [214.0, 862.0, 257.0], [213.0, 854.0, 319.0], [210.0, 807.0, 333.0], [210.0, 758.0, 381.0], [208.0, 930.0, 162.0], [208.0, 810.0, 325.0], [207.0, 876.0, 248.0], [206.0, 877.0, 249.0], [205.0, 811.0, 331.0], [204.0, 901.0, 192.0], [204.0, 888.0, 281.0], [202.0, 757.0, 397.0], [201.0, 812.0, 326.0], [198.0, 859.0, 306.0], [198.0, 744.0, 404.0], [197.0, 905.0, 197.0], [191.0, 815.0, 331.0], [190.0, 769.0, 400.0], [189.0, 907.0, 203.0], [189.0, 891.0, 230.0], [188.0, 893.0, 260.0], [186.0, 918.0, 164.0], [185.0, 869.0, 285.0], [183.0, 904.0, 228.0], [183.0, 825.0, 352.0], [177.0, 922.0, 166.0], [177.0, 919.0, 250.0], [175.0, 788.0, 361.0], [173.0, 820.0, 372.0], [172.0, 845.0, 324.0], [168.0, 921.0, 168.0], [165.0, 929.0, 178.0], [165.0, 920.0, 241.0], [163.0, 928.0, 187.0], [162.0, 865.0, 321.0], [161.0, 830.0, 343.0], [160.0, 930.0, 230.0], [160.0, 894.0, 272.0], [157.0, 932.0, 175.0], [156.0, 935.0, 164.0], [155.0, 937.0, 108.0], [153.0, 875.0, 293.0], [151.0, 928.0, 231.0], [151.0, 911.0, 321.0], [149.0, 933.0, 175.0], [147.0, 938.0, 209.0], [142.0, 944.0, 178.0], [141.0, 941.0, 283.0], [140.0, 861.0, 330.0], [136.0, 949.0, 212.0], [134.0, 942.0, 219.0], [132.0, 840.0, 355.0], [131.0, 958.0, 247.0], [114.0, 943.0, 255.0], [113.0, 945.0, 254.0], [111.0, 950.0, 251.0], [102.0, 922.0, 335.0], [94.0, 960.0, 304.0], [76.0, 966.0, 307.0], [70.0, 967.0, 222.0], [69.0, 917.0, 351.0], [68.0, 973.0, 153.0], [55.0, 969.0, 278.0], [24.0, 981.0, 212.0]]
