heur = true
LBS_limit = 4
preproc = 1
tight_root = 0
total_time = 34.16
NDP = 268
total_nodes = 10301
pruned_nodes = 5151
pruned_dominance_nodes = 2
heur_time = 0.57
Y_N = Any[[604.0, 850.0, 458.0], [574.0, 862.0, 406.0], [573.0, 878.0, 404.0], [560.0, 903.0, 435.0], [556.0, 936.0, 357.0], [552.0, 908.0, 384.0], [548.0, 918.0, 389.0], [547.0, 908.0, 429.0], [541.0, 849.0, 489.0], [540.0, 931.0, 391.0], [539.0, 944.0, 363.0], [539.0, 938.0, 367.0], [534.0, 936.0, 423.0], [533.0, 860.0, 527.0], [530.0, 882.0, 481.0], [518.0, 940.0, 440.0], [517.0, 952.0, 449.0], [516.0, 938.0, 488.0], [514.0, 961.0, 367.0], [513.0, 873.0, 501.0], [512.0, 880.0, 520.0], [505.0, 956.0, 398.0], [501.0, 975.0, 434.0], [496.0, 996.0, 315.0], [494.0, 987.0, 397.0], [492.0, 890.0, 493.0], [491.0, 995.0, 361.0], [491.0, 983.0, 415.0], [490.0, 964.0, 478.0], [490.0, 950.0, 499.0], [487.0, 1010.0, 370.0], [487.0, 1009.0, 410.0], [482.0, 1023.0, 358.0], [482.0, 955.0, 509.0], [481.0, 1010.0, 400.0], [480.0, 1033.0, 361.0], [480.0, 1022.0, 399.0], [475.0, 986.0, 454.0], [471.0, 1018.0, 457.0], [467.0, 982.0, 472.0], [466.0, 1028.0, 405.0], [465.0, 1041.0, 372.0], [464.0, 1057.0, 297.0], [463.0, 968.0, 503.0], [456.0, 989.0, 483.0], [454.0, 1006.0, 478.0], [453.0, 1023.0, 418.0], [452.0, 1027.0, 417.0], [452.0, 970.0, 506.0], [450.0, 1055.0, 402.0], [449.0, 943.0, 518.0], [448.0, 1020.0, 466.0], [443.0, 1102.0, 381.0], [442.0, 1036.0, 483.0], [442.0, 971.0, 536.0], [437.0, 1077.0, 416.0], [437.0, 1043.0, 432.0], [436.0, 1042.0, 449.0], [435.0, 1110.0, 336.0], [435.0, 1009.0, 496.0], [422.0, 1018.0, 492.0], [421.0, 1151.0, 274.0], [421.0, 1036.0, 520.0], [420.0, 1092.0, 402.0], [419.0, 1079.0, 411.0], [415.0, 1042.0, 462.0], [413.0, 1119.0, 361.0], [412.0, 1097.0, 390.0], [411.0, 1108.0, 428.0], [411.0, 1043.0, 453.0], [410.0, 1147.0, 315.0], [409.0, 1040.0, 516.0], [408.0, 1065.0, 441.0], [407.0, 1084.0, 443.0], [405.0, 1073.0, 475.0], [403.0, 1163.0, 287.0], [403.0, 1090.0, 464.0], [401.0, 1147.0, 353.0], [399.0, 1153.0, 314.0], [399.0, 1112.0, 387.0], [399.0, 1006.0, 522.0], [396.0, 1112.0, 418.0], [396.0, 1096.0, 435.0], [395.0, 1098.0, 450.0], [390.0, 1121.0, 394.0], [390.0, 1063.0, 490.0], [388.0, 1168.0, 282.0], [388.0, 1143.0, 362.0], [388.0, 1016.0, 527.0], [387.0, 1126.0, 388.0], [386.0, 1065.0, 483.0], [384.0, 1106.0, 495.0], [383.0, 1196.0, 319.0], [382.0, 1151.0, 363.0], [381.0, 1196.0, 329.0], [381.0, 1181.0, 344.0], [381.0, 1131.0, 392.0], [379.0, 1117.0, 404.0], [379.0, 1054.0, 508.0], [378.0, 1170.0, 348.0], [378.0, 1111.0, 435.0], [376.0, 1124.0, 418.0], [376.0, 1110.0, 444.0], [375.0, 1208.0, 281.0], [375.0, 1147.0, 392.0], [374.0, 1072.0, 518.0], [373.0, 1032.0, 538.0], [366.0, 1204.0, 306.0], [361.0, 1157.0, 371.0], [359.0, 1223.0, 286.0], [359.0, 1190.0, 354.0], [357.0, 1098.0, 502.0], [356.0, 1124.0, 422.0], [354.0, 1141.0, 419.0], [354.0, 1114.0, 443.0], [349.0, 1122.0, 501.0], [348.0, 1166.0, 435.0], [347.0, 1204.0, 359.0], [343.0, 1199.0, 382.0], [342.0, 1234.0, 279.0], [342.0, 1133.0, 478.0], [341.0, 1239.0, 300.0], [341.0, 1219.0, 324.0], [339.0, 1194.0, 383.0], [339.0, 1130.0, 479.0], [338.0, 1241.0, 310.0], [337.0, 1224.0, 315.0], [334.0, 1183.0, 384.0], [331.0, 1115.0, 502.0], [328.0, 1247.0, 353.0], [326.0, 1281.0, 346.0], [326.0, 1175.0, 394.0], [326.0, 1140.0, 451.0], [320.0, 1181.0, 422.0], [318.0, 1096.0, 543.0], [316.0, 1168.0, 425.0], [313.0, 1302.0, 259.0], [311.0, 1178.0, 430.0], [311.0, 1166.0, 465.0], [310.0, 1140.0, 490.0], [305.0, 1216.0, 354.0], [304.0, 1282.0, 311.0], [304.0, 1198.0, 414.0], [304.0, 1195.0, 429.0], [303.0, 1201.0, 435.0], [302.0, 1235.0, 384.0], [302.0, 1163.0, 488.0], [300.0, 1182.0, 474.0], [295.0, 1255.0, 359.0], [294.0, 1287.0, 282.0], [293.0, 1304.0, 248.0], [291.0, 1249.0, 397.0], [291.0, 1184.0, 437.0], [289.0, 1184.0, 456.0], [288.0, 1317.0, 228.0], [288.0, 1116.0, 535.0], [284.0, 1314.0, 287.0], [284.0, 1271.0, 361.0], [282.0, 1274.0, 349.0], [276.0, 1323.0, 287.0], [276.0, 1272.0, 365.0], [275.0, 1321.0, 295.0], [275.0, 1204.0, 402.0], [273.0, 1325.0, 252.0], [272.0, 1256.0, 374.0], [271.0, 1302.0, 333.0], [270.0, 1207.0, 450.0], [266.0, 1294.0, 339.0], [265.0, 1214.0, 402.0], [264.0, 1197.0, 458.0], [260.0, 1339.0, 263.0], [260.0, 1306.0, 306.0], [260.0, 1213.0, 444.0], [258.0, 1275.0, 359.0], [258.0, 1196.0, 468.0], [257.0, 1220.0, 419.0], [256.0, 1298.0, 380.0], [255.0, 1319.0, 314.0], [255.0, 1190.0, 480.0], [253.0, 1362.0, 284.0], [251.0, 1198.0, 479.0], [248.0, 1271.0, 394.0], [247.0, 1324.0, 294.0], [246.0, 1269.0, 415.0], [244.0, 1311.0, 329.0], [244.0, 1310.0, 330.0], [243.0, 1217.0, 430.0], [240.0, 1221.0, 445.0], [238.0, 1299.0, 387.0], [235.0, 1337.0, 340.0], [234.0, 1270.0, 407.0], [233.0, 1351.0, 305.0], [233.0, 1205.0, 453.0], [232.0, 1377.0, 271.0], [232.0, 1317.0, 348.0], [229.0, 1210.0, 464.0], [228.0, 1365.0, 304.0], [228.0, 1347.0, 362.0], [226.0, 1289.0, 393.0], [223.0, 1230.0, 491.0], [222.0, 1387.0, 276.0], [222.0, 1349.0, 307.0], [221.0, 1385.0, 331.0], [221.0, 1345.0, 369.0], [220.0, 1380.0, 344.0], [219.0, 1399.0, 270.0], [218.0, 1326.0, 380.0], [217.0, 1391.0, 302.0], [216.0, 1377.0, 353.0], [211.0, 1279.0, 426.0], [208.0, 1290.0, 390.0], [207.0, 1389.0, 334.0], [197.0, 1393.0, 335.0], [192.0, 1394.0, 285.0], [192.0, 1363.0, 368.0], [191.0, 1369.0, 371.0], [189.0, 1396.0, 273.0], [189.0, 1280.0, 394.0], [188.0, 1271.0, 441.0], [187.0, 1290.0, 403.0], [186.0, 1295.0, 425.0], [185.0, 1417.0, 309.0], [183.0, 1314.0, 403.0], [177.0, 1280.0, 436.0], [176.0, 1379.0, 366.0], [176.0, 1319.0, 393.0], [175.0, 1411.0, 353.0], [173.0, 1362.0, 372.0], [172.0, 1420.0, 261.0], [170.0, 1381.0, 370.0], [169.0, 1335.0, 381.0], [164.0, 1430.0, 309.0], [156.0, 1419.0, 318.0], [154.0, 1416.0, 355.0], [153.0, 1379.0, 383.0], [152.0, 1288.0, 426.0], [150.0, 1438.0, 323.0], [146.0, 1428.0, 331.0], [144.0, 1385.0, 388.0], [142.0, 1429.0, 347.0], [141.0, 1440.0, 269.0], [140.0, 1391.0, 367.0], [138.0, 1447.0, 347.0], [136.0, 1391.0, 384.0], [130.0, 1450.0, 291.0], [127.0, 1448.0, 332.0], [122.0, 1404.0, 357.0], [121.0, 1450.0, 308.0], [119.0, 1418.0, 368.0], [112.0, 1452.0, 348.0], [111.0, 1450.0, 361.0], [104.0, 1457.0, 350.0], [97.0, 1459.0, 320.0], [97.0, 1454.0, 375.0], [97.0, 1400.0, 388.0], [93.0, 1414.0, 394.0], [91.0, 1461.0, 356.0], [88.0, 1463.0, 308.0], [87.0, 1464.0, 279.0], [83.0, 1463.0, 350.0], [77.0, 1476.0, 352.0], [54.0, 1481.0, 325.0], [43.0, 1484.0, 351.0], [37.0, 1486.0, 332.0], [30.0, 1492.0, 301.0], [29.0, 1493.0, 342.0], [29.0, 1488.0, 356.0], [14.0, 1491.0, 346.0]]
