heur = true
LBS_limit = 4
preproc = 1
tight_root = 0
total_time = 203.85
NDP = 407
total_nodes = 23717
pruned_nodes = 11859
pruned_dominance_nodes = 0
heur_time = 1.79
Y_N = Any[[529.0, 59.0, 196.0], [520.0, 70.0, 194.0], [518.0, 70.0, 217.0], [491.0, 123.0, 175.0], [491.0, 106.0, 181.0], [484.0, 131.0, 170.0], [484.0, 87.0, 218.0], [481.0, 62.0, 270.0], [475.0, 138.0, 144.0], [471.0, 80.0, 269.0], [469.0, 121.0, 232.0], [467.0, 140.0, 170.0], [466.0, 125.0, 174.0], [463.0, 139.0, 198.0], [461.0, 142.0, 189.0], [459.0, 150.0, 220.0], [459.0, 119.0, 239.0], [458.0, 160.0, 180.0], [452.0, 91.0, 265.0], [451.0, 178.0, 156.0], [451.0, 168.0, 197.0], [447.0, 128.0, 226.0], [445.0, 58.0, 302.0], [444.0, 29.0, 330.0], [441.0, 194.0, 151.0], [441.0, 136.0, 232.0], [440.0, 123.0, 246.0], [440.0, 64.0, 313.0], [438.0, 188.0, 157.0], [438.0, 139.0, 222.0], [436.0, 209.0, 132.0], [436.0, 59.0, 321.0], [434.0, 110.0, 266.0], [433.0, 182.0, 167.0], [433.0, 79.0, 314.0], [432.0, 210.0, 113.0], [430.0, 98.0, 276.0], [429.0, 161.0, 248.0], [427.0, 111.0, 255.0], [427.0, 46.0, 330.0], [426.0, 124.0, 261.0], [425.0, 109.0, 303.0], [424.0, 217.0, 147.0], [424.0, 184.0, 208.0], [422.0, 196.0, 154.0], [421.0, 230.0, 143.0], [421.0, 200.0, 155.0], [420.0, 205.0, 163.0], [419.0, 132.0, 252.0], [418.0, 63.0, 316.0], [416.0, 186.0, 194.0], [415.0, 127.0, 293.0], [412.0, 237.0, 137.0], [412.0, 162.0, 248.0], [411.0, 226.0, 159.0], [411.0, 135.0, 250.0], [410.0, 238.0, 177.0], [410.0, 154.0, 252.0], [408.0, 136.0, 273.0], [407.0, 182.0, 253.0], [406.0, 188.0, 223.0], [403.0, 136.0, 293.0], [402.0, 272.0, 133.0], [402.0, 200.0, 185.0], [402.0, 144.0, 256.0], [401.0, 164.0, 267.0], [401.0, 124.0, 296.0], [400.0, 206.0, 196.0], [399.0, 205.0, 215.0], [399.0, 199.0, 224.0], [398.0, 248.0, 166.0], [398.0, 239.0, 168.0], [398.0, 224.0, 187.0], [398.0, 89.0, 316.0], [397.0, 93.0, 315.0], [397.0, 62.0, 349.0], [396.0, 300.0, 116.0], [396.0, 142.0, 280.0], [395.0, 273.0, 120.0], [395.0, 205.0, 233.0], [395.0, 139.0, 289.0], [391.0, 246.0, 192.0], [391.0, 149.0, 330.0], [388.0, 216.0, 201.0], [387.0, 275.0, 129.0], [387.0, 221.0, 207.0], [387.0, 69.0, 362.0], [386.0, 174.0, 255.0], [385.0, 189.0, 242.0], [384.0, 230.0, 239.0], [384.0, 160.0, 306.0], [384.0, 84.0, 368.0], [383.0, 252.0, 175.0], [383.0, 178.0, 255.0], [382.0, 302.0, 109.0], [382.0, 79.0, 378.0], [381.0, 152.0, 309.0], [379.0, 134.0, 345.0], [378.0, 170.0, 257.0], [377.0, 270.0, 135.0], [377.0, 262.0, 159.0], [377.0, 161.0, 327.0], [375.0, 282.0, 137.0], [375.0, 249.0, 182.0], [374.0, 284.0, 166.0], [374.0, 235.0, 201.0], [374.0, 171.0, 271.0], [374.0, 123.0, 358.0], [373.0, 302.0, 144.0], [373.0, 190.0, 281.0], [372.0, 94.0, 372.0], [369.0, 228.0, 248.0], [369.0, 214.0, 255.0], [368.0, 265.0, 170.0], [368.0, 259.0, 182.0], [367.0, 266.0, 187.0], [367.0, 238.0, 215.0], [367.0, 166.0, 316.0], [367.0, 164.0, 334.0], [366.0, 305.0, 102.0], [366.0, 235.0, 216.0], [366.0, 225.0, 249.0], [366.0, 207.0, 278.0], [365.0, 238.0, 226.0], [364.0, 245.0, 208.0], [364.0, 174.0, 297.0], [363.0, 135.0, 342.0], [361.0, 308.0, 126.0], [361.0, 239.0, 226.0], [360.0, 303.0, 164.0], [360.0, 280.0, 174.0], [360.0, 184.0, 313.0], [360.0, 133.0, 355.0], [359.0, 304.0, 134.0], [359.0, 272.0, 184.0], [359.0, 234.0, 231.0], [358.0, 315.0, 134.0], [358.0, 175.0, 334.0], [357.0, 336.0, 72.0], [357.0, 320.0, 163.0], [355.0, 265.0, 199.0], [354.0, 324.0, 119.0], [354.0, 300.0, 181.0], [354.0, 223.0, 256.0], [353.0, 273.0, 202.0], [353.0, 250.0, 257.0], [349.0, 325.0, 77.0], [349.0, 254.0, 218.0], [349.0, 149.0, 364.0], [347.0, 251.0, 234.0], [347.0, 206.0, 279.0], [347.0, 182.0, 322.0], [346.0, 327.0, 139.0], [346.0, 267.0, 235.0], [345.0, 215.0, 268.0], [344.0, 238.0, 276.0], [343.0, 274.0, 191.0], [343.0, 253.0, 277.0], [343.0, 209.0, 287.0], [343.0, 155.0, 347.0], [342.0, 348.0, 97.0], [342.0, 294.0, 198.0], [341.0, 272.0, 206.0], [340.0, 327.0, 143.0], [340.0, 304.0, 164.0], [339.0, 329.0, 134.0], [339.0, 325.0, 153.0], [339.0, 210.0, 289.0], [339.0, 203.0, 337.0], [339.0, 136.0, 368.0], [338.0, 363.0, 102.0], [338.0, 115.0, 392.0], [336.0, 212.0, 289.0], [335.0, 285.0, 215.0], [335.0, 204.0, 293.0], [334.0, 319.0, 184.0], [334.0, 286.0, 221.0], [334.0, 269.0, 226.0], [333.0, 331.0, 124.0], [333.0, 227.0, 281.0], [332.0, 333.0, 117.0], [332.0, 328.0, 158.0], [332.0, 212.0, 295.0], [331.0, 288.0, 232.0], [331.0, 135.0, 405.0], [330.0, 313.0, 196.0], [330.0, 171.0, 363.0], [329.0, 379.0, 77.0], [329.0, 292.0, 207.0], [329.0, 248.0, 297.0], [329.0, 226.0, 306.0], [328.0, 374.0, 108.0], [326.0, 369.0, 123.0], [326.0, 324.0, 169.0], [325.0, 342.0, 147.0], [325.0, 330.0, 197.0], [324.0, 336.0, 159.0], [324.0, 299.0, 210.0], [324.0, 273.0, 254.0], [324.0, 250.0, 302.0], [324.0, 211.0, 331.0], [322.0, 345.0, 131.0], [322.0, 343.0, 153.0], [322.0, 317.0, 214.0], [322.0, 263.0, 297.0], [321.0, 318.0, 211.0], [321.0, 233.0, 313.0], [321.0, 210.0, 335.0], [321.0, 187.0, 379.0], [320.0, 346.0, 136.0], [320.0, 342.0, 162.0], [320.0, 293.0, 216.0], [319.0, 361.0, 165.0], [319.0, 277.0, 238.0], [317.0, 369.0, 127.0], [316.0, 375.0, 122.0], [315.0, 388.0, 87.0], [315.0, 381.0, 114.0], [313.0, 387.0, 102.0], [313.0, 326.0, 209.0], [313.0, 302.0, 231.0], [313.0, 291.0, 234.0], [312.0, 340.0, 166.0], [310.0, 322.0, 213.0], [310.0, 199.0, 343.0], [309.0, 274.0, 246.0], [308.0, 401.0, 89.0], [308.0, 310.0, 244.0], [308.0, 269.0, 261.0], [307.0, 383.0, 129.0], [307.0, 343.0, 189.0], [306.0, 280.0, 292.0], [306.0, 247.0, 303.0], [305.0, 370.0, 130.0], [305.0, 216.0, 333.0], [304.0, 221.0, 333.0], [303.0, 422.0, 56.0], [302.0, 372.0, 149.0], [302.0, 321.0, 261.0], [301.0, 388.0, 131.0], [300.0, 406.0, 91.0], [300.0, 392.0, 130.0], [300.0, 330.0, 211.0], [300.0, 284.0, 289.0], [299.0, 401.0, 120.0], [298.0, 353.0, 177.0], [297.0, 428.0, 74.0], [297.0, 367.0, 158.0], [296.0, 389.0, 144.0], [296.0, 364.0, 160.0], [296.0, 331.0, 220.0], [295.0, 406.0, 129.0], [294.0, 390.0, 139.0], [293.0, 260.0, 305.0], [292.0, 366.0, 180.0], [291.0, 359.0, 183.0], [291.0, 336.0, 228.0], [291.0, 292.0, 282.0], [291.0, 207.0, 343.0], [290.0, 362.0, 184.0], [290.0, 342.0, 197.0], [289.0, 354.0, 201.0], [289.0, 238.0, 348.0], [288.0, 438.0, 65.0], [288.0, 410.0, 102.0], [288.0, 340.0, 202.0], [288.0, 299.0, 293.0], [287.0, 401.0, 135.0], [287.0, 385.0, 153.0], [286.0, 367.0, 178.0], [286.0, 300.0, 263.0], [286.0, 243.0, 359.0], [285.0, 354.0, 227.0], [283.0, 322.0, 269.0], [283.0, 312.0, 274.0], [280.0, 425.0, 143.0], [280.0, 397.0, 167.0], [279.0, 434.0, 106.0], [279.0, 274.0, 297.0], [278.0, 430.0, 120.0], [278.0, 376.0, 174.0], [278.0, 325.0, 285.0], [277.0, 395.0, 193.0], [277.0, 267.0, 305.0], [276.0, 344.0, 232.0], [274.0, 411.0, 166.0], [272.0, 255.0, 371.0], [269.0, 368.0, 196.0], [268.0, 376.0, 207.0], [268.0, 293.0, 322.0], [267.0, 441.0, 89.0], [267.0, 415.0, 170.0], [267.0, 318.0, 288.0], [266.0, 411.0, 182.0], [265.0, 444.0, 93.0], [265.0, 415.0, 188.0], [265.0, 358.0, 233.0], [265.0, 330.0, 237.0], [264.0, 359.0, 211.0], [263.0, 445.0, 91.0], [263.0, 442.0, 96.0], [263.0, 309.0, 290.0], [262.0, 314.0, 292.0], [261.0, 390.0, 196.0], [259.0, 446.0, 87.0], [259.0, 422.0, 148.0], [259.0, 286.0, 325.0], [258.0, 440.0, 102.0], [258.0, 367.0, 220.0], [258.0, 352.0, 242.0], [258.0, 342.0, 247.0], [257.0, 432.0, 137.0], [257.0, 337.0, 283.0], [257.0, 323.0, 288.0], [256.0, 440.0, 147.0], [255.0, 423.0, 149.0], [254.0, 467.0, 90.0], [254.0, 382.0, 199.0], [254.0, 381.0, 205.0], [252.0, 458.0, 110.0], [252.0, 417.0, 150.0], [252.0, 348.0, 275.0], [251.0, 456.0, 134.0], [250.0, 309.0, 335.0], [249.0, 467.0, 101.0], [249.0, 344.0, 286.0], [248.0, 416.0, 198.0], [247.0, 353.0, 234.0], [244.0, 479.0, 117.0], [244.0, 443.0, 154.0], [244.0, 420.0, 195.0], [244.0, 364.0, 233.0], [243.0, 379.0, 210.0], [242.0, 390.0, 204.0], [238.0, 426.0, 183.0], [237.0, 401.0, 253.0], [237.0, 265.0, 369.0], [236.0, 438.0, 162.0], [236.0, 408.0, 217.0], [235.0, 378.0, 258.0], [235.0, 355.0, 296.0], [234.0, 485.0, 89.0], [232.0, 415.0, 224.0], [231.0, 478.0, 131.0], [231.0, 449.0, 157.0], [230.0, 481.0, 105.0], [230.0, 310.0, 341.0], [229.0, 423.0, 204.0], [229.0, 332.0, 308.0], [226.0, 487.0, 114.0], [223.0, 490.0, 106.0], [223.0, 464.0, 162.0], [218.0, 496.0, 114.0], [215.0, 466.0, 138.0], [214.0, 509.0, 116.0], [213.0, 320.0, 346.0], [212.0, 427.0, 170.0], [211.0, 436.0, 164.0], [210.0, 486.0, 126.0], [210.0, 473.0, 164.0], [210.0, 469.0, 173.0], [209.0, 379.0, 264.0], [207.0, 512.0, 118.0], [207.0, 420.0, 221.0], [206.0, 508.0, 124.0], [206.0, 431.0, 223.0], [205.0, 487.0, 127.0], [202.0, 480.0, 128.0], [200.0, 492.0, 131.0], [200.0, 435.0, 178.0], [200.0, 408.0, 225.0], [197.0, 440.0, 186.0], [197.0, 434.0, 229.0], [195.0, 435.0, 221.0], [194.0, 400.0, 280.0], [193.0, 506.0, 144.0], [193.0, 459.0, 175.0], [190.0, 450.0, 184.0], [189.0, 515.0, 139.0], [189.0, 415.0, 277.0], [188.0, 476.0, 169.0], [187.0, 465.0, 182.0], [185.0, 491.0, 191.0], [183.0, 517.0, 84.0], [181.0, 553.0, 98.0], [181.0, 414.0, 290.0], [169.0, 520.0, 114.0], [168.0, 520.0, 126.0], [165.0, 495.0, 150.0], [164.0, 515.0, 165.0], [164.0, 484.0, 194.0], [162.0, 546.0, 103.0], [159.0, 534.0, 113.0], [158.0, 407.0, 292.0], [155.0, 539.0, 113.0], [155.0, 480.0, 202.0], [147.0, 561.0, 114.0], [139.0, 575.0, 77.0], [134.0, 516.0, 178.0], [132.0, 488.0, 195.0], [129.0, 566.0, 101.0], [128.0, 574.0, 101.0], [128.0, 567.0, 111.0], [126.0, 574.0, 128.0], [101.0, 577.0, 121.0], [96.0, 579.0, 113.0], [90.0, 582.0, 132.0]]
