heur = true
LBS_limit = 4
preproc = 1
tight_root = 0
total_time = 11.82
NDP = 232
total_nodes = 4107
pruned_nodes = 2054
pruned_dominance_nodes = 0
heur_time = 0.48
Y_N = Any[[511.0, 9.0, 114.0], [497.0, 33.0, 172.0], [493.0, 74.0, 183.0], [489.0, 58.0, 238.0], [477.0, 83.0, 74.0], [473.0, 82.0, 220.0], [472.0, 99.0, 191.0], [468.0, 115.0, 107.0], [460.0, 142.0, 176.0], [459.0, 114.0, 210.0], [456.0, 134.0, 220.0], [448.0, 148.0, 159.0], [441.0, 95.0, 231.0], [438.0, 157.0, 169.0], [437.0, 77.0, 313.0], [431.0, 177.0, 141.0], [426.0, 154.0, 189.0], [424.0, 128.0, 270.0], [420.0, 116.0, 283.0], [418.0, 193.0, 120.0], [414.0, 178.0, 182.0], [414.0, 156.0, 190.0], [413.0, 140.0, 230.0], [412.0, 189.0, 173.0], [411.0, 194.0, 154.0], [410.0, 206.0, 96.0], [408.0, 143.0, 204.0], [407.0, 205.0, 154.0], [406.0, 194.0, 188.0], [406.0, 154.0, 223.0], [406.0, 124.0, 275.0], [405.0, 163.0, 240.0], [405.0, 132.0, 242.0], [403.0, 171.0, 261.0], [401.0, 207.0, 145.0], [399.0, 188.0, 192.0], [397.0, 212.0, 151.0], [396.0, 217.0, 116.0], [396.0, 210.0, 176.0], [395.0, 229.0, 151.0], [391.0, 227.0, 164.0], [391.0, 213.0, 181.0], [390.0, 200.0, 185.0], [388.0, 113.0, 325.0], [387.0, 137.0, 280.0], [383.0, 115.0, 320.0], [380.0, 241.0, 139.0], [380.0, 214.0, 180.0], [379.0, 238.0, 174.0], [375.0, 214.0, 222.0], [374.0, 180.0, 243.0], [373.0, 264.0, 85.0], [373.0, 222.0, 197.0], [371.0, 241.0, 173.0], [371.0, 181.0, 224.0], [371.0, 119.0, 334.0], [368.0, 273.0, 106.0], [368.0, 221.0, 206.0], [367.0, 254.0, 110.0], [367.0, 168.0, 307.0], [364.0, 279.0, 110.0], [364.0, 223.0, 199.0], [364.0, 197.0, 262.0], [363.0, 244.0, 157.0], [362.0, 218.0, 217.0], [360.0, 261.0, 166.0], [360.0, 250.0, 175.0], [356.0, 260.0, 172.0], [355.0, 219.0, 230.0], [354.0, 282.0, 111.0], [354.0, 238.0, 199.0], [353.0, 138.0, 328.0], [352.0, 217.0, 250.0], [351.0, 231.0, 227.0], [349.0, 281.0, 117.0], [348.0, 282.0, 142.0], [346.0, 302.0, 165.0], [346.0, 201.0, 268.0], [345.0, 217.0, 259.0], [344.0, 232.0, 217.0], [343.0, 249.0, 188.0], [342.0, 255.0, 174.0], [342.0, 237.0, 209.0], [340.0, 239.0, 244.0], [338.0, 304.0, 139.0], [338.0, 274.0, 166.0], [338.0, 240.0, 224.0], [338.0, 225.0, 280.0], [337.0, 311.0, 147.0], [337.0, 257.0, 173.0], [337.0, 246.0, 213.0], [331.0, 262.0, 206.0], [331.0, 231.0, 292.0], [330.0, 271.0, 182.0], [329.0, 182.0, 331.0], [328.0, 248.0, 231.0], [326.0, 273.0, 174.0], [326.0, 232.0, 296.0], [324.0, 350.0, 98.0], [324.0, 292.0, 203.0], [321.0, 309.0, 151.0], [321.0, 240.0, 240.0], [320.0, 331.0, 103.0], [318.0, 323.0, 112.0], [318.0, 319.0, 116.0], [318.0, 305.0, 176.0], [317.0, 319.0, 122.0], [317.0, 315.0, 130.0], [316.0, 314.0, 162.0], [315.0, 317.0, 154.0], [314.0, 197.0, 313.0], [313.0, 303.0, 215.0], [311.0, 254.0, 232.0], [310.0, 362.0, 111.0], [307.0, 312.0, 169.0], [307.0, 244.0, 290.0], [306.0, 306.0, 191.0], [304.0, 324.0, 123.0], [303.0, 352.0, 122.0], [303.0, 263.0, 237.0], [301.0, 323.0, 128.0], [301.0, 244.0, 292.0], [299.0, 194.0, 321.0], [298.0, 355.0, 125.0], [298.0, 326.0, 144.0], [298.0, 318.0, 168.0], [298.0, 311.0, 203.0], [296.0, 266.0, 222.0], [295.0, 365.0, 123.0], [295.0, 336.0, 141.0], [294.0, 274.0, 228.0], [292.0, 275.0, 220.0], [291.0, 337.0, 145.0], [290.0, 331.0, 173.0], [289.0, 305.0, 208.0], [288.0, 371.0, 75.0], [288.0, 367.0, 121.0], [288.0, 212.0, 334.0], [287.0, 372.0, 112.0], [287.0, 299.0, 272.0], [286.0, 370.0, 125.0], [286.0, 317.0, 210.0], [285.0, 379.0, 98.0], [285.0, 223.0, 322.0], [284.0, 364.0, 128.0], [284.0, 326.0, 192.0], [284.0, 308.0, 213.0], [283.0, 350.0, 182.0], [282.0, 328.0, 193.0], [281.0, 385.0, 108.0], [280.0, 375.0, 127.0], [280.0, 243.0, 300.0], [278.0, 384.0, 126.0], [277.0, 365.0, 129.0], [277.0, 225.0, 330.0], [274.0, 311.0, 270.0], [270.0, 389.0, 100.0], [268.0, 389.0, 140.0], [268.0, 321.0, 208.0], [266.0, 351.0, 178.0], [265.0, 231.0, 353.0], [264.0, 420.0, 69.0], [264.0, 354.0, 145.0], [264.0, 320.0, 217.0], [261.0, 428.0, 69.0], [261.0, 366.0, 165.0], [259.0, 370.0, 161.0], [257.0, 413.0, 120.0], [257.0, 221.0, 400.0], [254.0, 397.0, 146.0], [252.0, 379.0, 161.0], [250.0, 398.0, 140.0], [249.0, 433.0, 55.0], [246.0, 307.0, 280.0], [244.0, 360.0, 175.0], [242.0, 432.0, 92.0], [242.0, 401.0, 142.0], [242.0, 316.0, 289.0], [241.0, 368.0, 173.0], [241.0, 331.0, 216.0], [239.0, 328.0, 217.0], [237.0, 438.0, 56.0], [237.0, 414.0, 135.0], [237.0, 412.0, 149.0], [236.0, 358.0, 228.0], [235.0, 416.0, 134.0], [234.0, 437.0, 105.0], [232.0, 374.0, 186.0], [230.0, 381.0, 155.0], [229.0, 417.0, 140.0], [228.0, 390.0, 169.0], [228.0, 382.0, 179.0], [228.0, 346.0, 234.0], [227.0, 420.0, 149.0], [227.0, 322.0, 266.0], [226.0, 447.0, 110.0], [226.0, 439.0, 119.0], [226.0, 376.0, 202.0], [223.0, 400.0, 176.0], [223.0, 379.0, 181.0], [221.0, 396.0, 188.0], [221.0, 332.0, 291.0], [219.0, 427.0, 146.0], [217.0, 357.0, 238.0], [215.0, 455.0, 103.0], [215.0, 390.0, 203.0], [214.0, 454.0, 119.0], [212.0, 458.0, 106.0], [212.0, 366.0, 246.0], [211.0, 307.0, 329.0], [210.0, 410.0, 194.0], [203.0, 504.0, 60.0], [201.0, 457.0, 108.0], [198.0, 461.0, 107.0], [196.0, 466.0, 128.0], [194.0, 517.0, 68.0], [188.0, 477.0, 116.0], [188.0, 378.0, 238.0], [186.0, 512.0, 79.0], [184.0, 445.0, 145.0], [184.0, 382.0, 244.0], [181.0, 445.0, 164.0], [181.0, 383.0, 239.0], [179.0, 465.0, 130.0], [176.0, 391.0, 252.0], [174.0, 499.0, 86.0], [170.0, 457.0, 154.0], [163.0, 475.0, 171.0], [163.0, 396.0, 260.0], [152.0, 537.0, 101.0], [152.0, 483.0, 125.0], [149.0, 485.0, 118.0]]
