heur = true
LBS_limit = 4
preproc = 1
tight_root = 0
total_time = 1800.03
NDP = 537
total_nodes = 132571
pruned_nodes = 66264
pruned_dominance_nodes = 466
heur_time = 1.9
Y_N = Any[[976.0, 417.0, 529.0], [917.0, 520.0, 440.0], [898.0, 572.0, 489.0], [897.0, 510.0, 549.0], [892.0, 479.0, 602.0], [876.0, 587.0, 376.0], [875.0, 616.0, 416.0], [875.0, 600.0, 457.0], [868.0, 673.0, 470.0], [861.0, 485.0, 586.0], [850.0, 585.0, 582.0], [845.0, 664.0, 519.0], [845.0, 615.0, 520.0], [841.0, 680.0, 380.0], [838.0, 653.0, 521.0], [834.0, 589.0, 542.0], [833.0, 709.0, 373.0], [828.0, 698.0, 387.0], [820.0, 709.0, 460.0], [820.0, 596.0, 631.0], [819.0, 724.0, 396.0], [819.0, 633.0, 550.0], [809.0, 744.0, 406.0], [805.0, 667.0, 486.0], [802.0, 607.0, 565.0], [800.0, 722.0, 432.0], [799.0, 642.0, 537.0], [798.0, 711.0, 458.0], [795.0, 682.0, 479.0], [793.0, 749.0, 389.0], [792.0, 714.0, 513.0], [790.0, 761.0, 372.0], [787.0, 666.0, 548.0], [780.0, 790.0, 349.0], [779.0, 745.0, 403.0], [778.0, 691.0, 524.0], [776.0, 638.0, 560.0], [770.0, 762.0, 377.0], [770.0, 754.0, 459.0], [767.0, 776.0, 446.0], [767.0, 762.0, 493.0], [765.0, 746.0, 503.0], [760.0, 637.0, 581.0], [758.0, 779.0, 401.0], [757.0, 641.0, 615.0], [756.0, 774.0, 476.0], [756.0, 731.0, 517.0], [754.0, 734.0, 530.0], [754.0, 589.0, 684.0], [753.0, 806.0, 360.0], [753.0, 774.0, 483.0], [752.0, 783.0, 371.0], [751.0, 680.0, 584.0], [745.0, 783.0, 418.0], [745.0, 755.0, 531.0], [744.0, 757.0, 518.0], [741.0, 792.0, 392.0], [741.0, 791.0, 431.0], [741.0, 741.0, 586.0], [735.0, 592.0, 653.0], [732.0, 789.0, 495.0], [731.0, 606.0, 617.0], [728.0, 843.0, 467.0], [723.0, 797.0, 478.0], [721.0, 693.0, 610.0], [720.0, 648.0, 618.0], [717.0, 855.0, 446.0], [716.0, 880.0, 408.0], [712.0, 812.0, 474.0], [712.0, 768.0, 504.0], [712.0, 749.0, 567.0], [706.0, 669.0, 614.0], [704.0, 794.0, 489.0], [703.0, 774.0, 555.0], [703.0, 696.0, 588.0], [701.0, 659.0, 630.0], [701.0, 655.0, 645.0], [700.0, 852.0, 449.0], [700.0, 851.0, 461.0], [699.0, 832.0, 507.0], [698.0, 671.0, 628.0], [695.0, 850.0, 470.0], [692.0, 805.0, 555.0], [691.0, 887.0, 301.0], [691.0, 857.0, 468.0], [690.0, 890.0, 360.0], [690.0, 869.0, 488.0], [685.0, 696.0, 599.0], [684.0, 754.0, 559.0], [684.0, 702.0, 610.0], [682.0, 892.0, 236.0], [680.0, 903.0, 356.0], [680.0, 885.0, 365.0], [680.0, 880.0, 411.0], [677.0, 882.0, 394.0], [677.0, 805.0, 557.0], [676.0, 925.0, 337.0], [676.0, 785.0, 558.0], [674.0, 900.0, 393.0], [672.0, 904.0, 340.0], [672.0, 888.0, 434.0], [671.0, 820.0, 554.0], [671.0, 817.0, 570.0], [670.0, 920.0, 439.0], [668.0, 924.0, 390.0], [668.0, 837.0, 510.0], [666.0, 717.0, 634.0], [665.0, 938.0, 320.0], [665.0, 889.0, 474.0], [664.0, 886.0, 504.0], [660.0, 742.0, 609.0], [660.0, 725.0, 634.0], [659.0, 844.0, 527.0], [658.0, 931.0, 361.0], [657.0, 841.0, 563.0], [655.0, 925.0, 375.0], [655.0, 662.0, 689.0], [653.0, 942.0, 365.0], [653.0, 711.0, 660.0], [653.0, 709.0, 679.0], [652.0, 765.0, 573.0], [652.0, 757.0, 600.0], [651.0, 798.0, 584.0], [649.0, 849.0, 505.0], [646.0, 978.0, 336.0], [646.0, 932.0, 379.0], [646.0, 895.0, 504.0], [646.0, 872.0, 517.0], [645.0, 920.0, 482.0], [645.0, 880.0, 550.0], [642.0, 948.0, 341.0], [642.0, 731.0, 619.0], [638.0, 942.0, 382.0], [638.0, 843.0, 553.0], [637.0, 943.0, 380.0], [637.0, 761.0, 603.0], [636.0, 848.0, 552.0], [636.0, 767.0, 596.0], [635.0, 954.0, 421.0], [634.0, 802.0, 582.0], [633.0, 744.0, 625.0], [632.0, 946.0, 427.0], [632.0, 806.0, 574.0], [631.0, 902.0, 519.0], [630.0, 846.0, 587.0], [629.0, 735.0, 651.0], [627.0, 764.0, 609.0], [625.0, 962.0, 404.0], [622.0, 813.0, 596.0], [620.0, 856.0, 571.0], [619.0, 933.0, 440.0], [618.0, 948.0, 481.0], [618.0, 909.0, 528.0], [615.0, 953.0, 453.0], [615.0, 792.0, 635.0], [615.0, 768.0, 651.0], [611.0, 1008.0, 349.0], [611.0, 959.0, 417.0], [611.0, 888.0, 531.0], [609.0, 798.0, 662.0], [608.0, 932.0, 503.0], [608.0, 859.0, 572.0], [606.0, 911.0, 538.0], [606.0, 887.0, 563.0], [605.0, 966.0, 370.0], [605.0, 953.0, 463.0], [604.0, 973.0, 377.0], [603.0, 995.0, 355.0], [602.0, 1015.0, 379.0], [602.0, 976.0, 409.0], [602.0, 918.0, 518.0], [602.0, 826.0, 622.0], [601.0, 973.0, 434.0], [598.0, 894.0, 557.0], [598.0, 808.0, 630.0], [597.0, 917.0, 557.0], [596.0, 950.0, 470.0], [596.0, 874.0, 602.0], [593.0, 998.0, 446.0], [592.0, 843.0, 605.0], [590.0, 957.0, 479.0], [590.0, 884.0, 574.0], [589.0, 1039.0, 311.0], [589.0, 1026.0, 371.0], [586.0, 972.0, 457.0], [585.0, 912.0, 560.0], [583.0, 948.0, 554.0], [582.0, 973.0, 478.0], [579.0, 1067.0, 340.0], [579.0, 902.0, 564.0], [574.0, 882.0, 604.0], [573.0, 1018.0, 389.0], [573.0, 925.0, 590.0], [573.0, 856.0, 611.0], [572.0, 982.0, 472.0], [571.0, 1021.0, 384.0], [569.0, 936.0, 575.0], [569.0, 887.0, 600.0], [568.0, 954.0, 515.0], [567.0, 1032.0, 373.0], [567.0, 985.0, 456.0], [566.0, 970.0, 519.0], [565.0, 1035.0, 390.0], [565.0, 872.0, 629.0], [564.0, 984.0, 460.0], [563.0, 950.0, 537.0], [563.0, 801.0, 638.0], [562.0, 999.0, 466.0], [562.0, 982.0, 501.0], [562.0, 848.0, 649.0], [560.0, 972.0, 526.0], [559.0, 1023.0, 406.0], [559.0, 884.0, 635.0], [557.0, 854.0, 638.0], [556.0, 1029.0, 414.0], [555.0, 1070.0, 269.0], [555.0, 1041.0, 366.0], [554.0, 1007.0, 427.0], [552.0, 1010.0, 546.0], [547.0, 1092.0, 351.0], [547.0, 1085.0, 365.0], [546.0, 1018.0, 422.0], [546.0, 1013.0, 430.0], [545.0, 1027.0, 437.0], [544.0, 964.0, 565.0], [543.0, 1060.0, 366.0], [543.0, 895.0, 610.0], [542.0, 1051.0, 475.0], [538.0, 959.0, 582.0], [534.0, 929.0, 594.0], [532.0, 955.0, 585.0], [532.0, 905.0, 597.0], [531.0, 1018.0, 515.0], [530.0, 937.0, 618.0], [529.0, 1018.0, 545.0], [527.0, 1100.0, 348.0], [526.0, 1060.0, 374.0], [525.0, 1063.0, 375.0], [524.0, 1057.0, 384.0], [523.0, 1068.0, 387.0], [523.0, 1056.0, 395.0], [523.0, 762.0, 663.0], [522.0, 1090.0, 389.0], [518.0, 960.0, 605.0], [516.0, 930.0, 632.0], [515.0, 1080.0, 404.0], [515.0, 1038.0, 494.0], [515.0, 866.0, 645.0], [513.0, 1101.0, 373.0], [513.0, 1062.0, 411.0], [512.0, 1060.0, 414.0], [512.0, 1057.0, 433.0], [510.0, 977.0, 575.0], [510.0, 871.0, 668.0], [509.0, 1108.0, 334.0], [509.0, 1064.0, 415.0], [508.0, 1102.0, 401.0], [507.0, 1092.0, 468.0], [507.0, 1050.0, 553.0], [506.0, 1113.0, 349.0], [502.0, 897.0, 633.0], [500.0, 1122.0, 369.0], [498.0, 1142.0, 256.0], [498.0, 886.0, 650.0], [497.0, 1126.0, 388.0], [497.0, 1111.0, 418.0], [497.0, 881.0, 674.0], [495.0, 946.0, 626.0], [493.0, 1059.0, 494.0], [493.0, 982.0, 559.0], [492.0, 1146.0, 373.0], [492.0, 969.0, 592.0], [491.0, 962.0, 607.0], [490.0, 859.0, 695.0], [489.0, 1019.0, 566.0], [489.0, 970.0, 609.0], [487.0, 1163.0, 350.0], [484.0, 1114.0, 457.0], [483.0, 988.0, 589.0], [480.0, 1006.0, 580.0], [479.0, 1053.0, 505.0], [479.0, 989.0, 612.0], [477.0, 1119.0, 453.0], [474.0, 1101.0, 468.0], [474.0, 1032.0, 574.0], [474.0, 998.0, 596.0], [473.0, 1115.0, 502.0], [473.0, 1056.0, 564.0], [468.0, 1069.0, 554.0], [468.0, 1009.0, 593.0], [466.0, 939.0, 632.0], [465.0, 1169.0, 325.0], [465.0, 969.0, 615.0], [464.0, 1031.0, 582.0], [463.0, 948.0, 651.0], [462.0, 1145.0, 399.0], [461.0, 1175.0, 284.0], [458.0, 1041.0, 565.0], [457.0, 1116.0, 521.0], [456.0, 1167.0, 422.0], [456.0, 1041.0, 595.0], [456.0, 998.0, 609.0], [455.0, 949.0, 648.0], [453.0, 1126.0, 427.0], [452.0, 948.0, 670.0], [451.0, 1183.0, 290.0], [451.0, 982.0, 615.0], [449.0, 1143.0, 478.0], [449.0, 1076.0, 539.0], [448.0, 1180.0, 341.0], [447.0, 994.0, 633.0], [446.0, 1204.0, 271.0], [441.0, 1189.0, 324.0], [440.0, 1214.0, 378.0], [439.0, 1144.0, 445.0], [437.0, 1059.0, 563.0], [436.0, 1026.0, 627.0], [433.0, 967.0, 638.0], [432.0, 1176.0, 396.0], [430.0, 1125.0, 516.0], [427.0, 1077.0, 550.0], [427.0, 1053.0, 586.0], [426.0, 1244.0, 273.0], [426.0, 1236.0, 284.0], [426.0, 1094.0, 523.0], [426.0, 1066.0, 567.0], [425.0, 1159.0, 431.0], [424.0, 1068.0, 563.0], [424.0, 1033.0, 606.0], [422.0, 1181.0, 383.0], [422.0, 1052.0, 613.0], [420.0, 1183.0, 393.0], [420.0, 1109.0, 543.0], [419.0, 951.0, 640.0], [418.0, 1117.0, 528.0], [418.0, 1078.0, 545.0], [417.0, 1244.0, 292.0], [417.0, 1154.0, 437.0], [417.0, 964.0, 685.0], [416.0, 1073.0, 561.0], [415.0, 1255.0, 278.0], [414.0, 1156.0, 497.0], [413.0, 1079.0, 547.0], [410.0, 1184.0, 396.0], [410.0, 1064.0, 572.0], [409.0, 1207.0, 398.0], [409.0, 1159.0, 436.0], [409.0, 1051.0, 626.0], [408.0, 1196.0, 454.0], [407.0, 1100.0, 549.0], [406.0, 1224.0, 401.0], [404.0, 1264.0, 308.0], [404.0, 1077.0, 598.0], [403.0, 1209.0, 434.0], [403.0, 1197.0, 437.0], [402.0, 1238.0, 337.0], [400.0, 1219.0, 422.0], [399.0, 989.0, 645.0], [394.0, 1170.0, 463.0], [394.0, 1130.0, 499.0], [391.0, 1268.0, 355.0], [390.0, 930.0, 720.0], [386.0, 1084.0, 562.0], [386.0, 1080.0, 595.0], [381.0, 1159.0, 472.0], [381.0, 1111.0, 539.0], [380.0, 1064.0, 615.0], [377.0, 1248.0, 363.0], [375.0, 1235.0, 394.0], [374.0, 1177.0, 461.0], [373.0, 1174.0, 499.0], [373.0, 1128.0, 536.0], [373.0, 1053.0, 619.0], [372.0, 955.0, 709.0], [371.0, 1081.0, 568.0], [369.0, 1195.0, 478.0], [369.0, 1088.0, 571.0], [368.0, 1274.0, 294.0], [368.0, 1110.0, 556.0], [368.0, 1086.0, 580.0], [367.0, 1223.0, 418.0], [366.0, 1116.0, 537.0], [365.0, 1108.0, 565.0], [364.0, 1059.0, 618.0], [362.0, 1245.0, 380.0], [362.0, 1167.0, 504.0], [361.0, 1268.0, 358.0], [361.0, 1119.0, 547.0], [360.0, 1157.0, 519.0], [360.0, 1134.0, 531.0], [360.0, 1039.0, 631.0], [359.0, 1135.0, 578.0], [357.0, 1278.0, 303.0], [357.0, 1197.0, 452.0], [356.0, 1210.0, 446.0], [356.0, 1146.0, 527.0], [355.0, 1233.0, 421.0], [354.0, 1297.0, 325.0], [354.0, 1250.0, 430.0], [353.0, 1270.0, 365.0], [353.0, 1207.0, 447.0], [353.0, 1140.0, 534.0], [352.0, 1275.0, 330.0], [352.0, 1207.0, 452.0], [350.0, 1216.0, 439.0], [350.0, 1137.0, 551.0], [349.0, 1233.0, 433.0], [349.0, 1198.0, 472.0], [348.0, 1065.0, 658.0], [347.0, 1169.0, 510.0], [347.0, 1103.0, 581.0], [345.0, 1137.0, 566.0], [344.0, 1289.0, 332.0], [344.0, 1191.0, 483.0], [343.0, 1117.0, 616.0], [341.0, 1332.0, 254.0], [341.0, 1075.0, 666.0], [340.0, 1296.0, 394.0], [340.0, 1175.0, 496.0], [337.0, 1105.0, 629.0], [334.0, 1276.0, 415.0], [334.0, 1199.0, 494.0], [333.0, 1297.0, 341.0], [333.0, 1171.0, 527.0], [332.0, 1307.0, 338.0], [332.0, 1187.0, 544.0], [331.0, 1150.0, 569.0], [331.0, 1126.0, 606.0], [330.0, 1171.0, 549.0], [327.0, 1244.0, 456.0], [326.0, 1289.0, 400.0], [325.0, 1335.0, 333.0], [325.0, 1216.0, 502.0], [325.0, 1190.0, 503.0], [324.0, 1351.0, 307.0], [323.0, 1137.0, 592.0], [320.0, 1344.0, 368.0], [319.0, 1314.0, 378.0], [318.0, 1192.0, 544.0], [317.0, 1278.0, 410.0], [316.0, 1348.0, 310.0], [309.0, 1354.0, 319.0], [308.0, 1287.0, 433.0], [304.0, 1233.0, 471.0], [303.0, 1216.0, 538.0], [301.0, 1258.0, 434.0], [301.0, 1256.0, 436.0], [300.0, 1205.0, 571.0], [299.0, 1300.0, 383.0], [299.0, 1142.0, 573.0], [297.0, 1309.0, 397.0], [296.0, 1218.0, 478.0], [296.0, 1123.0, 626.0], [295.0, 1358.0, 266.0], [295.0, 1218.0, 526.0], [295.0, 1211.0, 550.0], [293.0, 1254.0, 452.0], [293.0, 1224.0, 472.0], [288.0, 1213.0, 569.0], [287.0, 1230.0, 481.0], [286.0, 1358.0, 288.0], [286.0, 1223.0, 522.0], [282.0, 1227.0, 496.0], [281.0, 1362.0, 300.0], [281.0, 1230.0, 490.0], [280.0, 1363.0, 270.0], [279.0, 1294.0, 420.0], [277.0, 1350.0, 325.0], [275.0, 1309.0, 461.0], [275.0, 1214.0, 546.0], [273.0, 1356.0, 320.0], [267.0, 1369.0, 339.0], [266.0, 1317.0, 379.0], [266.0, 1257.0, 468.0], [266.0, 1162.0, 592.0], [265.0, 1374.0, 287.0], [264.0, 1260.0, 484.0], [262.0, 1229.0, 502.0], [261.0, 1292.0, 472.0], [260.0, 1232.0, 490.0], [259.0, 1374.0, 383.0], [259.0, 1312.0, 385.0], [257.0, 1265.0, 513.0], [255.0, 1310.0, 392.0], [254.0, 1375.0, 280.0], [254.0, 1294.0, 470.0], [254.0, 1232.0, 530.0], [251.0, 1234.0, 536.0], [248.0, 1289.0, 473.0], [247.0, 1311.0, 402.0], [243.0, 1375.0, 304.0], [241.0, 1314.0, 410.0], [240.0, 1376.0, 323.0], [238.0, 1384.0, 351.0], [238.0, 1314.0, 414.0], [237.0, 1267.0, 492.0], [237.0, 1210.0, 571.0], [235.0, 1191.0, 579.0], [234.0, 1399.0, 394.0], [234.0, 1321.0, 411.0], [226.0, 1275.0, 475.0], [224.0, 1381.0, 413.0], [222.0, 1313.0, 437.0], [222.0, 1300.0, 514.0], [217.0, 1234.0, 562.0], [214.0, 1318.0, 414.0], [212.0, 1321.0, 443.0], [211.0, 1470.0, 321.0], [203.0, 1320.0, 447.0], [194.0, 1304.0, 499.0], [191.0, 1422.0, 330.0], [190.0, 1457.0, 338.0], [188.0, 1404.0, 351.0], [184.0, 1309.0, 471.0], [184.0, 1296.0, 528.0], [182.0, 1327.0, 429.0], [177.0, 1467.0, 338.0], [177.0, 1424.0, 345.0], [175.0, 1305.0, 490.0], [169.0, 1450.0, 340.0], [167.0, 1356.0, 427.0], [166.0, 1473.0, 356.0], [164.0, 1320.0, 450.0], [158.0, 1412.0, 395.0], [158.0, 1375.0, 461.0], [154.0, 1303.0, 510.0], [151.0, 1451.0, 385.0], [140.0, 1476.0, 278.0], [137.0, 1398.0, 440.0], [129.0, 1309.0, 521.0], [123.0, 1479.0, 329.0], [122.0, 1376.0, 459.0], [98.0, 1480.0, 337.0], [96.0, 1386.0, 448.0], [86.0, 1452.0, 358.0], [83.0, 1487.0, 307.0], [82.0, 1490.0, 332.0]]
