heur = true
LBS_limit = 4
preproc = 1
tight_root = 0
total_time = 18.23
NDP = 125
total_nodes = 3767
pruned_nodes = 1884
pruned_dominance_nodes = 0
heur_time = 1.22
Y_N = Any[[2191.0, 2236.0, 1671.0], [2182.0, 2299.0, 1348.0], [2141.0, 2247.0, 1592.0], [2140.0, 2295.0, 1584.0], [2140.0, 2279.0, 1625.0], [2126.0, 2422.0, 1440.0], [2097.0, 2368.0, 1559.0], [2075.0, 2310.0, 1617.0], [2069.0, 2465.0, 1413.0], [2067.0, 2384.0, 1444.0], [2047.0, 2465.0, 1504.0], [2046.0, 2397.0, 1519.0], [2042.0, 2462.0, 1595.0], [2028.0, 2491.0, 1354.0], [2026.0, 2574.0, 1386.0], [2023.0, 2475.0, 1596.0], [1990.0, 2617.0, 1097.0], [1989.0, 2629.0, 1290.0], [1986.0, 2576.0, 1392.0], [1966.0, 2685.0, 1257.0], [1956.0, 2519.0, 1406.0], [1956.0, 2455.0, 1600.0], [1954.0, 2511.0, 1474.0], [1946.0, 2519.0, 1479.0], [1940.0, 2408.0, 1633.0], [1933.0, 2588.0, 1481.0], [1930.0, 2615.0, 1499.0], [1927.0, 2642.0, 1385.0], [1927.0, 2635.0, 1492.0], [1920.0, 2730.0, 1346.0], [1915.0, 2601.0, 1620.0], [1899.0, 2634.0, 1503.0], [1897.0, 2643.0, 1516.0], [1896.0, 2724.0, 1366.0], [1892.0, 2499.0, 1678.0], [1887.0, 2738.0, 1327.0], [1885.0, 2674.0, 1453.0], [1884.0, 2779.0, 1280.0], [1878.0, 2609.0, 1594.0], [1869.0, 2786.0, 1160.0], [1842.0, 2780.0, 1353.0], [1837.0, 2820.0, 1281.0], [1837.0, 2715.0, 1476.0], [1834.0, 2813.0, 1305.0], [1829.0, 2741.0, 1369.0], [1822.0, 2725.0, 1423.0], [1819.0, 2760.0, 1446.0], [1818.0, 2859.0, 1014.0], [1815.0, 2576.0, 1651.0], [1814.0, 2794.0, 1372.0], [1810.0, 2884.0, 1260.0], [1810.0, 2796.0, 1382.0], [1807.0, 2813.0, 1350.0], [1804.0, 2779.0, 1493.0], [1801.0, 2588.0, 1691.0], [1784.0, 2690.0, 1576.0], [1776.0, 2813.0, 1461.0], [1774.0, 2626.0, 1588.0], [1764.0, 2898.0, 1063.0], [1764.0, 2848.0, 1319.0], [1761.0, 2918.0, 1167.0], [1760.0, 2872.0, 1343.0], [1753.0, 2736.0, 1529.0], [1750.0, 2702.0, 1620.0], [1737.0, 2758.0, 1528.0], [1731.0, 2866.0, 1394.0], [1726.0, 2911.0, 1250.0], [1726.0, 2893.0, 1465.0], [1721.0, 2942.0, 1051.0], [1716.0, 2989.0, 1188.0], [1715.0, 2793.0, 1474.0], [1714.0, 2953.0, 1259.0], [1704.0, 2838.0, 1492.0], [1702.0, 2955.0, 1214.0], [1699.0, 2857.0, 1537.0], [1698.0, 2908.0, 1450.0], [1696.0, 2956.0, 1343.0], [1696.0, 2913.0, 1394.0], [1695.0, 2918.0, 1372.0], [1690.0, 2715.0, 1562.0], [1688.0, 2909.0, 1412.0], [1687.0, 2994.0, 1095.0], [1686.0, 2985.0, 1365.0], [1680.0, 2995.0, 1256.0], [1670.0, 3009.0, 1215.0], [1658.0, 2841.0, 1556.0], [1657.0, 2999.0, 1385.0], [1642.0, 2728.0, 1641.0], [1641.0, 2944.0, 1417.0], [1641.0, 2803.0, 1609.0], [1636.0, 3075.0, 1061.0], [1636.0, 3066.0, 1202.0], [1632.0, 3036.0, 1344.0], [1622.0, 2952.0, 1389.0], [1617.0, 2940.0, 1466.0], [1617.0, 2938.0, 1517.0], [1613.0, 3065.0, 1231.0], [1606.0, 2847.0, 1621.0], [1604.0, 2903.0, 1621.0], [1601.0, 2967.0, 1450.0], [1597.0, 3014.0, 1422.0], [1592.0, 3065.0, 1288.0], [1581.0, 3143.0, 1208.0], [1576.0, 3086.0, 1214.0], [1571.0, 3028.0, 1479.0], [1570.0, 3069.0, 1436.0], [1561.0, 3177.0, 1141.0], [1548.0, 3104.0, 1398.0], [1545.0, 3139.0, 1273.0], [1539.0, 2907.0, 1663.0], [1525.0, 3046.0, 1488.0], [1521.0, 3128.0, 1375.0], [1517.0, 3144.0, 1216.0], [1510.0, 2930.0, 1534.0], [1499.0, 2944.0, 1559.0], [1493.0, 3217.0, 1283.0], [1467.0, 3210.0, 1297.0], [1464.0, 3256.0, 1316.0], [1420.0, 3181.0, 1484.0], [1419.0, 3189.0, 1453.0], [1362.0, 3316.0, 1314.0], [1333.0, 3272.0, 1346.0], [1323.0, 3290.0, 1393.0], [1301.0, 3347.0, 1424.0], [1249.0, 3360.0, 1327.0]]
