heur = true
LBS_limit = 4
preproc = 1
tight_root = 0
total_time = 705.71
NDP = 398
total_nodes = 81383
pruned_nodes = 40692
pruned_dominance_nodes = 25
heur_time = 0.93
Y_N = Any[[512.0, 394.0, 280.0], [443.0, 481.0, 291.0], [440.0, 487.0, 320.0], [429.0, 535.0, 240.0], [427.0, 487.0, 323.0], [423.0, 503.0, 306.0], [419.0, 496.0, 322.0], [413.0, 550.0, 239.0], [412.0, 544.0, 289.0], [407.0, 594.0, 245.0], [407.0, 497.0, 328.0], [403.0, 505.0, 302.0], [396.0, 561.0, 278.0], [396.0, 548.0, 301.0], [395.0, 521.0, 307.0], [391.0, 551.0, 320.0], [388.0, 556.0, 306.0], [385.0, 595.0, 170.0], [383.0, 559.0, 327.0], [382.0, 569.0, 303.0], [380.0, 619.0, 163.0], [378.0, 608.0, 260.0], [377.0, 613.0, 304.0], [377.0, 495.0, 372.0], [376.0, 570.0, 313.0], [373.0, 626.0, 191.0], [372.0, 563.0, 318.0], [369.0, 630.0, 272.0], [368.0, 578.0, 343.0], [359.0, 617.0, 277.0], [358.0, 621.0, 284.0], [356.0, 622.0, 291.0], [356.0, 581.0, 320.0], [355.0, 634.0, 267.0], [352.0, 590.0, 308.0], [352.0, 572.0, 354.0], [347.0, 630.0, 273.0], [345.0, 636.0, 229.0], [344.0, 638.0, 270.0], [344.0, 582.0, 327.0], [343.0, 584.0, 309.0], [341.0, 639.0, 204.0], [340.0, 648.0, 236.0], [340.0, 596.0, 305.0], [337.0, 647.0, 282.0], [337.0, 643.0, 298.0], [336.0, 663.0, 175.0], [336.0, 579.0, 387.0], [335.0, 640.0, 321.0], [333.0, 650.0, 202.0], [332.0, 667.0, 156.0], [330.0, 693.0, 210.0], [329.0, 651.0, 276.0], [325.0, 654.0, 219.0], [324.0, 595.0, 327.0], [321.0, 701.0, 215.0], [321.0, 654.0, 235.0], [318.0, 680.0, 248.0], [318.0, 663.0, 251.0], [317.0, 718.0, 191.0], [312.0, 684.0, 247.0], [312.0, 653.0, 274.0], [311.0, 674.0, 260.0], [309.0, 646.0, 287.0], [307.0, 703.0, 237.0], [307.0, 640.0, 340.0], [306.0, 710.0, 217.0], [306.0, 692.0, 281.0], [305.0, 712.0, 209.0], [305.0, 650.0, 323.0], [305.0, 641.0, 336.0], [304.0, 714.0, 230.0], [304.0, 649.0, 326.0], [303.0, 710.0, 247.0], [303.0, 697.0, 274.0], [303.0, 655.0, 283.0], [300.0, 715.0, 251.0], [300.0, 652.0, 300.0], [299.0, 724.0, 208.0], [298.0, 698.0, 263.0], [298.0, 653.0, 287.0], [297.0, 658.0, 357.0], [293.0, 666.0, 285.0], [291.0, 702.0, 282.0], [289.0, 668.0, 352.0], [288.0, 720.0, 225.0], [287.0, 722.0, 217.0], [286.0, 669.0, 299.0], [285.0, 676.0, 300.0], [284.0, 724.0, 214.0], [284.0, 699.0, 284.0], [282.0, 725.0, 173.0], [282.0, 714.0, 264.0], [281.0, 724.0, 256.0], [281.0, 721.0, 265.0], [281.0, 679.0, 287.0], [280.0, 711.0, 308.0], [280.0, 669.0, 318.0], [279.0, 743.0, 117.0], [279.0, 736.0, 199.0], [278.0, 732.0, 252.0], [276.0, 773.0, 141.0], [275.0, 719.0, 282.0], [274.0, 717.0, 285.0], [272.0, 720.0, 286.0], [271.0, 759.0, 185.0], [271.0, 712.0, 292.0], [270.0, 721.0, 323.0], [268.0, 723.0, 272.0], [265.0, 764.0, 185.0], [265.0, 738.0, 231.0], [264.0, 725.0, 268.0], [263.0, 779.0, 142.0], [263.0, 778.0, 187.0], [263.0, 750.0, 192.0], [263.0, 747.0, 204.0], [263.0, 742.0, 213.0], [262.0, 730.0, 288.0], [261.0, 798.0, 186.0], [261.0, 722.0, 302.0], [261.0, 686.0, 324.0], [260.0, 776.0, 190.0], [260.0, 747.0, 209.0], [260.0, 746.0, 229.0], [259.0, 742.0, 259.0], [258.0, 731.0, 300.0], [257.0, 764.0, 201.0], [257.0, 686.0, 339.0], [256.0, 802.0, 137.0], [256.0, 783.0, 187.0], [256.0, 747.0, 240.0], [255.0, 765.0, 214.0], [253.0, 776.0, 231.0], [253.0, 740.0, 276.0], [252.0, 734.0, 296.0], [251.0, 752.0, 237.0], [250.0, 789.0, 192.0], [249.0, 780.0, 195.0], [247.0, 740.0, 285.0], [246.0, 743.0, 241.0], [246.0, 741.0, 264.0], [244.0, 786.0, 196.0], [244.0, 782.0, 214.0], [243.0, 826.0, 171.0], [243.0, 745.0, 245.0], [243.0, 725.0, 303.0], [242.0, 775.0, 255.0], [242.0, 745.0, 268.0], [241.0, 784.0, 265.0], [241.0, 733.0, 324.0], [241.0, 716.0, 326.0], [239.0, 786.0, 202.0], [239.0, 742.0, 298.0], [237.0, 799.0, 172.0], [237.0, 791.0, 211.0], [237.0, 724.0, 325.0], [236.0, 739.0, 324.0], [235.0, 712.0, 335.0], [235.0, 653.0, 366.0], [232.0, 733.0, 331.0], [231.0, 746.0, 275.0], [231.0, 728.0, 339.0], [230.0, 802.0, 193.0], [230.0, 792.0, 198.0], [230.0, 785.0, 241.0], [228.0, 754.0, 302.0], [227.0, 795.0, 211.0], [226.0, 813.0, 188.0], [225.0, 800.0, 199.0], [225.0, 791.0, 266.0], [225.0, 775.0, 273.0], [225.0, 725.0, 362.0], [224.0, 814.0, 188.0], [224.0, 793.0, 248.0], [223.0, 806.0, 239.0], [223.0, 741.0, 316.0], [222.0, 748.0, 304.0], [221.0, 879.0, 130.0], [220.0, 832.0, 176.0], [220.0, 809.0, 192.0], [218.0, 850.0, 148.0], [218.0, 799.0, 249.0], [215.0, 823.0, 202.0], [215.0, 805.0, 254.0], [214.0, 877.0, 140.0], [214.0, 829.0, 192.0], [214.0, 806.0, 246.0], [212.0, 792.0, 263.0], [212.0, 764.0, 284.0], [212.0, 752.0, 321.0], [211.0, 815.0, 223.0], [210.0, 819.0, 212.0], [209.0, 797.0, 265.0], [209.0, 787.0, 289.0], [209.0, 749.0, 342.0], [208.0, 808.0, 271.0], [208.0, 731.0, 344.0], [207.0, 847.0, 168.0], [205.0, 832.0, 184.0], [205.0, 797.0, 305.0], [203.0, 830.0, 213.0], [203.0, 820.0, 221.0], [203.0, 810.0, 240.0], [203.0, 806.0, 273.0], [203.0, 793.0, 314.0], [203.0, 753.0, 338.0], [202.0, 831.0, 211.0], [201.0, 805.0, 276.0], [200.0, 833.0, 172.0], [199.0, 828.0, 246.0], [199.0, 817.0, 251.0], [197.0, 835.0, 191.0], [197.0, 810.0, 263.0], [196.0, 876.0, 148.0], [196.0, 847.0, 218.0], [196.0, 808.0, 282.0], [195.0, 802.0, 300.0], [194.0, 735.0, 350.0], [193.0, 871.0, 170.0], [193.0, 812.0, 253.0], [191.0, 812.0, 259.0], [191.0, 809.0, 299.0], [191.0, 766.0, 334.0], [190.0, 881.0, 151.0], [190.0, 814.0, 277.0], [190.0, 730.0, 354.0], [189.0, 850.0, 214.0], [189.0, 831.0, 228.0], [189.0, 821.0, 257.0], [187.0, 861.0, 215.0], [187.0, 839.0, 230.0], [187.0, 825.0, 283.0], [186.0, 810.0, 303.0], [185.0, 868.0, 175.0], [184.0, 828.0, 247.0], [183.0, 890.0, 194.0], [180.0, 864.0, 216.0], [180.0, 813.0, 305.0], [179.0, 827.0, 288.0], [178.0, 839.0, 233.0], [178.0, 814.0, 313.0], [178.0, 785.0, 322.0], [177.0, 836.0, 254.0], [177.0, 818.0, 290.0], [176.0, 825.0, 306.0], [176.0, 814.0, 335.0], [175.0, 819.0, 310.0], [173.0, 894.0, 210.0], [173.0, 849.0, 234.0], [173.0, 836.0, 273.0], [171.0, 754.0, 377.0], [169.0, 864.0, 249.0], [169.0, 839.0, 254.0], [168.0, 838.0, 292.0], [168.0, 731.0, 406.0], [167.0, 904.0, 159.0], [165.0, 895.0, 179.0], [165.0, 840.0, 258.0], [164.0, 899.0, 185.0], [164.0, 879.0, 239.0], [164.0, 844.0, 291.0], [163.0, 902.0, 189.0], [159.0, 897.0, 198.0], [158.0, 888.0, 227.0], [156.0, 890.0, 213.0], [155.0, 913.0, 192.0], [155.0, 816.0, 334.0], [154.0, 900.0, 199.0], [154.0, 836.0, 293.0], [153.0, 894.0, 215.0], [153.0, 817.0, 325.0], [151.0, 922.0, 162.0], [151.0, 833.0, 295.0], [151.0, 813.0, 348.0], [150.0, 894.0, 249.0], [150.0, 877.0, 262.0], [149.0, 898.0, 200.0], [149.0, 820.0, 313.0], [147.0, 891.0, 290.0], [147.0, 839.0, 307.0], [147.0, 824.0, 317.0], [146.0, 847.0, 294.0], [146.0, 817.0, 327.0], [145.0, 906.0, 195.0], [144.0, 821.0, 319.0], [144.0, 818.0, 329.0], [143.0, 897.0, 262.0], [143.0, 819.0, 344.0], [140.0, 900.0, 228.0], [138.0, 931.0, 204.0], [138.0, 905.0, 207.0], [138.0, 825.0, 322.0], [137.0, 921.0, 218.0], [135.0, 904.0, 239.0], [135.0, 899.0, 249.0], [135.0, 829.0, 318.0], [134.0, 830.0, 322.0], [134.0, 820.0, 339.0], [133.0, 900.0, 283.0], [132.0, 911.0, 244.0], [132.0, 902.0, 260.0], [128.0, 965.0, 130.0], [128.0, 923.0, 217.0], [126.0, 950.0, 155.0], [124.0, 981.0, 171.0], [124.0, 887.0, 295.0], [124.0, 843.0, 318.0], [123.0, 886.0, 310.0], [123.0, 817.0, 377.0], [122.0, 821.0, 325.0], [121.0, 917.0, 221.0], [121.0, 820.0, 362.0], [119.0, 822.0, 341.0], [117.0, 831.0, 325.0], [116.0, 913.0, 225.0], [115.0, 932.0, 198.0], [115.0, 903.0, 263.0], [115.0, 897.0, 294.0], [115.0, 844.0, 331.0], [113.0, 902.0, 272.0], [112.0, 948.0, 172.0], [112.0, 933.0, 215.0], [112.0, 821.0, 356.0], [111.0, 910.0, 248.0], [111.0, 902.0, 295.0], [110.0, 823.0, 332.0], [109.0, 934.0, 204.0], [109.0, 930.0, 265.0], [108.0, 982.0, 181.0], [107.0, 987.0, 146.0], [107.0, 937.0, 184.0], [106.0, 978.0, 199.0], [105.0, 988.0, 174.0], [100.0, 902.0, 325.0], [99.0, 907.0, 291.0], [98.0, 961.0, 207.0], [95.0, 980.0, 194.0], [95.0, 939.0, 234.0], [95.0, 904.0, 309.0], [91.0, 909.0, 294.0], [89.0, 931.0, 247.0], [89.0, 915.0, 268.0], [87.0, 912.0, 271.0], [85.0, 989.0, 212.0], [85.0, 937.0, 247.0], [85.0, 922.0, 271.0], [85.0, 918.0, 278.0], [83.0, 913.0, 288.0], [82.0, 971.0, 213.0], [80.0, 906.0, 295.0], [79.0, 925.0, 266.0], [78.0, 990.0, 171.0], [77.0, 971.0, 223.0], [75.0, 940.0, 226.0], [75.0, 908.0, 299.0], [73.0, 941.0, 233.0], [73.0, 916.0, 281.0], [72.0, 961.0, 227.0], [71.0, 930.0, 274.0], [70.0, 963.0, 227.0], [70.0, 942.0, 228.0], [67.0, 907.0, 315.0], [66.0, 932.0, 262.0], [65.0, 974.0, 225.0], [65.0, 909.0, 295.0], [64.0, 992.0, 219.0], [64.0, 979.0, 227.0], [64.0, 920.0, 278.0], [64.0, 911.0, 291.0], [63.0, 912.0, 302.0], [62.0, 967.0, 241.0], [60.0, 965.0, 243.0], [60.0, 932.0, 268.0], [58.0, 908.0, 320.0], [57.0, 989.0, 237.0], [57.0, 933.0, 250.0], [56.0, 988.0, 253.0], [54.0, 993.0, 206.0], [53.0, 993.0, 212.0], [53.0, 942.0, 258.0], [52.0, 992.0, 231.0], [51.0, 994.0, 175.0], [50.0, 995.0, 174.0], [49.0, 995.0, 182.0], [45.0, 996.0, 164.0], [42.0, 997.0, 224.0], [41.0, 999.0, 233.0], [36.0, 989.0, 242.0], [32.0, 997.0, 249.0], [29.0, 991.0, 258.0], [28.0, 992.0, 251.0], [22.0, 998.0, 261.0], [21.0, 995.0, 268.0], [20.0, 999.0, 240.0], [17.0, 1000.0, 219.0], [11.0, 998.0, 270.0], [9.0, 999.0, 291.0], [-0.0, 1000.0, 256.0]]
