heur = true
LBS_limit = 4
preproc = 2
tight_root = 0
total_time = 6.01
NDP = 77
total_nodes = 823
pruned_nodes = 412
pruned_dominance_nodes = 0
heur_time = 0.83
Y_N = Any[[274.0, 16.0, 109.0], [243.0, 44.0, 119.0], [240.0, 24.0, 178.0], [220.0, 98.0, 70.0], [217.0, 86.0, 75.0], [204.0, 103.0, 63.0], [200.0, 116.0, 120.0], [200.0, 62.0, 193.0], [192.0, 27.0, 242.0], [188.0, 137.0, 107.0], [183.0, 117.0, 139.0], [177.0, 186.0, 70.0], [177.0, 84.0, 195.0], [174.0, 124.0, 110.0], [167.0, 108.0, 165.0], [166.0, 146.0, 100.0], [164.0, 135.0, 114.0], [163.0, 135.0, 118.0], [162.0, 110.0, 169.0], [153.0, 116.0, 146.0], [148.0, 186.0, 71.0], [147.0, 181.0, 97.0], [147.0, 150.0, 116.0], [142.0, 119.0, 150.0], [140.0, 189.0, 42.0], [140.0, 122.0, 145.0], [139.0, 197.0, 90.0], [138.0, 212.0, 75.0], [134.0, 133.0, 155.0], [133.0, 140.0, 169.0], [131.0, 131.0, 193.0], [125.0, 115.0, 217.0], [122.0, 116.0, 225.0], [120.0, 145.0, 174.0], [119.0, 181.0, 100.0], [118.0, 157.0, 177.0], [117.0, 188.0, 128.0], [117.0, 167.0, 137.0], [115.0, 204.0, 85.0], [114.0, 187.0, 137.0], [112.0, 211.0, 102.0], [111.0, 196.0, 109.0], [106.0, 206.0, 132.0], [102.0, 123.0, 241.0], [101.0, 221.0, 92.0], [98.0, 218.0, 99.0], [98.0, 204.0, 152.0], [97.0, 252.0, 55.0], [92.0, 272.0, 52.0], [92.0, 212.0, 113.0], [88.0, 278.0, 54.0], [87.0, 241.0, 84.0], [87.0, 205.0, 142.0], [86.0, 281.0, 24.0], [84.0, 229.0, 100.0], [83.0, 274.0, 61.0], [78.0, 276.0, 60.0], [77.0, 283.0, 68.0], [77.0, 204.0, 154.0], [75.0, 239.0, 123.0], [69.0, 277.0, 76.0], [67.0, 213.0, 167.0], [66.0, 225.0, 126.0], [65.0, 271.0, 80.0], [63.0, 294.0, 78.0], [60.0, 214.0, 185.0], [54.0, 276.0, 86.0], [43.0, 297.0, 59.0], [37.0, 291.0, 103.0], [29.0, 297.0, 64.0], [25.0, 296.0, 81.0], [24.0, 296.0, 101.0], [21.0, 298.0, 85.0], [16.0, 292.0, 107.0], [13.0, 300.0, 79.0], [13.0, 299.0, 120.0], [-0.0, 300.0, 132.0]]
