heur = true
LBS_limit = 4
preproc = 2
tight_root = 0
total_time = 1486.06
NDP = 473
total_nodes = 134417
pruned_nodes = 67209
pruned_dominance_nodes = 489
heur_time = 2.22
Y_N = Any[[1789.0, 827.0, 841.0], [1723.0, 1073.0, 760.0], [1720.0, 988.0, 900.0], [1670.0, 1026.0, 848.0], [1663.0, 1099.0, 698.0], [1656.0, 1202.0, 739.0], [1644.0, 1261.0, 631.0], [1630.0, 1083.0, 801.0], [1623.0, 1256.0, 717.0], [1616.0, 1125.0, 758.0], [1610.0, 1233.0, 738.0], [1604.0, 1193.0, 755.0], [1604.0, 1057.0, 876.0], [1601.0, 1131.0, 817.0], [1600.0, 1134.0, 787.0], [1597.0, 1309.0, 664.0], [1597.0, 1163.0, 823.0], [1591.0, 1200.0, 838.0], [1590.0, 1308.0, 703.0], [1577.0, 1320.0, 675.0], [1575.0, 1236.0, 721.0], [1573.0, 1393.0, 590.0], [1572.0, 1313.0, 685.0], [1567.0, 1283.0, 725.0], [1564.0, 1245.0, 765.0], [1563.0, 1393.0, 657.0], [1561.0, 1249.0, 783.0], [1559.0, 1228.0, 801.0], [1557.0, 1171.0, 875.0], [1556.0, 1237.0, 841.0], [1549.0, 1414.0, 661.0], [1547.0, 1374.0, 684.0], [1547.0, 1181.0, 910.0], [1539.0, 1438.0, 552.0], [1539.0, 1368.0, 705.0], [1535.0, 1317.0, 743.0], [1533.0, 1408.0, 667.0], [1533.0, 1343.0, 771.0], [1526.0, 1439.0, 687.0], [1526.0, 1350.0, 754.0], [1525.0, 1494.0, 640.0], [1525.0, 1421.0, 699.0], [1523.0, 1499.0, 601.0], [1515.0, 1239.0, 835.0], [1513.0, 1206.0, 843.0], [1507.0, 1255.0, 791.0], [1505.0, 1371.0, 711.0], [1504.0, 1259.0, 830.0], [1502.0, 1337.0, 773.0], [1496.0, 1293.0, 775.0], [1494.0, 1364.0, 725.0], [1492.0, 1318.0, 840.0], [1491.0, 1372.0, 712.0], [1487.0, 1478.0, 699.0], [1486.0, 1438.0, 775.0], [1478.0, 1341.0, 780.0], [1472.0, 1244.0, 850.0], [1471.0, 1546.0, 553.0], [1470.0, 1519.0, 610.0], [1469.0, 1352.0, 776.0], [1469.0, 1271.0, 841.0], [1468.0, 1284.0, 880.0], [1455.0, 1524.0, 612.0], [1455.0, 1499.0, 684.0], [1450.0, 1383.0, 781.0], [1449.0, 1565.0, 549.0], [1448.0, 1528.0, 615.0], [1448.0, 1343.0, 822.0], [1442.0, 1536.0, 555.0], [1442.0, 1375.0, 810.0], [1441.0, 1517.0, 700.0], [1439.0, 1320.0, 857.0], [1435.0, 1569.0, 562.0], [1434.0, 1376.0, 787.0], [1434.0, 1281.0, 901.0], [1432.0, 1360.0, 822.0], [1430.0, 1458.0, 752.0], [1429.0, 1579.0, 609.0], [1426.0, 1480.0, 725.0], [1424.0, 1582.0, 621.0], [1423.0, 1322.0, 825.0], [1422.0, 1474.0, 756.0], [1422.0, 1288.0, 866.0], [1420.0, 1480.0, 726.0], [1416.0, 1526.0, 624.0], [1416.0, 1329.0, 841.0], [1415.0, 1428.0, 780.0], [1414.0, 1608.0, 558.0], [1414.0, 1527.0, 630.0], [1413.0, 1329.0, 851.0], [1412.0, 1519.0, 637.0], [1410.0, 1616.0, 486.0], [1406.0, 1401.0, 829.0], [1405.0, 1560.0, 652.0], [1403.0, 1353.0, 889.0], [1400.0, 1583.0, 609.0], [1400.0, 1483.0, 724.0], [1399.0, 1568.0, 629.0], [1396.0, 1526.0, 724.0], [1396.0, 1512.0, 780.0], [1395.0, 1586.0, 606.0], [1395.0, 1426.0, 791.0], [1392.0, 1545.0, 677.0], [1391.0, 1363.0, 853.0], [1390.0, 1633.0, 531.0], [1388.0, 1515.0, 778.0], [1388.0, 1429.0, 798.0], [1387.0, 1628.0, 571.0], [1386.0, 1594.0, 607.0], [1384.0, 1465.0, 831.0], [1383.0, 1665.0, 587.0], [1381.0, 1576.0, 654.0], [1379.0, 1566.0, 693.0], [1377.0, 1425.0, 841.0], [1375.0, 1527.0, 703.0], [1375.0, 1516.0, 726.0], [1374.0, 1601.0, 622.0], [1370.0, 1702.0, 509.0], [1370.0, 1567.0, 683.0], [1366.0, 1604.0, 637.0], [1365.0, 1667.0, 544.0], [1365.0, 1540.0, 715.0], [1364.0, 1649.0, 668.0], [1358.0, 1573.0, 680.0], [1355.0, 1523.0, 731.0], [1354.0, 1520.0, 749.0], [1354.0, 1372.0, 858.0], [1353.0, 1531.0, 718.0], [1346.0, 1574.0, 727.0], [1344.0, 1559.0, 739.0], [1339.0, 1735.0, 527.0], [1339.0, 1675.0, 538.0], [1339.0, 1576.0, 731.0], [1339.0, 1568.0, 744.0], [1338.0, 1684.0, 574.0], [1338.0, 1594.0, 704.0], [1335.0, 1661.0, 602.0], [1334.0, 1510.0, 791.0], [1334.0, 1440.0, 842.0], [1333.0, 1669.0, 639.0], [1332.0, 1548.0, 759.0], [1331.0, 1523.0, 765.0], [1329.0, 1694.0, 580.0], [1325.0, 1705.0, 618.0], [1325.0, 1522.0, 807.0], [1321.0, 1445.0, 832.0], [1317.0, 1595.0, 731.0], [1317.0, 1510.0, 816.0], [1313.0, 1574.0, 757.0], [1312.0, 1635.0, 704.0], [1310.0, 1452.0, 881.0], [1307.0, 1482.0, 853.0], [1306.0, 1530.0, 801.0], [1305.0, 1673.0, 705.0], [1304.0, 1546.0, 769.0], [1303.0, 1614.0, 741.0], [1301.0, 1732.0, 550.0], [1299.0, 1567.0, 779.0], [1299.0, 1539.0, 789.0], [1298.0, 1577.0, 747.0], [1297.0, 1643.0, 710.0], [1294.0, 1735.0, 547.0], [1293.0, 1727.0, 582.0], [1289.0, 1777.0, 536.0], [1287.0, 1692.0, 644.0], [1286.0, 1692.0, 688.0], [1285.0, 1626.0, 727.0], [1284.0, 1726.0, 648.0], [1283.0, 1586.0, 743.0], [1282.0, 1593.0, 788.0], [1279.0, 1737.0, 581.0], [1278.0, 1500.0, 855.0], [1277.0, 1747.0, 555.0], [1277.0, 1663.0, 717.0], [1276.0, 1622.0, 756.0], [1274.0, 1434.0, 942.0], [1271.0, 1781.0, 504.0], [1271.0, 1750.0, 567.0], [1270.0, 1794.0, 491.0], [1269.0, 1534.0, 807.0], [1268.0, 1615.0, 763.0], [1268.0, 1610.0, 794.0], [1265.0, 1567.0, 827.0], [1264.0, 1673.0, 707.0], [1260.0, 1705.0, 665.0], [1257.0, 1746.0, 580.0], [1255.0, 1445.0, 928.0], [1254.0, 1757.0, 585.0], [1253.0, 1533.0, 888.0], [1251.0, 1732.0, 656.0], [1250.0, 1818.0, 538.0], [1250.0, 1707.0, 662.0], [1250.0, 1677.0, 704.0], [1248.0, 1811.0, 551.0], [1248.0, 1746.0, 643.0], [1248.0, 1611.0, 771.0], [1246.0, 1812.0, 555.0], [1245.0, 1688.0, 716.0], [1244.0, 1748.0, 628.0], [1243.0, 1819.0, 508.0], [1239.0, 1743.0, 680.0], [1239.0, 1639.0, 783.0], [1238.0, 1767.0, 559.0], [1234.0, 1763.0, 572.0], [1232.0, 1575.0, 814.0], [1230.0, 1789.0, 580.0], [1230.0, 1691.0, 699.0], [1229.0, 1753.0, 592.0], [1228.0, 1769.0, 591.0], [1228.0, 1580.0, 802.0], [1227.0, 1612.0, 799.0], [1226.0, 1655.0, 722.0], [1225.0, 1773.0, 588.0], [1224.0, 1633.0, 804.0], [1221.0, 1698.0, 731.0], [1221.0, 1600.0, 859.0], [1220.0, 1657.0, 795.0], [1219.0, 1837.0, 567.0], [1219.0, 1681.0, 736.0], [1218.0, 1799.0, 600.0], [1217.0, 1781.0, 627.0], [1215.0, 1686.0, 815.0], [1214.0, 1479.0, 918.0], [1211.0, 1786.0, 625.0], [1211.0, 1755.0, 672.0], [1208.0, 1774.0, 628.0], [1208.0, 1769.0, 677.0], [1204.0, 1736.0, 726.0], [1202.0, 1706.0, 760.0], [1201.0, 1785.0, 630.0], [1201.0, 1754.0, 682.0], [1198.0, 1787.0, 612.0], [1197.0, 1625.0, 825.0], [1196.0, 1791.0, 625.0], [1195.0, 1805.0, 605.0], [1195.0, 1764.0, 689.0], [1194.0, 1796.0, 615.0], [1193.0, 1782.0, 685.0], [1193.0, 1744.0, 694.0], [1193.0, 1652.0, 829.0], [1192.0, 1715.0, 727.0], [1187.0, 1837.0, 582.0], [1187.0, 1791.0, 635.0], [1182.0, 1798.0, 644.0], [1182.0, 1739.0, 713.0], [1181.0, 1880.0, 530.0], [1181.0, 1724.0, 736.0], [1180.0, 1707.0, 737.0], [1180.0, 1658.0, 823.0], [1174.0, 1788.0, 646.0], [1174.0, 1768.0, 726.0], [1171.0, 1807.0, 598.0], [1170.0, 1730.0, 748.0], [1170.0, 1707.0, 785.0], [1170.0, 1690.0, 828.0], [1169.0, 1741.0, 751.0], [1169.0, 1710.0, 797.0], [1168.0, 1788.0, 656.0], [1166.0, 1603.0, 835.0], [1165.0, 1844.0, 552.0], [1164.0, 1900.0, 489.0], [1164.0, 1860.0, 564.0], [1164.0, 1642.0, 851.0], [1163.0, 1872.0, 543.0], [1162.0, 1686.0, 834.0], [1160.0, 1842.0, 576.0], [1160.0, 1542.0, 916.0], [1158.0, 1822.0, 754.0], [1158.0, 1616.0, 895.0], [1154.0, 1908.0, 518.0], [1153.0, 1850.0, 582.0], [1153.0, 1829.0, 599.0], [1152.0, 1824.0, 719.0], [1152.0, 1712.0, 803.0], [1151.0, 1835.0, 583.0], [1150.0, 1880.0, 551.0], [1150.0, 1830.0, 675.0], [1148.0, 1854.0, 659.0], [1147.0, 1741.0, 759.0], [1146.0, 1876.0, 679.0], [1146.0, 1755.0, 832.0], [1145.0, 1912.0, 508.0], [1145.0, 1638.0, 879.0], [1143.0, 1880.0, 591.0], [1136.0, 1847.0, 705.0], [1133.0, 1886.0, 570.0], [1130.0, 1899.0, 531.0], [1128.0, 1729.0, 847.0], [1124.0, 1878.0, 609.0], [1124.0, 1517.0, 1003.0], [1123.0, 1619.0, 902.0], [1117.0, 1764.0, 771.0], [1112.0, 1989.0, 449.0], [1111.0, 1849.0, 693.0], [1110.0, 1891.0, 537.0], [1108.0, 1905.0, 520.0], [1106.0, 1932.0, 491.0], [1105.0, 1913.0, 532.0], [1102.0, 1881.0, 592.0], [1100.0, 1893.0, 658.0], [1097.0, 1941.0, 512.0], [1097.0, 1930.0, 556.0], [1097.0, 1907.0, 561.0], [1097.0, 1773.0, 806.0], [1096.0, 1694.0, 891.0], [1094.0, 1978.0, 460.0], [1094.0, 1892.0, 697.0], [1092.0, 1966.0, 542.0], [1092.0, 1782.0, 755.0], [1091.0, 1959.0, 577.0], [1089.0, 1921.0, 637.0], [1089.0, 1835.0, 744.0], [1087.0, 1930.0, 599.0], [1087.0, 1912.0, 710.0], [1087.0, 1804.0, 786.0], [1086.0, 1973.0, 502.0], [1086.0, 1929.0, 658.0], [1084.0, 1805.0, 755.0], [1084.0, 1756.0, 822.0], [1082.0, 1844.0, 718.0], [1081.0, 1965.0, 558.0], [1081.0, 1718.0, 906.0], [1079.0, 1838.0, 740.0], [1076.0, 1995.0, 507.0], [1075.0, 1894.0, 713.0], [1074.0, 1721.0, 871.0], [1073.0, 1845.0, 736.0], [1070.0, 1788.0, 818.0], [1068.0, 1742.0, 841.0], [1066.0, 1865.0, 739.0], [1066.0, 1848.0, 744.0], [1066.0, 1795.0, 795.0], [1066.0, 1788.0, 867.0], [1059.0, 1808.0, 776.0], [1056.0, 1922.0, 668.0], [1055.0, 1580.0, 913.0], [1052.0, 1937.0, 586.0], [1052.0, 1818.0, 763.0], [1050.0, 1959.0, 599.0], [1047.0, 1614.0, 956.0], [1045.0, 1719.0, 929.0], [1044.0, 1819.0, 861.0], [1043.0, 2015.0, 534.0], [1042.0, 1913.0, 672.0], [1042.0, 1893.0, 717.0], [1041.0, 1829.0, 821.0], [1039.0, 1969.0, 565.0], [1038.0, 1977.0, 538.0], [1038.0, 1872.0, 718.0], [1038.0, 1851.0, 790.0], [1036.0, 1952.0, 680.0], [1036.0, 1801.0, 886.0], [1035.0, 2033.0, 415.0], [1035.0, 1872.0, 719.0], [1034.0, 1879.0, 725.0], [1033.0, 1963.0, 586.0], [1028.0, 1897.0, 766.0], [1024.0, 2010.0, 600.0], [1022.0, 1960.0, 639.0], [1020.0, 1855.0, 774.0], [1018.0, 1958.0, 663.0], [1017.0, 2036.0, 487.0], [1016.0, 1877.0, 768.0], [1016.0, 1874.0, 840.0], [1012.0, 1984.0, 644.0], [1012.0, 1870.0, 850.0], [1008.0, 1924.0, 691.0], [1005.0, 1820.0, 866.0], [1004.0, 1902.0, 726.0], [1004.0, 1705.0, 931.0], [1003.0, 2015.0, 554.0], [1003.0, 1829.0, 880.0], [998.0, 1968.0, 658.0], [992.0, 1964.0, 710.0], [988.0, 1958.0, 733.0], [985.0, 1942.0, 769.0], [983.0, 1890.0, 846.0], [978.0, 2033.0, 610.0], [977.0, 1970.0, 764.0], [973.0, 1838.0, 866.0], [973.0, 1827.0, 902.0], [972.0, 2003.0, 659.0], [971.0, 2042.0, 437.0], [969.0, 2066.0, 519.0], [969.0, 2011.0, 656.0], [967.0, 1906.0, 780.0], [963.0, 2044.0, 620.0], [961.0, 2014.0, 646.0], [961.0, 1986.0, 709.0], [950.0, 1733.0, 921.0], [949.0, 1719.0, 942.0], [948.0, 2103.0, 488.0], [946.0, 2056.0, 679.0], [944.0, 2004.0, 691.0], [939.0, 2006.0, 718.0], [938.0, 2024.0, 684.0], [927.0, 1910.0, 819.0], [925.0, 1922.0, 782.0], [919.0, 2059.0, 570.0], [919.0, 1973.0, 780.0], [918.0, 2063.0, 533.0], [917.0, 1974.0, 769.0], [914.0, 1980.0, 745.0], [913.0, 1990.0, 720.0], [909.0, 1917.0, 813.0], [908.0, 2065.0, 613.0], [906.0, 2124.0, 374.0], [905.0, 2081.0, 589.0], [905.0, 1983.0, 726.0], [900.0, 2100.0, 582.0], [900.0, 1877.0, 849.0], [897.0, 2012.0, 698.0], [896.0, 1953.0, 802.0], [892.0, 1990.0, 743.0], [891.0, 2025.0, 698.0], [889.0, 2111.0, 606.0], [880.0, 1947.0, 803.0], [879.0, 2171.0, 486.0], [878.0, 2016.0, 699.0], [877.0, 1830.0, 881.0], [873.0, 2064.0, 625.0], [871.0, 2141.0, 617.0], [871.0, 2036.0, 680.0], [871.0, 1975.0, 753.0], [870.0, 2051.0, 689.0], [868.0, 1958.0, 794.0], [867.0, 2074.0, 688.0], [865.0, 2057.0, 742.0], [865.0, 1920.0, 813.0], [862.0, 2090.0, 661.0], [861.0, 1987.0, 789.0], [859.0, 2092.0, 687.0], [858.0, 2126.0, 647.0], [854.0, 2143.0, 549.0], [847.0, 2032.0, 745.0], [846.0, 2103.0, 655.0], [846.0, 1930.0, 831.0], [843.0, 2088.0, 707.0], [842.0, 1852.0, 904.0], [841.0, 1993.0, 802.0], [835.0, 1925.0, 855.0], [834.0, 2136.0, 657.0], [831.0, 2143.0, 565.0], [827.0, 2144.0, 590.0], [822.0, 1990.0, 817.0], [820.0, 2001.0, 747.0], [819.0, 2110.0, 675.0], [819.0, 2097.0, 691.0], [817.0, 2166.0, 506.0], [812.0, 2121.0, 670.0], [810.0, 2070.0, 784.0], [808.0, 2089.0, 717.0], [800.0, 1997.0, 813.0], [798.0, 2147.0, 718.0], [797.0, 2165.0, 593.0], [797.0, 2073.0, 749.0], [780.0, 2177.0, 618.0], [774.0, 2216.0, 629.0], [763.0, 2084.0, 726.0], [761.0, 2127.0, 741.0], [756.0, 2120.0, 753.0], [755.0, 2002.0, 876.0], [754.0, 2251.0, 606.0], [754.0, 2154.0, 675.0], [721.0, 2143.0, 762.0], [687.0, 2257.0, 632.0], [686.0, 2166.0, 743.0], [683.0, 2218.0, 657.0], [669.0, 2281.0, 604.0], [661.0, 2244.0, 665.0], [631.0, 2227.0, 681.0], [620.0, 2303.0, 615.0], [595.0, 2314.0, 599.0]]
