heur = true
LBS_limit = 4
preproc = 2
tight_root = 0
total_time = 1800.0
NDP = 597
total_nodes = 114063
pruned_nodes = 56989
pruned_dominance_nodes = 150
heur_time = 2.05
Y_N = Any[[1075.0, 2622.0, 938.0], [1065.0, 2459.0, 1003.0], [1063.0, 2514.0, 1035.0], [998.0, 2656.0, 815.0], [970.0, 2588.0, 961.0], [965.0, 2659.0, 687.0], [960.0, 2624.0, 820.0], [958.0, 2667.0, 855.0], [957.0, 2543.0, 1054.0], [954.0, 2628.0, 870.0], [951.0, 2665.0, 900.0], [950.0, 2633.0, 947.0], [935.0, 2670.0, 860.0], [934.0, 2637.0, 923.0], [928.0, 2571.0, 1017.0], [926.0, 2700.0, 774.0], [925.0, 2676.0, 839.0], [924.0, 2698.0, 802.0], [923.0, 2625.0, 1007.0], [923.0, 2573.0, 1008.0], [923.0, 2556.0, 1093.0], [922.0, 2709.0, 837.0], [921.0, 2736.0, 837.0], [921.0, 2686.0, 907.0], [919.0, 2630.0, 1045.0], [917.0, 2710.0, 896.0], [915.0, 2723.0, 848.0], [914.0, 2737.0, 681.0], [911.0, 2763.0, 773.0], [911.0, 2650.0, 913.0], [910.0, 2705.0, 924.0], [906.0, 2640.0, 977.0], [905.0, 2646.0, 965.0], [901.0, 2676.0, 1016.0], [900.0, 2711.0, 859.0], [900.0, 2699.0, 938.0], [897.0, 2684.0, 964.0], [893.0, 2721.0, 879.0], [893.0, 2595.0, 1060.0], [891.0, 2742.0, 922.0], [890.0, 2774.0, 648.0], [889.0, 2744.0, 833.0], [887.0, 2755.0, 903.0], [887.0, 2717.0, 923.0], [886.0, 2685.0, 962.0], [880.0, 2779.0, 873.0], [880.0, 2719.0, 927.0], [879.0, 2702.0, 1053.0], [873.0, 2775.0, 891.0], [873.0, 2671.0, 1065.0], [872.0, 2719.0, 1025.0], [871.0, 2750.0, 936.0], [871.0, 2709.0, 1030.0], [870.0, 2791.0, 821.0], [868.0, 2703.0, 1047.0], [866.0, 2810.0, 811.0], [866.0, 2649.0, 1186.0], [865.0, 2692.0, 1058.0], [859.0, 2703.0, 1076.0], [856.0, 2790.0, 886.0], [856.0, 2727.0, 1049.0], [853.0, 2798.0, 866.0], [846.0, 2799.0, 817.0], [846.0, 2779.0, 917.0], [846.0, 2767.0, 956.0], [843.0, 2777.0, 943.0], [840.0, 2790.0, 890.0], [840.0, 2741.0, 1001.0], [838.0, 2803.0, 850.0], [834.0, 2843.0, 772.0], [834.0, 2815.0, 849.0], [834.0, 2812.0, 880.0], [832.0, 2818.0, 921.0], [829.0, 2840.0, 785.0], [828.0, 2684.0, 1093.0], [826.0, 2798.0, 990.0], [824.0, 2756.0, 1003.0], [823.0, 2817.0, 933.0], [823.0, 2716.0, 1078.0], [820.0, 2814.0, 955.0], [820.0, 2742.0, 1055.0], [819.0, 2763.0, 1010.0], [818.0, 2836.0, 845.0], [817.0, 2825.0, 889.0], [813.0, 2849.0, 892.0], [810.0, 2767.0, 1032.0], [809.0, 2723.0, 1057.0], [808.0, 2829.0, 908.0], [808.0, 2788.0, 997.0], [806.0, 2726.0, 1058.0], [805.0, 2863.0, 814.0], [805.0, 2822.0, 957.0], [804.0, 2869.0, 828.0], [804.0, 2755.0, 1040.0], [803.0, 2809.0, 981.0], [802.0, 2788.0, 1008.0], [801.0, 2773.0, 1053.0], [800.0, 2864.0, 831.0], [798.0, 2832.0, 909.0], [798.0, 2814.0, 979.0], [794.0, 2789.0, 1016.0], [793.0, 2814.0, 1052.0], [792.0, 2819.0, 1053.0], [791.0, 2823.0, 912.0], [789.0, 2835.0, 964.0], [786.0, 2799.0, 1071.0], [783.0, 2877.0, 817.0], [783.0, 2863.0, 888.0], [783.0, 2833.0, 1003.0], [783.0, 2726.0, 1123.0], [782.0, 2841.0, 897.0], [781.0, 2842.0, 975.0], [778.0, 2854.0, 914.0], [776.0, 3079.0, 688.0], [776.0, 2868.0, 948.0], [776.0, 2795.0, 1078.0], [774.0, 2770.0, 1096.0], [773.0, 2867.0, 966.0], [772.0, 2869.0, 853.0], [769.0, 2888.0, 752.0], [768.0, 2904.0, 707.0], [767.0, 2882.0, 838.0], [764.0, 2884.0, 775.0], [764.0, 2831.0, 1059.0], [763.0, 2879.0, 846.0], [761.0, 2922.0, 724.0], [761.0, 2893.0, 782.0], [761.0, 2877.0, 907.0], [758.0, 2902.0, 823.0], [757.0, 2875.0, 942.0], [756.0, 2915.0, 851.0], [756.0, 2835.0, 982.0], [753.0, 2884.0, 922.0], [752.0, 2893.0, 911.0], [752.0, 2843.0, 989.0], [752.0, 2837.0, 1046.0], [751.0, 2888.0, 973.0], [750.0, 2887.0, 994.0], [747.0, 2922.0, 790.0], [746.0, 2817.0, 1074.0], [745.0, 2813.0, 1108.0], [743.0, 2930.0, 866.0], [742.0, 2890.0, 969.0], [742.0, 2866.0, 1000.0], [741.0, 2920.0, 939.0], [741.0, 2734.0, 1126.0], [737.0, 2875.0, 1047.0], [737.0, 2835.0, 1055.0], [735.0, 2921.0, 889.0], [735.0, 2838.0, 1108.0], [731.0, 2938.0, 797.0], [730.0, 2893.0, 945.0], [729.0, 2818.0, 1142.0], [728.0, 2945.0, 774.0], [727.0, 2910.0, 953.0], [724.0, 2906.0, 968.0], [723.0, 2944.0, 843.0], [722.0, 2850.0, 1051.0], [720.0, 2846.0, 1117.0], [719.0, 3159.0, 670.0], [719.0, 2934.0, 927.0], [719.0, 2886.0, 1032.0], [718.0, 2938.0, 871.0], [717.0, 2894.0, 972.0], [717.0, 2882.0, 1055.0], [717.0, 2851.0, 1066.0], [716.0, 2894.0, 1016.0], [713.0, 2874.0, 1062.0], [712.0, 2943.0, 894.0], [709.0, 2951.0, 719.0], [709.0, 2947.0, 778.0], [709.0, 2919.0, 972.0], [709.0, 2911.0, 988.0], [708.0, 2955.0, 741.0], [707.0, 2930.0, 955.0], [707.0, 2857.0, 1104.0], [706.0, 2952.0, 896.0], [706.0, 2866.0, 1085.0], [705.0, 2964.0, 825.0], [705.0, 2939.0, 937.0], [705.0, 2871.0, 1084.0], [704.0, 2932.0, 951.0], [703.0, 2894.0, 1039.0], [703.0, 2876.0, 1091.0], [702.0, 2958.0, 833.0], [700.0, 2961.0, 911.0], [699.0, 2948.0, 928.0], [699.0, 2851.0, 1117.0], [698.0, 2954.0, 987.0], [697.0, 2973.0, 861.0], [697.0, 2907.0, 1043.0], [696.0, 2906.0, 1051.0], [694.0, 2918.0, 1004.0], [691.0, 2989.0, 858.0], [687.0, 2960.0, 923.0], [687.0, 2947.0, 1035.0], [686.0, 2904.0, 1081.0], [683.0, 2978.0, 940.0], [679.0, 2922.0, 1082.0], [678.0, 3006.0, 720.0], [678.0, 2929.0, 1102.0], [677.0, 2982.0, 963.0], [676.0, 3001.0, 874.0], [675.0, 2983.0, 892.0], [675.0, 2960.0, 979.0], [669.0, 2990.0, 946.0], [668.0, 3014.0, 790.0], [668.0, 2933.0, 1040.0], [667.0, 2966.0, 1015.0], [666.0, 3018.0, 700.0], [665.0, 2913.0, 1113.0], [664.0, 2967.0, 1032.0], [662.0, 3015.0, 863.0], [661.0, 2936.0, 1036.0], [659.0, 2994.0, 882.0], [659.0, 2968.0, 972.0], [658.0, 3024.0, 929.0], [656.0, 2931.0, 1070.0], [654.0, 3002.0, 975.0], [653.0, 2981.0, 985.0], [651.0, 2937.0, 1037.0], [650.0, 2887.0, 1132.0], [650.0, 2876.0, 1135.0], [648.0, 3005.0, 933.0], [648.0, 2960.0, 1050.0], [647.0, 3025.0, 855.0], [647.0, 2969.0, 1010.0], [646.0, 2961.0, 1078.0], [645.0, 2981.0, 989.0], [641.0, 3040.0, 711.0], [641.0, 3036.0, 828.0], [641.0, 2986.0, 983.0], [640.0, 2946.0, 1079.0], [636.0, 3060.0, 718.0], [636.0, 3025.0, 1002.0], [634.0, 3037.0, 943.0], [634.0, 3003.0, 1036.0], [633.0, 3038.0, 747.0], [632.0, 3040.0, 743.0], [631.0, 2915.0, 1106.0], [630.0, 2923.0, 1126.0], [629.0, 3059.0, 797.0], [629.0, 3051.0, 819.0], [628.0, 3004.0, 1005.0], [627.0, 2976.0, 1097.0], [626.0, 2997.0, 1072.0], [623.0, 3060.0, 768.0], [623.0, 3055.0, 829.0], [622.0, 3038.0, 884.0], [621.0, 2956.0, 1108.0], [620.0, 3039.0, 860.0], [617.0, 3049.0, 887.0], [616.0, 3039.0, 948.0], [613.0, 3071.0, 694.0], [613.0, 2989.0, 1091.0], [612.0, 3008.0, 1017.0], [612.0, 2994.0, 1089.0], [610.0, 2969.0, 1136.0], [609.0, 3050.0, 832.0], [609.0, 3043.0, 979.0], [607.0, 3048.0, 977.0], [606.0, 3068.0, 758.0], [604.0, 3075.0, 720.0], [604.0, 3024.0, 1037.0], [601.0, 3074.0, 780.0], [601.0, 3057.0, 994.0], [600.0, 3103.0, 841.0], [600.0, 3004.0, 1052.0], [596.0, 2914.0, 1144.0], [595.0, 3072.0, 854.0], [592.0, 3009.0, 1151.0], [586.0, 3104.0, 772.0], [586.0, 3084.0, 870.0], [586.0, 3026.0, 1045.0], [586.0, 3012.0, 1066.0], [583.0, 3022.0, 1058.0], [582.0, 3044.0, 1050.0], [581.0, 3109.0, 809.0], [581.0, 3081.0, 980.0], [581.0, 3067.0, 990.0], [580.0, 3022.0, 1081.0], [577.0, 3084.0, 923.0], [575.0, 3061.0, 992.0], [574.0, 2923.0, 1193.0], [573.0, 3084.0, 929.0], [572.0, 3032.0, 1096.0], [571.0, 3037.0, 1116.0], [570.0, 3062.0, 1021.0], [567.0, 3087.0, 849.0], [566.0, 3116.0, 905.0], [566.0, 3085.0, 984.0], [566.0, 3065.0, 992.0], [566.0, 3046.0, 1023.0], [562.0, 3100.0, 940.0], [561.0, 3119.0, 702.0], [561.0, 3072.0, 993.0], [559.0, 3155.0, 783.0], [557.0, 3120.0, 959.0], [556.0, 3151.0, 827.0], [556.0, 3045.0, 1024.0], [555.0, 3092.0, 966.0], [555.0, 3063.0, 1006.0], [555.0, 3016.0, 1128.0], [554.0, 3064.0, 1052.0], [552.0, 3146.0, 890.0], [552.0, 3039.0, 1094.0], [551.0, 3114.0, 972.0], [551.0, 3101.0, 1017.0], [551.0, 3044.0, 1090.0], [543.0, 3156.0, 689.0], [538.0, 3118.0, 999.0], [537.0, 3010.0, 1147.0], [536.0, 3017.0, 1136.0], [535.0, 3154.0, 797.0], [534.0, 3126.0, 915.0], [533.0, 3094.0, 1026.0], [532.0, 3055.0, 1081.0], [530.0, 3166.0, 829.0], [530.0, 3074.0, 1067.0], [529.0, 3175.0, 693.0], [529.0, 3169.0, 754.0], [527.0, 3082.0, 1038.0], [526.0, 3127.0, 970.0], [526.0, 3030.0, 1123.0], [525.0, 3179.0, 670.0], [525.0, 3170.0, 717.0], [522.0, 3172.0, 801.0], [522.0, 3136.0, 899.0], [522.0, 3104.0, 1077.0], [519.0, 3047.0, 1098.0], [518.0, 3139.0, 928.0], [517.0, 3127.0, 1050.0], [516.0, 3081.0, 1099.0], [513.0, 3149.0, 842.0], [512.0, 3173.0, 791.0], [512.0, 3162.0, 857.0], [511.0, 3130.0, 957.0], [510.0, 3184.0, 700.0], [510.0, 3170.0, 804.0], [510.0, 3152.0, 967.0], [509.0, 3098.0, 1109.0], [508.0, 3186.0, 673.0], [508.0, 3139.0, 987.0], [507.0, 3180.0, 766.0], [507.0, 3162.0, 943.0], [506.0, 3185.0, 730.0], [506.0, 3183.0, 779.0], [504.0, 3208.0, 662.0], [503.0, 3118.0, 1055.0], [501.0, 3223.0, 769.0], [501.0, 3174.0, 780.0], [501.0, 3172.0, 819.0], [500.0, 3175.0, 855.0], [499.0, 3162.0, 950.0], [498.0, 3104.0, 1129.0], [497.0, 3200.0, 789.0], [496.0, 3173.0, 943.0], [495.0, 3201.0, 832.0], [493.0, 3179.0, 868.0], [491.0, 3233.0, 662.0], [491.0, 3157.0, 1047.0], [489.0, 3215.0, 783.0], [485.0, 3188.0, 903.0], [483.0, 3224.0, 791.0], [482.0, 3238.0, 855.0], [482.0, 3189.0, 873.0], [482.0, 3176.0, 920.0], [479.0, 3157.0, 1072.0], [478.0, 3209.0, 896.0], [478.0, 3199.0, 918.0], [478.0, 3185.0, 966.0], [476.0, 3163.0, 1017.0], [471.0, 3202.0, 942.0], [470.0, 3091.0, 1139.0], [469.0, 3186.0, 950.0], [466.0, 3165.0, 1053.0], [464.0, 3175.0, 984.0], [464.0, 3094.0, 1133.0], [463.0, 3248.0, 755.0], [462.0, 3185.0, 1008.0], [461.0, 3210.0, 871.0], [461.0, 3091.0, 1149.0], [460.0, 3118.0, 1079.0], [459.0, 3235.0, 890.0], [458.0, 3252.0, 757.0], [458.0, 3230.0, 891.0], [458.0, 3180.0, 1027.0], [458.0, 3120.0, 1074.0], [456.0, 3200.0, 997.0], [456.0, 3116.0, 1120.0], [455.0, 3216.0, 957.0], [454.0, 3178.0, 1028.0], [453.0, 3261.0, 884.0], [453.0, 3190.0, 1038.0], [452.0, 3220.0, 968.0], [448.0, 3176.0, 1044.0], [447.0, 3151.0, 1117.0], [444.0, 3255.0, 906.0], [442.0, 3162.0, 1083.0], [438.0, 3265.0, 921.0], [437.0, 3266.0, 734.0], [436.0, 3275.0, 738.0], [428.0, 3234.0, 1022.0], [428.0, 3171.0, 1045.0], [427.0, 3320.0, 757.0], [427.0, 3296.0, 793.0], [426.0, 3275.0, 840.0], [425.0, 3282.0, 828.0], [425.0, 3270.0, 878.0], [424.0, 3199.0, 1035.0], [424.0, 3178.0, 1053.0], [421.0, 3199.0, 1038.0], [420.0, 3178.0, 1078.0], [417.0, 3195.0, 1056.0], [416.0, 3256.0, 950.0], [415.0, 3271.0, 867.0], [414.0, 3279.0, 842.0], [414.0, 3268.0, 951.0], [412.0, 3236.0, 975.0], [408.0, 3294.0, 849.0], [408.0, 3241.0, 960.0], [407.0, 3173.0, 1094.0], [406.0, 3225.0, 1052.0], [405.0, 3241.0, 961.0], [401.0, 3256.0, 957.0], [400.0, 3303.0, 855.0], [400.0, 3293.0, 875.0], [400.0, 3235.0, 1020.0], [400.0, 3177.0, 1110.0], [399.0, 3326.0, 818.0], [399.0, 3206.0, 1063.0], [397.0, 3270.0, 914.0], [395.0, 3276.0, 943.0], [394.0, 3245.0, 995.0], [392.0, 3207.0, 1071.0], [391.0, 3278.0, 949.0], [391.0, 3263.0, 972.0], [391.0, 3212.0, 1120.0], [390.0, 3330.0, 738.0], [390.0, 3238.0, 1024.0], [389.0, 3295.0, 913.0], [389.0, 3260.0, 995.0], [388.0, 3335.0, 827.0], [386.0, 3299.0, 886.0], [386.0, 3223.0, 1072.0], [385.0, 3253.0, 1009.0], [385.0, 3215.0, 1077.0], [383.0, 3321.0, 885.0], [380.0, 3282.0, 948.0], [379.0, 3295.0, 918.0], [377.0, 3273.0, 951.0], [373.0, 3290.0, 950.0], [371.0, 3276.0, 982.0], [371.0, 3253.0, 1027.0], [369.0, 3339.0, 766.0], [367.0, 3292.0, 920.0], [367.0, 3258.0, 1019.0], [365.0, 3299.0, 960.0], [364.0, 3342.0, 680.0], [364.0, 3239.0, 1077.0], [363.0, 3269.0, 1030.0], [361.0, 3345.0, 760.0], [360.0, 3350.0, 722.0], [360.0, 3336.0, 870.0], [357.0, 3313.0, 1000.0], [356.0, 3345.0, 775.0], [355.0, 3337.0, 794.0], [354.0, 3317.0, 915.0], [354.0, 3276.0, 1014.0], [353.0, 3373.0, 710.0], [352.0, 3341.0, 881.0], [351.0, 3365.0, 777.0], [351.0, 3241.0, 1060.0], [350.0, 3319.0, 954.0], [349.0, 3343.0, 829.0], [349.0, 3278.0, 1011.0], [349.0, 3246.0, 1051.0], [348.0, 3312.0, 1001.0], [344.0, 3347.0, 849.0], [344.0, 3329.0, 898.0], [343.0, 3314.0, 962.0], [340.0, 3341.0, 934.0], [338.0, 3264.0, 1036.0], [337.0, 3367.0, 848.0], [337.0, 3351.0, 859.0], [335.0, 3279.0, 1023.0], [335.0, 3252.0, 1050.0], [334.0, 3284.0, 1004.0], [332.0, 3398.0, 679.0], [330.0, 3258.0, 1040.0], [329.0, 3289.0, 1045.0], [326.0, 3400.0, 795.0], [326.0, 3376.0, 823.0], [326.0, 3323.0, 936.0], [326.0, 3316.0, 969.0], [324.0, 3376.0, 895.0], [324.0, 3242.0, 1067.0], [323.0, 3325.0, 1054.0], [320.0, 3344.0, 923.0], [319.0, 3337.0, 937.0], [319.0, 3325.0, 1073.0], [318.0, 3332.0, 974.0], [313.0, 3382.0, 935.0], [313.0, 3328.0, 1035.0], [310.0, 3391.0, 870.0], [309.0, 3384.0, 908.0], [309.0, 3360.0, 967.0], [307.0, 3338.0, 1015.0], [302.0, 3404.0, 625.0], [302.0, 3402.0, 660.0], [300.0, 3406.0, 707.0], [298.0, 3406.0, 825.0], [296.0, 3295.0, 1141.0], [295.0, 3431.0, 733.0], [294.0, 3399.0, 891.0], [292.0, 3432.0, 783.0], [292.0, 3346.0, 971.0], [291.0, 3402.0, 935.0], [284.0, 3436.0, 877.0], [282.0, 3330.0, 1054.0], [280.0, 3370.0, 961.0], [278.0, 3388.0, 1000.0], [274.0, 3405.0, 932.0], [273.0, 3447.0, 761.0], [268.0, 3339.0, 1025.0], [266.0, 3343.0, 1008.0], [265.0, 3434.0, 888.0], [262.0, 3389.0, 979.0], [261.0, 3442.0, 768.0], [259.0, 3416.0, 920.0], [258.0, 3342.0, 1040.0], [256.0, 3457.0, 809.0], [255.0, 3403.0, 944.0], [254.0, 3471.0, 839.0], [249.0, 3361.0, 1011.0], [245.0, 3409.0, 937.0], [242.0, 3372.0, 1009.0], [241.0, 3475.0, 750.0], [235.0, 3448.0, 840.0], [235.0, 3399.0, 950.0], [233.0, 3422.0, 908.0], [232.0, 3434.0, 889.0], [231.0, 3424.0, 925.0], [228.0, 3473.0, 820.0], [228.0, 3392.0, 959.0], [226.0, 3455.0, 853.0], [226.0, 3413.0, 937.0], [226.0, 3404.0, 947.0], [225.0, 3420.0, 999.0], [222.0, 3490.0, 710.0], [219.0, 3381.0, 1040.0], [218.0, 3485.0, 783.0], [218.0, 3461.0, 861.0], [216.0, 3463.0, 842.0], [215.0, 3448.0, 869.0], [212.0, 3458.0, 868.0], [209.0, 3514.0, 799.0], [209.0, 3450.0, 896.0], [207.0, 3426.0, 923.0], [206.0, 3430.0, 921.0], [204.0, 3408.0, 1018.0], [201.0, 3435.0, 905.0], [200.0, 3488.0, 804.0], [197.0, 3481.0, 948.0], [194.0, 3483.0, 904.0], [194.0, 3444.0, 1011.0], [189.0, 3484.0, 811.0], [184.0, 3516.0, 597.0], [184.0, 3447.0, 970.0], [183.0, 3516.0, 853.0], [181.0, 3494.0, 923.0], [174.0, 3476.0, 993.0], [166.0, 3563.0, 756.0], [164.0, 3548.0, 770.0], [159.0, 3499.0, 924.0], [157.0, 3535.0, 817.0], [155.0, 3504.0, 888.0], [149.0, 3507.0, 922.0], [148.0, 3548.0, 794.0], [138.0, 3550.0, 773.0], [138.0, 3517.0, 843.0], [137.0, 3495.0, 947.0], [134.0, 3545.0, 825.0], [131.0, 3508.0, 888.0], [125.0, 3574.0, 855.0], [124.0, 3480.0, 969.0], [108.0, 3582.0, 696.0], [104.0, 3513.0, 884.0], [101.0, 3518.0, 875.0], [99.0, 3576.0, 866.0], [97.0, 3523.0, 922.0], [96.0, 3539.0, 887.0], [72.0, 3584.0, 785.0], [67.0, 3593.0, 816.0], [58.0, 3595.0, 757.0], [56.0, 3528.0, 895.0], [54.0, 3586.0, 886.0]]
