heur = true
LBS_limit = 4
preproc = 2
tight_root = 0
total_time = 738.14
NDP = 533
total_nodes = 60607
pruned_nodes = 30304
pruned_dominance_nodes = 46
heur_time = 0.57
Y_N = Any[[1356.0, 578.0, 457.0], [1336.0, 600.0, 457.0], [1329.0, 617.0, 387.0], [1324.0, 588.0, 516.0], [1317.0, 603.0, 394.0], [1314.0, 634.0, 446.0], [1306.0, 622.0, 479.0], [1300.0, 571.0, 520.0], [1294.0, 700.0, 337.0], [1288.0, 639.0, 380.0], [1286.0, 688.0, 399.0], [1283.0, 745.0, 374.0], [1282.0, 621.0, 483.0], [1280.0, 628.0, 468.0], [1277.0, 730.0, 376.0], [1274.0, 662.0, 417.0], [1272.0, 716.0, 382.0], [1269.0, 685.0, 424.0], [1261.0, 652.0, 443.0], [1257.0, 742.0, 447.0], [1255.0, 682.0, 499.0], [1251.0, 726.0, 452.0], [1249.0, 754.0, 394.0], [1247.0, 789.0, 346.0], [1245.0, 795.0, 330.0], [1244.0, 679.0, 505.0], [1241.0, 745.0, 435.0], [1240.0, 713.0, 454.0], [1239.0, 689.0, 484.0], [1234.0, 757.0, 385.0], [1233.0, 756.0, 446.0], [1230.0, 804.0, 335.0], [1226.0, 777.0, 407.0], [1225.0, 802.0, 343.0], [1223.0, 812.0, 330.0], [1223.0, 718.0, 457.0], [1222.0, 728.0, 483.0], [1221.0, 663.0, 524.0], [1220.0, 737.0, 511.0], [1217.0, 794.0, 421.0], [1217.0, 776.0, 461.0], [1216.0, 805.0, 436.0], [1215.0, 741.0, 483.0], [1214.0, 799.0, 490.0], [1211.0, 813.0, 391.0], [1203.0, 825.0, 370.0], [1201.0, 810.0, 474.0], [1199.0, 828.0, 376.0], [1197.0, 745.0, 525.0], [1193.0, 842.0, 361.0], [1193.0, 820.0, 410.0], [1191.0, 839.0, 417.0], [1189.0, 749.0, 529.0], [1183.0, 776.0, 495.0], [1182.0, 879.0, 323.0], [1182.0, 845.0, 358.0], [1182.0, 783.0, 513.0], [1182.0, 771.0, 523.0], [1181.0, 847.0, 390.0], [1180.0, 856.0, 360.0], [1179.0, 825.0, 450.0], [1178.0, 913.0, 367.0], [1175.0, 870.0, 411.0], [1174.0, 819.0, 473.0], [1173.0, 858.0, 413.0], [1171.0, 853.0, 426.0], [1168.0, 834.0, 431.0], [1166.0, 872.0, 369.0], [1166.0, 816.0, 474.0], [1162.0, 831.0, 442.0], [1158.0, 945.0, 344.0], [1156.0, 856.0, 451.0], [1154.0, 919.0, 349.0], [1154.0, 886.0, 418.0], [1154.0, 870.0, 420.0], [1152.0, 875.0, 442.0], [1152.0, 827.0, 460.0], [1151.0, 833.0, 503.0], [1150.0, 896.0, 374.0], [1148.0, 769.0, 536.0], [1145.0, 858.0, 448.0], [1144.0, 852.0, 468.0], [1144.0, 798.0, 564.0], [1139.0, 844.0, 472.0], [1139.0, 805.0, 528.0], [1137.0, 878.0, 518.0], [1136.0, 891.0, 421.0], [1134.0, 888.0, 485.0], [1132.0, 808.0, 605.0], [1130.0, 897.0, 421.0], [1126.0, 930.0, 389.0], [1126.0, 919.0, 436.0], [1124.0, 921.0, 427.0], [1123.0, 865.0, 522.0], [1122.0, 821.0, 530.0], [1118.0, 906.0, 445.0], [1117.0, 946.0, 316.0], [1117.0, 939.0, 363.0], [1117.0, 938.0, 387.0], [1116.0, 995.0, 343.0], [1115.0, 968.0, 399.0], [1115.0, 927.0, 456.0], [1114.0, 937.0, 441.0], [1112.0, 959.0, 413.0], [1111.0, 827.0, 526.0], [1110.0, 922.0, 488.0], [1109.0, 938.0, 421.0], [1105.0, 970.0, 421.0], [1104.0, 882.0, 509.0], [1103.0, 847.0, 540.0], [1100.0, 931.0, 469.0], [1099.0, 927.0, 506.0], [1098.0, 811.0, 585.0], [1097.0, 943.0, 446.0], [1090.0, 1011.0, 339.0], [1090.0, 846.0, 553.0], [1089.0, 1005.0, 410.0], [1089.0, 790.0, 632.0], [1088.0, 945.0, 452.0], [1088.0, 824.0, 573.0], [1086.0, 945.0, 496.0], [1085.0, 873.0, 528.0], [1082.0, 851.0, 565.0], [1081.0, 1073.0, 367.0], [1079.0, 881.0, 513.0], [1077.0, 758.0, 636.0], [1076.0, 968.0, 459.0], [1075.0, 958.0, 466.0], [1074.0, 973.0, 461.0], [1070.0, 995.0, 444.0], [1069.0, 932.0, 513.0], [1066.0, 959.0, 472.0], [1065.0, 1022.0, 384.0], [1065.0, 867.0, 551.0], [1064.0, 887.0, 524.0], [1064.0, 873.0, 530.0], [1063.0, 1020.0, 402.0], [1063.0, 873.0, 563.0], [1061.0, 1002.0, 418.0], [1061.0, 947.0, 487.0], [1061.0, 875.0, 536.0], [1060.0, 924.0, 520.0], [1058.0, 944.0, 503.0], [1056.0, 1041.0, 397.0], [1056.0, 838.0, 571.0], [1055.0, 969.0, 464.0], [1054.0, 1024.0, 398.0], [1054.0, 1016.0, 420.0], [1054.0, 967.0, 477.0], [1053.0, 988.0, 445.0], [1053.0, 969.0, 471.0], [1053.0, 939.0, 591.0], [1051.0, 944.0, 517.0], [1048.0, 1024.0, 406.0], [1047.0, 1050.0, 478.0], [1045.0, 960.0, 482.0], [1045.0, 957.0, 497.0], [1041.0, 945.0, 550.0], [1038.0, 864.0, 605.0], [1037.0, 967.0, 510.0], [1035.0, 845.0, 653.0], [1031.0, 1051.0, 412.0], [1028.0, 994.0, 513.0], [1027.0, 1081.0, 343.0], [1027.0, 953.0, 526.0], [1026.0, 1062.0, 395.0], [1025.0, 965.0, 538.0], [1025.0, 947.0, 539.0], [1023.0, 967.0, 521.0], [1022.0, 1057.0, 404.0], [1021.0, 1090.0, 359.0], [1020.0, 1063.0, 405.0], [1020.0, 1024.0, 525.0], [1018.0, 1079.0, 409.0], [1017.0, 1086.0, 375.0], [1016.0, 1091.0, 341.0], [1013.0, 1143.0, 303.0], [1013.0, 1081.0, 427.0], [1013.0, 987.0, 530.0], [1013.0, 976.0, 534.0], [1012.0, 1100.0, 415.0], [1008.0, 1106.0, 335.0], [1007.0, 1030.0, 486.0], [1006.0, 975.0, 562.0], [1005.0, 1091.0, 474.0], [1003.0, 1096.0, 438.0], [1001.0, 1109.0, 433.0], [999.0, 986.0, 540.0], [998.0, 891.0, 606.0], [997.0, 1067.0, 479.0], [997.0, 1035.0, 516.0], [996.0, 913.0, 603.0], [994.0, 1161.0, 369.0], [993.0, 1163.0, 338.0], [993.0, 1139.0, 376.0], [992.0, 1113.0, 427.0], [991.0, 1009.0, 530.0], [991.0, 993.0, 535.0], [990.0, 948.0, 571.0], [990.0, 944.0, 574.0], [989.0, 1019.0, 588.0], [987.0, 1054.0, 482.0], [985.0, 1038.0, 511.0], [984.0, 956.0, 603.0], [981.0, 960.0, 592.0], [980.0, 1147.0, 370.0], [980.0, 1079.0, 476.0], [980.0, 908.0, 623.0], [979.0, 1073.0, 497.0], [978.0, 1137.0, 391.0], [978.0, 1025.0, 547.0], [977.0, 1035.0, 520.0], [976.0, 1122.0, 392.0], [975.0, 1177.0, 354.0], [975.0, 1056.0, 501.0], [975.0, 1031.0, 521.0], [974.0, 1100.0, 462.0], [973.0, 1163.0, 359.0], [973.0, 1039.0, 506.0], [969.0, 1120.0, 396.0], [968.0, 1188.0, 341.0], [968.0, 1145.0, 402.0], [968.0, 930.0, 621.0], [966.0, 1115.0, 416.0], [966.0, 1062.0, 516.0], [966.0, 943.0, 616.0], [964.0, 1146.0, 381.0], [963.0, 1187.0, 427.0], [963.0, 1045.0, 517.0], [960.0, 1103.0, 445.0], [959.0, 1063.0, 509.0], [959.0, 972.0, 597.0], [958.0, 1117.0, 454.0], [958.0, 1073.0, 573.0], [957.0, 1119.0, 430.0], [957.0, 1032.0, 588.0], [954.0, 1093.0, 483.0], [954.0, 987.0, 590.0], [953.0, 1127.0, 430.0], [952.0, 1132.0, 442.0], [952.0, 1079.0, 553.0], [950.0, 1090.0, 547.0], [949.0, 1109.0, 516.0], [947.0, 1008.0, 606.0], [945.0, 1128.0, 477.0], [943.0, 953.0, 638.0], [942.0, 1136.0, 454.0], [942.0, 1039.0, 576.0], [941.0, 952.0, 644.0], [939.0, 1195.0, 358.0], [939.0, 1139.0, 458.0], [939.0, 1137.0, 464.0], [936.0, 1076.0, 562.0], [936.0, 1000.0, 618.0], [935.0, 1140.0, 451.0], [935.0, 1003.0, 641.0], [934.0, 1027.0, 607.0], [933.0, 1148.0, 455.0], [931.0, 1210.0, 342.0], [931.0, 1201.0, 379.0], [931.0, 1154.0, 448.0], [929.0, 1165.0, 475.0], [929.0, 1084.0, 592.0], [926.0, 1222.0, 406.0], [925.0, 1111.0, 516.0], [924.0, 985.0, 645.0], [923.0, 1125.0, 485.0], [922.0, 1179.0, 431.0], [921.0, 1095.0, 529.0], [920.0, 1153.0, 504.0], [920.0, 1151.0, 511.0], [919.0, 1240.0, 364.0], [919.0, 1166.0, 469.0], [918.0, 1091.0, 559.0], [917.0, 1167.0, 494.0], [916.0, 1186.0, 467.0], [916.0, 1092.0, 531.0], [914.0, 1196.0, 425.0], [909.0, 1247.0, 327.0], [908.0, 1203.0, 408.0], [908.0, 1117.0, 521.0], [907.0, 1113.0, 550.0], [905.0, 1243.0, 375.0], [905.0, 1125.0, 522.0], [904.0, 1198.0, 418.0], [902.0, 1242.0, 437.0], [899.0, 1131.0, 515.0], [898.0, 1192.0, 441.0], [897.0, 1203.0, 471.0], [896.0, 1256.0, 273.0], [893.0, 1072.0, 640.0], [890.0, 1102.0, 551.0], [889.0, 1269.0, 408.0], [889.0, 1132.0, 513.0], [889.0, 1008.0, 651.0], [886.0, 1240.0, 465.0], [885.0, 1295.0, 305.0], [885.0, 1172.0, 511.0], [884.0, 1114.0, 552.0], [883.0, 1284.0, 371.0], [883.0, 1199.0, 472.0], [883.0, 1178.0, 482.0], [882.0, 1121.0, 584.0], [880.0, 1160.0, 559.0], [878.0, 1176.0, 514.0], [876.0, 1198.0, 485.0], [871.0, 1264.0, 419.0], [870.0, 1172.0, 595.0], [866.0, 1232.0, 466.0], [866.0, 1192.0, 515.0], [864.0, 1273.0, 384.0], [863.0, 1327.0, 301.0], [863.0, 1300.0, 406.0], [862.0, 1272.0, 448.0], [858.0, 1195.0, 492.0], [858.0, 1193.0, 507.0], [857.0, 1366.0, 344.0], [857.0, 1226.0, 468.0], [856.0, 1120.0, 621.0], [855.0, 1229.0, 476.0], [855.0, 1185.0, 518.0], [854.0, 1075.0, 630.0], [852.0, 1309.0, 368.0], [852.0, 1179.0, 599.0], [849.0, 1319.0, 348.0], [849.0, 1199.0, 496.0], [843.0, 1313.0, 398.0], [840.0, 1209.0, 502.0], [838.0, 1278.0, 414.0], [837.0, 1246.0, 455.0], [836.0, 1306.0, 400.0], [834.0, 1330.0, 401.0], [833.0, 1233.0, 466.0], [833.0, 1216.0, 485.0], [831.0, 1217.0, 505.0], [830.0, 1308.0, 412.0], [830.0, 1302.0, 418.0], [830.0, 1218.0, 502.0], [829.0, 1278.0, 458.0], [829.0, 1271.0, 475.0], [829.0, 1229.0, 514.0], [828.0, 1368.0, 385.0], [828.0, 1291.0, 434.0], [827.0, 1237.0, 478.0], [827.0, 1185.0, 558.0], [826.0, 1188.0, 519.0], [825.0, 1187.0, 531.0], [824.0, 1383.0, 359.0], [822.0, 1233.0, 513.0], [819.0, 1247.0, 484.0], [819.0, 1202.0, 515.0], [817.0, 1312.0, 423.0], [815.0, 1237.0, 506.0], [813.0, 1316.0, 459.0], [813.0, 1248.0, 485.0], [813.0, 1230.0, 515.0], [812.0, 1251.0, 528.0], [812.0, 1249.0, 544.0], [811.0, 1196.0, 589.0], [808.0, 1080.0, 647.0], [806.0, 1276.0, 484.0], [804.0, 1284.0, 466.0], [804.0, 1236.0, 564.0], [803.0, 1353.0, 402.0], [801.0, 1288.0, 480.0], [800.0, 1255.0, 489.0], [798.0, 1341.0, 406.0], [797.0, 1282.0, 485.0], [795.0, 1388.0, 289.0], [795.0, 1127.0, 619.0], [794.0, 1319.0, 408.0], [794.0, 1290.0, 466.0], [793.0, 1328.0, 444.0], [792.0, 1168.0, 623.0], [791.0, 1338.0, 423.0], [791.0, 1330.0, 451.0], [790.0, 1255.0, 508.0], [789.0, 1261.0, 523.0], [788.0, 1387.0, 364.0], [785.0, 1389.0, 334.0], [782.0, 1334.0, 432.0], [781.0, 1348.0, 460.0], [781.0, 1329.0, 473.0], [780.0, 1365.0, 423.0], [780.0, 1355.0, 431.0], [780.0, 1273.0, 504.0], [779.0, 1238.0, 552.0], [777.0, 1366.0, 394.0], [777.0, 1268.0, 578.0], [775.0, 1380.0, 370.0], [774.0, 1309.0, 485.0], [773.0, 1395.0, 369.0], [773.0, 1271.0, 512.0], [771.0, 1294.0, 513.0], [770.0, 1327.0, 477.0], [770.0, 1201.0, 591.0], [769.0, 1232.0, 594.0], [767.0, 1291.0, 522.0], [766.0, 1424.0, 330.0], [766.0, 1381.0, 375.0], [765.0, 1389.0, 378.0], [765.0, 1287.0, 533.0], [764.0, 1366.0, 413.0], [764.0, 1296.0, 512.0], [763.0, 1390.0, 410.0], [763.0, 1275.0, 543.0], [761.0, 1405.0, 363.0], [759.0, 1326.0, 495.0], [758.0, 1419.0, 345.0], [757.0, 1304.0, 507.0], [756.0, 1437.0, 266.0], [754.0, 1393.0, 373.0], [753.0, 1402.0, 371.0], [753.0, 1356.0, 458.0], [752.0, 1402.0, 387.0], [751.0, 1463.0, 309.0], [751.0, 1359.0, 442.0], [750.0, 1419.0, 394.0], [748.0, 1357.0, 464.0], [745.0, 1350.0, 498.0], [744.0, 1432.0, 337.0], [744.0, 1329.0, 520.0], [743.0, 1468.0, 314.0], [743.0, 1397.0, 451.0], [742.0, 1423.0, 367.0], [742.0, 1294.0, 538.0], [737.0, 1439.0, 366.0], [735.0, 1361.0, 496.0], [735.0, 1301.0, 549.0], [732.0, 1325.0, 528.0], [729.0, 1487.0, 334.0], [729.0, 1384.0, 458.0], [729.0, 1321.0, 533.0], [728.0, 1419.0, 414.0], [723.0, 1399.0, 442.0], [719.0, 1443.0, 348.0], [718.0, 1291.0, 567.0], [717.0, 1436.0, 402.0], [717.0, 1403.0, 421.0], [712.0, 1379.0, 462.0], [711.0, 1431.0, 419.0], [707.0, 1386.0, 458.0], [706.0, 1364.0, 498.0], [704.0, 1365.0, 494.0], [702.0, 1304.0, 563.0], [701.0, 1409.0, 427.0], [701.0, 1357.0, 509.0], [700.0, 1458.0, 353.0], [698.0, 1480.0, 362.0], [698.0, 1468.0, 371.0], [697.0, 1462.0, 411.0], [696.0, 1414.0, 439.0], [695.0, 1374.0, 512.0], [694.0, 1511.0, 290.0], [693.0, 1436.0, 412.0], [693.0, 1435.0, 459.0], [692.0, 1476.0, 395.0], [690.0, 1415.0, 460.0], [689.0, 1405.0, 462.0], [689.0, 1353.0, 524.0], [688.0, 1489.0, 366.0], [688.0, 1389.0, 490.0], [687.0, 1499.0, 309.0], [684.0, 1417.0, 472.0], [679.0, 1534.0, 361.0], [679.0, 1479.0, 442.0], [674.0, 1503.0, 373.0], [671.0, 1356.0, 519.0], [670.0, 1439.0, 475.0], [667.0, 1364.0, 544.0], [667.0, 1323.0, 580.0], [665.0, 1396.0, 496.0], [659.0, 1372.0, 520.0], [658.0, 1521.0, 364.0], [658.0, 1499.0, 380.0], [656.0, 1405.0, 479.0], [649.0, 1480.0, 389.0], [649.0, 1446.0, 451.0], [648.0, 1378.0, 512.0], [645.0, 1416.0, 495.0], [644.0, 1551.0, 377.0], [639.0, 1452.0, 455.0], [638.0, 1391.0, 498.0], [636.0, 1424.0, 487.0], [631.0, 1494.0, 412.0], [631.0, 1490.0, 463.0], [631.0, 1435.0, 497.0], [630.0, 1473.0, 464.0], [628.0, 1452.0, 480.0], [627.0, 1532.0, 383.0], [624.0, 1524.0, 387.0], [623.0, 1576.0, 378.0], [623.0, 1511.0, 418.0], [621.0, 1533.0, 381.0], [620.0, 1429.0, 510.0], [618.0, 1521.0, 400.0], [614.0, 1581.0, 284.0], [610.0, 1533.0, 403.0], [610.0, 1440.0, 493.0], [609.0, 1565.0, 380.0], [608.0, 1400.0, 533.0], [607.0, 1441.0, 482.0], [606.0, 1488.0, 485.0], [597.0, 1560.0, 384.0], [597.0, 1441.0, 500.0], [595.0, 1502.0, 448.0], [590.0, 1525.0, 414.0], [587.0, 1452.0, 516.0], [584.0, 1550.0, 395.0], [582.0, 1560.0, 403.0], [582.0, 1551.0, 419.0], [581.0, 1577.0, 366.0], [581.0, 1500.0, 463.0], [577.0, 1550.0, 432.0], [576.0, 1549.0, 447.0], [574.0, 1453.0, 503.0], [564.0, 1598.0, 339.0], [561.0, 1578.0, 389.0], [553.0, 1590.0, 387.0], [552.0, 1613.0, 359.0], [550.0, 1603.0, 381.0], [542.0, 1554.0, 422.0], [533.0, 1587.0, 406.0], [532.0, 1497.0, 475.0], [528.0, 1646.0, 354.0], [527.0, 1605.0, 389.0], [525.0, 1609.0, 380.0], [523.0, 1669.0, 323.0], [522.0, 1629.0, 368.0], [518.0, 1552.0, 441.0], [506.0, 1604.0, 459.0], [493.0, 1620.0, 414.0], [453.0, 1640.0, 427.0]]
