heur = true
LBS_limit = 4
preproc = 2
tight_root = 0
total_time = 37.26
NDP = 25
total_nodes = 917
pruned_nodes = 459
pruned_dominance_nodes = 0
heur_time = 1.91
Y_N = Any[[1782.0, 1820.0, 970.0], [1754.0, 1704.0, 1185.0], [1751.0, 1724.0, 1100.0], [1618.0, 1932.0, 1005.0], [1618.0, 1810.0, 1317.0], [1593.0, 2004.0, 1128.0], [1581.0, 2022.0, 1055.0], [1562.0, 2135.0, 960.0], [1539.0, 2136.0, 948.0], [1526.0, 2008.0, 1165.0], [1515.0, 1906.0, 1260.0], [1508.0, 2146.0, 924.0], [1504.0, 2032.0, 1015.0], [1499.0, 2055.0, 1126.0], [1460.0, 2105.0, 1113.0], [1448.0, 2140.0, 1090.0], [1437.0, 2217.0, 980.0], [1386.0, 2235.0, 1035.0], [1386.0, 2118.0, 1244.0], [1352.0, 2128.0, 1256.0], [1340.0, 2261.0, 1084.0], [1326.0, 2266.0, 1009.0], [1306.0, 2175.0, 1249.0], [1240.0, 2427.0, 862.0], [1172.0, 2368.0, 1101.0]]
