heur = true
LBS_limit = 4
preproc = 2
tight_root = 0
total_time = 853.93
NDP = 452
total_nodes = 75745
pruned_nodes = 37873
pruned_dominance_nodes = 129
heur_time = 2.22
Y_N = Any[[757.0, 110.0, 442.0], [725.0, 176.0, 397.0], [708.0, 264.0, 313.0], [697.0, 215.0, 430.0], [692.0, 302.0, 275.0], [688.0, 313.0, 245.0], [682.0, 285.0, 355.0], [681.0, 247.0, 476.0], [675.0, 300.0, 290.0], [666.0, 286.0, 428.0], [657.0, 332.0, 279.0], [655.0, 370.0, 225.0], [653.0, 302.0, 333.0], [645.0, 304.0, 380.0], [644.0, 373.0, 198.0], [634.0, 295.0, 396.0], [633.0, 355.0, 291.0], [633.0, 352.0, 294.0], [633.0, 332.0, 328.0], [632.0, 341.0, 361.0], [632.0, 308.0, 385.0], [629.0, 317.0, 408.0], [626.0, 347.0, 388.0], [624.0, 393.0, 257.0], [620.0, 393.0, 305.0], [619.0, 368.0, 427.0], [611.0, 410.0, 315.0], [611.0, 258.0, 434.0], [606.0, 398.0, 332.0], [605.0, 447.0, 224.0], [604.0, 318.0, 429.0], [602.0, 372.0, 348.0], [602.0, 235.0, 509.0], [597.0, 465.0, 300.0], [594.0, 323.0, 440.0], [594.0, 247.0, 491.0], [590.0, 385.0, 344.0], [587.0, 469.0, 226.0], [586.0, 398.0, 382.0], [584.0, 426.0, 364.0], [581.0, 394.0, 391.0], [578.0, 400.0, 376.0], [578.0, 339.0, 457.0], [575.0, 307.0, 461.0], [573.0, 340.0, 436.0], [570.0, 477.0, 233.0], [568.0, 368.0, 455.0], [564.0, 487.0, 277.0], [563.0, 432.0, 305.0], [562.0, 430.0, 334.0], [562.0, 283.0, 480.0], [561.0, 375.0, 400.0], [558.0, 435.0, 328.0], [558.0, 336.0, 509.0], [557.0, 373.0, 425.0], [556.0, 388.0, 414.0], [556.0, 365.0, 458.0], [555.0, 408.0, 426.0], [554.0, 450.0, 391.0], [547.0, 356.0, 496.0], [545.0, 473.0, 284.0], [543.0, 502.0, 251.0], [542.0, 489.0, 275.0], [539.0, 401.0, 434.0], [537.0, 517.0, 249.0], [536.0, 500.0, 307.0], [536.0, 474.0, 309.0], [535.0, 548.0, 242.0], [533.0, 455.0, 353.0], [533.0, 397.0, 446.0], [529.0, 453.0, 354.0], [527.0, 492.0, 315.0], [526.0, 467.0, 341.0], [526.0, 424.0, 394.0], [525.0, 501.0, 356.0], [522.0, 490.0, 376.0], [518.0, 573.0, 245.0], [518.0, 553.0, 255.0], [517.0, 458.0, 390.0], [515.0, 507.0, 332.0], [512.0, 562.0, 284.0], [508.0, 510.0, 308.0], [506.0, 514.0, 313.0], [506.0, 394.0, 489.0], [502.0, 503.0, 361.0], [501.0, 461.0, 396.0], [499.0, 443.0, 463.0], [498.0, 527.0, 310.0], [496.0, 405.0, 499.0], [492.0, 469.0, 407.0], [492.0, 462.0, 413.0], [490.0, 530.0, 294.0], [490.0, 515.0, 311.0], [488.0, 515.0, 358.0], [487.0, 564.0, 251.0], [487.0, 532.0, 335.0], [487.0, 383.0, 515.0], [485.0, 586.0, 245.0], [485.0, 485.0, 388.0], [484.0, 534.0, 290.0], [484.0, 517.0, 338.0], [484.0, 481.0, 434.0], [483.0, 577.0, 275.0], [483.0, 536.0, 295.0], [483.0, 523.0, 396.0], [478.0, 547.0, 309.0], [476.0, 445.0, 452.0], [474.0, 455.0, 446.0], [474.0, 416.0, 501.0], [473.0, 594.0, 229.0], [473.0, 525.0, 361.0], [471.0, 570.0, 282.0], [470.0, 574.0, 309.0], [469.0, 561.0, 312.0], [467.0, 525.0, 383.0], [467.0, 519.0, 408.0], [466.0, 578.0, 276.0], [465.0, 615.0, 252.0], [465.0, 538.0, 340.0], [464.0, 461.0, 440.0], [463.0, 580.0, 264.0], [462.0, 535.0, 363.0], [462.0, 438.0, 495.0], [460.0, 555.0, 329.0], [457.0, 578.0, 279.0], [456.0, 590.0, 281.0], [453.0, 542.0, 414.0], [451.0, 551.0, 396.0], [450.0, 604.0, 260.0], [450.0, 592.0, 288.0], [449.0, 502.0, 417.0], [448.0, 590.0, 296.0], [448.0, 439.0, 495.0], [447.0, 597.0, 284.0], [446.0, 602.0, 285.0], [446.0, 576.0, 329.0], [444.0, 664.0, 242.0], [444.0, 581.0, 297.0], [443.0, 583.0, 370.0], [441.0, 614.0, 323.0], [441.0, 591.0, 353.0], [438.0, 469.0, 462.0], [432.0, 676.0, 224.0], [432.0, 538.0, 416.0], [431.0, 459.0, 487.0], [430.0, 597.0, 362.0], [430.0, 528.0, 423.0], [430.0, 517.0, 434.0], [430.0, 474.0, 443.0], [430.0, 462.0, 481.0], [427.0, 481.0, 435.0], [426.0, 634.0, 307.0], [425.0, 654.0, 248.0], [424.0, 636.0, 249.0], [424.0, 493.0, 444.0], [424.0, 492.0, 490.0], [420.0, 648.0, 278.0], [419.0, 660.0, 251.0], [419.0, 557.0, 382.0], [418.0, 598.0, 363.0], [417.0, 668.0, 281.0], [417.0, 519.0, 464.0], [417.0, 506.0, 492.0], [413.0, 603.0, 337.0], [413.0, 551.0, 397.0], [412.0, 588.0, 365.0], [412.0, 573.0, 431.0], [410.0, 675.0, 243.0], [409.0, 613.0, 352.0], [409.0, 530.0, 472.0], [408.0, 477.0, 501.0], [407.0, 600.0, 357.0], [403.0, 605.0, 365.0], [403.0, 592.0, 390.0], [399.0, 672.0, 268.0], [398.0, 679.0, 191.0], [397.0, 683.0, 212.0], [397.0, 620.0, 310.0], [396.0, 627.0, 348.0], [395.0, 600.0, 369.0], [394.0, 662.0, 282.0], [391.0, 596.0, 371.0], [390.0, 681.0, 234.0], [390.0, 677.0, 297.0], [390.0, 629.0, 319.0], [389.0, 542.0, 447.0], [387.0, 683.0, 241.0], [387.0, 629.0, 347.0], [386.0, 549.0, 436.0], [385.0, 711.0, 213.0], [385.0, 669.0, 305.0], [384.0, 678.0, 262.0], [383.0, 621.0, 353.0], [380.0, 635.0, 320.0], [379.0, 612.0, 355.0], [378.0, 681.0, 256.0], [378.0, 634.0, 326.0], [376.0, 636.0, 330.0], [376.0, 605.0, 379.0], [376.0, 594.0, 419.0], [375.0, 691.0, 282.0], [375.0, 604.0, 406.0], [374.0, 645.0, 326.0], [373.0, 614.0, 365.0], [371.0, 723.0, 181.0], [369.0, 683.0, 321.0], [368.0, 646.0, 370.0], [367.0, 602.0, 408.0], [366.0, 620.0, 371.0], [365.0, 699.0, 220.0], [365.0, 685.0, 301.0], [364.0, 739.0, 192.0], [364.0, 714.0, 243.0], [364.0, 702.0, 263.0], [364.0, 694.0, 264.0], [362.0, 652.0, 364.0], [362.0, 613.0, 414.0], [360.0, 531.0, 487.0], [359.0, 717.0, 194.0], [359.0, 544.0, 440.0], [359.0, 541.0, 456.0], [357.0, 619.0, 413.0], [357.0, 550.0, 439.0], [355.0, 693.0, 305.0], [355.0, 632.0, 396.0], [353.0, 659.0, 365.0], [352.0, 620.0, 402.0], [351.0, 735.0, 249.0], [351.0, 703.0, 257.0], [349.0, 705.0, 261.0], [349.0, 686.0, 326.0], [349.0, 569.0, 453.0], [348.0, 761.0, 223.0], [348.0, 607.0, 454.0], [347.0, 691.0, 364.0], [343.0, 654.0, 370.0], [343.0, 645.0, 377.0], [342.0, 718.0, 253.0], [342.0, 639.0, 395.0], [341.0, 640.0, 387.0], [340.0, 707.0, 255.0], [339.0, 554.0, 464.0], [336.0, 744.0, 250.0], [336.0, 717.0, 284.0], [331.0, 710.0, 383.0], [329.0, 765.0, 196.0], [329.0, 761.0, 287.0], [329.0, 595.0, 488.0], [327.0, 644.0, 409.0], [325.0, 716.0, 297.0], [325.0, 711.0, 331.0], [324.0, 647.0, 386.0], [324.0, 621.0, 431.0], [322.0, 722.0, 344.0], [321.0, 694.0, 387.0], [317.0, 785.0, 194.0], [317.0, 645.0, 388.0], [316.0, 725.0, 333.0], [316.0, 614.0, 445.0], [315.0, 774.0, 222.0], [311.0, 738.0, 310.0], [311.0, 625.0, 431.0], [310.0, 783.0, 202.0], [308.0, 775.0, 238.0], [307.0, 769.0, 248.0], [306.0, 763.0, 258.0], [301.0, 784.0, 256.0], [301.0, 649.0, 443.0], [300.0, 749.0, 291.0], [298.0, 742.0, 296.0], [297.0, 712.0, 348.0], [296.0, 837.0, 194.0], [295.0, 752.0, 296.0], [294.0, 758.0, 306.0], [294.0, 708.0, 411.0], [293.0, 832.0, 202.0], [293.0, 716.0, 360.0], [292.0, 777.0, 258.0], [290.0, 799.0, 203.0], [290.0, 733.0, 312.0], [288.0, 776.0, 272.0], [287.0, 664.0, 428.0], [286.0, 771.0, 296.0], [285.0, 774.0, 319.0], [283.0, 730.0, 327.0], [282.0, 733.0, 332.0], [282.0, 711.0, 401.0], [281.0, 839.0, 165.0], [281.0, 724.0, 334.0], [280.0, 854.0, 209.0], [280.0, 788.0, 249.0], [279.0, 723.0, 349.0], [277.0, 778.0, 290.0], [276.0, 789.0, 225.0], [276.0, 739.0, 348.0], [276.0, 724.0, 357.0], [275.0, 653.0, 446.0], [274.0, 791.0, 272.0], [274.0, 788.0, 294.0], [274.0, 780.0, 299.0], [273.0, 655.0, 465.0], [270.0, 855.0, 117.0], [269.0, 756.0, 329.0], [269.0, 721.0, 360.0], [269.0, 713.0, 363.0], [267.0, 726.0, 362.0], [267.0, 713.0, 410.0], [266.0, 795.0, 286.0], [266.0, 782.0, 296.0], [266.0, 763.0, 327.0], [265.0, 715.0, 380.0], [265.0, 662.0, 433.0], [265.0, 635.0, 473.0], [264.0, 823.0, 257.0], [263.0, 793.0, 308.0], [263.0, 664.0, 457.0], [262.0, 744.0, 339.0], [262.0, 730.0, 366.0], [261.0, 771.0, 322.0], [261.0, 735.0, 356.0], [259.0, 796.0, 270.0], [259.0, 770.0, 330.0], [259.0, 724.0, 383.0], [259.0, 665.0, 456.0], [255.0, 832.0, 214.0], [254.0, 799.0, 273.0], [254.0, 732.0, 371.0], [254.0, 686.0, 414.0], [252.0, 726.0, 373.0], [251.0, 840.0, 221.0], [251.0, 785.0, 349.0], [251.0, 748.0, 352.0], [250.0, 735.0, 371.0], [249.0, 795.0, 296.0], [247.0, 829.0, 227.0], [246.0, 871.0, 188.0], [245.0, 720.0, 400.0], [244.0, 825.0, 235.0], [244.0, 737.0, 365.0], [242.0, 800.0, 279.0], [241.0, 734.0, 383.0], [240.0, 855.0, 211.0], [240.0, 819.0, 282.0], [240.0, 787.0, 326.0], [239.0, 822.0, 293.0], [237.0, 789.0, 337.0], [234.0, 834.0, 305.0], [234.0, 805.0, 341.0], [234.0, 733.0, 402.0], [231.0, 737.0, 379.0], [229.0, 880.0, 187.0], [227.0, 860.0, 211.0], [227.0, 847.0, 240.0], [227.0, 740.0, 387.0], [224.0, 852.0, 264.0], [220.0, 865.0, 249.0], [220.0, 719.0, 438.0], [219.0, 751.0, 366.0], [218.0, 755.0, 359.0], [217.0, 818.0, 319.0], [215.0, 744.0, 390.0], [214.0, 882.0, 243.0], [212.0, 839.0, 292.0], [208.0, 848.0, 290.0], [207.0, 872.0, 256.0], [206.0, 891.0, 252.0], [206.0, 808.0, 332.0], [206.0, 801.0, 345.0], [204.0, 849.0, 300.0], [204.0, 757.0, 374.0], [203.0, 814.0, 332.0], [203.0, 722.0, 414.0], [202.0, 763.0, 375.0], [202.0, 752.0, 385.0], [201.0, 850.0, 265.0], [200.0, 814.0, 334.0], [198.0, 824.0, 315.0], [196.0, 868.0, 275.0], [195.0, 802.0, 386.0], [190.0, 830.0, 350.0], [188.0, 867.0, 277.0], [188.0, 850.0, 294.0], [183.0, 904.0, 201.0], [183.0, 876.0, 277.0], [183.0, 812.0, 373.0], [182.0, 862.0, 278.0], [182.0, 833.0, 313.0], [180.0, 841.0, 317.0], [178.0, 879.0, 269.0], [178.0, 816.0, 354.0], [172.0, 884.0, 284.0], [172.0, 862.0, 313.0], [169.0, 842.0, 315.0], [168.0, 875.0, 289.0], [167.0, 912.0, 186.0], [167.0, 884.0, 304.0], [166.0, 915.0, 168.0], [166.0, 908.0, 224.0], [165.0, 900.0, 343.0], [162.0, 923.0, 167.0], [161.0, 919.0, 172.0], [160.0, 911.0, 197.0], [156.0, 922.0, 195.0], [155.0, 859.0, 349.0], [155.0, 822.0, 380.0], [153.0, 920.0, 206.0], [152.0, 924.0, 124.0], [151.0, 919.0, 254.0], [149.0, 829.0, 358.0], [148.0, 925.0, 147.0], [147.0, 936.0, 151.0], [145.0, 922.0, 245.0], [144.0, 935.0, 218.0], [142.0, 829.0, 363.0], [142.0, 817.0, 384.0], [138.0, 874.0, 348.0], [136.0, 851.0, 362.0], [131.0, 928.0, 240.0], [130.0, 840.0, 372.0], [123.0, 906.0, 265.0], [123.0, 902.0, 339.0], [122.0, 907.0, 262.0], [121.0, 928.0, 271.0], [119.0, 947.0, 162.0], [116.0, 903.0, 286.0], [115.0, 939.0, 228.0], [114.0, 946.0, 176.0], [114.0, 937.0, 259.0], [108.0, 942.0, 267.0], [107.0, 904.0, 283.0], [106.0, 958.0, 213.0], [102.0, 912.0, 302.0], [101.0, 916.0, 276.0], [100.0, 956.0, 225.0], [100.0, 904.0, 323.0], [99.0, 916.0, 285.0], [99.0, 908.0, 315.0], [97.0, 969.0, 206.0], [95.0, 972.0, 244.0], [92.0, 961.0, 256.0], [90.0, 916.0, 311.0], [83.0, 949.0, 289.0], [81.0, 915.0, 331.0], [75.0, 977.0, 287.0], [67.0, 904.0, 375.0], [66.0, 932.0, 309.0], [47.0, 992.0, 180.0], [45.0, 987.0, 277.0], [31.0, 989.0, 229.0], [28.0, 987.0, 278.0], [17.0, 998.0, 260.0], [10.0, 994.0, 270.0]]
