heur = true
LBS_limit = 4
preproc = 2
tight_root = 0
total_time = 15.29
NDP = 222
total_nodes = 4129
pruned_nodes = 2065
pruned_dominance_nodes = 0
heur_time = 0.58
Y_N = Any[[514.0, 49.0, 145.0], [498.0, 67.0, 146.0], [483.0, 118.0, 97.0], [480.0, 122.0, 88.0], [480.0, 115.0, 165.0], [469.0, 117.0, 151.0], [465.0, 156.0, 151.0], [455.0, 117.0, 230.0], [452.0, 161.0, 125.0], [452.0, 126.0, 243.0], [446.0, 140.0, 203.0], [444.0, 157.0, 128.0], [444.0, 125.0, 247.0], [443.0, 148.0, 230.0], [433.0, 185.0, 133.0], [433.0, 149.0, 179.0], [431.0, 175.0, 152.0], [431.0, 101.0, 263.0], [425.0, 153.0, 186.0], [423.0, 188.0, 157.0], [423.0, 157.0, 164.0], [418.0, 178.0, 170.0], [415.0, 162.0, 184.0], [410.0, 206.0, 137.0], [409.0, 200.0, 141.0], [406.0, 231.0, 110.0], [406.0, 140.0, 234.0], [406.0, 127.0, 259.0], [401.0, 179.0, 161.0], [400.0, 183.0, 206.0], [398.0, 143.0, 232.0], [397.0, 209.0, 136.0], [392.0, 184.0, 180.0], [391.0, 296.0, 131.0], [390.0, 299.0, 73.0], [387.0, 270.0, 134.0], [386.0, 205.0, 182.0], [383.0, 215.0, 154.0], [379.0, 210.0, 161.0], [378.0, 199.0, 195.0], [377.0, 204.0, 196.0], [375.0, 157.0, 220.0], [375.0, 148.0, 271.0], [374.0, 163.0, 318.0], [373.0, 251.0, 195.0], [370.0, 207.0, 215.0], [368.0, 287.0, 138.0], [368.0, 221.0, 225.0], [367.0, 250.0, 214.0], [366.0, 223.0, 219.0], [365.0, 202.0, 230.0], [362.0, 269.0, 161.0], [358.0, 219.0, 241.0], [355.0, 234.0, 216.0], [355.0, 166.0, 302.0], [352.0, 231.0, 275.0], [351.0, 298.0, 158.0], [348.0, 238.0, 231.0], [344.0, 271.0, 199.0], [339.0, 309.0, 142.0], [337.0, 240.0, 220.0], [337.0, 236.0, 256.0], [336.0, 317.0, 144.0], [336.0, 288.0, 159.0], [332.0, 264.0, 232.0], [330.0, 336.0, 97.0], [328.0, 347.0, 105.0], [324.0, 274.0, 175.0], [324.0, 233.0, 288.0], [322.0, 371.0, 71.0], [322.0, 276.0, 189.0], [322.0, 225.0, 291.0], [320.0, 285.0, 202.0], [319.0, 300.0, 194.0], [317.0, 310.0, 161.0], [316.0, 300.0, 203.0], [315.0, 278.0, 218.0], [314.0, 353.0, 129.0], [314.0, 302.0, 196.0], [313.0, 373.0, 59.0], [310.0, 247.0, 240.0], [309.0, 236.0, 281.0], [306.0, 297.0, 215.0], [305.0, 303.0, 171.0], [304.0, 388.0, 77.0], [302.0, 239.0, 262.0], [301.0, 310.0, 210.0], [299.0, 259.0, 245.0], [297.0, 370.0, 121.0], [297.0, 312.0, 164.0], [297.0, 311.0, 175.0], [297.0, 263.0, 254.0], [296.0, 315.0, 155.0], [292.0, 319.0, 150.0], [291.0, 365.0, 140.0], [290.0, 299.0, 216.0], [286.0, 327.0, 150.0], [286.0, 319.0, 177.0], [285.0, 332.0, 166.0], [285.0, 304.0, 222.0], [284.0, 251.0, 297.0], [282.0, 415.0, 116.0], [279.0, 330.0, 192.0], [277.0, 335.0, 164.0], [277.0, 327.0, 218.0], [277.0, 307.0, 234.0], [275.0, 363.0, 169.0], [275.0, 256.0, 269.0], [274.0, 326.0, 247.0], [272.0, 366.0, 126.0], [271.0, 341.0, 204.0], [270.0, 375.0, 127.0], [270.0, 369.0, 131.0], [265.0, 365.0, 172.0], [264.0, 381.0, 168.0], [262.0, 398.0, 129.0], [262.0, 352.0, 256.0], [262.0, 329.0, 263.0], [259.0, 431.0, 65.0], [255.0, 386.0, 196.0], [253.0, 394.0, 135.0], [243.0, 309.0, 273.0], [241.0, 387.0, 167.0], [238.0, 388.0, 176.0], [236.0, 400.0, 161.0], [236.0, 392.0, 208.0], [233.0, 457.0, 58.0], [230.0, 410.0, 186.0], [228.0, 476.0, 41.0], [227.0, 424.0, 77.0], [225.0, 385.0, 218.0], [224.0, 434.0, 143.0], [224.0, 382.0, 220.0], [223.0, 311.0, 267.0], [220.0, 452.0, 82.0], [218.0, 314.0, 273.0], [215.0, 485.0, 53.0], [215.0, 453.0, 99.0], [215.0, 388.0, 217.0], [204.0, 400.0, 198.0], [202.0, 416.0, 148.0], [202.0, 402.0, 188.0], [200.0, 428.0, 147.0], [200.0, 403.0, 198.0], [199.0, 492.0, 84.0], [197.0, 458.0, 99.0], [197.0, 433.0, 161.0], [191.0, 454.0, 129.0], [191.0, 404.0, 208.0], [189.0, 406.0, 223.0], [188.0, 464.0, 136.0], [188.0, 421.0, 201.0], [188.0, 341.0, 266.0], [185.0, 407.0, 246.0], [179.0, 425.0, 182.0], [179.0, 419.0, 209.0], [177.0, 409.0, 219.0], [172.0, 483.0, 92.0], [171.0, 487.0, 108.0], [170.0, 446.0, 170.0], [169.0, 470.0, 122.0], [169.0, 467.0, 148.0], [167.0, 415.0, 222.0], [165.0, 527.0, 54.0], [164.0, 468.0, 167.0], [163.0, 426.0, 174.0], [162.0, 434.0, 233.0], [160.0, 466.0, 181.0], [159.0, 504.0, 80.0], [159.0, 501.0, 106.0], [158.0, 531.0, 72.0], [158.0, 529.0, 88.0], [157.0, 422.0, 246.0], [156.0, 476.0, 151.0], [155.0, 486.0, 109.0], [153.0, 465.0, 182.0], [145.0, 486.0, 110.0], [144.0, 486.0, 118.0], [143.0, 506.0, 135.0], [141.0, 478.0, 156.0], [140.0, 489.0, 172.0], [138.0, 487.0, 174.0], [131.0, 436.0, 207.0], [130.0, 440.0, 254.0], [129.0, 475.0, 181.0], [125.0, 541.0, 78.0], [125.0, 471.0, 183.0], [124.0, 496.0, 156.0], [120.0, 495.0, 167.0], [119.0, 442.0, 194.0], [118.0, 498.0, 188.0], [116.0, 505.0, 156.0], [115.0, 495.0, 206.0], [112.0, 546.0, 95.0], [107.0, 569.0, 55.0], [106.0, 547.0, 56.0], [105.0, 507.0, 129.0], [98.0, 553.0, 59.0], [94.0, 565.0, 95.0], [93.0, 514.0, 135.0], [92.0, 566.0, 100.0], [91.0, 576.0, 75.0], [91.0, 503.0, 191.0], [89.0, 516.0, 113.0], [88.0, 583.0, 54.0], [86.0, 556.0, 107.0], [85.0, 517.0, 108.0], [82.0, 513.0, 143.0], [81.0, 583.0, 133.0], [81.0, 517.0, 140.0], [72.0, 589.0, 106.0], [70.0, 512.0, 220.0], [61.0, 513.0, 214.0], [56.0, 577.0, 139.0], [56.0, 517.0, 211.0], [50.0, 519.0, 188.0], [47.0, 584.0, 111.0], [45.0, 599.0, 100.0], [24.0, 592.0, 106.0], [23.0, 591.0, 115.0], [8.0, 594.0, 107.0], [-0.0, 600.0, 114.0]]
