heur = true
LBS_limit = 4
preproc = 2
tight_root = 0
total_time = 864.77
NDP = 462
total_nodes = 100165
pruned_nodes = 50083
pruned_dominance_nodes = 186
heur_time = 0.92
Y_N = Any[[832.0, 593.0, 355.0], [828.0, 584.0, 423.0], [818.0, 704.0, 346.0], [815.0, 613.0, 355.0], [812.0, 669.0, 370.0], [803.0, 683.0, 376.0], [800.0, 603.0, 489.0], [792.0, 714.0, 323.0], [791.0, 709.0, 400.0], [783.0, 599.0, 513.0], [776.0, 613.0, 501.0], [775.0, 716.0, 301.0], [768.0, 735.0, 292.0], [765.0, 777.0, 359.0], [763.0, 756.0, 384.0], [749.0, 727.0, 402.0], [749.0, 710.0, 477.0], [747.0, 765.0, 396.0], [741.0, 735.0, 462.0], [737.0, 769.0, 418.0], [731.0, 790.0, 288.0], [727.0, 741.0, 454.0], [726.0, 786.0, 349.0], [725.0, 788.0, 305.0], [724.0, 756.0, 452.0], [723.0, 811.0, 401.0], [722.0, 694.0, 488.0], [719.0, 828.0, 364.0], [715.0, 819.0, 390.0], [707.0, 784.0, 434.0], [706.0, 830.0, 339.0], [704.0, 742.0, 482.0], [693.0, 789.0, 415.0], [692.0, 828.0, 375.0], [691.0, 848.0, 360.0], [687.0, 855.0, 362.0], [687.0, 837.0, 389.0], [687.0, 797.0, 409.0], [686.0, 862.0, 390.0], [686.0, 793.0, 412.0], [685.0, 881.0, 356.0], [685.0, 800.0, 440.0], [683.0, 895.0, 323.0], [682.0, 832.0, 436.0], [681.0, 847.0, 408.0], [680.0, 881.0, 362.0], [679.0, 896.0, 279.0], [678.0, 886.0, 334.0], [675.0, 774.0, 441.0], [675.0, 763.0, 486.0], [674.0, 777.0, 442.0], [668.0, 871.0, 367.0], [668.0, 752.0, 487.0], [667.0, 843.0, 429.0], [665.0, 795.0, 473.0], [664.0, 819.0, 443.0], [663.0, 906.0, 294.0], [655.0, 901.0, 298.0], [655.0, 891.0, 325.0], [655.0, 778.0, 486.0], [654.0, 853.0, 410.0], [654.0, 835.0, 447.0], [653.0, 850.0, 485.0], [650.0, 871.0, 389.0], [650.0, 855.0, 455.0], [650.0, 781.0, 500.0], [649.0, 917.0, 343.0], [649.0, 893.0, 359.0], [648.0, 803.0, 501.0], [647.0, 916.0, 369.0], [647.0, 899.0, 373.0], [645.0, 856.0, 391.0], [644.0, 958.0, 276.0], [644.0, 905.0, 408.0], [642.0, 796.0, 507.0], [641.0, 767.0, 508.0], [635.0, 923.0, 340.0], [635.0, 878.0, 417.0], [634.0, 950.0, 365.0], [633.0, 877.0, 424.0], [630.0, 922.0, 385.0], [628.0, 837.0, 513.0], [626.0, 909.0, 391.0], [626.0, 782.0, 530.0], [623.0, 955.0, 296.0], [623.0, 864.0, 447.0], [621.0, 954.0, 325.0], [619.0, 877.0, 425.0], [618.0, 900.0, 449.0], [615.0, 979.0, 308.0], [614.0, 934.0, 370.0], [614.0, 823.0, 544.0], [613.0, 965.0, 330.0], [611.0, 1034.0, 249.0], [611.0, 923.0, 410.0], [610.0, 989.0, 318.0], [609.0, 933.0, 379.0], [608.0, 927.0, 408.0], [608.0, 875.0, 454.0], [607.0, 944.0, 372.0], [604.0, 912.0, 414.0], [603.0, 962.0, 334.0], [601.0, 862.0, 480.0], [600.0, 909.0, 428.0], [599.0, 952.0, 353.0], [597.0, 901.0, 451.0], [595.0, 857.0, 505.0], [594.0, 906.0, 437.0], [592.0, 951.0, 369.0], [592.0, 887.0, 467.0], [591.0, 937.0, 412.0], [590.0, 1022.0, 306.0], [590.0, 957.0, 401.0], [590.0, 868.0, 485.0], [588.0, 1003.0, 361.0], [588.0, 938.0, 465.0], [587.0, 964.0, 370.0], [586.0, 870.0, 488.0], [584.0, 964.0, 392.0], [584.0, 876.0, 473.0], [583.0, 1030.0, 256.0], [583.0, 969.0, 362.0], [582.0, 869.0, 500.0], [581.0, 932.0, 479.0], [579.0, 912.0, 501.0], [577.0, 997.0, 367.0], [576.0, 891.0, 505.0], [575.0, 971.0, 401.0], [574.0, 945.0, 432.0], [573.0, 1025.0, 261.0], [570.0, 1013.0, 362.0], [570.0, 1001.0, 373.0], [569.0, 976.0, 384.0], [568.0, 1059.0, 241.0], [567.0, 1043.0, 270.0], [567.0, 1037.0, 297.0], [566.0, 1017.0, 336.0], [566.0, 952.0, 455.0], [565.0, 1027.0, 335.0], [562.0, 1042.0, 276.0], [560.0, 1054.0, 309.0], [560.0, 975.0, 438.0], [556.0, 1039.0, 372.0], [556.0, 984.0, 459.0], [556.0, 830.0, 557.0], [555.0, 1020.0, 387.0], [552.0, 902.0, 512.0], [548.0, 1055.0, 260.0], [548.0, 1042.0, 324.0], [547.0, 976.0, 488.0], [543.0, 994.0, 392.0], [542.0, 987.0, 423.0], [541.0, 876.0, 515.0], [539.0, 873.0, 520.0], [538.0, 1044.0, 323.0], [538.0, 992.0, 396.0], [538.0, 902.0, 515.0], [537.0, 1065.0, 316.0], [537.0, 996.0, 418.0], [536.0, 1021.0, 374.0], [535.0, 1030.0, 377.0], [535.0, 1003.0, 395.0], [534.0, 893.0, 519.0], [532.0, 999.0, 419.0], [531.0, 1013.0, 395.0], [530.0, 991.0, 429.0], [529.0, 1007.0, 415.0], [529.0, 882.0, 527.0], [528.0, 1046.0, 322.0], [527.0, 1091.0, 278.0], [527.0, 1011.0, 447.0], [526.0, 1100.0, 272.0], [526.0, 1069.0, 295.0], [526.0, 931.0, 504.0], [523.0, 1062.0, 321.0], [523.0, 853.0, 554.0], [522.0, 1061.0, 356.0], [521.0, 1022.0, 429.0], [519.0, 1079.0, 295.0], [518.0, 1105.0, 254.0], [517.0, 1104.0, 289.0], [517.0, 1096.0, 298.0], [515.0, 1070.0, 305.0], [515.0, 1066.0, 343.0], [515.0, 876.0, 531.0], [514.0, 1027.0, 393.0], [510.0, 1086.0, 301.0], [510.0, 1029.0, 380.0], [509.0, 1041.0, 366.0], [509.0, 951.0, 489.0], [509.0, 887.0, 532.0], [508.0, 1107.0, 308.0], [508.0, 1042.0, 359.0], [508.0, 1036.0, 377.0], [507.0, 1086.0, 350.0], [507.0, 1049.0, 374.0], [507.0, 899.0, 550.0], [506.0, 1031.0, 396.0], [506.0, 931.0, 516.0], [505.0, 1108.0, 275.0], [505.0, 1077.0, 361.0], [503.0, 1042.0, 420.0], [502.0, 992.0, 454.0], [500.0, 1141.0, 284.0], [500.0, 1091.0, 315.0], [500.0, 942.0, 523.0], [499.0, 1115.0, 304.0], [499.0, 1054.0, 371.0], [498.0, 956.0, 498.0], [497.0, 985.0, 475.0], [496.0, 1091.0, 328.0], [495.0, 1067.0, 408.0], [493.0, 1088.0, 374.0], [492.0, 1012.0, 446.0], [492.0, 958.0, 501.0], [491.0, 1036.0, 430.0], [491.0, 904.0, 526.0], [490.0, 1168.0, 245.0], [490.0, 1094.0, 309.0], [490.0, 1077.0, 394.0], [490.0, 886.0, 569.0], [487.0, 1075.0, 400.0], [487.0, 1006.0, 472.0], [486.0, 1099.0, 352.0], [486.0, 1010.0, 448.0], [485.0, 1119.0, 302.0], [485.0, 1039.0, 450.0], [484.0, 1114.0, 376.0], [484.0, 1070.0, 407.0], [484.0, 989.0, 480.0], [482.0, 930.0, 525.0], [481.0, 995.0, 473.0], [480.0, 1131.0, 321.0], [480.0, 1047.0, 428.0], [480.0, 947.0, 510.0], [477.0, 1054.0, 433.0], [476.0, 1153.0, 272.0], [476.0, 1060.0, 423.0], [472.0, 1174.0, 309.0], [470.0, 1061.0, 417.0], [467.0, 1015.0, 452.0], [467.0, 967.0, 515.0], [466.0, 1116.0, 322.0], [465.0, 1041.0, 467.0], [465.0, 1007.0, 472.0], [464.0, 1062.0, 432.0], [464.0, 1029.0, 469.0], [464.0, 969.0, 493.0], [463.0, 1050.0, 464.0], [463.0, 1023.0, 509.0], [462.0, 1132.0, 311.0], [461.0, 1141.0, 318.0], [461.0, 1082.0, 380.0], [459.0, 1102.0, 405.0], [459.0, 978.0, 511.0], [457.0, 1113.0, 385.0], [457.0, 1083.0, 425.0], [457.0, 1052.0, 471.0], [457.0, 963.0, 539.0], [456.0, 1118.0, 326.0], [455.0, 1063.0, 430.0], [454.0, 1132.0, 349.0], [454.0, 974.0, 512.0], [452.0, 1029.0, 482.0], [451.0, 924.0, 556.0], [450.0, 1133.0, 357.0], [450.0, 1088.0, 406.0], [449.0, 1196.0, 286.0], [449.0, 1135.0, 331.0], [448.0, 1134.0, 332.0], [447.0, 1100.0, 423.0], [445.0, 1141.0, 324.0], [444.0, 1233.0, 252.0], [444.0, 1054.0, 441.0], [442.0, 1140.0, 351.0], [439.0, 1106.0, 397.0], [438.0, 1159.0, 348.0], [438.0, 1127.0, 366.0], [438.0, 982.0, 532.0], [437.0, 985.0, 540.0], [436.0, 1170.0, 318.0], [436.0, 1057.0, 449.0], [436.0, 1051.0, 487.0], [436.0, 1034.0, 490.0], [435.0, 1094.0, 429.0], [435.0, 1087.0, 430.0], [434.0, 1124.0, 369.0], [434.0, 1097.0, 442.0], [433.0, 1113.0, 409.0], [433.0, 1061.0, 446.0], [432.0, 1084.0, 466.0], [431.0, 972.0, 557.0], [430.0, 1142.0, 385.0], [427.0, 1145.0, 388.0], [426.0, 1095.0, 453.0], [425.0, 1187.0, 313.0], [425.0, 1107.0, 419.0], [424.0, 1056.0, 485.0], [424.0, 1025.0, 522.0], [423.0, 1162.0, 375.0], [420.0, 1116.0, 415.0], [418.0, 1203.0, 301.0], [413.0, 1171.0, 323.0], [412.0, 1053.0, 497.0], [411.0, 1205.0, 284.0], [411.0, 1190.0, 302.0], [411.0, 1102.0, 439.0], [410.0, 1129.0, 404.0], [409.0, 1166.0, 324.0], [408.0, 1225.0, 350.0], [408.0, 1045.0, 506.0], [407.0, 1147.0, 379.0], [406.0, 1197.0, 354.0], [406.0, 1068.0, 482.0], [402.0, 1117.0, 406.0], [402.0, 992.0, 582.0], [401.0, 1105.0, 434.0], [401.0, 1082.0, 496.0], [400.0, 1128.0, 405.0], [400.0, 1085.0, 467.0], [399.0, 1130.0, 419.0], [398.0, 1001.0, 529.0], [397.0, 1124.0, 439.0], [396.0, 1153.0, 383.0], [394.0, 1233.0, 328.0], [394.0, 1028.0, 508.0], [393.0, 1096.0, 466.0], [393.0, 1054.0, 509.0], [392.0, 1133.0, 407.0], [392.0, 1129.0, 426.0], [390.0, 1177.0, 368.0], [389.0, 1166.0, 386.0], [389.0, 1161.0, 400.0], [388.0, 1139.0, 414.0], [387.0, 1042.0, 511.0], [383.0, 1171.0, 374.0], [383.0, 1131.0, 421.0], [383.0, 1113.0, 457.0], [382.0, 1187.0, 371.0], [380.0, 1178.0, 402.0], [378.0, 1207.0, 359.0], [378.0, 1092.0, 470.0], [377.0, 1189.0, 364.0], [376.0, 1073.0, 516.0], [373.0, 1243.0, 317.0], [373.0, 1154.0, 439.0], [373.0, 1137.0, 447.0], [373.0, 1091.0, 488.0], [372.0, 1167.0, 415.0], [371.0, 1176.0, 418.0], [368.0, 1217.0, 400.0], [368.0, 1167.0, 421.0], [367.0, 1249.0, 230.0], [366.0, 1018.0, 540.0], [365.0, 1257.0, 331.0], [365.0, 1170.0, 425.0], [364.0, 1170.0, 429.0], [363.0, 1193.0, 403.0], [362.0, 1133.0, 456.0], [361.0, 1103.0, 461.0], [359.0, 1105.0, 473.0], [359.0, 1103.0, 479.0], [359.0, 1061.0, 528.0], [357.0, 1223.0, 398.0], [357.0, 1197.0, 409.0], [356.0, 1069.0, 522.0], [355.0, 1109.0, 462.0], [354.0, 1259.0, 286.0], [354.0, 1233.0, 350.0], [354.0, 1179.0, 414.0], [353.0, 1262.0, 280.0], [350.0, 1258.0, 294.0], [349.0, 1216.0, 404.0], [348.0, 1191.0, 451.0], [347.0, 1114.0, 493.0], [343.0, 1115.0, 464.0], [342.0, 1175.0, 455.0], [341.0, 1227.0, 360.0], [341.0, 1136.0, 475.0], [340.0, 1270.0, 278.0], [340.0, 1146.0, 467.0], [337.0, 1207.0, 433.0], [336.0, 1205.0, 439.0], [336.0, 1118.0, 506.0], [335.0, 1272.0, 324.0], [335.0, 1148.0, 464.0], [332.0, 1285.0, 267.0], [332.0, 1132.0, 479.0], [328.0, 1233.0, 381.0], [327.0, 1233.0, 388.0], [326.0, 1150.0, 459.0], [324.0, 1283.0, 327.0], [322.0, 1236.0, 350.0], [320.0, 1287.0, 352.0], [319.0, 1237.0, 369.0], [317.0, 1241.0, 359.0], [315.0, 1143.0, 508.0], [314.0, 1239.0, 364.0], [310.0, 1242.0, 361.0], [310.0, 1228.0, 460.0], [309.0, 1234.0, 398.0], [308.0, 1298.0, 279.0], [308.0, 1236.0, 404.0], [307.0, 1241.0, 367.0], [307.0, 1173.0, 468.0], [306.0, 1312.0, 292.0], [305.0, 1281.0, 366.0], [305.0, 1184.0, 468.0], [304.0, 1257.0, 386.0], [303.0, 1234.0, 407.0], [301.0, 1297.0, 309.0], [298.0, 1236.0, 417.0], [297.0, 1271.0, 388.0], [292.0, 1293.0, 320.0], [283.0, 1338.0, 245.0], [280.0, 1295.0, 330.0], [278.0, 1286.0, 388.0], [278.0, 1233.0, 439.0], [278.0, 1216.0, 464.0], [276.0, 1308.0, 309.0], [276.0, 1295.0, 362.0], [272.0, 1347.0, 362.0], [271.0, 1151.0, 472.0], [270.0, 1290.0, 381.0], [263.0, 1278.0, 427.0], [262.0, 1189.0, 494.0], [259.0, 1313.0, 388.0], [259.0, 1243.0, 478.0], [247.0, 1359.0, 364.0], [245.0, 1245.0, 430.0], [243.0, 1309.0, 418.0], [241.0, 1368.0, 317.0], [221.0, 1247.0, 432.0], [219.0, 1371.0, 277.0], [219.0, 1329.0, 404.0], [219.0, 1274.0, 437.0], [213.0, 1381.0, 229.0], [212.0, 1334.0, 389.0], [209.0, 1377.0, 334.0], [209.0, 1375.0, 347.0], [200.0, 1382.0, 306.0], [197.0, 1264.0, 439.0], [194.0, 1351.0, 424.0], [192.0, 1421.0, 295.0], [192.0, 1382.0, 334.0], [189.0, 1388.0, 319.0], [178.0, 1278.0, 430.0], [174.0, 1391.0, 305.0], [172.0, 1396.0, 346.0], [170.0, 1434.0, 265.0], [161.0, 1366.0, 368.0], [159.0, 1362.0, 370.0], [144.0, 1357.0, 395.0], [131.0, 1462.0, 339.0], [127.0, 1398.0, 350.0], [120.0, 1380.0, 373.0], [104.0, 1470.0, 338.0], [104.0, 1408.0, 340.0], [56.0, 1474.0, 278.0], [53.0, 1477.0, 274.0], [51.0, 1479.0, 269.0], [19.0, 1488.0, 263.0]]
