heur = true
LBS_limit = 4
preproc = 2
tight_root = 0
total_time = 1800.06
NDP = 908
total_nodes = 63315
pruned_nodes = 31633
pruned_dominance_nodes = 171
heur_time = 0.98
Y_N = Any[[1430.0, 1335.0, 1003.0], [1259.0, 1580.0, 753.0], [1253.0, 1278.0, 1198.0], [1198.0, 1714.0, 652.0], [1194.0, 1637.0, 704.0], [1194.0, 1603.0, 783.0], [1186.0, 1631.0, 815.0], [1166.0, 1736.0, 652.0], [1164.0, 1635.0, 729.0], [1154.0, 1776.0, 554.0], [1152.0, 1666.0, 779.0], [1148.0, 1622.0, 854.0], [1139.0, 1708.0, 743.0], [1137.0, 1724.0, 750.0], [1136.0, 1643.0, 848.0], [1132.0, 1804.0, 639.0], [1123.0, 1754.0, 726.0], [1123.0, 1653.0, 849.0], [1118.0, 1708.0, 759.0], [1116.0, 1795.0, 693.0], [1116.0, 1706.0, 774.0], [1110.0, 1669.0, 815.0], [1108.0, 1730.0, 838.0], [1105.0, 1740.0, 765.0], [1105.0, 1666.0, 861.0], [1096.0, 1768.0, 747.0], [1091.0, 1643.0, 898.0], [1085.0, 1749.0, 754.0], [1082.0, 1685.0, 891.0], [1080.0, 1697.0, 882.0], [1079.0, 1796.0, 762.0], [1078.0, 1841.0, 694.0], [1077.0, 1799.0, 732.0], [1071.0, 1744.0, 848.0], [1070.0, 1747.0, 793.0], [1068.0, 1688.0, 915.0], [1060.0, 1715.0, 851.0], [1057.0, 1754.0, 846.0], [1054.0, 1774.0, 775.0], [1054.0, 1758.0, 796.0], [1054.0, 1724.0, 929.0], [1052.0, 1877.0, 612.0], [1052.0, 1741.0, 851.0], [1050.0, 1842.0, 707.0], [1048.0, 1782.0, 805.0], [1043.0, 1810.0, 787.0], [1042.0, 1768.0, 812.0], [1038.0, 1871.0, 730.0], [1038.0, 1760.0, 864.0], [1036.0, 1735.0, 887.0], [1032.0, 1803.0, 821.0], [1032.0, 1773.0, 830.0], [1029.0, 1840.0, 737.0], [1026.0, 1923.0, 501.0], [1026.0, 1784.0, 830.0], [1022.0, 1820.0, 815.0], [1021.0, 1703.0, 961.0], [1015.0, 1878.0, 694.0], [1015.0, 1826.0, 751.0], [1014.0, 1848.0, 854.0], [1012.0, 1910.0, 620.0], [1012.0, 1803.0, 876.0], [1012.0, 1762.0, 878.0], [1009.0, 1892.0, 741.0], [1007.0, 1900.0, 721.0], [1005.0, 1762.0, 906.0], [1003.0, 1905.0, 713.0], [1002.0, 1910.0, 660.0], [1000.0, 1800.0, 887.0], [999.0, 1739.0, 944.0], [998.0, 1956.0, 616.0], [998.0, 1907.0, 708.0], [995.0, 1967.0, 673.0], [995.0, 1770.0, 950.0], [994.0, 1797.0, 896.0], [991.0, 1810.0, 882.0], [987.0, 1929.0, 721.0], [987.0, 1894.0, 766.0], [986.0, 1824.0, 902.0], [984.0, 1863.0, 823.0], [983.0, 1950.0, 688.0], [980.0, 1883.0, 776.0], [977.0, 1852.0, 825.0], [977.0, 1841.0, 885.0], [973.0, 2001.0, 608.0], [973.0, 1865.0, 781.0], [970.0, 1942.0, 727.0], [970.0, 1776.0, 938.0], [970.0, 1770.0, 990.0], [969.0, 1900.0, 767.0], [967.0, 1846.0, 873.0], [967.0, 1799.0, 936.0], [961.0, 1869.0, 822.0], [961.0, 1790.0, 943.0], [958.0, 1870.0, 792.0], [958.0, 1859.0, 847.0], [958.0, 1691.0, 995.0], [954.0, 2029.0, 588.0], [954.0, 1925.0, 741.0], [954.0, 1888.0, 829.0], [953.0, 1926.0, 736.0], [952.0, 1977.0, 646.0], [952.0, 1876.0, 868.0], [951.0, 1902.0, 789.0], [950.0, 1925.0, 781.0], [950.0, 1892.0, 834.0], [950.0, 1890.0, 852.0], [949.0, 1995.0, 630.0], [949.0, 1934.0, 747.0], [947.0, 1947.0, 719.0], [947.0, 1946.0, 734.0], [947.0, 1938.0, 771.0], [947.0, 1816.0, 984.0], [946.0, 1956.0, 719.0], [946.0, 1868.0, 877.0], [944.0, 1948.0, 727.0], [944.0, 1834.0, 944.0], [942.0, 1943.0, 798.0], [941.0, 1895.0, 872.0], [940.0, 1975.0, 686.0], [940.0, 1971.0, 743.0], [940.0, 1897.0, 811.0], [940.0, 1865.0, 888.0], [939.0, 1984.0, 689.0], [938.0, 1984.0, 701.0], [937.0, 1842.0, 890.0], [937.0, 1776.0, 996.0], [936.0, 1922.0, 833.0], [933.0, 1868.0, 878.0], [931.0, 1837.0, 921.0], [930.0, 1822.0, 955.0], [929.0, 1764.0, 1053.0], [928.0, 1967.0, 780.0], [927.0, 1847.0, 895.0], [927.0, 1835.0, 934.0], [926.0, 1891.0, 899.0], [926.0, 1851.0, 933.0], [925.0, 1973.0, 720.0], [924.0, 1860.0, 923.0], [924.0, 1817.0, 973.0], [923.0, 1989.0, 683.0], [923.0, 1947.0, 786.0], [923.0, 1923.0, 807.0], [919.0, 1966.0, 828.0], [918.0, 1887.0, 925.0], [915.0, 1900.0, 850.0], [914.0, 2009.0, 762.0], [914.0, 1906.0, 848.0], [910.0, 1970.0, 771.0], [910.0, 1895.0, 908.0], [910.0, 1893.0, 937.0], [909.0, 1954.0, 841.0], [908.0, 1807.0, 1061.0], [906.0, 2043.0, 628.0], [906.0, 1829.0, 951.0], [905.0, 1928.0, 855.0], [905.0, 1871.0, 952.0], [905.0, 1845.0, 980.0], [904.0, 1954.0, 862.0], [904.0, 1920.0, 868.0], [902.0, 2015.0, 740.0], [902.0, 2013.0, 744.0], [902.0, 1898.0, 906.0], [902.0, 1820.0, 995.0], [901.0, 1889.0, 954.0], [900.0, 1986.0, 775.0], [900.0, 1912.0, 870.0], [899.0, 1907.0, 879.0], [898.0, 2063.0, 598.0], [897.0, 1999.0, 785.0], [895.0, 2087.0, 606.0], [893.0, 1912.0, 872.0], [891.0, 1972.0, 808.0], [890.0, 2032.0, 732.0], [890.0, 1924.0, 865.0], [890.0, 1918.0, 875.0], [888.0, 1924.0, 902.0], [887.0, 1887.0, 968.0], [886.0, 2024.0, 764.0], [885.0, 1906.0, 905.0], [884.0, 1988.0, 852.0], [883.0, 1853.0, 1035.0], [881.0, 2061.0, 637.0], [880.0, 2002.0, 798.0], [880.0, 1935.0, 869.0], [879.0, 2076.0, 695.0], [879.0, 2002.0, 835.0], [878.0, 2041.0, 699.0], [877.0, 2022.0, 794.0], [876.0, 2079.0, 669.0], [875.0, 2008.0, 828.0], [874.0, 1930.0, 877.0], [874.0, 1893.0, 967.0], [873.0, 1866.0, 982.0], [871.0, 1955.0, 887.0], [871.0, 1899.0, 967.0], [870.0, 1870.0, 1015.0], [868.0, 2016.0, 818.0], [868.0, 1923.0, 911.0], [868.0, 1649.0, 1217.0], [867.0, 1937.0, 896.0], [864.0, 2074.0, 746.0], [863.0, 2114.0, 562.0], [863.0, 2044.0, 787.0], [861.0, 1963.0, 899.0], [860.0, 2101.0, 682.0], [859.0, 2103.0, 576.0], [859.0, 1979.0, 879.0], [858.0, 2047.0, 763.0], [858.0, 1976.0, 890.0], [857.0, 1902.0, 927.0], [856.0, 1914.0, 918.0], [854.0, 2088.0, 697.0], [853.0, 2129.0, 663.0], [853.0, 2023.0, 814.0], [853.0, 1928.0, 925.0], [853.0, 1905.0, 936.0], [853.0, 1902.0, 949.0], [852.0, 2011.0, 833.0], [852.0, 2004.0, 836.0], [851.0, 1900.0, 952.0], [851.0, 1852.0, 1041.0], [850.0, 2076.0, 704.0], [850.0, 2052.0, 773.0], [847.0, 2056.0, 770.0], [846.0, 2044.0, 794.0], [846.0, 1952.0, 926.0], [845.0, 1908.0, 958.0], [844.0, 2049.0, 832.0], [843.0, 2009.0, 845.0], [843.0, 1927.0, 927.0], [840.0, 2060.0, 748.0], [840.0, 1942.0, 941.0], [840.0, 1923.0, 984.0], [840.0, 1879.0, 1065.0], [839.0, 1990.0, 852.0], [839.0, 1952.0, 950.0], [838.0, 2054.0, 794.0], [838.0, 1885.0, 1029.0], [837.0, 2078.0, 719.0], [835.0, 1946.0, 964.0], [834.0, 2082.0, 729.0], [833.0, 1999.0, 859.0], [831.0, 2058.0, 777.0], [831.0, 2019.0, 842.0], [831.0, 1982.0, 864.0], [830.0, 2085.0, 718.0], [829.0, 2068.0, 785.0], [829.0, 1988.0, 899.0], [828.0, 2095.0, 713.0], [827.0, 1964.0, 917.0], [825.0, 1979.0, 906.0], [825.0, 1925.0, 994.0], [824.0, 2121.0, 679.0], [824.0, 2058.0, 827.0], [823.0, 1906.0, 995.0], [822.0, 2141.0, 694.0], [822.0, 2104.0, 718.0], [821.0, 2082.0, 740.0], [820.0, 1990.0, 898.0], [819.0, 2046.0, 839.0], [818.0, 2020.0, 867.0], [817.0, 2007.0, 886.0], [816.0, 2163.0, 567.0], [816.0, 2109.0, 767.0], [816.0, 1999.0, 960.0], [815.0, 2060.0, 818.0], [814.0, 2159.0, 623.0], [814.0, 2001.0, 910.0], [814.0, 1934.0, 1015.0], [813.0, 2077.0, 786.0], [812.0, 2116.0, 695.0], [811.0, 1947.0, 1000.0], [809.0, 2051.0, 865.0], [808.0, 2130.0, 726.0], [806.0, 1942.0, 1005.0], [805.0, 2038.0, 876.0], [805.0, 2033.0, 887.0], [804.0, 2053.0, 833.0], [802.0, 2087.0, 776.0], [802.0, 2029.0, 915.0], [802.0, 1966.0, 964.0], [800.0, 2152.0, 666.0], [800.0, 2092.0, 774.0], [800.0, 2082.0, 802.0], [798.0, 1966.0, 972.0], [796.0, 2125.0, 794.0], [796.0, 2064.0, 806.0], [794.0, 2054.0, 853.0], [793.0, 2087.0, 807.0], [793.0, 2000.0, 932.0], [792.0, 1982.0, 967.0], [791.0, 2102.0, 810.0], [791.0, 2061.0, 900.0], [790.0, 2148.0, 671.0], [788.0, 2138.0, 706.0], [787.0, 2173.0, 632.0], [787.0, 2071.0, 839.0], [787.0, 2034.0, 909.0], [787.0, 1927.0, 1025.0], [787.0, 1912.0, 1027.0], [786.0, 2083.0, 837.0], [784.0, 2095.0, 817.0], [784.0, 2062.0, 847.0], [784.0, 1970.0, 984.0], [783.0, 2154.0, 736.0], [782.0, 1936.0, 1009.0], [781.0, 2141.0, 749.0], [781.0, 1930.0, 1024.0], [780.0, 2155.0, 651.0], [780.0, 1973.0, 968.0], [779.0, 2192.0, 568.0], [779.0, 2180.0, 621.0], [779.0, 2053.0, 903.0], [779.0, 1931.0, 1049.0], [778.0, 2175.0, 681.0], [778.0, 2079.0, 840.0], [778.0, 1963.0, 987.0], [778.0, 1955.0, 990.0], [777.0, 1964.0, 1053.0], [776.0, 2203.0, 607.0], [776.0, 2073.0, 842.0], [775.0, 2126.0, 771.0], [774.0, 2080.0, 862.0], [774.0, 2077.0, 867.0], [774.0, 2007.0, 917.0], [774.0, 1992.0, 964.0], [774.0, 1982.0, 976.0], [773.0, 2097.0, 821.0], [773.0, 2006.0, 943.0], [772.0, 2188.0, 656.0], [771.0, 2121.0, 803.0], [771.0, 2018.0, 940.0], [770.0, 1978.0, 999.0], [769.0, 2111.0, 830.0], [769.0, 2030.0, 911.0], [769.0, 2017.0, 959.0], [769.0, 1995.0, 964.0], [768.0, 2157.0, 706.0], [768.0, 2091.0, 836.0], [768.0, 1986.0, 987.0], [767.0, 2037.0, 915.0], [766.0, 2121.0, 825.0], [764.0, 2160.0, 697.0], [764.0, 1990.0, 1011.0], [763.0, 1987.0, 1023.0], [762.0, 2192.0, 616.0], [760.0, 2127.0, 781.0], [760.0, 2104.0, 848.0], [760.0, 2092.0, 855.0], [760.0, 1931.0, 1079.0], [758.0, 2156.0, 789.0], [758.0, 2070.0, 887.0], [757.0, 2177.0, 733.0], [757.0, 2117.0, 855.0], [757.0, 2004.0, 995.0], [756.0, 2164.0, 776.0], [756.0, 2076.0, 870.0], [754.0, 2211.0, 591.0], [754.0, 2083.0, 889.0], [754.0, 2025.0, 917.0], [753.0, 2190.0, 636.0], [753.0, 2189.0, 641.0], [752.0, 2039.0, 927.0], [751.0, 2230.0, 644.0], [751.0, 2184.0, 754.0], [751.0, 2158.0, 781.0], [750.0, 2131.0, 815.0], [747.0, 2196.0, 665.0], [747.0, 2043.0, 906.0], [746.0, 2188.0, 683.0], [746.0, 2118.0, 854.0], [745.0, 2136.0, 809.0], [745.0, 2051.0, 925.0], [744.0, 2196.0, 759.0], [744.0, 2133.0, 822.0], [744.0, 2089.0, 860.0], [744.0, 2059.0, 908.0], [744.0, 2052.0, 912.0], [743.0, 2041.0, 934.0], [743.0, 2019.0, 958.0], [742.0, 2165.0, 781.0], [741.0, 1878.0, 1093.0], [740.0, 2122.0, 833.0], [740.0, 2071.0, 931.0], [740.0, 2001.0, 1004.0], [740.0, 1943.0, 1075.0], [739.0, 2136.0, 817.0], [739.0, 2030.0, 960.0], [738.0, 2205.0, 689.0], [738.0, 2101.0, 867.0], [738.0, 2077.0, 899.0], [738.0, 2052.0, 971.0], [737.0, 2219.0, 655.0], [737.0, 2132.0, 839.0], [737.0, 2127.0, 866.0], [735.0, 2166.0, 783.0], [735.0, 2107.0, 868.0], [735.0, 2035.0, 972.0], [735.0, 2001.0, 1029.0], [734.0, 2228.0, 662.0], [734.0, 2145.0, 829.0], [734.0, 2086.0, 882.0], [733.0, 2080.0, 944.0], [732.0, 2005.0, 986.0], [732.0, 1973.0, 1122.0], [731.0, 2177.0, 776.0], [731.0, 2087.0, 950.0], [730.0, 2106.0, 871.0], [730.0, 2007.0, 1045.0], [729.0, 2228.0, 704.0], [728.0, 2034.0, 1003.0], [728.0, 1988.0, 1048.0], [727.0, 2108.0, 872.0], [726.0, 2240.0, 642.0], [726.0, 2148.0, 825.0], [726.0, 2103.0, 890.0], [725.0, 2241.0, 687.0], [725.0, 2059.0, 954.0], [724.0, 2089.0, 907.0], [723.0, 2115.0, 882.0], [722.0, 2207.0, 713.0], [722.0, 2150.0, 813.0], [722.0, 2040.0, 995.0], [721.0, 2088.0, 909.0], [720.0, 2122.0, 877.0], [719.0, 2208.0, 716.0], [719.0, 2156.0, 802.0], [719.0, 2012.0, 1069.0], [717.0, 2228.0, 727.0], [717.0, 2181.0, 765.0], [716.0, 2240.0, 732.0], [716.0, 2139.0, 832.0], [716.0, 2107.0, 925.0], [715.0, 2196.0, 796.0], [714.0, 2145.0, 904.0], [714.0, 2028.0, 1017.0], [712.0, 2223.0, 757.0], [712.0, 2156.0, 845.0], [712.0, 2051.0, 975.0], [711.0, 2200.0, 836.0], [711.0, 2089.0, 971.0], [709.0, 2094.0, 927.0], [708.0, 2264.0, 707.0], [706.0, 2096.0, 947.0], [705.0, 2161.0, 838.0], [701.0, 2282.0, 685.0], [699.0, 2215.0, 768.0], [699.0, 2121.0, 909.0], [698.0, 2168.0, 855.0], [698.0, 2118.0, 915.0], [698.0, 2111.0, 934.0], [695.0, 2229.0, 794.0], [695.0, 2093.0, 988.0], [694.0, 2127.0, 905.0], [693.0, 2208.0, 795.0], [693.0, 2123.0, 919.0], [693.0, 2112.0, 943.0], [692.0, 2147.0, 923.0], [690.0, 2203.0, 844.0], [690.0, 2163.0, 889.0], [689.0, 2074.0, 1006.0], [687.0, 2098.0, 981.0], [687.0, 2028.0, 1020.0], [686.0, 2152.0, 890.0], [685.0, 2255.0, 716.0], [685.0, 2242.0, 772.0], [683.0, 2154.0, 904.0], [682.0, 2102.0, 958.0], [681.0, 2091.0, 1006.0], [681.0, 2040.0, 1051.0], [680.0, 2161.0, 932.0], [679.0, 2248.0, 788.0], [678.0, 2294.0, 698.0], [678.0, 2230.0, 801.0], [678.0, 2173.0, 845.0], [677.0, 2250.0, 828.0], [677.0, 2197.0, 865.0], [677.0, 2041.0, 1027.0], [676.0, 2314.0, 653.0], [676.0, 2261.0, 755.0], [676.0, 2062.0, 1031.0], [673.0, 2039.0, 1053.0], [672.0, 2256.0, 778.0], [672.0, 2053.0, 1064.0], [671.0, 2099.0, 1017.0], [670.0, 2178.0, 872.0], [669.0, 2177.0, 876.0], [669.0, 2113.0, 933.0], [666.0, 2208.0, 869.0], [666.0, 2054.0, 1036.0], [665.0, 2318.0, 638.0], [665.0, 2265.0, 714.0], [665.0, 2174.0, 888.0], [664.0, 2170.0, 909.0], [664.0, 2136.0, 948.0], [662.0, 2118.0, 965.0], [660.0, 2329.0, 677.0], [660.0, 2268.0, 715.0], [660.0, 2197.0, 883.0], [660.0, 2169.0, 928.0], [660.0, 2139.0, 939.0], [658.0, 2253.0, 798.0], [658.0, 2176.0, 890.0], [657.0, 2229.0, 847.0], [657.0, 2141.0, 938.0], [657.0, 2017.0, 1067.0], [655.0, 2283.0, 723.0], [654.0, 2268.0, 750.0], [653.0, 2249.0, 835.0], [651.0, 2256.0, 791.0], [650.0, 2291.0, 712.0], [649.0, 2255.0, 800.0], [648.0, 2295.0, 729.0], [648.0, 2273.0, 788.0], [648.0, 2149.0, 957.0], [647.0, 2285.0, 733.0], [647.0, 2275.0, 786.0], [647.0, 2180.0, 922.0], [646.0, 2106.0, 971.0], [645.0, 2123.0, 966.0], [645.0, 2105.0, 982.0], [644.0, 2100.0, 993.0], [644.0, 2056.0, 1039.0], [643.0, 2121.0, 987.0], [641.0, 2087.0, 1113.0], [640.0, 2330.0, 612.0], [640.0, 2282.0, 795.0], [640.0, 2130.0, 959.0], [640.0, 2122.0, 970.0], [639.0, 2306.0, 779.0], [639.0, 2253.0, 831.0], [639.0, 2200.0, 889.0], [639.0, 2163.0, 957.0], [637.0, 2340.0, 676.0], [637.0, 2132.0, 995.0], [636.0, 2192.0, 920.0], [635.0, 2294.0, 804.0], [635.0, 2202.0, 873.0], [634.0, 2088.0, 1040.0], [633.0, 2318.0, 741.0], [633.0, 2220.0, 861.0], [632.0, 2237.0, 843.0], [631.0, 2321.0, 734.0], [630.0, 2274.0, 824.0], [630.0, 2264.0, 867.0], [628.0, 2207.0, 908.0], [626.0, 2329.0, 713.0], [626.0, 2166.0, 952.0], [625.0, 2120.0, 1015.0], [624.0, 2309.0, 745.0], [622.0, 2190.0, 927.0], [622.0, 2167.0, 931.0], [621.0, 2296.0, 786.0], [621.0, 2216.0, 903.0], [621.0, 2147.0, 1004.0], [620.0, 2172.0, 962.0], [618.0, 2188.0, 953.0], [616.0, 2345.0, 698.0], [616.0, 2311.0, 746.0], [616.0, 2150.0, 987.0], [615.0, 2121.0, 1025.0], [613.0, 2362.0, 598.0], [613.0, 2350.0, 646.0], [613.0, 2322.0, 762.0], [613.0, 2222.0, 876.0], [612.0, 2317.0, 811.0], [611.0, 2240.0, 896.0], [611.0, 2182.0, 958.0], [611.0, 2154.0, 1037.0], [610.0, 2287.0, 824.0], [610.0, 2265.0, 834.0], [609.0, 2376.0, 643.0], [609.0, 2346.0, 695.0], [609.0, 2230.0, 903.0], [608.0, 2351.0, 671.0], [608.0, 2326.0, 732.0], [607.0, 2328.0, 759.0], [607.0, 2229.0, 920.0], [606.0, 2384.0, 625.0], [606.0, 2111.0, 1054.0], [604.0, 2364.0, 651.0], [604.0, 2176.0, 959.0], [603.0, 2344.0, 750.0], [603.0, 2249.0, 874.0], [602.0, 2160.0, 970.0], [600.0, 2356.0, 677.0], [600.0, 2277.0, 835.0], [599.0, 2349.0, 718.0], [599.0, 2277.0, 853.0], [598.0, 2214.0, 921.0], [597.0, 2197.0, 983.0], [596.0, 2357.0, 733.0], [596.0, 2258.0, 895.0], [595.0, 2335.0, 803.0], [594.0, 2213.0, 922.0], [593.0, 2123.0, 1039.0], [592.0, 2280.0, 850.0], [591.0, 2175.0, 1008.0], [590.0, 2388.0, 657.0], [589.0, 2402.0, 666.0], [589.0, 2362.0, 778.0], [589.0, 2114.0, 1042.0], [588.0, 2206.0, 925.0], [587.0, 2300.0, 817.0], [586.0, 2250.0, 911.0], [585.0, 2296.0, 854.0], [584.0, 2225.0, 921.0], [582.0, 2250.0, 915.0], [581.0, 2298.0, 839.0], [581.0, 2249.0, 931.0], [581.0, 2242.0, 932.0], [581.0, 2114.0, 1058.0], [579.0, 2391.0, 680.0], [579.0, 2263.0, 936.0], [577.0, 2414.0, 707.0], [577.0, 2157.0, 1013.0], [576.0, 2307.0, 815.0], [576.0, 2272.0, 857.0], [576.0, 2216.0, 943.0], [574.0, 2269.0, 916.0], [574.0, 2223.0, 944.0], [574.0, 2161.0, 1043.0], [573.0, 2184.0, 988.0], [572.0, 2371.0, 722.0], [572.0, 2365.0, 728.0], [572.0, 2345.0, 782.0], [572.0, 2341.0, 794.0], [572.0, 2317.0, 815.0], [572.0, 2303.0, 852.0], [572.0, 2292.0, 862.0], [572.0, 2278.0, 879.0], [572.0, 2124.0, 1045.0], [571.0, 2363.0, 734.0], [571.0, 2191.0, 1021.0], [570.0, 2286.0, 868.0], [569.0, 2227.0, 953.0], [567.0, 2310.0, 827.0], [565.0, 2400.0, 783.0], [564.0, 2309.0, 857.0], [564.0, 2218.0, 976.0], [563.0, 2297.0, 876.0], [562.0, 2329.0, 867.0], [562.0, 2230.0, 938.0], [561.0, 2356.0, 807.0], [555.0, 2274.0, 890.0], [555.0, 2197.0, 984.0], [554.0, 2336.0, 821.0], [552.0, 2268.0, 930.0], [552.0, 2260.0, 941.0], [551.0, 2330.0, 834.0], [551.0, 2293.0, 891.0], [551.0, 2273.0, 953.0], [550.0, 2283.0, 892.0], [550.0, 2236.0, 961.0], [547.0, 2432.0, 545.0], [547.0, 2422.0, 668.0], [547.0, 2281.0, 978.0], [545.0, 2351.0, 810.0], [544.0, 2433.0, 634.0], [544.0, 2371.0, 830.0], [542.0, 2288.0, 898.0], [542.0, 2283.0, 906.0], [541.0, 2452.0, 639.0], [541.0, 2300.0, 892.0], [539.0, 2303.0, 918.0], [539.0, 2136.0, 1059.0], [538.0, 2464.0, 592.0], [536.0, 2401.0, 728.0], [535.0, 2374.0, 785.0], [534.0, 2444.0, 732.0], [534.0, 2306.0, 879.0], [533.0, 2347.0, 856.0], [533.0, 2307.0, 869.0], [532.0, 2232.0, 998.0], [526.0, 2388.0, 795.0], [525.0, 2413.0, 743.0], [525.0, 2353.0, 850.0], [524.0, 2312.0, 889.0], [524.0, 2233.0, 985.0], [523.0, 2203.0, 1006.0], [522.0, 2446.0, 683.0], [522.0, 2344.0, 865.0], [521.0, 2354.0, 873.0], [520.0, 2311.0, 896.0], [519.0, 2374.0, 846.0], [518.0, 2285.0, 938.0], [517.0, 2497.0, 638.0], [517.0, 2393.0, 791.0], [516.0, 2384.0, 797.0], [516.0, 2317.0, 901.0], [515.0, 2329.0, 888.0], [513.0, 2444.0, 742.0], [513.0, 2324.0, 903.0], [512.0, 2454.0, 662.0], [511.0, 2210.0, 1004.0], [510.0, 2381.0, 807.0], [509.0, 2417.0, 743.0], [509.0, 2408.0, 751.0], [509.0, 2376.0, 812.0], [508.0, 2409.0, 797.0], [507.0, 2400.0, 808.0], [506.0, 2220.0, 1005.0], [505.0, 2421.0, 753.0], [505.0, 2289.0, 938.0], [505.0, 2255.0, 982.0], [502.0, 2498.0, 616.0], [502.0, 2342.0, 908.0], [501.0, 2366.0, 873.0], [497.0, 2469.0, 649.0], [497.0, 2256.0, 1013.0], [495.0, 2452.0, 676.0], [494.0, 2412.0, 774.0], [493.0, 2381.0, 844.0], [491.0, 2315.0, 913.0], [490.0, 2457.0, 719.0], [490.0, 2358.0, 893.0], [489.0, 2301.0, 956.0], [489.0, 2267.0, 983.0], [487.0, 2383.0, 850.0], [487.0, 2229.0, 1031.0], [486.0, 2306.0, 946.0], [484.0, 2458.0, 689.0], [484.0, 2454.0, 745.0], [483.0, 2462.0, 664.0], [481.0, 2503.0, 598.0], [481.0, 2472.0, 656.0], [481.0, 2386.0, 836.0], [480.0, 2390.0, 817.0], [479.0, 2432.0, 778.0], [479.0, 2375.0, 853.0], [479.0, 2299.0, 1031.0], [478.0, 2376.0, 886.0], [475.0, 2387.0, 848.0], [474.0, 2412.0, 798.0], [474.0, 2310.0, 924.0], [473.0, 2442.0, 768.0], [473.0, 2428.0, 779.0], [473.0, 2342.0, 941.0], [472.0, 2413.0, 808.0], [471.0, 2375.0, 899.0], [471.0, 2352.0, 902.0], [471.0, 2349.0, 959.0], [470.0, 2465.0, 743.0], [469.0, 2455.0, 769.0], [469.0, 2391.0, 816.0], [468.0, 2500.0, 642.0], [467.0, 2413.0, 874.0], [466.0, 2517.0, 608.0], [464.0, 2376.0, 903.0], [463.0, 2528.0, 643.0], [461.0, 2427.0, 803.0], [460.0, 2425.0, 813.0], [458.0, 2471.0, 727.0], [456.0, 2418.0, 821.0], [455.0, 2478.0, 711.0], [455.0, 2470.0, 745.0], [453.0, 2479.0, 704.0], [452.0, 2498.0, 664.0], [451.0, 2481.0, 669.0], [450.0, 2490.0, 673.0], [449.0, 2431.0, 809.0], [449.0, 2379.0, 879.0], [447.0, 2471.0, 772.0], [447.0, 2438.0, 797.0], [447.0, 2418.0, 828.0], [445.0, 2359.0, 904.0], [444.0, 2300.0, 1007.0], [443.0, 2466.0, 829.0], [442.0, 2481.0, 720.0], [440.0, 2356.0, 911.0], [439.0, 2478.0, 774.0], [439.0, 2425.0, 861.0], [439.0, 2359.0, 922.0], [438.0, 2554.0, 667.0], [438.0, 2492.0, 719.0], [437.0, 2494.0, 677.0], [436.0, 2475.0, 833.0], [436.0, 2457.0, 839.0], [434.0, 2399.0, 931.0], [431.0, 2383.0, 946.0], [426.0, 2502.0, 731.0], [426.0, 2485.0, 741.0], [424.0, 2361.0, 979.0], [421.0, 2480.0, 757.0], [418.0, 2471.0, 854.0], [417.0, 2493.0, 733.0], [414.0, 2358.0, 1004.0], [412.0, 2538.0, 707.0], [410.0, 2483.0, 785.0], [409.0, 2476.0, 796.0], [408.0, 2569.0, 534.0], [408.0, 2497.0, 735.0], [408.0, 2406.0, 921.0], [407.0, 2450.0, 860.0], [406.0, 2505.0, 727.0], [404.0, 2486.0, 749.0], [401.0, 2517.0, 744.0], [397.0, 2423.0, 907.0], [395.0, 2425.0, 879.0], [394.0, 2551.0, 750.0], [393.0, 2520.0, 772.0], [392.0, 2440.0, 866.0], [390.0, 2431.0, 872.0], [386.0, 2554.0, 723.0], [385.0, 2504.0, 790.0], [385.0, 2446.0, 865.0], [383.0, 2428.0, 875.0], [382.0, 2485.0, 861.0], [382.0, 2451.0, 887.0], [380.0, 2513.0, 808.0], [378.0, 2365.0, 959.0], [374.0, 2567.0, 647.0], [374.0, 2531.0, 772.0], [373.0, 2573.0, 644.0], [371.0, 2560.0, 658.0], [371.0, 2521.0, 773.0], [371.0, 2427.0, 932.0], [369.0, 2445.0, 915.0], [368.0, 2518.0, 782.0], [368.0, 2460.0, 877.0], [367.0, 2533.0, 758.0], [367.0, 2505.0, 827.0], [365.0, 2503.0, 837.0], [365.0, 2490.0, 838.0], [363.0, 2613.0, 686.0], [363.0, 2528.0, 791.0], [361.0, 2488.0, 842.0], [360.0, 2525.0, 809.0], [360.0, 2521.0, 812.0], [359.0, 2558.0, 712.0], [358.0, 2565.0, 701.0], [353.0, 2573.0, 694.0], [353.0, 2555.0, 804.0], [352.0, 2466.0, 868.0], [351.0, 2488.0, 858.0], [351.0, 2445.0, 916.0], [350.0, 2620.0, 659.0], [348.0, 2566.0, 754.0], [347.0, 2631.0, 643.0], [347.0, 2622.0, 704.0], [341.0, 2455.0, 887.0], [339.0, 2562.0, 758.0], [336.0, 2547.0, 805.0], [336.0, 2414.0, 989.0], [334.0, 2628.0, 658.0], [334.0, 2571.0, 737.0], [332.0, 2581.0, 718.0], [332.0, 2572.0, 726.0], [332.0, 2495.0, 864.0], [332.0, 2465.0, 878.0], [325.0, 2577.0, 754.0], [323.0, 2461.0, 909.0], [319.0, 2633.0, 639.0], [317.0, 2558.0, 809.0], [316.0, 2612.0, 714.0], [316.0, 2564.0, 780.0], [315.0, 2595.0, 721.0], [313.0, 2531.0, 814.0], [311.0, 2624.0, 708.0], [308.0, 2545.0, 849.0], [307.0, 2563.0, 824.0], [306.0, 2660.0, 576.0], [306.0, 2630.0, 723.0], [306.0, 2598.0, 746.0], [302.0, 2491.0, 876.0], [301.0, 2697.0, 567.0], [299.0, 2606.0, 748.0], [297.0, 2582.0, 781.0], [296.0, 2645.0, 640.0], [296.0, 2522.0, 854.0], [294.0, 2669.0, 583.0], [292.0, 2640.0, 701.0], [283.0, 2608.0, 727.0], [281.0, 2651.0, 687.0], [280.0, 2536.0, 886.0], [278.0, 2660.0, 699.0], [272.0, 2664.0, 658.0], [272.0, 2616.0, 753.0], [272.0, 2573.0, 826.0], [272.0, 2451.0, 919.0], [271.0, 2665.0, 593.0], [270.0, 2543.0, 871.0], [266.0, 2622.0, 741.0], [264.0, 2702.0, 623.0], [260.0, 2575.0, 791.0], [256.0, 2711.0, 711.0], [249.0, 2607.0, 765.0], [247.0, 2593.0, 781.0], [246.0, 2601.0, 804.0], [240.0, 2624.0, 756.0], [238.0, 2613.0, 770.0], [234.0, 2583.0, 860.0], [232.0, 2608.0, 779.0], [227.0, 2638.0, 716.0], [225.0, 2643.0, 716.0], [224.0, 2628.0, 747.0], [214.0, 2639.0, 717.0], [211.0, 2632.0, 761.0], [207.0, 2625.0, 825.0], [189.0, 2638.0, 770.0], [187.0, 2640.0, 759.0], [186.0, 2641.0, 788.0], [172.0, 2639.0, 815.0], [160.0, 2659.0, 759.0], [157.0, 2712.0, 619.0], [146.0, 2740.0, 614.0], [142.0, 2679.0, 726.0]]
