heur = true
LBS_limit = 4
preproc = 2
tight_root = 0
total_time = 39.46
NDP = 229
total_nodes = 9701
pruned_nodes = 4851
pruned_dominance_nodes = 0
heur_time = 0.91
Y_N = Any[[490.0, 103.0, 94.0], [472.0, 110.0, 103.0], [459.0, 127.0, 130.0], [449.0, 128.0, 137.0], [444.0, 119.0, 171.0], [440.0, 136.0, 131.0], [440.0, 48.0, 198.0], [435.0, 183.0, 82.0], [430.0, 149.0, 197.0], [429.0, 155.0, 140.0], [428.0, 187.0, 122.0], [426.0, 201.0, 126.0], [425.0, 131.0, 215.0], [414.0, 175.0, 183.0], [412.0, 213.0, 96.0], [409.0, 199.0, 141.0], [407.0, 141.0, 205.0], [407.0, 138.0, 228.0], [403.0, 260.0, 121.0], [402.0, 226.0, 182.0], [397.0, 231.0, 127.0], [395.0, 145.0, 215.0], [395.0, 124.0, 264.0], [392.0, 180.0, 190.0], [391.0, 170.0, 237.0], [389.0, 65.0, 359.0], [386.0, 226.0, 206.0], [383.0, 235.0, 185.0], [381.0, 178.0, 258.0], [380.0, 239.0, 135.0], [380.0, 221.0, 214.0], [377.0, 277.0, 147.0], [375.0, 233.0, 212.0], [371.0, 174.0, 268.0], [368.0, 250.0, 183.0], [367.0, 227.0, 232.0], [363.0, 254.0, 180.0], [362.0, 200.0, 282.0], [360.0, 286.0, 164.0], [358.0, 235.0, 225.0], [354.0, 294.0, 144.0], [354.0, 141.0, 283.0], [351.0, 247.0, 219.0], [351.0, 219.0, 280.0], [349.0, 297.0, 126.0], [349.0, 182.0, 330.0], [348.0, 291.0, 152.0], [345.0, 249.0, 229.0], [342.0, 253.0, 186.0], [341.0, 315.0, 164.0], [341.0, 297.0, 179.0], [340.0, 264.0, 209.0], [338.0, 312.0, 180.0], [338.0, 254.0, 251.0], [338.0, 185.0, 321.0], [337.0, 356.0, 105.0], [335.0, 271.0, 267.0], [335.0, 222.0, 289.0], [329.0, 294.0, 197.0], [328.0, 307.0, 193.0], [323.0, 357.0, 87.0], [321.0, 358.0, 109.0], [321.0, 222.0, 290.0], [320.0, 196.0, 318.0], [318.0, 316.0, 177.0], [317.0, 193.0, 340.0], [316.0, 324.0, 123.0], [316.0, 318.0, 161.0], [316.0, 239.0, 305.0], [314.0, 347.0, 138.0], [312.0, 393.0, 119.0], [311.0, 320.0, 153.0], [311.0, 144.0, 361.0], [309.0, 312.0, 192.0], [309.0, 291.0, 200.0], [308.0, 326.0, 152.0], [308.0, 285.0, 257.0], [307.0, 298.0, 202.0], [305.0, 340.0, 155.0], [305.0, 322.0, 167.0], [305.0, 294.0, 255.0], [304.0, 365.0, 145.0], [304.0, 325.0, 157.0], [304.0, 163.0, 353.0], [303.0, 367.0, 121.0], [303.0, 322.0, 229.0], [302.0, 324.0, 158.0], [302.0, 279.0, 265.0], [302.0, 260.0, 292.0], [301.0, 248.0, 311.0], [300.0, 338.0, 233.0], [297.0, 367.0, 125.0], [296.0, 349.0, 155.0], [296.0, 252.0, 314.0], [291.0, 355.0, 188.0], [291.0, 281.0, 259.0], [287.0, 369.0, 136.0], [286.0, 393.0, 128.0], [286.0, 375.0, 144.0], [286.0, 283.0, 268.0], [285.0, 348.0, 191.0], [285.0, 327.0, 249.0], [284.0, 254.0, 294.0], [283.0, 387.0, 155.0], [281.0, 398.0, 132.0], [279.0, 341.0, 210.0], [277.0, 412.0, 137.0], [277.0, 329.0, 239.0], [277.0, 292.0, 266.0], [276.0, 218.0, 326.0], [274.0, 362.0, 174.0], [272.0, 388.0, 146.0], [271.0, 357.0, 177.0], [270.0, 396.0, 171.0], [269.0, 448.0, 57.0], [268.0, 397.0, 166.0], [266.0, 401.0, 143.0], [266.0, 387.0, 177.0], [266.0, 268.0, 312.0], [265.0, 435.0, 79.0], [265.0, 430.0, 87.0], [265.0, 412.0, 152.0], [263.0, 375.0, 186.0], [261.0, 347.0, 228.0], [260.0, 261.0, 378.0], [258.0, 419.0, 137.0], [258.0, 357.0, 234.0], [258.0, 298.0, 262.0], [254.0, 340.0, 236.0], [252.0, 437.0, 66.0], [252.0, 368.0, 191.0], [250.0, 435.0, 110.0], [250.0, 394.0, 183.0], [247.0, 357.0, 239.0], [247.0, 342.0, 247.0], [246.0, 365.0, 195.0], [246.0, 303.0, 274.0], [245.0, 452.0, 100.0], [242.0, 396.0, 195.0], [242.0, 388.0, 201.0], [240.0, 310.0, 283.0], [239.0, 405.0, 198.0], [238.0, 453.0, 61.0], [238.0, 414.0, 146.0], [238.0, 384.0, 213.0], [238.0, 313.0, 273.0], [237.0, 454.0, 65.0], [237.0, 344.0, 256.0], [237.0, 321.0, 281.0], [236.0, 433.0, 151.0], [236.0, 348.0, 241.0], [235.0, 453.0, 122.0], [234.0, 414.0, 153.0], [234.0, 345.0, 279.0], [233.0, 410.0, 154.0], [233.0, 406.0, 195.0], [232.0, 454.0, 88.0], [232.0, 410.0, 193.0], [231.0, 314.0, 285.0], [230.0, 445.0, 149.0], [230.0, 413.0, 154.0], [230.0, 324.0, 285.0], [229.0, 413.0, 156.0], [229.0, 393.0, 227.0], [228.0, 457.0, 152.0], [228.0, 348.0, 259.0], [227.0, 358.0, 234.0], [225.0, 397.0, 208.0], [224.0, 384.0, 238.0], [223.0, 467.0, 93.0], [223.0, 347.0, 312.0], [221.0, 413.0, 193.0], [220.0, 359.0, 259.0], [218.0, 433.0, 163.0], [215.0, 428.0, 167.0], [215.0, 419.0, 213.0], [214.0, 464.0, 95.0], [212.0, 436.0, 171.0], [210.0, 468.0, 96.0], [209.0, 473.0, 114.0], [207.0, 490.0, 114.0], [206.0, 437.0, 177.0], [205.0, 409.0, 214.0], [204.0, 498.0, 120.0], [203.0, 429.0, 221.0], [201.0, 478.0, 131.0], [201.0, 439.0, 172.0], [200.0, 444.0, 163.0], [199.0, 515.0, 80.0], [197.0, 416.0, 224.0], [195.0, 430.0, 243.0], [193.0, 536.0, 75.0], [193.0, 450.0, 153.0], [192.0, 448.0, 172.0], [191.0, 481.0, 126.0], [188.0, 515.0, 92.0], [188.0, 486.0, 156.0], [185.0, 464.0, 187.0], [183.0, 481.0, 179.0], [181.0, 384.0, 244.0], [180.0, 434.0, 217.0], [177.0, 503.0, 120.0], [175.0, 498.0, 135.0], [175.0, 440.0, 241.0], [173.0, 516.0, 131.0], [172.0, 485.0, 167.0], [171.0, 491.0, 213.0], [170.0, 492.0, 143.0], [169.0, 496.0, 150.0], [168.0, 533.0, 83.0], [166.0, 517.0, 111.0], [166.0, 499.0, 136.0], [164.0, 538.0, 93.0], [162.0, 542.0, 102.0], [159.0, 536.0, 108.0], [159.0, 430.0, 248.0], [159.0, 410.0, 288.0], [152.0, 544.0, 95.0], [151.0, 551.0, 126.0], [151.0, 492.0, 154.0], [140.0, 563.0, 95.0], [137.0, 573.0, 106.0], [134.0, 564.0, 109.0], [131.0, 570.0, 114.0], [127.0, 563.0, 127.0], [125.0, 523.0, 179.0], [120.0, 493.0, 208.0], [118.0, 586.0, 135.0], [118.0, 577.0, 140.0]]
