heur = true
LBS_limit = 3
preproc = 2
tight_root = 0
total_time = 1800.2
NDP = 100
total_nodes = 793303
pruned_nodes = 396617
pruned_dominance_nodes = 22024
heur_time = 0.81
Y_N = Any[[2144.0, 4353.0], [2094.0, 4491.0], [1559.0, 5174.0], [1302.0, 5210.0], [1270.0, 5350.0], [1253.0, 5354.0], [1227.0, 5371.0], [1217.0, 5376.0], [1213.0, 5395.0], [1211.0, 5437.0], [1199.0, 5444.0], [1197.0, 5454.0], [1192.0, 5455.0], [1173.0, 5461.0], [1171.0, 5494.0], [1170.0, 5510.0], [1168.0, 5520.0], [1161.0, 5530.0], [1142.0, 5532.0], [1139.0, 5535.0], [1136.0, 5561.0], [1107.0, 5595.0], [1094.0, 5600.0], [1093.0, 5616.0], [1084.0, 5620.0], [1079.0, 5631.0], [1077.0, 5643.0], [1062.0, 5646.0], [1053.0, 5653.0], [1038.0, 5699.0], [1023.0, 5709.0], [1008.0, 5711.0], [1003.0, 5714.0], [998.0, 5728.0], [987.0, 5733.0], [972.0, 5740.0], [969.0, 5747.0], [957.0, 5750.0], [947.0, 5782.0], [944.0, 5793.0], [938.0, 5802.0], [933.0, 5805.0], [923.0, 5812.0], [919.0, 5814.0], [918.0, 5815.0], [912.0, 5820.0], [902.0, 5825.0], [891.0, 5830.0], [887.0, 5833.0], [882.0, 5836.0], [875.0, 5838.0], [874.0, 5844.0], [873.0, 5846.0], [872.0, 5892.0], [870.0, 6081.0], [685.0, 6082.0], [676.0, 6092.0], [672.0, 6095.0], [671.0, 6097.0], [660.0, 6100.0], [652.0, 6102.0], [650.0, 6103.0], [646.0, 6106.0], [642.0, 6109.0], [639.0, 6116.0], [632.0, 6121.0], [631.0, 6123.0], [626.0, 6134.0], [622.0, 6139.0], [618.0, 6154.0], [600.0, 6174.0], [597.0, 6177.0], [592.0, 6187.0], [576.0, 6199.0], [571.0, 6203.0], [567.0, 6215.0], [558.0, 6217.0], [543.0, 6225.0], [542.0, 6233.0], [513.0, 6238.0], [511.0, 6264.0], [501.0, 6274.0], [499.0, 6302.0], [474.0, 6305.0], [465.0, 6308.0], [462.0, 6314.0], [448.0, 6320.0], [447.0, 6322.0], [441.0, 6332.0], [421.0, 6371.0], [406.0, 6376.0], [403.0, 6399.0], [316.0, 6404.0], [312.0, 6416.0], [292.0, 6453.0], [272.0, 6457.0], [263.0, 6463.0], [262.0, 6467.0], [259.0, 6528.0], [152.0, 6557.0]]
