heur = true
LBS_limit = 3
preproc = 2
tight_root = 0
total_time = 52.96
NDP = 33
total_nodes = 27821
pruned_nodes = 13911
pruned_dominance_nodes = 0
heur_time = 0.72
Y_N = Any[[420.0, 206.0], [392.0, 217.0], [355.0, 301.0], [329.0, 303.0], [312.0, 316.0], [303.0, 318.0], [300.0, 320.0], [293.0, 322.0], [292.0, 324.0], [290.0, 336.0], [282.0, 345.0], [265.0, 410.0], [237.0, 414.0], [221.0, 431.0], [200.0, 450.0], [189.0, 478.0], [180.0, 482.0], [179.0, 487.0], [176.0, 504.0], [152.0, 508.0], [129.0, 509.0], [128.0, 511.0], [125.0, 519.0], [110.0, 544.0], [109.0, 545.0], [108.0, 579.0], [99.0, 586.0], [96.0, 593.0], [83.0, 595.0], [72.0, 597.0], [54.0, 598.0], [40.0, 599.0], [5.0, 600.0]]
