heur = true
LBS_limit = 3
preproc = 2
tight_root = 0
total_time = 1204.64
NDP = 65
total_nodes = 697551
pruned_nodes = 348776
pruned_dominance_nodes = 16980
heur_time = 0.45
Y_N = Any[[1499.0, 435.0], [1477.0, 472.0], [1476.0, 504.0], [1467.0, 560.0], [1439.0, 572.0], [1436.0, 603.0], [1425.0, 666.0], [1405.0, 679.0], [1395.0, 705.0], [1393.0, 715.0], [1385.0, 719.0], [1380.0, 724.0], [1376.0, 726.0], [1374.0, 739.0], [1365.0, 761.0], [1350.0, 824.0], [1323.0, 830.0], [1320.0, 891.0], [1302.0, 914.0], [1283.0, 924.0], [1272.0, 939.0], [1269.0, 944.0], [1258.0, 946.0], [1249.0, 967.0], [1239.0, 981.0], [1237.0, 983.0], [1234.0, 1006.0], [1226.0, 1028.0], [1216.0, 1040.0], [1195.0, 1050.0], [1192.0, 1071.0], [1185.0, 1078.0], [1184.0, 1091.0], [1180.0, 1111.0], [1169.0, 1135.0], [1145.0, 1174.0], [1123.0, 1194.0], [1113.0, 1207.0], [1101.0, 1218.0], [1096.0, 1233.0], [1083.0, 1242.0], [1082.0, 1293.0], [1062.0, 1308.0], [1033.0, 1363.0], [983.0, 1384.0], [967.0, 1389.0], [965.0, 1410.0], [955.0, 1412.0], [930.0, 1437.0], [925.0, 1455.0], [922.0, 1457.0], [900.0, 1477.0], [884.0, 1501.0], [848.0, 1508.0], [844.0, 1528.0], [807.0, 1552.0], [784.0, 1568.0], [771.0, 1574.0], [751.0, 1587.0], [743.0, 1593.0], [727.0, 1613.0], [705.0, 1642.0], [691.0, 1674.0], [618.0, 1690.0], [583.0, 1698.0]]
