heur = true
LBS_limit = 3
preproc = 2
tight_root = 0
total_time = 1800.0
NDP = 53
total_nodes = 648121
pruned_nodes = 324022
pruned_dominance_nodes = 38523
heur_time = 0.94
Y_N = Any[[2274.0, 4137.0], [2213.0, 4221.0], [2056.0, 4443.0], [2004.0, 4536.0], [1881.0, 4769.0], [1543.0, 4912.0], [1541.0, 4993.0], [1524.0, 5086.0], [1509.0, 5091.0], [1503.0, 5113.0], [1489.0, 5128.0], [1478.0, 5142.0], [1469.0, 5166.0], [1460.0, 5205.0], [1438.0, 5219.0], [1431.0, 5233.0], [1419.0, 5234.0], [1418.0, 5235.0], [1415.0, 5244.0], [1413.0, 5259.0], [1412.0, 5266.0], [1395.0, 5267.0], [1393.0, 5268.0], [1386.0, 5299.0], [1383.0, 5311.0], [1373.0, 5316.0], [1369.0, 5321.0], [1366.0, 5339.0], [1360.0, 5348.0], [1347.0, 5398.0], [1341.0, 5408.0], [1323.0, 5422.0], [1322.0, 5457.0], [1293.0, 5627.0], [1168.0, 5632.0], [1146.0, 5636.0], [1140.0, 5646.0], [1134.0, 5830.0], [951.0, 5841.0], [948.0, 5849.0], [944.0, 6080.0], [703.0, 6081.0], [700.0, 6086.0], [699.0, 6100.0], [690.0, 6116.0], [687.0, 6138.0], [662.0, 6148.0], [658.0, 6152.0], [635.0, 6171.0], [585.0, 6350.0], [363.0, 6452.0], [300.0, 6466.0], [240.0, 6472.0]]
