heur = true
LBS_limit = 3
preproc = 2
tight_root = 0
total_time = 22.21
NDP = 42
total_nodes = 10695
pruned_nodes = 5348
pruned_dominance_nodes = 1
heur_time = 0.64
Y_N = Any[[467.0, 129.0], [456.0, 131.0], [447.0, 137.0], [436.0, 174.0], [419.0, 193.0], [417.0, 200.0], [408.0, 204.0], [399.0, 214.0], [391.0, 249.0], [379.0, 277.0], [377.0, 283.0], [362.0, 298.0], [352.0, 319.0], [349.0, 330.0], [338.0, 338.0], [323.0, 384.0], [305.0, 387.0], [290.0, 393.0], [277.0, 405.0], [265.0, 406.0], [263.0, 408.0], [250.0, 460.0], [231.0, 472.0], [226.0, 482.0], [210.0, 483.0], [197.0, 490.0], [178.0, 497.0], [177.0, 498.0], [166.0, 540.0], [133.0, 552.0], [126.0, 554.0], [125.0, 571.0], [121.0, 578.0], [105.0, 584.0], [78.0, 586.0], [76.0, 587.0], [69.0, 589.0], [58.0, 590.0], [56.0, 592.0], [49.0, 594.0], [41.0, 599.0], [5.0, 600.0]]
