heur = true
LBS_limit = 3
preproc = 2
tight_root = 0
total_time = 2.83
NDP = 24
total_nodes = 501
pruned_nodes = 251
pruned_dominance_nodes = 1
heur_time = 0.21
Y_N = Any[[267.0, 14.0], [253.0, 18.0], [249.0, 22.0], [248.0, 47.0], [238.0, 62.0], [215.0, 81.0], [206.0, 108.0], [196.0, 114.0], [192.0, 123.0], [175.0, 136.0], [174.0, 137.0], [168.0, 165.0], [159.0, 169.0], [153.0, 190.0], [128.0, 191.0], [120.0, 220.0], [118.0, 221.0], [110.0, 267.0], [66.0, 271.0], [49.0, 273.0], [48.0, 276.0], [39.0, 280.0], [29.0, 288.0], [24.0, 293.0]]
