heur = true
LBS_limit = 3
preproc = 2
tight_root = 0
total_time = 1800.0
NDP = 53
total_nodes = 861293
pruned_nodes = 430613
pruned_dominance_nodes = 91036
heur_time = 0.85
Y_N = Any[[2208.0, 2255.0], [2138.0, 2404.0], [1981.0, 2718.0], [1754.0, 2720.0], [1747.0, 2731.0], [1721.0, 2740.0], [1704.0, 2743.0], [1700.0, 2816.0], [1691.0, 2840.0], [1677.0, 2842.0], [1657.0, 2905.0], [1622.0, 2913.0], [1621.0, 2948.0], [1611.0, 2964.0], [1598.0, 2982.0], [1580.0, 2987.0], [1574.0, 2995.0], [1569.0, 3007.0], [1564.0, 3045.0], [1554.0, 3057.0], [1538.0, 3079.0], [1521.0, 3094.0], [1508.0, 3109.0], [1492.0, 3131.0], [1473.0, 3139.0], [1471.0, 3153.0], [1467.0, 3159.0], [1465.0, 3163.0], [1461.0, 3166.0], [1459.0, 3170.0], [1451.0, 3183.0], [1435.0, 3185.0], [1428.0, 3187.0], [1425.0, 3208.0], [1419.0, 3210.0], [1410.0, 3234.0], [1403.0, 3249.0], [1400.0, 3284.0], [1369.0, 3600.0], [1164.0, 3867.0], [834.0, 3869.0], [829.0, 3883.0], [803.0, 3896.0], [797.0, 3897.0], [780.0, 3906.0], [770.0, 3913.0], [766.0, 3936.0], [756.0, 3947.0], [749.0, 3948.0], [747.0, 4134.0], [679.0, 4172.0], [485.0, 4204.0], [389.0, 4239.0]]
