heur = true
LBS_limit = 3
preproc = 2
tight_root = 0
total_time = 2.81
NDP = 28
total_nodes = 1209
pruned_nodes = 605
pruned_dominance_nodes = 3
heur_time = 0.21
Y_N = Any[[480.0, 54.0], [478.0, 106.0], [462.0, 123.0], [451.0, 135.0], [449.0, 159.0], [435.0, 161.0], [422.0, 197.0], [412.0, 200.0], [408.0, 209.0], [400.0, 220.0], [396.0, 224.0], [382.0, 236.0], [370.0, 276.0], [347.0, 296.0], [339.0, 300.0], [334.0, 305.0], [327.0, 307.0], [318.0, 312.0], [311.0, 354.0], [276.0, 372.0], [265.0, 379.0], [264.0, 408.0], [239.0, 449.0], [215.0, 454.0], [194.0, 465.0], [189.0, 478.0], [177.0, 480.0], [115.0, 566.0]]
