heur = true
LBS_limit = 3
preproc = 2
tight_root = 0
total_time = 19.67
NDP = 40
total_nodes = 9631
pruned_nodes = 4816
pruned_dominance_nodes = 17
heur_time = 0.64
Y_N = Any[[490.0, 103.0], [472.0, 110.0], [459.0, 127.0], [449.0, 128.0], [440.0, 136.0], [435.0, 183.0], [428.0, 187.0], [426.0, 201.0], [412.0, 213.0], [403.0, 260.0], [377.0, 277.0], [360.0, 286.0], [354.0, 294.0], [349.0, 297.0], [341.0, 315.0], [337.0, 356.0], [323.0, 357.0], [321.0, 358.0], [312.0, 393.0], [281.0, 398.0], [277.0, 412.0], [269.0, 448.0], [245.0, 452.0], [238.0, 453.0], [237.0, 454.0], [228.0, 457.0], [223.0, 467.0], [210.0, 468.0], [209.0, 473.0], [207.0, 490.0], [204.0, 498.0], [199.0, 515.0], [193.0, 536.0], [164.0, 538.0], [162.0, 542.0], [152.0, 544.0], [151.0, 551.0], [140.0, 563.0], [137.0, 573.0], [118.0, 586.0]]
