heur = true
LBS_limit = 3
preproc = 2
tight_root = 0
total_time = 1800.62
NDP = 73
total_nodes = 660989
pruned_nodes = 330456
pruned_dominance_nodes = 3809
heur_time = 0.99
Y_N = Any[[1173.0, 2380.0], [1167.0, 2405.0], [1155.0, 2408.0], [1135.0, 2446.0], [1113.0, 2473.0], [1093.0, 2504.0], [1073.0, 2539.0], [1070.0, 2545.0], [1059.0, 2559.0], [1049.0, 2561.0], [1037.0, 2588.0], [1031.0, 2625.0], [1016.0, 2630.0], [1009.0, 2641.0], [1005.0, 2642.0], [998.0, 2656.0], [969.0, 2680.0], [958.0, 2716.0], [945.0, 2718.0], [939.0, 2741.0], [917.0, 2755.0], [911.0, 2771.0], [909.0, 2790.0], [890.0, 2821.0], [849.0, 2842.0], [834.0, 2843.0], [832.0, 2863.0], [820.0, 2880.0], [807.0, 2884.0], [798.0, 2887.0], [797.0, 2905.0], [796.0, 2907.0], [794.0, 2912.0], [791.0, 2913.0], [781.0, 2914.0], [776.0, 3079.0], [719.0, 3159.0], [605.0, 3316.0], [438.0, 3317.0], [427.0, 3320.0], [415.0, 3323.0], [414.0, 3340.0], [411.0, 3355.0], [388.0, 3374.0], [371.0, 3383.0], [362.0, 3396.0], [332.0, 3406.0], [326.0, 3420.0], [319.0, 3445.0], [302.0, 3454.0], [278.0, 3456.0], [275.0, 3467.0], [254.0, 3471.0], [247.0, 3480.0], [242.0, 3488.0], [232.0, 3491.0], [219.0, 3498.0], [215.0, 3500.0], [209.0, 3514.0], [205.0, 3516.0], [194.0, 3532.0], [181.0, 3533.0], [168.0, 3537.0], [167.0, 3540.0], [166.0, 3563.0], [149.0, 3572.0], [125.0, 3574.0], [121.0, 3576.0], [108.0, 3582.0], [90.0, 3584.0], [67.0, 3593.0], [58.0, 3595.0], [35.0, 3598.0]]
