heur = true
LBS_limit = 3
preproc = 2
tight_root = 0
total_time = 561.8
NDP = 66
total_nodes = 325915
pruned_nodes = 162958
pruned_dominance_nodes = 9575
heur_time = 0.73
Y_N = Any[[2347.0, 3054.0], [2283.0, 3064.0], [2273.0, 3079.0], [2235.0, 3230.0], [2181.0, 3278.0], [2163.0, 3306.0], [2126.0, 3347.0], [2120.0, 3390.0], [2091.0, 3414.0], [2081.0, 3419.0], [2069.0, 3460.0], [2009.0, 3539.0], [1959.0, 3543.0], [1946.0, 3558.0], [1945.0, 3571.0], [1923.0, 3610.0], [1920.0, 3643.0], [1909.0, 3647.0], [1893.0, 3663.0], [1880.0, 3691.0], [1858.0, 3727.0], [1851.0, 3742.0], [1803.0, 3750.0], [1789.0, 3790.0], [1766.0, 3838.0], [1763.0, 3871.0], [1713.0, 3889.0], [1706.0, 3916.0], [1687.0, 3920.0], [1664.0, 3922.0], [1655.0, 3924.0], [1651.0, 3962.0], [1641.0, 3966.0], [1632.0, 4002.0], [1604.0, 4016.0], [1603.0, 4065.0], [1572.0, 4073.0], [1537.0, 4077.0], [1534.0, 4084.0], [1526.0, 4091.0], [1511.0, 4146.0], [1490.0, 4157.0], [1485.0, 4169.0], [1446.0, 4178.0], [1442.0, 4195.0], [1426.0, 4236.0], [1388.0, 4241.0], [1374.0, 4251.0], [1368.0, 4296.0], [1325.0, 4328.0], [1299.0, 4340.0], [1291.0, 4359.0], [1289.0, 4374.0], [1230.0, 4382.0], [1212.0, 4384.0], [1210.0, 4392.0], [1199.0, 4400.0], [1189.0, 4403.0], [1187.0, 4433.0], [1173.0, 4478.0], [1137.0, 4494.0], [1104.0, 4502.0], [1069.0, 4539.0], [1045.0, 4549.0], [1011.0, 4584.0], [908.0, 4592.0]]
