heur = true
LBS_limit = 3
preproc = 2
tight_root = 0
total_time = 1800.0
NDP = 74
total_nodes = 877077
pruned_nodes = 438504
pruned_dominance_nodes = 58697
heur_time = 0.54
Y_N = Any[[2692.0, 3972.0], [2387.0, 4196.0], [2383.0, 4202.0], [2339.0, 4235.0], [2319.0, 4251.0], [2318.0, 4344.0], [2264.0, 4405.0], [2257.0, 4420.0], [2245.0, 4431.0], [2226.0, 4461.0], [2210.0, 4489.0], [2201.0, 4530.0], [2178.0, 4536.0], [2156.0, 4786.0], [1970.0, 4796.0], [1963.0, 4805.0], [1946.0, 4812.0], [1941.0, 4857.0], [1919.0, 4890.0], [1904.0, 4895.0], [1877.0, 4925.0], [1876.0, 4931.0], [1870.0, 4940.0], [1848.0, 4956.0], [1822.0, 4959.0], [1821.0, 4978.0], [1817.0, 4980.0], [1812.0, 5011.0], [1789.0, 5027.0], [1787.0, 5028.0], [1775.0, 5034.0], [1766.0, 5041.0], [1764.0, 5042.0], [1761.0, 5105.0], [1739.0, 5116.0], [1720.0, 5141.0], [1712.0, 5174.0], [1659.0, 5195.0], [1655.0, 5213.0], [1653.0, 5236.0], [1620.0, 5250.0], [1606.0, 5252.0], [1600.0, 5308.0], [1568.0, 5311.0], [1553.0, 5315.0], [1534.0, 5329.0], [1531.0, 5335.0], [1529.0, 5365.0], [1494.0, 5369.0], [1488.0, 5471.0], [1411.0, 5485.0], [1362.0, 5503.0], [1352.0, 5519.0], [1348.0, 5520.0], [1340.0, 5568.0], [1288.0, 5571.0], [1271.0, 5574.0], [1266.0, 5593.0], [1248.0, 5597.0], [1226.0, 5651.0], [1179.0, 5723.0], [1106.0, 5724.0], [1056.0, 5779.0], [1030.0, 5789.0], [1012.0, 5810.0], [991.0, 5831.0], [941.0, 5850.0], [939.0, 5868.0], [891.0, 5882.0], [844.0, 5885.0], [839.0, 5887.0], [830.0, 5941.0], [762.0, 5949.0], [726.0, 6007.0]]
